[1635773400.0, 0.31375],
[1635859800.0, 0.29875],
[1635946200.0, 0.29000000000000004],
[1636032600.0, 0.28750000000000003],
[1636119000.0, 0.29250000000000004],
[1636205400.0, 0.31875000000000003],
[1636291800.0, 0.31375000000000003],
[1636378200.0, 0.31125],
[1636464600.0, 0.3025],
[1636551000.0, 0.29875],
[1636637400.0, 0.31375000000000003],
[1636723800.0, 0.30875],
[1636810200.0, 0.30750000000000005],
[1636896600.0, 0.31375],
[1636983000.0, 0.32125],
[1637069400.0, 0.31875],
[1637155800.0, 0.3112500000000001],
[1637242200.0, 0.3225],
[1637328600.0, 0.315],
[1637415000.0, 0.32750000000000007],
[1637501400.0, 0.31625000000000003],
[1637587800.0, 0.32000000000000006],
[1637674200.0, 0.30625],
[1637760600.0, 0.30750000000000005],
[1637847000.0, 0.3075],
[1637933400.0, 0.3287500000000001],
[1638019800.0, 0.3225],
[1638106200.0, 0.32625],
[1638192600.0, 0.3175],
[1638279000.0, 0.30750000000000005],
[1638365400.0, 0.28750000000000003],
[1638451800.0, 0.29500000000000004],
[1638538200.0, 0.2975],
[1638624600.0, 0.29500000000000004],
[1638711000.0, 0.30374999999999996],
[1638797400.0, 0.30625],
[1638883800.0, 0.295],
[1638970200.0, 0.2875],
[1639056600.0, 0.3075],
[1639143000.0, 0.31124999999999997],
[1639229400.0, 0.30000000000000004],
[1639315800.0, 0.28375],
[1639402200.0, 0.2725],
[1639488600.0, 0.26749999999999996],
[1639575000.0, 0.27125],
[1639661400.0, 0.27],
[1639747800.0, 0.26375000000000004],
[1639834200.0, 0.26375000000000004],
[1639920600.0, 0.2625],
[1640007000.0, 0.26375000000000004],
[1640093400.0, 0.26125000000000004],
[1640179800.0, 0.25875],
[1640266200.0, 0.25125000000000003],
[1640352600.0, 0.25625000000000003],
[1640439000.0, 0.27],
[1640525400.0, 0.28124999999999994],
[1640611800.0, 0.28125],
[1640698200.0, 0.27875],
[1640784600.0, 0.27125],
[1640871000.0, 0.2725],
[1640957400.0, 0.2775],
[1641043800.0, 0.28125],
[1641130200.0, 0.28375000000000006],
[1641216600.0, 0.28624999999999995],
[1641303000.0, 0.28375],
[1641389400.0, 0.2775],
[1641475800.0, 0.29125],
[1641562200.0, 0.29625],
[1641648600.0, 0.29625],
[1641735000.0, 0.295],
[1641821400.0, 0.29000000000000004],
[1641907800.0, 0.29375],
[1641994200.0, 0.29375],
[1642080600.0, 0.29625],
[1642167000.0, 0.29250000000000004],
[1642253400.0, 0.31],
[1642339800.0, 0.30500000000000005],
[1642426200.0, 0.31750000000000006],
[1642512600.0, 0.32000000000000006],
[1642599000.0, 0.33625000000000005],
[1642685400.0, 0.33],
[1642771800.0, 0.3325],
[1642858200.0, 0.32750000000000007],
[1642944600.0, 0.3275],
[1643031000.0, 0.33],
[1643117400.0, 0.32750000000000007],
[1643203800.0, 0.31750000000000006],
[1643290200.0, 0.315],
[1643376600.0, 0.31875000000000003],
[1643463000.0, 0.33375000000000005],
[1643549400.0, 0.33375],
[1643635800.0, 0.33375],
[1643722200.0, 0.33375],
[1643808600.0, 0.3475],
[1643895000.0, 0.33875],
[1643981400.0, 0.34375],
[1644067800.0, 0.3575],
[1644154200.0, 0.34374999999999994],
[1644240600.0, 0.34375000000000006],
[1644327000.0, 0.34750000000000003],
[1644413400.0, 0.34375000000000006],
[1644499800.0, 0.35375],
[1644586200.0, 0.355],
[1644672600.0, 0.35500000000000004],
[1644759000.0, 0.34625],
[1644845400.0, 0.35875000000000007],
[1644931800.0, 0.37500000000000006],
[1645018200.0, 0.365],
[1645104600.0, 0.36375],
[1645191000.0, 0.37625000000000003],
[1645277400.0, 0.37375],
[1645363800.0, 0.3725000000000001],
[1645450200.0, 0.3675000000000001],
[1645536600.0, 0.3662500000000001],
[1645623000.0, 0.3525],
[1645709400.0, 0.35875],
[1645795800.0, 0.4],
[1645882200.0, 0.41625],
[1645968600.0, 0.39625000000000005],
[1646055000.0, 0.38125000000000003],
[1646141400.0, 0.38000000000000006],
[1646227800.0, 0.395],
[1646314200.0, 0.4175],
[1646400600.0, 0.39625000000000005],
[1646487000.0, 0.395],
[1646573400.0, 0.38750000000000007],
[1646659800.0, 0.395],
[1646746200.0, 0.385],
[1646832600.0, 0.38499999999999995],
[1646919000.0, 0.3725],
[1647005400.0, 0.37125],
[1647091800.0, 0.37625],
[1647178200.0, 0.37375],
[1647264600.0, 0.35625],
[1647351000.0, 0.36874999999999997],
[1647437400.0, 0.37875000000000003],
[1647523800.0, 0.38375000000000004],
[1647610200.0, 0.4025],
[1647696600.0, 0.4025],
[1647783000.0, 0.41375],
[1647869400.0, 0.42750000000000005],
[1647955800.0, 0.41875000000000007],
[1648042200.0, 0.41250000000000003],
[1648128600.0, 0.40625],
[1648215000.0, 0.40625],
[1648301400.0, 0.39625000000000005],
[1648387800.0, 0.4025],
[1648474200.0, 0.39],
[1648560600.0, 0.38375000000000004],
[1648647000.0, 0.39000000000000007],
[1648733400.0, 0.39249999999999996],
[1648819800.0, 0.39250000000000007],
[1648906200.0, 0.39625000000000005],
[1648996200.0, 0.41124999999999995],
[1649082600.0, 0.41875],
[1649169000.0, 0.39875000000000005],
[1649255400.0, 0.40375],
[1649341800.0, 0.40125],
[1649428200.0, 0.395],
[1649514600.0, 0.3975],
[1649601000.0, 0.3975],
[1649687400.0, 0.3975],
[1649773800.0, 0.3975],
[1649860200.0, 0.3975],
[1649946600.0, 0.38999999999999996],
[1650033000.0, 0.39125000000000004],
[1650119400.0, 0.39375000000000004],
[1650205800.0, 0.38875000000000004],
[1650292200.0, 0.38875000000000004],
[1650378600.0, 0.395],
[1650465000.0, 0.395],
[1650551400.0, 0.395],
[1650637800.0, 0.395],
[1650724200.0, 0.40125],
[1650810600.0, 0.3975],
[1650897000.0, 0.4012500000000001],
[1650983400.0, 0.41000000000000003],
[1651069800.0, 0.40625000000000006],
[1651156200.0, 0.38875000000000004],
[1651242600.0, 0.38625000000000004],
[1651329000.0, 0.37500000000000006],
[1651415400.0, 0.375],
[1651501800.0, 0.375],
[1651588200.0, 0.36874999999999997],
[1651674600.0, 0.37124999999999997],
[1651761000.0, 0.37500000000000006],
[1651847400.0, 0.37000000000000005],
[1651933800.0, 0.36125000000000007],
[1652020200.0, 0.3700000000000001],
[1652106600.0, 0.36500000000000005],
[1652193000.0, 0.35125000000000006],
[1652279400.0, 0.34750000000000003],
[1652365800.0, 0.33499999999999996],
[1652452200.0, 0.31625000000000003],
[1652538600.0, 0.31500000000000006],
[1652625000.0, 0.29375],
[1652711400.0, 0.28875],
[1652797800.0, 0.29125],
[1652884200.0, 0.29625],
[1652970600.0, 0.28750000000000003],
[1653057000.0, 0.28375000000000006],
[1653143400.0, 0.295],
[1653229800.0, 0.29000000000000004],
[1653316200.0, 0.29250000000000004],
[1653402600.0, 0.30500000000000005],
[1653489000.0, 0.30250000000000005],
[1653575400.0, 0.30375],
[1653661800.0, 0.30125],
[1653748200.0, 0.29624999999999996],
[1653834600.0, 0.295],
[1653921000.0, 0.29500000000000004],
[1654007400.0, 0.3162500000000001],
[1654093800.0, 0.30625],
[1654180200.0, 0.3037500000000001],
[1654266600.0, 0.31000000000000005],
[1654353000.0, 0.29125],
[1654439400.0, 0.29125000000000006],
[1654525800.0, 0.28],
[1654612200.0, 0.27999999999999997],
[1654698600.0, 0.27875],
[1654785000.0, 0.27125],
[1654871400.0, 0.2625],
[1654957800.0, 0.2625],
[1655044200.0, 0.24875000000000003],
[1655130600.0, 0.235],
[1655217000.0, 0.24625000000000002],
[1655303400.0, 0.26],
[1655389800.0, 0.28125000000000006],
[1655476200.0, 0.2675],
[1655562600.0, 0.2725],
[1655649000.0, 0.2675],
[1655735400.0, 0.27125000000000005],
[1655821800.0, 0.2775],
[1655908200.0, 0.28],
[1655994600.0, 0.2875],
[1656081000.0, 0.28375],
[1656167400.0, 0.27625],
[1656253800.0, 0.275],
[1656340200.0, 0.26875],
[1656426600.0, 0.2625],
[1656513000.0, 0.26375],
[1656599400.0, 0.26],
[1656685800.0, 0.26],
[1656772200.0, 0.26375],
[1656858600.0, 0.27375],
[1656945000.0, 0.29750000000000004],
[1657031400.0, 0.28875],
[1657117800.0, 0.29250000000000004],
[1657204200.0, 0.3112500000000001],
[1657290600.0, 0.29625000000000007],
[1657377000.0, 0.29875],
[1657463400.0, 0.3],
[1657549800.0, 0.29625],
[1657636200.0, 0.29624999999999996],
[1657722600.0, 0.29374999999999996],
[1657809000.0, 0.30000000000000004],
[1657895400.0, 0.31000000000000005],
[1657981800.0, 0.30250000000000005],
[1658068200.0, 0.30875],
[1658154600.0, 0.29750000000000004],
[1658241000.0, 0.30750000000000005],
[1658327400.0, 0.30000000000000004],
[1658413800.0, 0.29],
[1658500200.0, 0.30125],
[1658586600.0, 0.3125],
[1658673000.0, 0.30500000000000005],
[1658759400.0, 0.3037500000000001],
[1658845800.0, 0.31000000000000005],
[1658932200.0, 0.31625000000000003],
[1659018600.0, 0.3125],
[1659105000.0, 0.305],
[1659191400.0, 0.31125],
[1659277800.0, 0.3075],
[1659364200.0, 0.30625],
[1659450600.0, 0.31250000000000006],
[1659537000.0, 0.30250000000000005],
[1659623400.0, 0.31125],
[1659709800.0, 0.3025],
[1659796200.0, 0.29875],
[1659882600.0, 0.31375000000000003],
[1659969000.0, 0.3275],
[1660055400.0, 0.32999999999999996],
[1660141800.0, 0.32249999999999995],
[1660228200.0, 0.32250000000000006],
[1660314600.0, 0.31875000000000003],
[1660401000.0, 0.31875000000000003],
[1660487400.0, 0.31875000000000003],
[1660573800.0, 0.31875000000000003],
[1660660200.0, 0.35625000000000007],
[1660746600.0, 0.35874999999999996],
[1660833000.0, 0.37000000000000005],
[1660919400.0, 0.3775],
[1661005800.0, 0.36625],
[1661092200.0, 0.3737500000000001],
[1661178600.0, 0.36375],
[1661265000.0, 0.35375],
[1661351400.0, 0.36000000000000004],
[1661437800.0, 0.35625000000000007],
[1661524200.0, 0.35125000000000006],
[1661610600.0, 0.35250000000000004],
[1661697000.0, 0.35250000000000004],
[1661783400.0, 0.33875000000000005],
[1661869800.0, 0.33875000000000005],
[1661956200.0, 0.3325],
[1662042600.0, 0.33625],
[1662129000.0, 0.33375],
[1662215400.0, 0.32625000000000004],
[1662301800.0, 0.3225],
[1662388200.0, 0.3225],
[1662474600.0, 0.32875000000000004],
[1662561000.0, 0.3225],
[1662647400.0, 0.3325000000000001],
[1662733800.0, 0.32875000000000004],
[1662820200.0, 0.3325000000000001],
[1662906600.0, 0.33375000000000005],
[1662993000.0, 0.335],
[1663079400.0, 0.34375],
[1663165800.0, 0.3525],
[1663252200.0, 0.35000000000000003],
[1663338600.0, 0.35625000000000007],
[1663425000.0, 0.3525],
[1663511400.0, 0.34125],
[1663597800.0, 0.36375],
[1663684200.0, 0.35875],
[1663770600.0, 0.35875000000000007],
[1663857000.0, 0.35375000000000006],
[1663943400.0, 0.3475000000000001],
[1664029800.0, 0.35124999999999995],
[1664116200.0, 0.37125],
[1664202600.0, 0.36500000000000005],
[1664289000.0, 0.36250000000000004],
[1664375400.0, 0.36625],
[1664461800.0, 0.37250000000000005],
[1664548200.0, 0.39000000000000007],
[1664634600.0, 0.41000000000000003],
[1664717400.0, 0.38375],
[1664803800.0, 0.39625],
[1664890200.0, 0.4175],
[1664976600.0, 0.41000000000000003],
[1665063000.0, 0.415],
[1665149400.0, 0.38375000000000004],
[1665235800.0, 0.38500000000000006],
[1665322200.0, 0.3925],
[1665408600.0, 0.39375000000000004],
[1665495000.0, 0.38000000000000006],
[1665581400.0, 0.36875],
[1665667800.0, 0.35374999999999995],
[1665754200.0, 0.34750000000000003],
[1665840600.0, 0.35375000000000006],
[1665927000.0, 0.3575],
[1666013400.0, 0.35875000000000007],
[1666099800.0, 0.36500000000000005],
[1666186200.0, 0.37375],
[1666272600.0, 0.37500000000000006],
[1666359000.0, 0.38250000000000006],
[1666445400.0, 0.3775000000000001],
[1666531800.0, 0.3925],
[1666618200.0, 0.3825],
[1666704600.0, 0.40375000000000005],
[1666791000.0, 0.42000000000000004],
[1666877400.0, 0.42375000000000007],
[1666963800.0, 0.4175],
[1667050200.0, 0.4100000000000001],
[1667136600.0, 0.39125],
[1667223000.0, 0.3975000000000001],
[1667309400.0, 0.3950000000000001],
[1667395800.0, 0.38375],
[1667482200.0, 0.38625000000000004],
[1667568600.0, 0.3862500000000001],
[1667655000.0, 0.37500000000000006],
[1667741400.0, 0.36874999999999997],
[1667827800.0, 0.40125],
[1667914200.0, 0.4025],
[1668000600.0, 0.4075000000000001],
[1668087000.0, 0.4099999999999999],
[1668173400.0, 0.425],
[1668259800.0, 0.4325],
[1668346200.0, 0.42250000000000004],
[1668432600.0, 0.41750000000000004],
[1668519000.0, 0.43625],
[1668605400.0, 0.3975],
[1668691800.0, 0.39875],
[1668778200.0, 0.4],
[1668864600.0, 0.40625],
[1668951000.0, 0.4075],
[1669037400.0, 0.40375000000000005],
[1669123800.0, 0.39875],
[1669210200.0, 0.38375],
[1669296600.0, 0.38874999999999993],
[1669383000.0, 0.39125000000000004],
[1669469400.0, 0.38],
[1669555800.0, 0.37125],
[1669642200.0, 0.3825],
[1669728600.0, 0.38625000000000004],
[1669815000.0, 0.39125],
[1669901400.0, 0.41625],
[1669987800.0, 0.4025],
[1670074200.0, 0.39625],
[1670160600.0, 0.40499999999999997],
[1670247000.0, 0.3875],
[1670333400.0, 0.38125000000000003],
[1670419800.0, 0.37125],
[1670506200.0, 0.4],
[1670592600.0, 0.395],
[1670679000.0, 0.40125],
[1670765400.0, 0.3837500000000001],
[1670851800.0, 0.37500000000000006],
[1670938200.0, 0.37500000000000006],
[1671024600.0, 0.3687500000000001],
[1671111000.0, 0.36875],
[1671197400.0, 0.39375000000000004],
[1671283800.0, 0.39625000000000005],
[1671370200.0, 0.385],
[1671456600.0, 0.38875],
[1671543000.0, 0.3762500000000001],
[1671629400.0, 0.37875000000000003],
[1671715800.0, 0.3725],
[1671802200.0, 0.3637500000000001],
[1671888600.0, 0.36125000000000007],
[1671975000.0, 0.3575],
[1672061400.0, 0.35125],
[1672147800.0, 0.36125],
[1672234200.0, 0.36000000000000004],
[1672320600.0, 0.34375],
[1672407000.0, 0.34875000000000006],
[1672493400.0, 0.34624999999999995],
[1672579800.0, 0.34375],
[1672666200.0, 0.34375000000000006],
[1672752600.0, 0.34],
[1672839000.0, 0.33999999999999997],
[1672925400.0, 0.3475],
[1673011800.0, 0.34125000000000005],
[1673098200.0, 0.34750000000000003],
[1673184600.0, 0.3625],
[1673271000.0, 0.36374999999999996],
[1673357400.0, 0.36500000000000005],
[1673443800.0, 0.36],
[1673530200.0, 0.36750000000000005],
[1673616600.0, 0.38625000000000004],
[1673703000.0, 0.39625],
[1673789400.0, 0.3975],
[1673875800.0, 0.40625000000000006],
[1673962200.0, 0.4075000000000001],
[1674048600.0, 0.42125000000000007],
[1674135000.0, 0.42374999999999996],
[1674221400.0, 0.43375],
[1674307800.0, 0.43500000000000005],
[1674394200.0, 0.43750000000000006],
[1674480600.0, 0.445],
[1674567000.0, 0.47],
[1674653400.0, 0.4575],
[1674739800.0, 0.46431594010612576],
[1674826200.0, 0.4805867437001485],
[1674912600.0, 0.49554966084467617],
[1674999000.0, 0.4807771471013918],
[1675085400.0, 0.49711248145063036],
[1675171800.0, 0.515],
[1675258200.0, 0.52375],
[1675344600.0, 0.51875],
[1675431000.0, 0.5425000000000001],
[1675517400.0, 0.5387500000000001],
[1675603800.0, 0.54],
[1675690200.0, 0.5249999999999999],
[1675776600.0, 0.515],
[1675863000.0, 0.5062500000000001],
[1675949400.0, 0.5062500000000001],
