[1635773400.0, 0.6053741677762983],
[1635859800.0, 0.6006444740346204],
[1635946200.0, 0.5892836218375499],
[1636032600.0, 0.6333368841544608],
[1636119000.0, 0.5748708388814913],
[1636205400.0, 0.49679893475366177],
[1636291800.0, 0.7393715046604528],
[1636378200.0, 0.6072756324900133],
[1636464600.0, 0.6856351531291611],
[1636551000.0, 0.7441011984021304],
[1636637400.0, 0.6629134487350199],
[1636723800.0, 0.612005326231691],
[1636810200.0, 0.5568788282290279],
[1636896600.0, 0.5292037283621838],
[1636983000.0, 0.5959147802929428],
[1637069400.0, 0.5892836218375499],
[1637155800.0, 0.6172463382157124],
[1637242200.0, 0.6056617842876164],
[1637328600.0, 0.7393715046604528],
[1637415000.0, 0.690364846870839],
[1637501400.0, 0.7834247669773635],
[1637587800.0, 0.5131131824234354],
[1637674200.0, 0.6167350199733688],
[1637760600.0, 0.5911850865512649],
[1637847000.0, 0.558780292942743],
[1637933400.0, 0.6837336884154461],
[1638019800.0, 0.9659174434087883],
[1638106200.0, 0.6790039946737683],
[1638192600.0, 0.6771025299600532],
[1638279000.0, 0.6723728362183754],
[1638365400.0, 0.5502476697736352],
[1638451800.0, 0.5748708388814914],
[1638538200.0, 0.7781837549933421],
[1638624600.0, 0.7069667110519307],
[1638711000.0, 0.6465992010652464],
[1638797400.0, 0.8780985352862851],
[1638883800.0, 0.5178428761651132],
[1638970200.0, 0.5959147802929428],
[1639056600.0, 0.6139067909454061],
[1639143000.0, 0.7393715046604528],
[1639229400.0, 0.6856351531291611],
[1639315800.0, 0.7507323568575233],
[1639402200.0, 0.6695446071904128],
[1639488600.0, 0.6790039946737683],
[1639575000.0, 0.6809054593874833],
[1639661400.0, 0.9611877496671104],
[1639747800.0, 0.6186364846870839],
[1639834200.0, 0.7526338215712385],
[1639920600.0, 0.6205379494007989],
[1640007000.0, 0.8385512649800266],
[1640093400.0, 0.940143808255659],
[1640179800.0, 0.8224607190412783],
[1640266200.0, 0.7507323568575233],
[1640352600.0, 0.6903648468708388],
[1640439000.0, 0.892287616511318],
[1640525400.0, 0.6931930758988015],
[1640611800.0, 0.612005326231691],
[1640698200.0, 0.6837336884154459],
[1640784600.0, 0.6252676431424766],
[1640871000.0, 0.9678189081225033],
[1640957400.0, 0.8158295605858854],
[1641043800.0, 0.9216404793608521],
[1641130200.0, 0.7592649800266311],
[1641216600.0, 0.9169107856191745],
[1641303000.0, 0.8385512649800266],
[1641389400.0, 0.7554620505992009],
[1641475800.0, 0.5748708388814913],
[1641562200.0, 0.6053741677762983],
[1641648600.0, 0.9753768308921438],
[1641735000.0, 0.9640159786950733],
[1641821400.0, 0.8451824234354193],
[1641907800.0, 0.6120053262316911],
[1641994200.0, 0.5663382157123834],
[1642080600.0, 0.8989187749667111],
[1642167000.0, 0.6742743009320906],
[1642253400.0, 0.8271904127829561],
[1642339800.0, 0.8271904127829559],
[1642426200.0, 0.8499121171770971],
[1642512600.0, 0.7097949400798935],
[1642599000.0, 0.7507323568575233],
[1642685400.0, 0.7017256990679095],
[1642771800.0, 0.603472703062583],
[1642858200.0, 0.6465992010652464],
[1642944600.0, 0.6072756324900133],
[1643031000.0, 0.5729693741677763],
[1643117400.0, 0.6837336884154461],
[1643203800.0, 0.7017256990679095],
[1643290200.0, 0.620537949400799],
[1643376600.0, 0.762093209054594],
[1643463000.0, 0.7687243675099866],
[1643549400.0, 0.8897470039946738],
[1643635800.0, 0.8897470039946738],
[1643722200.0, 0.8897470039946738],
[1643808600.0, 0.7064553928095871],
[1643895000.0, 0.8290918774966711],
[1643981400.0, 0.7097949400798935],
[1644067800.0, 0.8243621837549933],
[1644154200.0, 0.7620932090545938],
[1644240600.0, 0.9188122503328895],
[1644327000.0, 0.9216404793608524],
[1644413400.0, 0.9036484687083888],
[1644499800.0, 0.8499121171770971],
[1644586200.0, 0.6998242343541943],
[1644672600.0, 0.9216404793608521],
[1644759000.0, 0.7668229027962716],
[1644845400.0, 0.8224607190412783],
[1644931800.0, 0.8518135818908124],
[1645018200.0, 0.6186364846870839],
[1645104600.0, 0.7620932090545938],
[1645191000.0, 0.7715525965379493],
[1645277400.0, 0.7344181091877497],
[1645363800.0, 0.928271637816245],
[1645450200.0, 0.9235419440745674],
[1645536600.0, 0.7064553928095871],
[1645623000.0, 0.6950945406125165],
[1645709400.0, 0.8385512649800266],
[1645795800.0, 0.9216404793608524],
[1645882200.0, 0.7554620505992009],
[1645968600.0, 0.7734540612516645],
[1646055000.0, 0.6120053262316911],
[1646141400.0, 0.690364846870839],
[1646227800.0, 0.9036484687083888],
[1646314200.0, 1],
[1646400600.0, 0.8499121171770971],
[1646487000.0, 0.9933688415446071],
[1646573400.0, 0.6607882822902796],
[1646659800.0, 0.6922663115845538],
[1646746200.0, 0.8499121171770971],
[1646832600.0, 0.7687243675099866],
[1646919000.0, 0.8061464713715047],
[1647005400.0, 0.928271637816245],
[1647091800.0, 0.784814913448735],
[1647178200.0, 0.8499121171770971],
[1647264600.0, 0.817507323568575],
[1647351000.0, 0.7325166444740345],
[1647437400.0, 0.7507323568575233],
[1647523800.0, 0.8499121171770971],
[1647610200.0, 0.784814913448735],
[1647696600.0, 0.7083568575233024],
[1647783000.0, 0.9706471371504659],
[1647869400.0, 1],
[1647955800.0, 0.6998242343541943],
[1648042200.0, 0.9055499334221038],
[1648128600.0, 0.6252676431424767],
[1648215000.0, 0.8499121171770971],
[1648301400.0, 0.6950945406125165],
[1648387800.0, 0.6347270306258321],
[1648474200.0, 0.9235419440745674],
[1648560600.0, 0.85654327563249],
[1648647000.0, 1],
[1648733400.0, 0.85654327563249],
[1648819800.0, 0.8451824234354195],
[1648906200.0, 0.9188122503328895],
[1648996200.0, 0.8518135818908124],
[1649082600.0, 0.928271637816245],
[1649169000.0, 1],
[1649255400.0, 0.85654327563249],
[1649341800.0, 1],
[1649428200.0, 0.9820079893475366],
[1649514600.0, 0.9820079893475366],
[1649601000.0, 0.9820079893475366],
[1649687400.0, 0.9820079893475366],
[1649773800.0, 0.9820079893475366],
[1649860200.0, 0.9820079893475366],
[1649946600.0, 0.7554620505992009],
[1650033000.0, 0.7734540612516645],
[1650119400.0, 1],
[1650205800.0, 0.9055499334221038],
[1650292200.0, 0.7535605858854859],
[1650378600.0, 0.6761757656458056],
[1650465000.0, 0.8432809587217043],
[1650551400.0, 0.8432809587217043],
[1650637800.0, 0.8432809587217043],
[1650724200.0, 0.9933688415446071],
[1650810600.0, 1],
[1650897000.0, 1],
[1650983400.0, 0.9933688415446071],
[1651069800.0, 0.85654327563249],
[1651156200.0, 0.9150093209054593],
[1651242600.0, 0.85654327563249],
[1651329000.0, 0.8451824234354193],
[1651415400.0, 0.784814913448735],
[1651501800.0, 1],
[1651588200.0, 0.7734540612516645],
[1651674600.0, 0.9753768308921438],
[1651761000.0, 0.8432809587217043],
[1651847400.0, 0.690364846870839],
[1651933800.0, 0.6347270306258321],
[1652020200.0, 0.9801065246338214],
[1652106600.0, 0.7554620505992009],
[1652193000.0, 0.6742743009320906],
[1652279400.0, 0.7649214380825564],
[1652365800.0, 0.748830892143808],
[1652452200.0, 0.866513981358189],
[1652538600.0, 0.6167350199733688],
[1652625000.0, 0.7800852197070574],
[1652711400.0, 0.6053741677762983],
[1652797800.0, 0.5940133155792275],
[1652884200.0, 0.6837336884154459],
[1652970600.0, 0.7507323568575233],
[1653057000.0, 0.6723728362183754],
[1653143400.0, 0.7573635153129161],
[1653229800.0, 0.6025459387483355],
[1653316200.0, 0.7881544607190412],
[1653402600.0, 0.7753555259653795],
[1653489000.0, 0.7393715046604528],
[1653575400.0, 0.6025459387483355],
[1653661800.0, 0.7995153129161117],
[1653748200.0, 0.8224607190412783],
[1653834600.0, 0.649427430093209],
[1653921000.0, 0.6903648468708388],
[1654007400.0, 0.7460026631158456],
[1654093800.0, 0.7881544607190412],
[1654180200.0, 0.6120053262316911],
[1654266600.0, 0.8177310252996004],
[1654353000.0, 0.6856351531291611],
[1654439400.0, 0.6167350199733688],
[1654525800.0, 0.6072756324900133],
[1654612200.0, 0.5943009320905459],
[1654698600.0, 0.5524367509986684],
[1654785000.0, 0.6771025299600533],
[1654871400.0, 0.6726604527296938],
[1654957800.0, 0.6790039946737683],
[1655044200.0, 0.7441011984021304],
[1655130600.0, 0.5940133155792275],
[1655217000.0, 0.4788069241011984],
[1655303400.0, 0.6723728362183754],
[1655389800.0, 0.5455179760319573],
[1655476200.0, 0.5895712383488682],
[1655562600.0, 0.5225725699067909],
[1655649000.0, 0.6222636484687083],
[1655735400.0, 0.6610119840213049],
[1655821800.0, 0.5112117177097204],
[1655908200.0, 0.5458055925432755],
[1655994600.0, 0.9008202396804261],
[1656081000.0, 0.6771025299600532],
[1656167400.0, 0.6818322237017309],
[1656253800.0, 0.6956058588548601],
[1656340200.0, 0.5225725699067909],
[1656426600.0, 0.5505352862849535],
[1656513000.0, 0.5064820239680425],
[1656599400.0, 0.5178428761651132],
[1656685800.0, 0.5943009320905459],
[1656772200.0, 0.5131131824234354],
[1656858600.0, 0.7654327563249002],
[1656945000.0, 0.7507323568575233],
[1657031400.0, 0.5829400798934753],
[1657117800.0, 0.7573635153129161],
[1657204200.0, 0.5502476697736352],
[1657290600.0, 0.48826631158455386],
[1657377000.0, 0.5391744340878828],
[1657463400.0, 0.6025459387483356],
[1657549800.0, 0.6742743009320906],
[1657636200.0, 0.5552649800266312],
[1657722600.0, 0.5439041278295605],
[1657809000.0, 0.6660292942743009],
[1657895400.0, 0.5829400798934753],
[1657981800.0, 0.5892836218375499],
[1658068200.0, 0.4788069241011984],
[1658154600.0, 0.4807083888149134],
[1658241000.0, 0.4397709720372836],
[1658327400.0, 0.5568788282290279],
[1658413800.0, 0.5796005326231691],
[1658500200.0, 0.5178428761651132],
[1658586600.0, 0.5439041278295605],
[1658673000.0, 0.5505352862849534],
[1658759400.0, 0.6286071904127829],
[1658845800.0, 0.5455179760319573],
[1658932200.0, 0.5131131824234354],
[1659018600.0, 0.6219760319573902],
[1659105000.0, 0.659398135818908],
[1659191400.0, 0.5178428761651132],
[1659277800.0, 0.5521491344873501],
[1659364200.0, 0.5178428761651132],
[1659450600.0, 0.5225725699067909],
[1659537000.0, 0.5197443408788283],
[1659623400.0, 0.47407723035952065],
[1659709800.0, 0.5521491344873501],
[1659796200.0, 0.5521491344873501],
[1659882600.0, 0.6399680426098535],
[1659969000.0, 0.47690545938748335],
[1660055400.0, 0.7460026631158456],
[1660141800.0, 0.5178428761651132],
[1660228200.0, 0.6286071904127829],
[1660314600.0, 0.6286071904127829],
[1660401000.0, 0.6286071904127829],
[1660487400.0, 0.6286071904127829],
[1660573800.0, 0.6286071904127829],
[1660660200.0, 0.5914727030625833],
[1660746600.0, 0.7327403462050599],
[1660833000.0, 0.5654114513981359],
[1660919400.0, 0.7396591211717709],
[1661005800.0, 0.6676431424766976],
[1661092200.0, 0.5848415446071904],
[1661178600.0, 0.47407723035952065],
[1661265000.0, 0.6172463382157124],
[1661351400.0, 0.6809054593874833],
[1661437800.0, 0.6380665778961385],
[1661524200.0, 0.5959147802929428],
[1661610600.0, 0.6723728362183754],
[1661697000.0, 0.5178428761651132],
[1661783400.0, 0.5244740346205059],
[1661869800.0, 0.5571664447403462],
[1661956200.0, 0.5911850865512649],
[1662042600.0, 0.6352383488681758],
[1662129000.0, 0.6053741677762983],
[1662215400.0, 0.6151211717709719],
[1662301800.0, 0.5597070572569907],
[1662388200.0, 0.55382689747004],
[1662474600.0, 0.5990306258322236],
[1662561000.0, 0.6644154460719041],
[1662647400.0, 0.817507323568575],
[1662733800.0, 0.6233661784287616],
[1662820200.0, 0.746929427430093],
[1662906600.0, 0.7668229027962716],
[1662993000.0, 0.6884633821571238],
[1663079400.0, 0.8518135818908124],
[1663165800.0, 0.7507323568575233],
[1663252200.0, 0.6704713715046604],
[1663338600.0, 0.5710679094540612],
[1663425000.0, 0.5405645805592543],
[1663511400.0, 0.4948974700399467],
[1663597800.0, 0.6950945406125165],
[1663684200.0, 0.7620932090545938],
[1663770600.0, 0.5225725699067909],
[1663857000.0, 0.5109880159786951],
[1663943400.0, 0.6723728362183754],
[1664029800.0, 0.5228601864181093],
[1664116200.0, 0.5597070572569907],
[1664202600.0, 0.6333368841544608],
[1664289000.0, 0.6025459387483355],
[1664375400.0, 0.8809267643142475],
[1664461800.0, 0.6025459387483355],
[1664548200.0, 0.6969960053262317],
[1664634600.0, 0.6745619174434088],
[1664717400.0, 0.6707589880159787],
[1664803800.0, 0.6579600532623169],
[1664890200.0, 0.7507323568575233],
[1664976600.0, 0.6771025299600532],
[1665063000.0, 0.8338215712383488],
[1665149400.0, 0.835723035952064],
[1665235800.0, 0.909352862849534],
[1665322200.0, 0.7277869507323569],
[1665408600.0, 0.7734540612516645],
[1665495000.0, 0.5729693741677763],
[1665581400.0, 0.9150093209054595],
[1665667800.0, 0.6906524633821571],
[1665754200.0, 0.6773901464713715],
[1665840600.0, 0.6950945406125166],
[1665927000.0, 0.8404527296937416],
[1666013400.0, 0.85654327563249],
[1666099800.0, 0.692266311584554],
[1666186200.0, 0.784814913448735],
[1666272600.0, 0.7668229027962716],
[1666359000.0, 0.7277869507323569],
[1666445400.0, 0.7277869507323569],
[1666531800.0, 0.7277869507323569],
[1666618200.0, 0.7277869507323569],
[1666704600.0, 0.7277869507323569],
[1666791000.0, 0.7995153129161119],
[1666877400.0, 0.7995153129161119],
[1666963800.0, 0.7995153129161119],
[1667050200.0, 0.7995153129161119],
[1667136600.0, 0.8385512649800266],
[1667223000.0, 0.8385512649800266],
[1667309400.0, 0.7601917443408788],
[1667395800.0, 0.928271637816245],
[1667482200.0, 0.8271904127829559],
[1667568600.0, 0.9188122503328895],
[1667655000.0, 1],
[1667741400.0, 0.8451824234354195],
[1667827800.0, 0.9150093209054593],
[1667914200.0, 0.8499121171770971],
[1668000600.0, 0.7325166444740345],
[1668087000.0, 1],
[1668173400.0, 0.9933688415446071],
[1668259800.0, 0.9496031957390147],
[1668346200.0, 0.8404527296937416],
[1668432600.0, 0.9820079893475366],
[1668519000.0, 0.8404527296937419],
[1668605400.0, 0.928271637816245],
[1668691800.0, 0.8499121171770971],
[1668778200.0, 0.9933688415446071],
[1668864600.0, 0.9952703062583221],
[1668951000.0, 0.9150093209054593],
[1669037400.0, 0.9933688415446071],
[1669123800.0, 0.7526338215712383],
[1669210200.0, 0.7526338215712383],
[1669296600.0, 0.6837336884154459],
[1669383000.0, 0.8989187749667111],
[1669469400.0, 0.6347270306258321],
[1669555800.0, 0.6120053262316911],
[1669642200.0, 0.8432809587217043],
[1669728600.0, 0.9093528628495338],
[1669815000.0, 0.620537949400799],
[1669901400.0, 0.85654327563249],
[1669987800.0, 0.8404527296937419],
[1670074200.0, 0.9036484687083888],
[1670160600.0, 0.6865619174434088],
[1670247000.0, 0.8432809587217043],
[1670333400.0, 0.7687243675099866],
[1670419800.0, 0.85654327563249],
[1670506200.0, 0.6091770972037284],
[1670592600.0, 0.6790039946737683],
[1670679000.0, 0.5701411451398135],
[1670765400.0, 0.5748708388814913],
[1670851800.0, 0.6875366178428761],
[1670938200.0, 0.6366284953395472],
[1671024600.0, 0.7393715046604528],
[1671111000.0, 0.7620932090545938],
[1671197400.0, 0.5959147802929428],
[1671283800.0, 0.6418695073235685],
[1671370200.0, 0.5959147802929428],
[1671456600.0, 0.6025459387483356],
[1671543000.0, 0.6286071904127829],
[1671629400.0, 0.5682396804260985],
[1671715800.0, 0.5178428761651132],
[1671802200.0, 0.5568788282290279],
[1671888600.0, 0.6122929427430093],
[1671975000.0, 0.6956058588548601],
[1672061400.0, 0.7460026631158456],
[1672147800.0, 0.5959147802929428],
[1672234200.0, 0.5064820239680425],
[1672320600.0, 0.5845539280958721],
[1672407000.0, 0.5911850865512649],
[1672493400.0, 0.5682396804260985],
[1672579800.0, 0.5521491344873501],
[1672666200.0, 0.5616085219707057],
[1672752600.0, 0.6006444740346205],
[1672839000.0, 0.5962023968042609],
[1672925400.0, 0.5225725699067909],
[1673011800.0, 0.6172463382157124],
[1673098200.0, 0.6742743009320906],
[1673184600.0, 0.556878828229028],
[1673271000.0, 0.6139067909454061],
[1673357400.0, 0.6399680426098535],
[1673443800.0, 0.5959147802929428],
[1673530200.0, 0.6219760319573902],
[1673616600.0, 0.4948974700399468],
[1673703000.0, 0.5682396804260985],
[1673789400.0, 0.690364846870839],
[1673875800.0, 0.5959147802929428],
[1673962200.0, 0.6790039946737683],
[1674048600.0, 0.7573635153129161],
[1674135000.0, 0.6771025299600532],
[1674221400.0, 0.6333368841544607],
[1674307800.0, 0.5892836218375499],
[1674394200.0, 0.7554620505992009],
[1674480600.0, 0.7781837549933421],
[1674567000.0, 0.9169107856191743],
[1674653400.0, 0.8451824234354197],
[1674739800.0, 0.8518135818908124],
[1674826200.0, 0.85654327563249],
[1674912600.0, 0.9235419440745674],
[1674999000.0, 0.928271637816245],
[1675085400.0, 0.85654327563249],
[1675171800.0, 0.9952703062583221],
[1675258200.0, 0.9609640479360853],
[1675344600.0, 0.9952703062583221],
[1675431000.0, 0.784814913448735],
[1675517400.0, 0.7715525965379493],
[1675603800.0, 0.762093209054594],
[1675690200.0, 0.9235419440745674],
[1675776600.0, 0.9886391478029295],
[1675863000.0, 0.7083568575233021],
[1675949400.0, 0.7083568575233021],
