[1635773400.0, 0.4518985842686357],
[1635859800.0, 0.4369374124525467],
[1635946200.0, 0.4302282083811796],
[1636032600.0, 0.3938631363474711],
[1636119000.0, 0.4282123141557393],
[1636205400.0, 0.45822616892609086],
[1636291800.0, 0.4214405410257944],
[1636378200.0, 0.40244151105921155],
[1636464600.0, 0.4228316677003273],
[1636551000.0, 0.43975836059147994],
[1636637400.0, 0.44743535862847417],
[1636723800.0, 0.4486486201478452],
[1636810200.0, 0.45038374201177667],
[1636896600.0, 0.492763573416922],
[1636983000.0, 0.462155501380935],
[1637069400.0, 0.4275072930456137],
[1637155800.0, 0.4058048235389886],
[1637242200.0, 0.4277380709498225],
[1637328600.0, 0.49285902701887935],
[1637415000.0, 0.43798795157029446],
[1637501400.0, 0.4419252532088865],
[1637587800.0, 0.43279430247172185],
[1637674200.0, 0.4035771066870159],
[1637760600.0, 0.467548289047946],
[1637847000.0, 0.4592008246422507],
[1637933400.0, 0.4705540357770148],
[1638019800.0, 0.4206832279090957],
[1638106200.0, 0.4395128560955173],
[1638192600.0, 0.442491228529535],
[1638279000.0, 0.4520415818240274],
[1638365400.0, 0.44966601807536183],
[1638451800.0, 0.4273135154912328],
[1638538200.0, 0.4563690811464412],
[1638624600.0, 0.44820663429548263],
[1638711000.0, 0.4158433670838415],
[1638797400.0, 0.44233408046815453],
[1638883800.0, 0.45743556676128705],
[1638970200.0, 0.44925521928643675],
[1639056600.0, 0.45964676785185804],
[1639143000.0, 0.4513118075437225],
[1639229400.0, 0.45887882575674505],
[1639315800.0, 0.4704567968360135],
[1639402200.0, 0.4683786148555664],
[1639488600.0, 0.43999559092255913],
[1639575000.0, 0.4768070302476097],
[1639661400.0, 0.4752276795287548],
[1639747800.0, 0.4648396612427443],
[1639834200.0, 0.46020954778492384],
[1639920600.0, 0.45915637838831547],
[1640007000.0, 0.48700310966243315],
[1640093400.0, 0.5451224836284259],
[1640179800.0, 0.47384146231168084],
[1640266200.0, 0.5115195428494982],
[1640352600.0, 0.5360047244704332],
[1640439000.0, 0.4897570370499916],
[1640525400.0, 0.4493987292026906],
[1640611800.0, 0.45676517552060497],
[1640698200.0, 0.4575618868722939],
[1640784600.0, 0.44269039467141014],
[1640871000.0, 0.44146355995406084],
[1640957400.0, 0.5031437895694227],
[1641043800.0, 0.45495150298624903],
[1641130200.0, 0.4302889038827209],
[1641216600.0, 0.4349305773045202],
[1641303000.0, 0.45713348501556367],
[1641389400.0, 0.47495836871305736],
[1641475800.0, 0.4604877699885662],
[1641562200.0, 0.46544578853046586],
[1641648600.0, 0.44207280705186497],
[1641735000.0, 0.4474389468787063],
[1641821400.0, 0.45215139846160607],
[1641907800.0, 0.44309867205639786],
[1641994200.0, 0.4429132168382677],
[1642080600.0, 0.47268021776282987],
[1642167000.0, 0.4510603827277526],
[1642253400.0, 0.45108347873324833],
[1642339800.0, 0.4432366062819013],
[1642426200.0, 0.4457345262125474],
[1642512600.0, 0.45553147131609995],
[1642599000.0, 0.4519576110013898],
[1642685400.0, 0.4749084836951953],
[1642771800.0, 0.46217748497335887],
[1642858200.0, 0.47691013921657044],
[1642944600.0, 0.47073585047669225],
[1643031000.0, 0.49034700728926806],
[1643117400.0, 0.44109055134789077],
[1643203800.0, 0.45676569971372266],
[1643290200.0, 0.4394510670170494],
[1643376600.0, 0.4298655842818906],
[1643463000.0, 0.43207721432681667],
[1643549400.0, 0.47375073366612236],
[1643635800.0, 0.47375073366612236],
[1643722200.0, 0.47375073366612236],
[1643808600.0, 0.46363332353941794],
[1643895000.0, 0.46958107028792845],
[1643981400.0, 0.47227658186562305],
[1644067800.0, 0.4663620336986541],
[1644154200.0, 0.4665662485894243],
[1644240600.0, 0.47292295526020245],
[1644327000.0, 0.45891517117518477],
[1644413400.0, 0.4578357397549591],
[1644499800.0, 0.5267013394716248],
[1644586200.0, 0.4484267296648301],
[1644672600.0, 0.44413589399086445],
[1644759000.0, 0.5095616924135411],
[1644845400.0, 0.4509043790835201],
[1644931800.0, 0.46719907874017313],
[1645018200.0, 0.4782786258641193],
[1645104600.0, 0.4628653905439869],
[1645191000.0, 0.4483529541118761],
[1645277400.0, 0.5363151712297823],
[1645363800.0, 0.4501432985061107],
[1645450200.0, 0.45523556996848885],
[1645536600.0, 0.4722044363481143],
[1645623000.0, 0.47502324470706586],
[1645709400.0, 0.4411910669975186],
[1645795800.0, 0.46109777036275124],
[1645882200.0, 0.45218214574782756],
[1645968600.0, 0.4577862042223265],
[1646055000.0, 0.5042598299220541],
[1646141400.0, 0.49429225885653416],
[1646227800.0, 0.49017282930954836],
[1646314200.0, 0.44606131976279595],
[1646400600.0, 0.44280736820675864],
[1646487000.0, 0.4573852414866239],
[1646573400.0, 0.46274562610968145],
[1646659800.0, 0.46656581847325185],
[1646746200.0, 0.46981278925935704],
[1646832600.0, 0.475119810553558],
[1646919000.0, 0.49029693879766617],
[1647005400.0, 0.4566117810287486],
[1647091800.0, 0.4659407493418161],
[1647178200.0, 0.487210024701095],
[1647264600.0, 0.4843136730576676],
[1647351000.0, 0.48823095827899643],
[1647437400.0, 0.4784444673059116],
[1647523800.0, 0.4802695432209154],
[1647610200.0, 0.49051601997151034],
[1647696600.0, 0.48074597663322266],
[1647783000.0, 0.4807414822089598],
[1647869400.0, 0.48478345506070153],
[1647955800.0, 0.48376530347064295],
[1648042200.0, 0.48482740631249444],
[1648128600.0, 0.50740853520269],
[1648215000.0, 0.49225888112900446],
[1648301400.0, 0.4785200821542675],
[1648387800.0, 0.47637174919615327],
[1648474200.0, 0.4831693843790619],
[1648560600.0, 0.48461323107412685],
[1648647000.0, 0.492366251296885],
[1648733400.0, 0.4921292156727883],
[1648819800.0, 0.503042074164719],
[1648906200.0, 0.4846668415645767],
[1648996200.0, 0.4974066065915936],
[1649082600.0, 0.48549088531671764],
[1649169000.0, 0.4901601863261133],
[1649255400.0, 0.5001435491232462],
[1649341800.0, 0.4860999082563158],
[1649428200.0, 0.49070577232667134],
[1649514600.0, 0.4836536363454595],
[1649601000.0, 0.4610272141269631],
[1649687400.0, 0.4529599309397584],
[1649773800.0, 0.42202008940062746],
[1649860200.0, 0.4203513263301783],
[1649946600.0, 0.41050146069676735],
[1650033000.0, 0.4309459690406299],
[1650119400.0, 0.42572248911714017],
[1650205800.0, 0.4624924691284138],
[1650292200.0, 0.4468521279479534],
[1650378600.0, 0.44861951378792],
[1650465000.0, 0.43657989585715246],
[1650551400.0, 0.43657989585715246],
[1650637800.0, 0.43657989585715246],
[1650724200.0, 0.41894039451842247],
[1650810600.0, 0.4421482210949746],
[1650897000.0, 0.4314126050986999],
[1650983400.0, 0.4264420328297785],
[1651069800.0, 0.41780843101475273],
[1651156200.0, 0.4401679032069663],
[1651242600.0, 0.4251124159173602],
[1651329000.0, 0.4176868908880914],
[1651415400.0, 0.415010629448193],
[1651501800.0, 0.43247582577281013],
[1651588200.0, 0.41489125055130965],
[1651674600.0, 0.44860713396800395],
[1651761000.0, 0.41589180971468714],
[1651847400.0, 0.43091553697105717],
[1651933800.0, 0.4050185069968047],
[1652020200.0, 0.4281043981704967],
[1652106600.0, 0.4295134159166249],
[1652193000.0, 0.4126299975090297],
[1652279400.0, 0.416492828647158],
[1652365800.0, 0.4540117188314531],
[1652452200.0, 0.41951587497019655],
[1652538600.0, 0.4264599858656796],
[1652625000.0, 0.42792169301617367],
[1652711400.0, 0.4273816563492545],
[1652797800.0, 0.4373834581396487],
[1652884200.0, 0.4578943637008153],
[1652970600.0, 0.46187109399659104],
[1653057000.0, 0.4116590257993192],
[1653143400.0, 0.4178093592371345],
[1653229800.0, 0.4270598685728027],
[1653316200.0, 0.4686799982430932],
[1653402600.0, 0.45899285380351296],
[1653489000.0, 0.4252675679022806],
[1653575400.0, 0.43934355378945217],
[1653661800.0, 0.4425583800795399],
[1653748200.0, 0.43738479262672814],
[1653834600.0, 0.45430280865837547],
[1653921000.0, 0.4133665897306598],
[1654007400.0, 0.4070895785742689],
[1654093800.0, 0.3867146854255964],
[1654180200.0, 0.3797190939591503],
[1654266600.0, 42.69837405443005],
[1654353000.0, 0.42596886528240596],
[1654439400.0, 0.4286928364168035],
[1654525800.0, 0.4452902048992888],
[1654612200.0, 0.4364545956755097],
[1654698600.0, 0.45138285219630553],
[1654785000.0, 0.4311905502508031],
[1654871400.0, 0.4739998664262339],
[1654957800.0, 0.4167846059672399],
[1655044200.0, 0.4653935719689899],
[1655130600.0, 0.42784137478084805],
[1655217000.0, 0.48340652704689935],
[1655303400.0, 0.45950189296963484],
[1655389800.0, 0.4210233751819489],
[1655476200.0, 0.4420262242411117],
[1655562600.0, 0.4334418613743844],
[1655649000.0, 0.4417408917625622],
[1655735400.0, 0.4456974349488768],
[1655821800.0, 0.4073406668514867],
[1655908200.0, 0.42294132504817605],
[1655994600.0, 0.44388854925977606],
[1656081000.0, 0.4423225363789702],
[1656167400.0, 0.4209754873496099],
[1656253800.0, 0.43880128247071915],
[1656340200.0, 0.42688331414742875],
[1656426600.0, 0.4261179511370011],
[1656513000.0, 0.44664460062263617],
[1656599400.0, 0.39891430088562696],
[1656685800.0, 0.4434835047956278],
[1656772200.0, 0.4221162294464667],
[1656858600.0, 0.439268861408569],
[1656945000.0, 0.44244832152933716],
[1657031400.0, 0.4433885213207128],
[1657117800.0, 0.5063315648840181],
[1657204200.0, 0.46660198884307547],
[1657290600.0, 0.46505670829254314],
[1657377000.0, 0.4610178708304025],
[1657463400.0, 0.4470665869451089],
[1657549800.0, 0.4845731558154343],
[1657636200.0, 0.48709936648407637],
[1657722600.0, 0.4611560355300762],
[1657809000.0, 0.4541025794482015],
[1657895400.0, 0.44294022837166],
[1657981800.0, 0.43709722334510115],
[1658068200.0, 0.4365665639655022],
[1658154600.0, 0.4324135867468933],
[1658241000.0, 0.4448142629538609],
[1658327400.0, 0.435138843722487],
[1658413800.0, 0.45462443146849996],
[1658500200.0, 0.44144496432214797],
[1658586600.0, 0.44196235651280247],
[1658673000.0, 0.4460943052024645],
[1658759400.0, 0.45099606662941677],
[1658845800.0, 0.45478721931755894],
[1658932200.0, 0.457198071736499],
[1659018600.0, 0.45797879716118944],
[1659105000.0, 0.45275075382602253],
[1659191400.0, 0.44772783084508183],
[1659277800.0, 0.44887700861160523],
[1659364200.0, 0.4258961752277948],
[1659450600.0, 0.4153894457752867],
[1659537000.0, 0.4005345622119816],
[1659623400.0, 0.40292403058942156],
[1659709800.0, 0.4109439911806071],
[1659796200.0, 0.3963374302855652],
[1659882600.0, 0.3967296897655656],
[1659969000.0, 0.4005059904708774],
[1660055400.0, 0.4056851638504864],
[1660141800.0, 0.4031604265149324],
[1660228200.0, 0.38395328619896446],
[1660314600.0, 0.3870685071324671],
[1660401000.0, 0.3870685071324671],
[1660487400.0, 0.3870685071324671],
[1660573800.0, 0.3870685071324671],
[1660660200.0, 0.3694964276416016],
[1660746600.0, 0.3865379309911175],
[1660833000.0, 0.38103382542943676],
[1660919400.0, 0.34661253999981306],
[1661005800.0, 0.3643297169738248],
[1661092200.0, 0.36374876760900676],
[1661178600.0, 0.3602852733214434],
[1661265000.0, 0.3512063231885881],
[1661351400.0, 0.36124551130273647],
[1661437800.0, 0.3610643531346778],
[1661524200.0, 0.3539951573849879],
[1661610600.0, 0.3933694445520143],
[1661697000.0, 0.37731149769988],
[1661783400.0, 0.37309802076953935],
[1661869800.0, 0.3474719230337074],
[1661956200.0, 0.3507021360152669],
[1662042600.0, 0.36643708052087115],
[1662129000.0, 0.389922646477946],
[1662215400.0, 0.38268324186010505],
[1662301800.0, 0.36906460689622345],
[1662388200.0, 0.3763197240776607],
[1662474600.0, 0.3791853608036704],
[1662561000.0, 0.39095825450512706],
[1662647400.0, 0.4324021218516328],
[1662733800.0, 0.40782962098260866],
[1662820200.0, 0.41283008353312006],
[1662906600.0, 0.4144101357752596],
[1662993000.0, 0.40739402033182687],
[1663079400.0, 0.4171880636059317],
[1663165800.0, 0.438454709565576],
[1663252200.0, 0.4322828301242666],
[1663338600.0, 0.4284098831771727],
[1663425000.0, 0.4236611928661923],
[1663511400.0, 0.40057038392445166],
[1663597800.0, 0.40305238489816975],
[1663684200.0, 0.4170129183349701],
[1663770600.0, 0.43513554935543086],
[1663857000.0, 0.40456654731129266],
[1663943400.0, 0.43497713091676854],
[1664029800.0, 0.437727651633854],
[1664116200.0, 0.4405289349389196],
[1664202600.0, 0.45459949776160913],
[1664289000.0, 0.45589828497219803],
[1664375400.0, 0.4291823637071785],
[1664461800.0, 0.45191712037226656],
[1664548200.0, 0.43015909054995977],
[1664634600.0, 0.4303298900646506],
[1664717400.0, 0.46370956378020184],
[1664803800.0, 0.4684889463134993],
[1664890200.0, 0.46759643822715563],
[1664976600.0, 0.4656969555235401],
[1665063000.0, 0.47099839929805204],
[1665149400.0, 0.449584440377167],
[1665235800.0, 0.44684802392205125],
[1665322200.0, 0.43112669258679454],
[1665408600.0, 0.43151157698504217],
[1665495000.0, 0.42478949226436513],
[1665581400.0, 0.42951989195764917],
[1665667800.0, 0.43861924866203583],
[1665754200.0, 0.45554997362747957],
[1665840600.0, 0.46534721552479624],
[1665927000.0, 0.44230373244753607],
[1666013400.0, 0.44269487448949607],
[1666099800.0, 0.40718289487010684],
[1666186200.0, 0.457195464039552],
[1666272600.0, 0.4733967552799085],
[1666359000.0, 0.4800924187047657],
[1666445400.0, 0.46650481521228315],
[1666531800.0, 0.4626634417855755],
[1666618200.0, 0.4825222204980713],
[1666704600.0, 0.4687761417143687],
[1666791000.0, 0.4418633867406896],
[1666877400.0, 0.4516323817531648],
[1666963800.0, 0.45829638525179406],
[1667050200.0, 0.4615708274894811],
[1667136600.0, 0.490299834190316],
[1667223000.0, 0.4757291039064662],
[1667309400.0, 0.4827927749157501],
[1667395800.0, 0.4530991352536187],
[1667482200.0, 0.4558865220573481],
[1667568600.0, 0.4754379612315949],
[1667655000.0, 0.4836829425935718],
[1667741400.0, 0.45456509216589863],
[1667827800.0, 0.45594125500667554],
[1667914200.0, 0.4633752207718386],
[1668000600.0, 0.46514694191480144],
[1668087000.0, 0.4558583773901407],
[1668173400.0, 0.45004612974194647],
[1668259800.0, 0.46237004309769175],
[1668346200.0, 0.46596676499602063],
[1668432600.0, 0.4656224368093005],
[1668519000.0, 0.5050195120002131],
[1668605400.0, 0.47257379036152836],
[1668691800.0, 0.491430734639563],
[1668778200.0, 0.495592120292648],
[1668864600.0, 0.49467498006307853],
[1668951000.0, 0.46119586587147293],
[1669037400.0, 0.45940319059876544],
[1669123800.0, 0.5197545784140559],
[1669210200.0, 0.5271298872561805],
[1669296600.0, 0.5452875142842205],
[1669383000.0, 0.5186651945724526],
[1669469400.0, 0.5024890724181815],
[1669555800.0, 0.5130200955909211],
[1669642200.0, 0.5221969638807797],
[1669728600.0, 0.5239157171010712],
[1669815000.0, 0.4580434032359568],
[1669901400.0, 0.446440827532111],
[1669987800.0, 0.42990819769020533],
[1670074200.0, 0.42110000996802566],
[1670160600.0, 0.41274109609966136],
[1670247000.0, 0.4178317264361496],
[1670333400.0, 0.4377967222869296],
[1670419800.0, 0.4407433636387216],
[1670506200.0, 0.41046911223034627],
[1670592600.0, 0.4555598413722296],
[1670679000.0, 0.4295612095302191],
[1670765400.0, 0.4573588107128395],
[1670851800.0, 0.4264248491685431],
[1670938200.0, 0.4411652391694875],
[1671024600.0, 0.44878794067407746],
[1671111000.0, 0.46712971831259276],
[1671197400.0, 0.4265496444717621],
[1671283800.0, 0.4169563456367596],
[1671370200.0, 0.4477423875149028],
[1671456600.0, 0.4657145849542163],
[1671543000.0, 0.43544987469373364],
[1671629400.0, 0.4403718280888432],
[1671715800.0, 0.47512364074504243],
[1671802200.0, 0.4617041506099019],
[1671888600.0, 0.4560982342877013],
[1671975000.0, 0.48220426535205235],
[1672061400.0, 0.4801828039042757],
[1672147800.0, 0.47767173435548466],
[1672234200.0, 0.48799876468020575],
[1672320600.0, 0.46550777676120764],
[1672407000.0, 0.440094995057056],
[1672493400.0, 0.4741330580534866],
[1672579800.0, 0.4261262108530048],
[1672666200.0, 0.4358009858261648],
[1672752600.0, 0.4896571428571428],
[1672839000.0, 0.4674625281867622],
[1672925400.0, 0.44357030209933435],
[1673011800.0, 0.4398227755233052],
[1673098200.0, 0.4673154331736862],
[1673184600.0, 0.47267167955892037],
[1673271000.0, 0.49360519692478755],
[1673357400.0, 0.45816308928263383],
[1673443800.0, 0.46330247894485915],
[1673530200.0, 0.4945737199511762],
[1673616600.0, 0.4500830365516618],
[1673703000.0, 0.46103327779996955],
[1673789400.0, 0.4693593405963772],
[1673875800.0, 0.4857669663685356],
[1673962200.0, 0.47257697483789407],
[1674048600.0, 0.47760283627634076],
[1674135000.0, 0.42618934114246365],
[1674221400.0, 0.4167484660334677],
[1674307800.0, 0.40127079396304766],
[1674394200.0, 0.4457566279060513],
[1674480600.0, 0.39944907542892244],
[1674567000.0, 0.4209265544943568],
[1674653400.0, 0.4054136862410733],
[1674739800.0, 0.39572474518711076],
[1674826200.0, 0.4144167373751608],
[1674912600.0, 0.37384714842305045],
[1674999000.0, 0.3829522377567758],
[1675085400.0, 0.36481225037269976],
[1675171800.0, 0.3746871582543975],
[1675258200.0, 0.40212994028218363],
[1675344600.0, 0.4016182872613719],
[1675431000.0, 0.3785774607279347],
[1675517400.0, 0.39489367175441603],
[1675603800.0, 0.4033925984197082],
[1675690200.0, 0.39491882224987945],
[1675776600.0, 0.4051772929427583],
[1675863000.0, 0.4051772929427583],
[1675949400.0, 0.4051772929427583],
