[1635773400.0, 0.6491211833333334],
[1635859800.0, 0.6488685000000001],
[1635946200.0, 0.6483465833333334],
[1636032600.0, 0.6642025166666667],
[1636119000.0, 0.6730543666666667],
[1636205400.0, 0.6715617666666667],
[1636291800.0, 0.6612686166666667],
[1636378200.0, 0.6621719333333335],
[1636464600.0, 0.6622028499999999],
[1636551000.0, 0.6562224166666667],
[1636637400.0, 0.6698786333333334],
[1636723800.0, 0.6696623333333332],
[1636810200.0, 0.6690020333333333],
[1636896600.0, 0.6816085],
[1636983000.0, 0.6735688833333334],
[1637069400.0, 0.6660021166666668],
[1637155800.0, 0.6676663166666666],
[1637242200.0, 0.6757440833333334],
[1637328600.0, 0.6600614166666667],
[1637415000.0, 0.6725604333333334],
[1637501400.0, 0.67048235],
[1637587800.0, 0.6606422166666667],
[1637674200.0, 0.6891876166666667],
[1637760600.0, 0.67183045],
[1637847000.0, 0.6643750666666667],
[1637933400.0, 0.6628199333333332],
[1638019800.0, 0.6495702666666666],
[1638106200.0, 0.6477531333333334],
[1638192600.0, 0.6531742333333334],
[1638279000.0, 0.6316053666666667],
[1638365400.0, 0.6407198],
[1638451800.0, 0.6632932333333333],
[1638538200.0, 0.6816813],
[1638624600.0, 0.6862157333333334],
[1638711000.0, 0.7081793166666667],
[1638797400.0, 0.6925029833333335],
[1638883800.0, 0.7141302166666668],
[1638970200.0, 0.7243030833333334],
[1639056600.0, 0.7225798166666667],
[1639143000.0, 0.7292698833333334],
[1639229400.0, 0.7400384500000001],
[1639315800.0, 0.7372017833333334],
[1639402200.0, 0.7348426666666668],
[1639488600.0, 0.7313367333333334],
[1639575000.0, 0.7333332499999999],
[1639661400.0, 0.71851615],
[1639747800.0, 0.7221281833333334],
[1639834200.0, 0.7288017],
[1639920600.0, 0.7324219166666669],
[1640007000.0, 0.7350585333333334],
[1640093400.0, 0.7347281166666666],
[1640179800.0, 0.7381209166666668],
[1640266200.0, 0.7445778833333333],
[1640352600.0, 0.7420907833333334],
[1640439000.0, 0.7589441666666668],
[1640525400.0, 0.7590948666666666],
[1640611800.0, 0.7674907333333335],
[1640698200.0, 0.7814990166666668],
[1640784600.0, 0.7889436166666668],
[1640871000.0, 0.7836504166666667],
[1640957400.0, 0.7895768333333333],
[1641043800.0, 0.80683185],
[1641130200.0, 0.8215826833333333],
[1641216600.0, 0.8090597833333333],
[1641303000.0, 0.8175533833333333],
[1641389400.0, 0.82885975],
[1641475800.0, 0.82961675],
[1641562200.0, 0.8290599333333333],
[1641648600.0, 0.8250695666666669],
[1641735000.0, 0.8324605333333336],
[1641821400.0, 0.8194545833333335],
[1641907800.0, 0.8300053500000001],
[1641994200.0, 0.8353736833333335],
[1642080600.0, 0.8361367333333334],
[1642167000.0, 0.8336107166666668],
[1642253400.0, 0.83268215],
[1642339800.0, 0.83949555],
[1642426200.0, 0.8391194000000001],
[1642512600.0, 0.8363612333333333],
[1642599000.0, 0.8387356666666667],
[1642685400.0, 0.8487283833333334],
[1642771800.0, 0.8366568333333332],
[1642858200.0, 0.845052966666667],
[1642944600.0, 0.8414095833333333],
[1643031000.0, 0.8298860166666667],
[1643117400.0, 0.8469229500000001],
[1643203800.0, 0.8438788166666668],
[1643290200.0, 0.83640035],
[1643376600.0, 0.8296946500000001],
[1643463000.0, 0.8268975666666668],
[1643549400.0, 0.8102543],
[1643635800.0, 0.8102543],
[1643722200.0, 0.8102543],
[1643808600.0, 0.8301995000000001],
[1643895000.0, 0.8317149833333334],
[1643981400.0, 0.8345351333333334],
[1644067800.0, 0.8478666166666667],
[1644154200.0, 0.8692993833333333],
[1644240600.0, 0.8606838666666669],
[1644327000.0, 0.8343671166666667],
[1644413400.0, 0.8445422166666668],
[1644499800.0, 0.8482824333333335],
[1644586200.0, 0.8425159500000001],
[1644672600.0, 0.8442449],
[1644759000.0, 0.8564084333333334],
[1644845400.0, 0.8466530333333334],
[1644931800.0, 0.8546123666666668],
[1645018200.0, 0.8468418666666667],
[1645104600.0, 0.8700755166666667],
[1645191000.0, 0.8699470333333333],
[1645277400.0, 0.8855963666666667],
[1645363800.0, 0.8878133833333334],
[1645450200.0, 0.8792912166666665],
[1645536600.0, 0.8819696333333334],
[1645623000.0, 0.8823116500000001],
[1645709400.0, 0.8682838166666667],
[1645795800.0, 0.8764765666666667],
[1645882200.0, 0.8654785333333331],
[1645968600.0, 0.8620426666666668],
[1646055000.0, 0.8555439166666666],
[1646141400.0, 0.8662438833333335],
[1646227800.0, 0.8743466333333334],
[1646314200.0, 0.8775948000000001],
[1646400600.0, 0.8905627833333334],
[1646487000.0, 0.8849711],
[1646573400.0, 0.8994856000000001],
[1646659800.0, 0.8930435500000001],
[1646746200.0, 0.8802544166666667],
[1646832600.0, 0.8727351333333333],
[1646919000.0, 0.8735946333333334],
[1647005400.0, 0.8733579833333335],
[1647091800.0, 0.8713432500000001],
[1647178200.0, 0.9002331333333334],
[1647264600.0, 0.8985571666666669],
[1647351000.0, 0.9086811333333333],
[1647437400.0, 0.9107612333333334],
[1647523800.0, 0.8947077666666666],
[1647610200.0, 0.8975363500000001],
[1647696600.0, 0.89558925],
[1647783000.0, 0.9066194666666666],
[1647869400.0, 0.9071313333333334],
[1647955800.0, 0.9038575166666667],
[1648042200.0, 0.9240176500000001],
[1648128600.0, 0.9269396166666667],
[1648215000.0, 0.93445425],
[1648301400.0, 0.9709370333333335],
[1648387800.0, 0.9675380833333334],
[1648474200.0, 0.9700690500000002],
[1648560600.0, 0.9753921166666667],
[1648647000.0, 0.9873716666666668],
[1648733400.0, 0.9966922166666669],
[1648819800.0, 0.9972206833333334],
[1648906200.0, 0.9793068833333334],
[1648996200.0, 0.9811350000000001],
[1649082600.0, 0.9855642833333332],
[1649169000.0, 0.9960495500000001],
[1649255400.0, 1.0028077833333333],
[1649341800.0, 1.0189125666666665],
[1649428200.0, 0.9938000333333333],
[1649514600.0, 1.0453659],
[1649601000.0, 1.0560330166666667],
[1649687400.0, 1.0582319666666666],
[1649773800.0, 1.0548776166666667],
[1649860200.0, 1.0420120000000002],
[1649946600.0, 1.0622002833333335],
[1650033000.0, 1.0717681666666667],
[1650119400.0, 1.0825049166666667],
[1650205800.0, 1.0889837833333336],
[1650292200.0, 1.0868039166666668],
[1650378600.0, 1.0872699000000001],
[1650465000.0, 1.0718153166666666],
[1650551400.0, 1.0718153166666666],
[1650637800.0, 1.0718153166666666],
[1650724200.0, 1.09941745],
[1650810600.0, 1.1038785],
[1650897000.0, 1.08890215],
[1650983400.0, 1.1031007333333334],
[1651069800.0, 1.0809789666666667],
[1651156200.0, 1.0848585000000002],
[1651242600.0, 1.1141341999999999],
[1651329000.0, 1.1358725666666667],
[1651415400.0, 1.1407388000000003],
[1651501800.0, 1.1407795333333335],
[1651588200.0, 1.1562416666666666],
[1651674600.0, 1.1007862000000002],
[1651761000.0, 1.0547409833333334],
[1651847400.0, 1.0482962333333334],
[1651933800.0, 1.0520329000000002],
[1652020200.0, 1.0893028666666666],
[1652106600.0, 1.0207350833333335],
[1652193000.0, 1.0071952499999999],
[1652279400.0, 0.9998697166666668],
[1652365800.0, 0.9813551166666667],
[1652452200.0, 1.0179178333333334],
[1652538600.0, 1.0095304833333334],
[1652625000.0, 1.00023715],
[1652711400.0, 0.9960996833333332],
[1652797800.0, 0.9929002333333333],
[1652884200.0, 0.9821410166666666],
[1652970600.0, 0.9309904000000001],
[1653057000.0, 0.9499568666666667],
[1653143400.0, 0.9554053666666666],
[1653229800.0, 0.9386873166666666],
[1653316200.0, 0.9585100500000001],
[1653402600.0, 0.9635225166666667],
[1653489000.0, 0.9759720166666668],
[1653575400.0, 0.9621449166666668],
[1653661800.0, 0.96025785],
[1653748200.0, 0.9507700833333333],
[1653834600.0, 0.9575583166666668],
[1653921000.0, 0.96356615],
[1654007400.0, 0.95982365],
[1654093800.0, 0.9954126666666667],
[1654180200.0, 1.0345504666666667],
[1654266600.0, 1.0209196833333334],
[1654353000.0, 1.0390772000000001],
[1654439400.0, 1.0487544333333336],
[1654525800.0, 1.0592869500000002],
[1654612200.0, 1.0709004],
[1654698600.0, 1.0614541666666668],
[1654785000.0, 1.0696677166666666],
[1654871400.0, 1.0628138],
[1654957800.0, 1.0550951666666666],
[1655044200.0, 1.0454834166666667],
[1655130600.0, 1.0213179666666667],
[1655217000.0, 1.0035627666666667],
[1655303400.0, 1.0026267],
[1655389800.0, 0.9758834500000001],
[1655476200.0, 0.9809393500000002],
[1655562600.0, 0.9826272500000001],
[1655649000.0, 0.9627887666666668],
[1655735400.0, 0.9518395333333333],
[1655821800.0, 0.9399658666666667],
[1655908200.0, 0.9156599500000001],
[1655994600.0, 0.9300984333333333],
[1656081000.0, 0.8877528666666668],
[1656167400.0, 0.8859168166666668],
[1656253800.0, 0.8777309333333334],
[1656340200.0, 0.8660659666666667],
[1656426600.0, 0.8770014333333335],
[1656513000.0, 0.8822496666666666],
[1656599400.0, 0.8813229666666667],
[1656685800.0, 0.9009935000000001],
[1656772200.0, 0.8989280666666667],
[1656858600.0, 0.9174399833333334],
[1656945000.0, 0.9148073499999999],
[1657031400.0, 0.8926767],
[1657117800.0, 0.8806171166666666],
[1657204200.0, 0.9007012333333333],
[1657290600.0, 0.9182850166666667],
[1657377000.0, 0.9172528333333334],
[1657463400.0, 0.9228314833333334],
[1657549800.0, 0.9018454333333334],
[1657636200.0, 0.9049321500000002],
[1657722600.0, 0.9605383333333335],
[1657809000.0, 0.9475630666666669],
[1657895400.0, 0.9668906333333332],
[1657981800.0, 0.96948095],
[1658068200.0, 0.9717851333333334],
[1658154600.0, 0.9772688666666668],
[1658241000.0, 1.0048859333333333],
[1658327400.0, 1.0108766500000002],
[1658413800.0, 1.001189],
[1658500200.0, 0.9922117833333334],
[1658586600.0, 0.9965035666666667],
[1658673000.0, 1.0020062833333334],
[1658759400.0, 1.0029017833333336],
[1658845800.0, 0.9984057166666666],
[1658932200.0, 0.9947559166666667],
[1659018600.0, 0.9948808166666666],
[1659105000.0, 0.99180505],
[1659191400.0, 0.9881211000000002],
[1659277800.0, 0.9929184666666666],
[1659364200.0, 0.9970935500000002],
[1659450600.0, 1.0288155333333335],
[1659537000.0, 1.0348514666666668],
[1659623400.0, 1.043426],
[1659709800.0, 1.0696272666666669],
[1659796200.0, 1.0718484166666666],
[1659882600.0, 1.0779387666666667],
[1659969000.0, 1.0801201999999999],
[1660055400.0, 1.0774757333333336],
[1660141800.0, 1.0722332166666668],
[1660228200.0, 1.0666951333333334],
[1660314600.0, 1.0738780833333335],
[1660401000.0, 1.0738780833333335],
[1660487400.0, 1.0738780833333335],
[1660573800.0, 1.0738780833333335],
[1660660200.0, 1.0450266000000001],
[1660746600.0, 1.02419695],
[1660833000.0, 1.03185545],
[1660919400.0, 1.05421465],
[1661005800.0, 1.0458205333333335],
[1661092200.0, 1.0331788000000002],
[1661178600.0, 1.0464433333333334],
[1661265000.0, 1.0485900333333336],
[1661351400.0, 1.043972766666667],
[1661437800.0, 1.0572087166666666],
[1661524200.0, 1.0484011833333335],
[1661610600.0, 1.0519773666666665],
[1661697000.0, 1.0428417666666665],
[1661783400.0, 1.0307781666666669],
[1661869800.0, 1.0297658333333335],
[1661956200.0, 1.0510967666666666],
[1662042600.0, 1.0377637666666668],
[1662129000.0, 1.0418316],
[1662215400.0, 1.0575253833333333],
[1662301800.0, 1.0728127],
[1662388200.0, 1.0535757],
[1662474600.0, 1.0532929500000001],
[1662561000.0, 1.0885440999999998],
[1662647400.0, 1.0862022],
[1662733800.0, 1.0692398166666668],
[1662820200.0, 1.0850194333333334],
[1662906600.0, 1.1075025333333335],
[1662993000.0, 1.0958032666666668],
[1663079400.0, 1.0917262833333332],
[1663165800.0, 1.0771761499999999],
[1663252200.0, 1.0782644333333335],
[1663338600.0, 1.0653807666666666],
[1663425000.0, 1.0704300500000001],
[1663511400.0, 1.0621185333333332],
[1663597800.0, 1.0625447166666668],
[1663684200.0, 1.0472867000000001],
[1663770600.0, 1.0394993666666668],
[1663857000.0, 1.0338247333333335],
[1663943400.0, 1.01208905],
[1664029800.0, 1.0229412],
[1664116200.0, 1.0125879333333334],
[1664202600.0, 0.9954161333333333],
[1664289000.0, 1.0032346833333332],
[1664375400.0, 1.0004745166666666],
[1664461800.0, 1.0006826166666667],
[1664548200.0, 0.9994244999999999],
[1664634600.0, 1.0071589],
[1664717400.0, 1.0029456833333334],
[1664803800.0, 1.0155589333333335],
[1664890200.0, 1.0245156666666666],
[1664976600.0, 1.0247213833333333],
[1665063000.0, 1.0379471833333331],
[1665149400.0, 1.0354117333333335],
[1665235800.0, 1.04856685],
[1665322200.0, 1.0544470333333333],
[1665408600.0, 1.0754290333333334],
[1665495000.0, 1.0747708333333335],
[1665581400.0, 1.0921743000000002],
[1665667800.0, 1.0938991333333334],
[1665754200.0, 1.0966518500000002],
[1665840600.0, 1.1117899500000001],
[1665927000.0, 1.1097858333333332],
[1666013400.0, 1.10990125],
[1666099800.0, 1.1129433666666666],
[1666186200.0, 1.1214112833333334],
[1666272600.0, 1.0951193666666665],
[1666359000.0, 1.0819873333333336],
[1666445400.0, 1.0780516666666669],
[1666531800.0, 1.0592415666666668],
[1666618200.0, 1.035691516666667],
[1666704600.0, 1.0374694333333332],
[1666791000.0, 1.0588692333333334],
[1666877400.0, 1.0401442166666668],
[1666963800.0, 1.02795765],
[1667050200.0, 1.0465630000000001],
[1667136600.0, 1.0326758833333332],
[1667223000.0, 1.0408213666666668],
[1667309400.0, 1.0557269500000002],
[1667395800.0, 1.0795134000000004],
[1667482200.0, 1.1026400333333335],
[1667568600.0, 1.1172433333333334],
[1667655000.0, 1.1459937833333333],
[1667741400.0, 1.1534016666666669],
[1667827800.0, 1.1532544500000002],
[1667914200.0, 1.1647831833333333],
[1668000600.0, 1.1558662666666668],
[1668087000.0, 1.16384455],
[1668173400.0, 1.1637472500000001],
[1668259800.0, 1.1723712333333334],
[1668346200.0, 1.1748201666666667],
[1668432600.0, 1.1937634833333333],
[1668519000.0, 1.1484148166666668],
[1668605400.0, 1.1336473166666667],
[1668691800.0, 1.1326932833333332],
[1668778200.0, 1.1191526500000002],
[1668864600.0, 1.1072244833333336],
[1668951000.0, 1.0820877666666666],
[1669037400.0, 1.0684019666666666],
[1669123800.0, 1.0499838166666666],
[1669210200.0, 1.0302020000000003],
[1669296600.0, 1.0027480166666667],
[1669383000.0, 0.9973369999999999],
[1669469400.0, 1.0105195833333334],
[1669555800.0, 1.01247915],
[1669642200.0, 1.0172461833333335],
[1669728600.0, 1.0408234333333335],
[1669815000.0, 1.0681170500000001],
[1669901400.0, 1.0734765666666668],
[1669987800.0, 1.0745864],
[1670074200.0, 1.1143619999999999],
[1670160600.0, 1.13713245],
[1670247000.0, 1.1427885000000002],
[1670333400.0, 1.1388845333333335],
[1670419800.0, 1.1539639000000002],
[1670506200.0, 1.1499712666666666],
[1670592600.0, 1.1582634833333334],
[1670679000.0, 1.1444390166666667],
[1670765400.0, 1.1511331833333334],
[1670851800.0, 1.1520818333333334],
[1670938200.0, 1.1570129666666669],
[1671024600.0, 1.1504750333333333],
[1671111000.0, 1.1536065666666666],
[1671197400.0, 1.1282127833333335],
[1671283800.0, 1.138008],
[1671370200.0, 1.1449230166666666],
[1671456600.0, 1.1245435],
[1671543000.0, 1.1260754833333335],
[1671629400.0, 1.1335249500000002],
[1671715800.0, 1.1119768500000002],
[1671802200.0, 1.09567065],
[1671888600.0, 1.101082516666667],
[1671975000.0, 1.0882013333333336],
[1672061400.0, 1.08096825],
[1672147800.0, 1.0607091666666668],
[1672234200.0, 1.0660360833333333],
[1672320600.0, 1.0578361666666667],
[1672407000.0, 1.0684549333333333],
[1672493400.0, 1.0561054833333334],
[1672579800.0, 1.0475301333333331],
[1672666200.0, 1.0383316000000002],
[1672752600.0, 1.0462340666666667],
[1672839000.0, 1.03895895],
[1672925400.0, 1.04389915],
[1673011800.0, 1.0156707],
[1673098200.0, 1.0634459166666668],
[1673184600.0, 1.0552738833333335],
[1673271000.0, 1.0760919166666667],
[1673357400.0, 1.086541166666667],
[1673443800.0, 1.0885310333333333],
[1673530200.0, 1.1000357833333336],
[1673616600.0, 1.130117066666667],
[1673703000.0, 1.1404265166666667],
[1673789400.0, 1.1545452],
[1673875800.0, 1.1746659666666668],
[1673962200.0, 1.1770594166666666],
[1674048600.0, 1.1926965833333334],
[1674135000.0, 1.2223903],
[1674221400.0, 1.2251531833333333],
[1674307800.0, 1.2075886666666669],
[1674394200.0, 1.2053531499999999],
[1674480600.0, 1.2120399166666667],
[1674567000.0, 1.1968976333333334],
[1674653400.0, 1.2076981],
[1674739800.0, 1.1928863333333333],
[1674826200.0, 1.19959495],
[1674912600.0, 1.2196743500000002],
[1674999000.0, 1.2467631500000003],
[1675085400.0, 1.2245182000000001],
[1675171800.0, 1.2624940833333334],
[1675258200.0, 1.2805566166666666],
[1675344600.0, 1.3101545],
[1675431000.0, 1.3299409333333336],
[1675517400.0, 1.3489956333333335],
[1675603800.0, 1.3789898833333334],
[1675690200.0, 1.3799108500000001],
[1675776600.0, 1.37014735],
[1675863000.0, 1.37014735],
[1675949400.0, 1.37014735],
