[1635773400.0, 0.8630618],
[1635859800.0, 0.8988432000000002],
[1635946200.0, 0.926134],
[1636032600.0, 0.9356772000000001],
[1636119000.0, 0.9488626000000002],
[1636205400.0, 0.9440164000000001],
[1636291800.0, 0.9141046000000002],
[1636378200.0, 0.9019258000000001],
[1636464600.0, 0.8697741999999999],
[1636551000.0, 0.8661949999999999],
[1636637400.0, 0.8718118],
[1636723800.0, 0.8614470000000001],
[1636810200.0, 0.8485748000000001],
[1636896600.0, 0.8301304],
[1636983000.0, 0.8386464],
[1637069400.0, 0.8422920000000002],
[1637155800.0, 0.8457041999999999],
[1637242200.0, 0.844501],
[1637328600.0, 0.8664024000000001],
[1637415000.0, 0.872931],
[1637501400.0, 0.8782462000000001],
[1637587800.0, 0.9130500000000001],
[1637674200.0, 0.9161942],
[1637760600.0, 0.9093370000000001],
[1637847000.0, 0.9148596000000001],
[1637933400.0, 0.9216428000000001],
[1638019800.0, 0.97137],
[1638106200.0, 0.9561302000000002],
[1638192600.0, 1.0147294000000002],
[1638279000.0, 1.0061072000000002],
[1638365400.0, 1.0368898],
[1638451800.0, 1.0344908],
[1638538200.0, 1.0251549999999998],
[1638624600.0, 1.0307470000000003],
[1638711000.0, 1.0450448],
[1638797400.0, 1.0754186000000001],
[1638883800.0, 1.0840928],
[1638970200.0, 1.080524],
[1639056600.0, 1.0979312],
[1639143000.0, 1.0877002],
[1639229400.0, 1.1087124],
[1639315800.0, 1.0906962000000002],
[1639402200.0, 1.095829],
[1639488600.0, 1.1008016],
[1639575000.0, 1.13783],
[1639661400.0, 1.1492578],
[1639747800.0, 1.1679884],
[1639834200.0, 1.1791791999999999],
[1639920600.0, 1.2124270000000001],
[1640007000.0, 1.2275934],
[1640093400.0, 1.2431878000000003],
[1640179800.0, 1.2374382000000002],
[1640266200.0, 1.2573044000000002],
[1640352600.0, 1.2408536000000001],
[1640439000.0, 1.2410044],
[1640525400.0, 1.2360796],
[1640611800.0, 1.22344],
[1640698200.0, 1.2140330000000001],
[1640784600.0, 1.2098378],
[1640871000.0, 1.2036098],
[1640957400.0, 1.2045052000000003],
[1641043800.0, 1.1974768],
[1641130200.0, 1.1827100000000002],
[1641216600.0, 1.1544044],
[1641303000.0, 1.1802484000000004],
[1641389400.0, 1.1760968000000003],
[1641475800.0, 1.1803880000000002],
[1641562200.0, 1.1879627999999998],
[1641648600.0, 1.1744755999999998],
[1641735000.0, 1.1574782000000001],
[1641821400.0, 1.1651812],
[1641907800.0, 1.1597119999999999],
[1641994200.0, 1.1567328000000001],
[1642080600.0, 1.1509194],
[1642167000.0, 1.1648318000000002],
[1642253400.0, 1.1639736],
[1642339800.0, 1.1427990000000003],
[1642426200.0, 1.186753],
[1642512600.0, 1.237828],
[1642599000.0, 1.230039],
[1642685400.0, 1.2068136],
[1642771800.0, 1.2232412],
[1642858200.0, 1.2492122],
[1642944600.0, 1.2909754000000002],
[1643031000.0, 1.2854572000000002],
[1643117400.0, 1.3453916],
[1643203800.0, 1.3099018],
[1643290200.0, 1.2809272000000003],
[1643376600.0, 1.2777784],
[1643463000.0, 1.2857524000000002],
[1643549400.0, 1.2872802],
[1643635800.0, 1.2872802],
[1643722200.0, 1.2872802],
[1643808600.0, 1.278377],
[1643895000.0, 1.2488546],
[1643981400.0, 1.2704742000000002],
[1644067800.0, 1.2813518],
[1644154200.0, 1.2696172000000001],
[1644240600.0, 1.2571368],
[1644327000.0, 1.2628362],
[1644413400.0, 1.2659544],
[1644499800.0, 1.2665874],
[1644586200.0, 1.264668],
[1644672600.0, 1.2680172],
[1644759000.0, 1.2577272000000002],
[1644845400.0, 1.2433238000000002],
[1644931800.0, 1.2722006000000001],
[1645018200.0, 1.2702402],
[1645104600.0, 1.3003014],
[1645191000.0, 1.3353352],
[1645277400.0, 1.341679],
[1645363800.0, 1.3579050000000001],
[1645450200.0, 1.3982016000000002],
[1645536600.0, 1.4229706000000002],
[1645623000.0, 1.4460052],
[1645709400.0, 1.5059094],
[1645795800.0, 1.569442],
[1645882200.0, 1.5263524000000002],
[1645968600.0, 1.4715856000000003],
[1646055000.0, 1.4249244000000003],
[1646141400.0, 1.4144542000000002],
[1646227800.0, 1.3921390000000002],
[1646314200.0, 1.3897590000000002],
[1646400600.0, 1.3889076],
[1646487000.0, 1.4364472],
[1646573400.0, 1.4223056],
[1646659800.0, 1.4178832],
[1646746200.0, 1.3815656],
[1646832600.0, 1.3751414000000002],
[1646919000.0, 1.3928542],
[1647005400.0, 1.3944058],
[1647091800.0, 1.404344],
[1647178200.0, 1.4279237999999999],
[1647264600.0, 1.44848],
[1647351000.0, 1.4451474000000002],
[1647437400.0, 1.430668],
[1647523800.0, 1.4363014],
[1647610200.0, 1.4291064],
[1647696600.0, 1.4596026],
[1647783000.0, 1.4793274000000003],
[1647869400.0, 1.5083874],
[1647955800.0, 1.5010288000000003],
[1648042200.0, 1.4907976],
[1648128600.0, 1.482443],
[1648215000.0, 1.4822954000000002],
[1648301400.0, 1.474108],
[1648387800.0, 1.4460542],
[1648474200.0, 1.4372976000000002],
[1648560600.0, 1.4361582],
[1648647000.0, 1.4772184],
[1648733400.0, 1.5143354000000002],
[1648819800.0, 1.5661252],
[1648906200.0, 1.5706350000000002],
[1648996200.0, 1.7101918],
[1649082600.0, 1.7732652000000002],
[1649169000.0, 1.6962156],
[1649255400.0, 1.7803088000000002],
[1649341800.0, 1.6864481999999998],
[1649428200.0, 1.6258632000000002],
[1649514600.0, 1.5944278],
[1649601000.0, 1.5944278],
[1649687400.0, 1.5944278],
[1649773800.0, 1.5944278],
[1649860200.0, 1.5944278],
[1649946600.0, 1.5253878],
[1650033000.0, 1.4828076],
[1650119400.0, 1.4742044],
[1650205800.0, 1.5121158000000001],
[1650292200.0, 1.5691744],
[1650378600.0, 1.5651595999999999],
[1650465000.0, 1.6644670000000001],
[1650551400.0, 1.6644670000000001],
[1650637800.0, 1.6644670000000001],
[1650724200.0, 1.5490292],
[1650810600.0, 1.5642012],
[1650897000.0, 1.572143],
[1650983400.0, 1.5453086],
[1651069800.0, 1.5354756000000003],
[1651156200.0, 1.4718444000000002],
[1651242600.0, 1.4635482],
[1651329000.0, 1.4620688000000002],
[1651415400.0, 1.4659654000000002],
[1651501800.0, 1.483015],
[1651588200.0, 1.5765364000000002],
[1651674600.0, 1.6073888],
[1651761000.0, 1.5489248],
[1651847400.0, 1.5483172],
[1651933800.0, 1.5231020000000002],
[1652020200.0, 1.5290218],
[1652106600.0, 1.5399274000000003],
[1652193000.0, 1.5598304000000003],
[1652279400.0, 1.5557132],
[1652365800.0, 1.5018810000000002],
[1652452200.0, 1.5274188],
[1652538600.0, 1.5276681999999997],
[1652625000.0, 1.4974250000000002],
[1652711400.0, 1.4790674000000004],
[1652797800.0, 1.4682846],
[1652884200.0, 1.4687226],
[1652970600.0, 1.4961432],
[1653057000.0, 1.5074402],
[1653143400.0, 1.5232904],
[1653229800.0, 1.50595],
[1653316200.0, 1.5069018],
[1653402600.0, 1.4961935999999998],
[1653489000.0, 1.4841023999999998],
[1653575400.0, 1.4362728000000002],
[1653661800.0, 1.4466122000000001],
[1653748200.0, 1.4443308000000001],
[1653834600.0, 1.445584],
[1653921000.0, 1.4497053999999998],
[1654007400.0, 1.4156306],
[1654093800.0, 1.4130255999999999],
[1654180200.0, 1.4227596000000002],
[1654266600.0, 1.405321],
[1654353000.0, 1.396961],
[1654439400.0, 1.3709724],
[1654525800.0, 1.3762900000000002],
[1654612200.0, 1.3577664],
[1654698600.0, 1.3524720000000001],
[1654785000.0, 1.3333879999999998],
[1654871400.0, 1.326449],
[1654957800.0, 1.3186518],
[1655044200.0, 1.3135480000000002],
[1655130600.0, 1.3108768000000002],
[1655217000.0, 1.3349727999999998],
[1655303400.0, 1.3545852],
[1655389800.0, 1.3694431999999999],
[1655476200.0, 1.354322],
[1655562600.0, 1.341125],
[1655649000.0, 1.3443844],
[1655735400.0, 1.3330924000000004],
[1655821800.0, 1.3781414],
[1655908200.0, 1.3660670000000001],
[1655994600.0, 1.3616546],
[1656081000.0, 1.366292],
[1656167400.0, 1.369576],
[1656253800.0, 1.3639596],
[1656340200.0, 1.3653126],
[1656426600.0, 1.3548912000000002],
[1656513000.0, 1.3588674],
[1656599400.0, 1.3527966],
[1656685800.0, 1.3760691999999999],
[1656772200.0, 1.395282],
[1656858600.0, 1.3777158],
[1656945000.0, 1.380605],
[1657031400.0, 1.3682478],
[1657117800.0, 1.343995],
[1657204200.0, 1.3297370000000002],
[1657290600.0, 1.3252802],
[1657377000.0, 1.3201418],
[1657463400.0, 1.303623],
[1657549800.0, 1.2874734],
[1657636200.0, 1.2786484000000002],
[1657722600.0, 1.2464898000000002],
[1657809000.0, 1.2269206000000001],
[1657895400.0, 1.2026268],
[1657981800.0, 1.1976901999999998],
[1658068200.0, 1.1992018],
[1658154600.0, 1.1978564000000003],
[1658241000.0, 1.1926014000000003],
[1658327400.0, 1.2031872000000001],
[1658413800.0, 1.2100895999999999],
[1658500200.0, 1.235463],
[1658586600.0, 1.250656],
[1658673000.0, 1.2465002],
[1658759400.0, 1.276637],
[1658845800.0, 1.279749],
[1658932200.0, 1.2607996000000001],
[1659018600.0, 1.2838846],
[1659105000.0, 1.2841952000000003],
[1659191400.0, 1.2729464],
[1659277800.0, 1.2920500000000001],
[1659364200.0, 1.28651],
[1659450600.0, 1.2804982],
[1659537000.0, 1.271949],
[1659623400.0, 1.2524656],
[1659709800.0, 1.2503024],
[1659796200.0, 1.2495796],
[1659882600.0, 1.2431348],
[1659969000.0, 1.2459754],
[1660055400.0, 1.2608108],
[1660141800.0, 1.2550576],
[1660228200.0, 1.2517874],
[1660314600.0, 1.253091],
[1660401000.0, 1.253091],
[1660487400.0, 1.253091],
[1660573800.0, 1.253091],
[1660660200.0, 1.2832898000000001],
[1660746600.0, 1.2913208],
[1660833000.0, 1.2800948],
[1660919400.0, 1.2946316000000002],
[1661005800.0, 1.3250832000000001],
[1661092200.0, 1.3507286000000003],
[1661178600.0, 1.3387138000000003],
[1661265000.0, 1.354403],
[1661351400.0, 1.3853777999999999],
[1661437800.0, 1.4565156000000001],
[1661524200.0, 1.4668880000000002],
[1661610600.0, 1.4438856000000002],
[1661697000.0, 1.4377680000000002],
[1661783400.0, 1.4378009999999999],
[1661869800.0, 1.4635926000000001],
[1661956200.0, 1.4807176],
[1662042600.0, 1.5301016],
[1662129000.0, 1.515941],
[1662215400.0, 1.5401958],
[1662301800.0, 1.8137912],
[1662388200.0, 1.5526532000000004],
[1662474600.0, 1.5178114],
[1662561000.0, 1.5102072000000002],
[1662647400.0, 1.5183886],
[1662733800.0, 1.5181666000000003],
[1662820200.0, 1.5228990000000002],
[1662906600.0, 1.5357696000000003],
[1662993000.0, 1.5586262000000002],
[1663079400.0, 1.5190172],
[1663165800.0, 1.5209206],
[1663252200.0, 1.4792632],
[1663338600.0, 1.4896492000000001],
[1663425000.0, 1.518284],
[1663511400.0, 1.6353426000000002],
[1663597800.0, 1.6668760000000002],
[1663684200.0, 1.6631554000000002],
[1663770600.0, 1.7003598],
[1663857000.0, 1.7255156000000003],
[1663943400.0, 1.7622963999999999],
[1664029800.0, 1.6799752000000001],
[1664116200.0, 1.6823190000000003],
[1664202600.0, 1.6965038],
[1664289000.0, 1.605737],
[1664375400.0, 1.563796],
[1664461800.0, 1.5815156],
[1664548200.0, 1.664368],
[1664634600.0, 1.6317005999999998],
[1664717400.0, 1.5264328],
[1664803800.0, 1.47515],
[1664890200.0, 1.5174664000000002],
[1664976600.0, 1.5989176],
[1665063000.0, 1.6088886000000002],
[1665149400.0, 1.6974281999999998],
[1665235800.0, 1.8363278],
[1665322200.0, 1.9163847999999999],
[1665408600.0, 1.9381840000000001],
[1665495000.0, 1.9530066000000001],
[1665581400.0, 1.9126376],
[1665667800.0, 1.9161984],
[1665754200.0, 1.9150340000000003],
[1665840600.0, 1.9217608000000002],
[1665927000.0, 1.9462476],
[1666013400.0, 1.9458182000000002],
[1666099800.0, 1.886714],
[1666186200.0, 1.8408708],
[1666272600.0, 1.7845444000000001],
[1666359000.0, 1.7494408],
[1666445400.0, 1.7321312000000002],
[1666531800.0, 1.8230164000000002],
[1666618200.0, 1.7760090000000002],
[1666704600.0, 1.7892762000000004],
[1666791000.0, 1.7345154],
[1666877400.0, 1.7082286],
[1666963800.0, 1.7570122000000001],
[1667050200.0, 1.8047478],
[1667136600.0, 1.8135464000000003],
[1667223000.0, 1.9062312000000001],
[1667309400.0, 2.1579206],
[1667395800.0, 2.0736748],
[1667482200.0, 2.117987],
[1667568600.0, 2.0453748],
[1667655000.0, 2.0547432],
[1667741400.0, 2.0103790000000004],
[1667827800.0, 2.0061715999999996],
[1667914200.0, 1.9549758000000002],
[1668000600.0, 1.8639046000000001],
[1668087000.0, 1.8510518],
[1668173400.0, 1.825701],
[1668259800.0, 1.8325738],
[1668346200.0, 1.8938082],
[1668432600.0, 1.9511086000000002],
[1668519000.0, 1.9928298000000002],
[1668605400.0, 1.9784152],
[1668691800.0, 2.0426038],
[1668778200.0, 2.0803260000000003],
[1668864600.0, 2.0572514],
[1668951000.0, 2.070787],
[1669037400.0, 2.1395726],
[1669123800.0, 2.0680606],
[1669210200.0, 1.9351829999999999],
[1669296600.0, 1.9463791999999998],
[1669383000.0, 1.9312684],
[1669469400.0, 1.8841072],
[1669555800.0, 1.8811472000000002],
[1669642200.0, 1.9322165999999998],
[1669728600.0, 1.9695052],
[1669815000.0, 2.0111622000000002],
[1669901400.0, 1.9882488000000003],
[1669987800.0, 2.0405538],
[1670074200.0, 2.0192395999999997],
[1670160600.0, 2.0675124],
[1670247000.0, 2.0899708000000006],
[1670333400.0, 2.1216782000000007],
[1670419800.0, 2.1491792000000003],
[1670506200.0, 2.1034274],
[1670592600.0, 2.0933507999999996],
[1670679000.0, 2.0520532],
[1670765400.0, 1.9848576000000002],
[1670851800.0, 1.9674412000000001],
[1670938200.0, 1.9044736],
[1671024600.0, 1.9259948000000002],
[1671111000.0, 1.9647028000000002],
[1671197400.0, 1.8935454],
[1671283800.0, 1.832054],
[1671370200.0, 1.7901250000000002],
[1671456600.0, 1.7797504],
[1671543000.0, 1.7495044],
[1671629400.0, 1.7615272000000002],
[1671715800.0, 1.7320357999999998],
[1671802200.0, 1.6972324],
[1671888600.0, 1.6261866],
[1671975000.0, 1.6072698000000003],
[1672061400.0, 1.5993572000000003],
[1672147800.0, 1.5476328000000001],
[1672234200.0, 1.596638],
[1672320600.0, 1.5736872],
[1672407000.0, 1.5926886],
[1672493400.0, 1.5629800000000003],
[1672579800.0, 1.5353792000000002],
[1672666200.0, 1.5360460000000002],
[1672752600.0, 1.5271236000000001],
[1672839000.0, 1.4947402],
[1672925400.0, 1.5276936000000003],
[1673011800.0, 1.5339086000000002],
[1673098200.0, 1.5226659999999999],
[1673184600.0, 1.5103878],
[1673271000.0, 1.5098134],
[1673357400.0, 1.5870698],
[1673443800.0, 1.5934496],
[1673530200.0, 1.6064568000000001],
[1673616600.0, 1.7294170000000002],
[1673703000.0, 1.7448641999999999],
[1673789400.0, 1.7715592],
[1673875800.0, 1.7593040000000002],
[1673962200.0, 1.8573026000000001],
[1674048600.0, 1.925551],
[1674135000.0, 1.9094270000000002],
[1674221400.0, 1.9939572],
[1674307800.0, 2.0438476000000003],
[1674394200.0, 1.9975422000000003],
[1674480600.0, 1.9700347999999999],
[1674567000.0, 1.9189108000000001],
[1674653400.0, 1.9485394],
[1674739800.0, 1.9832662000000003],
[1674826200.0, 2.0131154],
[1674912600.0, 2.0627001999999997],
[1674999000.0, 2.0853061999999998],
[1675085400.0, 2.0719406000000005],
[1675171800.0, 2.0930196000000003],
[1675258200.0, 2.1514286],
[1675344600.0, 2.1981408],
[1675431000.0, 2.1811418],
[1675517400.0, 2.1414868],
[1675603800.0, 2.2469748000000003],
[1675690200.0, 2.1922336000000002],
[1675776600.0, 2.2041614000000003],
[1675863000.0, 2.1916234],
[1675949400.0, 2.1916234],
