[1635773400.0, 0.09166533333333333],
[1635859800.0, 0.10105233333333331],
[1635946200.0, 0.09374833333333334],
[1636032600.0, 0.09885833333333334],
[1636119000.0, 0.09400750000000001],
[1636205400.0, 0.098078],
[1636291800.0, 0.09894150000000002],
[1636378200.0, 0.09642350000000001],
[1636464600.0, 0.09548816666666667],
[1636551000.0, 0.09666916666666668],
[1636637400.0, 0.09724966666666668],
[1636723800.0, 0.09194766666666666],
[1636810200.0, 0.09908983333333334],
[1636896600.0, 0.09065533333333335],
[1636983000.0, 0.09541950000000003],
[1637069400.0, 0.09417883333333336],
[1637155800.0, 0.0992325],
[1637242200.0, 0.104659],
[1637328600.0, 0.10986633333333334],
[1637415000.0, 0.09649383333333333],
[1637501400.0, 0.1014155],
[1637587800.0, 0.09941916666666667],
[1637674200.0, 0.10454983333333333],
[1637760600.0, 0.09566800000000002],
[1637847000.0, 0.10058933333333332],
[1637933400.0, 0.10228683333333334],
[1638019800.0, 0.10981566666666666],
[1638106200.0, 0.09667766666666666],
[1638192600.0, 0.09568350000000002],
[1638279000.0, 0.096854],
[1638365400.0, 0.10185050000000001],
[1638451800.0, 0.10599199999999999],
[1638538200.0, 0.12126483333333334],
[1638624600.0, 0.11552016666666669],
[1638711000.0, 0.10331683333333332],
[1638797400.0, 0.10315916666666668],
[1638883800.0, 0.10265366666666666],
[1638970200.0, 0.10442583333333333],
[1639056600.0, 0.11918200000000001],
[1639143000.0, 0.11308116666666668],
[1639229400.0, 0.10803400000000002],
[1639315800.0, 0.10446700000000002],
[1639402200.0, 0.109135],
[1639488600.0, 0.108398],
[1639575000.0, 0.11669050000000002],
[1639661400.0, 0.1155795],
[1639747800.0, 0.14520466666666668],
[1639834200.0, 0.1277995],
[1639920600.0, 0.12295183333333333],
[1640007000.0, 0.11985983333333333],
[1640093400.0, 0.1199851666666667],
[1640179800.0, 0.12371200000000003],
[1640266200.0, 0.11911650000000001],
[1640352600.0, 0.12381266666666668],
[1640439000.0, 0.13476316666666668],
[1640525400.0, 0.12022033333333332],
[1640611800.0, 0.11739800000000002],
[1640698200.0, 0.11521866666666665],
[1640784600.0, 0.11150683333333333],
[1640871000.0, 0.11042416666666666],
[1640957400.0, 0.11815966666666668],
[1641043800.0, 0.10939883333333333],
[1641130200.0, 0.10818533333333336],
[1641216600.0, 0.11561383333333335],
[1641303000.0, 0.11204583333333334],
[1641389400.0, 0.11222283333333334],
[1641475800.0, 0.11649166666666667],
[1641562200.0, 0.11566900000000001],
[1641648600.0, 0.11417883333333334],
[1641735000.0, 0.11536750000000001],
[1641821400.0, 0.11482016666666667],
[1641907800.0, 0.11599266666666669],
[1641994200.0, 0.11539266666666669],
[1642080600.0, 0.11790966666666668],
[1642167000.0, 0.11675866666666668],
[1642253400.0, 0.1197825],
[1642339800.0, 0.11968516666666668],
[1642426200.0, 0.11395766666666668],
[1642512600.0, 0.1179275],
[1642599000.0, 0.12049566666666667],
[1642685400.0, 0.11575333333333333],
[1642771800.0, 0.11989200000000001],
[1642858200.0, 0.12263716666666667],
[1642944600.0, 0.11914216666666667],
[1643031000.0, 0.11909816666666667],
[1643117400.0, 0.11420783333333334],
[1643203800.0, 0.18260833333333337],
[1643290200.0, 0.15529199999999999],
[1643376600.0, 0.14993450000000003],
[1643463000.0, 0.13743950000000002],
[1643549400.0, 0.14624733333333334],
[1643635800.0, 0.14624733333333334],
[1643722200.0, 0.14624733333333334],
[1643808600.0, 0.1298261666666667],
[1643895000.0, 0.12504483333333336],
[1643981400.0, 0.12499800000000001],
[1644067800.0, 0.1317441666666667],
[1644154200.0, 0.128843],
[1644240600.0, 0.141082],
[1644327000.0, 0.140553],
[1644413400.0, 0.12297233333333335],
[1644499800.0, 0.13259600000000002],
[1644586200.0, 0.13105383333333334],
[1644672600.0, 0.13279749999999998],
[1644759000.0, 0.12293333333333333],
[1644845400.0, 0.1303345],
[1644931800.0, 0.13858066666666669],
[1645018200.0, 0.12492783333333335],
[1645104600.0, 0.1269141666666667],
[1645191000.0, 0.12793016666666668],
[1645277400.0, 0.12830266666666668],
[1645363800.0, 0.12584583333333332],
[1645450200.0, 0.127592],
[1645536600.0, 0.12899866666666668],
[1645623000.0, 0.12808483333333334],
[1645709400.0, 0.12599816666666666],
[1645795800.0, 0.11821116666666669],
[1645882200.0, 0.116713],
[1645968600.0, 0.11426866666666669],
[1646055000.0, 0.11294966666666667],
[1646141400.0, 0.11085583333333336],
[1646227800.0, 0.11464566666666666],
[1646314200.0, 0.11698683333333333],
[1646400600.0, 0.11343633333333335],
[1646487000.0, 0.11001233333333332],
[1646573400.0, 0.1110545],
[1646659800.0, 0.11163866666666666],
[1646746200.0, 0.11146850000000001],
[1646832600.0, 0.1142025],
[1646919000.0, 0.11554700000000001],
[1647005400.0, 0.11370983333333334],
[1647091800.0, 0.11396233333333335],
[1647178200.0, 0.11006900000000001],
[1647264600.0, 0.11853533333333333],
[1647351000.0, 0.11515200000000002],
[1647437400.0, 0.11173183333333335],
[1647523800.0, 0.11405516666666667],
[1647610200.0, 0.115111],
[1647696600.0, 0.11022416666666666],
[1647783000.0, 0.11103250000000002],
[1647869400.0, 0.114138],
[1647955800.0, 0.11152650000000001],
[1648042200.0, 0.10951266666666669],
[1648128600.0, 0.11618350000000001],
[1648215000.0, 0.11576350000000002],
[1648301400.0, 0.11123633333333334],
[1648387800.0, 0.11153300000000001],
[1648474200.0, 0.11005083333333333],
[1648560600.0, 0.11769466666666667],
[1648647000.0, 0.11547750000000001],
[1648733400.0, 0.12410833333333333],
[1648819800.0, 0.11918450000000001],
[1648906200.0, 0.11494783333333335],
[1648996200.0, 0.11280933333333333],
[1649082600.0, 0.11195583333333335],
[1649169000.0, 0.11071516666666668],
[1649255400.0, 0.10796366666666667],
[1649341800.0, 0.0998755],
[1649428200.0, 0.11108883333333334],
[1649514600.0, 0.11293166666666667],
[1649601000.0, 0.11293166666666667],
[1649687400.0, 0.11293166666666667],
[1649773800.0, 0.11293166666666667],
[1649860200.0, 0.11293166666666667],
[1649946600.0, 0.11264966666666666],
[1650033000.0, 0.11014466666666668],
[1650119400.0, 0.11005250000000001],
[1650205800.0, 0.11113750000000001],
[1650292200.0, 0.10999766666666667],
[1650378600.0, 0.1073475],
[1650465000.0, 0.11131866666666668],
[1650551400.0, 0.11131866666666668],
[1650637800.0, 0.11131866666666668],
[1650724200.0, 0.11041233333333335],
[1650810600.0, 0.11268733333333332],
[1650897000.0, 0.11089450000000001],
[1650983400.0, 0.10934116666666667],
[1651069800.0, 0.10863300000000002],
[1651156200.0, 0.11025050000000002],
[1651242600.0, 0.10556100000000002],
[1651329000.0, 0.10434750000000002],
[1651415400.0, 0.10189166666666667],
[1651501800.0, 0.11165133333333334],
[1651588200.0, 0.10731983333333334],
[1651674600.0, 0.10120366666666668],
[1651761000.0, 0.10257133333333335],
[1651847400.0, 0.09938933333333333],
[1651933800.0, 0.10091116666666666],
[1652020200.0, 0.10013916666666667],
[1652106600.0, 0.09707650000000001],
[1652193000.0, 0.09714650000000001],
[1652279400.0, 0.09601216666666668],
[1652365800.0, 0.10014600000000001],
[1652452200.0, 0.09899783333333334],
[1652538600.0, 0.0942385],
[1652625000.0, 0.0937985],
[1652711400.0, 0.10482050000000002],
[1652797800.0, 0.10448533333333333],
[1652884200.0, 0.1003055],
[1652970600.0, 0.09440683333333333],
[1653057000.0, 0.09809533333333333],
[1653143400.0, 0.10740766666666668],
[1653229800.0, 0.09984666666666665],
[1653316200.0, 0.092798],
[1653402600.0, 0.08981500000000002],
[1653489000.0, 0.09153666666666667],
[1653575400.0, 0.09302466666666666],
[1653661800.0, 0.09657216666666668],
[1653748200.0, 0.108169],
[1653834600.0, 0.11078083333333333],
[1653921000.0, 0.10836916666666667],
[1654007400.0, 0.10564783333333334],
[1654093800.0, 0.10514649999999999],
[1654180200.0, 0.09942983333333333],
[1654266600.0, 0.10169333333333336],
[1654353000.0, 0.09053300000000002],
[1654439400.0, 0.09006833333333335],
[1654525800.0, 0.09612483333333334],
[1654612200.0, 0.0944225],
[1654698600.0, 0.096819],
[1654785000.0, 0.09776983333333333],
[1654871400.0, 0.09627616666666668],
[1654957800.0, 0.09165833333333334],
[1655044200.0, 0.09305583333333334],
[1655130600.0, 0.09288500000000001],
[1655217000.0, 0.09882266666666668],
[1655303400.0, 0.10182283333333335],
[1655389800.0, 0.10895383333333336],
[1655476200.0, 0.10057816666666668],
[1655562600.0, 0.10002899999999999],
[1655649000.0, 0.09816266666666668],
[1655735400.0, 0.1085735],
[1655821800.0, 0.09946383333333335],
[1655908200.0, 0.10482583333333335],
[1655994600.0, 0.10774066666666667],
[1656081000.0, 0.10946083333333334],
[1656167400.0, 0.09159783333333332],
[1656253800.0, 0.0973035],
[1656340200.0, 0.09614400000000001],
[1656426600.0, 0.0914215],
[1656513000.0, 0.09097183333333332],
[1656599400.0, 0.08712433333333335],
[1656685800.0, 0.0883695],
[1656772200.0, 0.09515833333333333],
[1656858600.0, 0.08826866666666666],
[1656945000.0, 0.08899733333333333],
[1657031400.0, 0.08742333333333334],
[1657117800.0, 0.08577716666666667],
[1657204200.0, 0.08876033333333333],
[1657290600.0, 0.08863133333333334],
[1657377000.0, 0.08832533333333333],
[1657463400.0, 0.09388366666666668],
[1657549800.0, 0.09478933333333332],
[1657636200.0, 0.09107066666666667],
[1657722600.0, 0.09011600000000002],
[1657809000.0, 0.08282083333333334],
[1657895400.0, 0.08243066666666667],
[1657981800.0, 0.08594033333333333],
[1658068200.0, 0.08434000000000001],
[1658154600.0, 0.08176816666666667],
[1658241000.0, 0.08016216666666669],
[1658327400.0, 0.08286066666666667],
[1658413800.0, 0.0795105],
[1658500200.0, 0.079849],
[1658586600.0, 0.0787215],
[1658673000.0, 0.079486],
[1658759400.0, 0.07869983333333333],
[1658845800.0, 0.08992900000000002],
[1658932200.0, 0.08533950000000001],
[1659018600.0, 0.0864995],
[1659105000.0, 0.09172083333333335],
[1659191400.0, 0.09278816666666667],
[1659277800.0, 0.09918866666666666],
[1659364200.0, 0.10026000000000002],
[1659450600.0, 0.10290366666666667],
[1659537000.0, 0.09978083333333336],
[1659623400.0, 0.09946766666666666],
[1659709800.0, 0.09505016666666667],
[1659796200.0, 0.10486216666666669],
[1659882600.0, 0.09460016666666667],
[1659969000.0, 0.09273916666666669],
[1660055400.0, 0.09022566666666669],
[1660141800.0, 0.09185783333333335],
[1660228200.0, 0.08979466666666668],
[1660314600.0, 0.08958316666666667],
[1660401000.0, 0.08958316666666667],
[1660487400.0, 0.08958316666666667],
[1660573800.0, 0.08958316666666667],
[1660660200.0, 0.10198933333333333],
[1660746600.0, 0.09560766666666669],
[1660833000.0, 0.09934283333333334],
[1660919400.0, 0.09930133333333334],
[1661005800.0, 0.09352783333333335],
[1661092200.0, 0.09582116666666668],
[1661178600.0, 0.10564733333333333],
[1661265000.0, 0.099172],
[1661351400.0, 0.0990085],
[1661437800.0, 0.09232400000000002],
[1661524200.0, 0.10127116666666665],
[1661610600.0, 0.09582583333333335],
[1661697000.0, 0.09748783333333337],
[1661783400.0, 0.09686133333333334],
[1661869800.0, 0.096596],
[1661956200.0, 0.09495600000000003],
[1662042600.0, 0.09882116666666668],
[1662129000.0, 0.09512816666666668],
[1662215400.0, 0.092296],
[1662301800.0, 0.09470300000000002],
[1662388200.0, 0.09622100000000001],
[1662474600.0, 0.09486450000000002],
[1662561000.0, 0.091383],
[1662647400.0, 0.09188150000000002],
[1662733800.0, 0.09162116666666668],
[1662820200.0, 0.09853016666666668],
[1662906600.0, 0.09915533333333336],
[1662993000.0, 0.09034866666666667],
[1663079400.0, 0.09090050000000001],
[1663165800.0, 0.09301716666666666],
[1663252200.0, 0.09801649999999999],
[1663338600.0, 0.09081300000000002],
[1663425000.0, 0.09530483333333334],
[1663511400.0, 0.09557666666666668],
[1663597800.0, 0.09531616666666669],
[1663684200.0, 0.09320066666666667],
[1663770600.0, 0.09177383333333333],
[1663857000.0, 0.09170733333333335],
[1663943400.0, 0.09568700000000001],
[1664029800.0, 0.09185716666666667],
[1664116200.0, 0.09369583333333335],
[1664202600.0, 0.0951285],
[1664289000.0, 0.10376700000000001],
[1664375400.0, 0.10425350000000001],
[1664461800.0, 0.10620500000000001],
[1664548200.0, 0.1014355],
[1664634600.0, 0.10130250000000002],
[1664717400.0, 0.10489199999999999],
[1664803800.0, 0.10687916666666668],
[1664890200.0, 0.10518616666666669],
[1664976600.0, 0.108193],
[1665063000.0, 0.10946983333333336],
[1665149400.0, 0.11715983333333334],
[1665235800.0, 0.11112150000000003],
[1665322200.0, 0.10890883333333334],
[1665408600.0, 0.10535450000000002],
[1665495000.0, 0.102334],
[1665581400.0, 0.0997825],
[1665667800.0, 0.10247183333333336],
[1665754200.0, 0.10041066666666669],
[1665840600.0, 0.09758516666666668],
[1665927000.0, 0.10272483333333333],
[1666013400.0, 0.10550650000000002],
[1666099800.0, 0.104441],
[1666186200.0, 0.09979433333333333],
[1666272600.0, 0.09956916666666667],
[1666359000.0, 0.10168216666666667],
[1666445400.0, 0.1026625],
[1666531800.0, 0.099931],
[1666618200.0, 0.09959050000000001],
[1666704600.0, 0.1081505],
[1666791000.0, 0.10432099999999998],
[1666877400.0, 0.10425416666666665],
[1666963800.0, 0.10369233333333334],
[1667050200.0, 0.10452766666666664],
[1667136600.0, 0.10132333333333333],
[1667223000.0, 0.10290216666666667],
[1667309400.0, 0.09709366666666668],
[1667395800.0, 0.098377],
[1667482200.0, 0.09993266666666667],
[1667568600.0, 0.10020133333333335],
[1667655000.0, 0.10188733333333333],
[1667741400.0, 0.09697933333333335],
[1667827800.0, 0.09688983333333333],
[1667914200.0, 0.096088],
[1668000600.0, 0.09787383333333333],
[1668087000.0, 0.10159583333333333],
[1668173400.0, 0.10342633333333334],
[1668259800.0, 0.11172883333333333],
[1668346200.0, 0.1051345],
[1668432600.0, 0.1100875],
[1668519000.0, 0.1038945],
[1668605400.0, 0.10441850000000003],
[1668691800.0, 0.10097350000000001],
[1668778200.0, 0.10849950000000001],
[1668864600.0, 0.104728],
[1668951000.0, 0.10572833333333335],
[1669037400.0, 0.11417633333333334],
[1669123800.0, 0.11526000000000002],
[1669210200.0, 0.11049433333333335],
[1669296600.0, 0.10434483333333333],
[1669383000.0, 0.106368],
[1669469400.0, 0.10173883333333333],
[1669555800.0, 0.10526833333333334],
[1669642200.0, 0.107441],
[1669728600.0, 0.11122083333333334],
[1669815000.0, 0.12114516666666668],
[1669901400.0, 0.11519450000000002],
[1669987800.0, 0.10876533333333334],
[1670074200.0, 0.10970383333333333],
[1670160600.0, 0.10915833333333334],
[1670247000.0, 0.11353250000000002],
[1670333400.0, 0.11682133333333333],
[1670419800.0, 0.10821666666666667],
[1670506200.0, 0.10693383333333334],
[1670592600.0, 0.12456350000000001],
[1670679000.0, 0.10541400000000001],
[1670765400.0, 0.10709466666666667],
[1670851800.0, 0.1092085],
[1670938200.0, 0.10580033333333334],
[1671024600.0, 0.10716383333333335],
[1671111000.0, 0.100238],
[1671197400.0, 0.10404066666666667],
[1671283800.0, 0.10025166666666668],
[1671370200.0, 0.09475883333333335],
[1671456600.0, 0.09700666666666667],
[1671543000.0, 0.09866950000000002],
[1671629400.0, 0.09148233333333335],
[1671715800.0, 0.08671400000000001],
[1671802200.0, 0.08694283333333334],
[1671888600.0, 0.08426966666666667],
[1671975000.0, 0.08838066666666666],
[1672061400.0, 0.09221400000000002],
[1672147800.0, 0.08533216666666665],
[1672234200.0, 0.08786216666666667],
[1672320600.0, 0.09655533333333334],
[1672407000.0, 0.09450183333333334],
[1672493400.0, 0.10382316666666667],
[1672579800.0, 0.10164133333333336],
[1672666200.0, 0.10017083333333333],
[1672752600.0, 0.09726016666666669],
[1672839000.0, 0.09649366666666669],
[1672925400.0, 0.09291650000000001],
[1673011800.0, 0.0961555],
[1673098200.0, 0.09224850000000001],
[1673184600.0, 0.10156233333333335],
[1673271000.0, 0.1030965],
[1673357400.0, 0.10751100000000001],
[1673443800.0, 0.10705000000000002],
[1673530200.0, 0.10188233333333334],
[1673616600.0, 0.1004215],
[1673703000.0, 0.09690800000000001],
[1673789400.0, 0.09190700000000002],
[1673875800.0, 0.09124233333333336],
[1673962200.0, 0.091687],
[1674048600.0, 0.10023366666666668],
[1674135000.0, 0.09689500000000001],
[1674221400.0, 0.09627950000000002],
[1674307800.0, 0.10222533333333335],
[1674394200.0, 0.09952583333333333],
[1674480600.0, 0.0999011666666667],
[1674567000.0, 0.10769400000000001],
[1674653400.0, 0.10738600000000002],
[1674739800.0, 0.1062426666666667],
[1674826200.0, 0.10869666666666668],
[1674912600.0, 0.10528933333333335],
[1674999000.0, 0.12291683333333335],
[1675085400.0, 0.12063866666666667],
[1675171800.0, 0.10702366666666667],
[1675258200.0, 0.10655933333333333],
[1675344600.0, 0.11312433333333334],
[1675431000.0, 0.10586216666666669],
[1675517400.0, 0.10733966666666667],
[1675603800.0, 0.10454400000000001],
[1675690200.0, 0.10545433333333333],
[1675776600.0, 0.10048533333333333],
[1675863000.0, 0.09866016666666667],
[1675949400.0, 0.09866016666666667],
