[1635773400.0, 0.11749999999999998],
[1635859800.0, 0.11300000000000003],
[1635946200.0, 0.11049999999999997],
[1636032600.0, 0.11950000000000001],
[1636119000.0, 0.11624999999999999],
[1636205400.0, 0.11925],
[1636291800.0, 0.11775],
[1636378200.0, 0.11725000000000001],
[1636464600.0, 0.10899999999999999],
[1636551000.0, 0.10199999999999991],
[1636637400.0, 0.11225],
[1636723800.0, 0.11175000000000002],
[1636810200.0, 0.11075000000000002],
[1636896600.0, 0.10299999999999998],
[1636983000.0, 0.09949999999999991],
[1637069400.0, 0.09899999999999994],
[1637155800.0, 0.10074999999999994],
[1637242200.0, 0.10049999999999992],
[1637328600.0, 0.09549999999999989],
[1637415000.0, 0.09674999999999992],
[1637501400.0, 0.09549999999999992],
[1637587800.0, 0.09624999999999992],
[1637674200.0, 0.09874999999999992],
[1637760600.0, 0.0944999999999999],
[1637847000.0, 0.09274999999999992],
[1637933400.0, 0.09024999999999989],
[1638019800.0, 0.09024999999999991],
[1638106200.0, 0.09099999999999989],
[1638192600.0, 0.08574999999999991],
[1638279000.0, 0.08324999999999991],
[1638365400.0, 0.08149999999999992],
[1638451800.0, 0.08099999999999993],
[1638538200.0, 0.0822499999999999],
[1638624600.0, 0.0834999999999999],
[1638711000.0, 0.08449999999999991],
[1638797400.0, 0.08424999999999992],
[1638883800.0, 0.08449999999999992],
[1638970200.0, 0.0859999999999999],
[1639056600.0, 0.08624999999999991],
[1639143000.0, 0.08674999999999991],
[1639229400.0, 0.08674999999999994],
[1639315800.0, 0.08524999999999991],
[1639402200.0, 0.08274999999999991],
[1639488600.0, 0.08524999999999992],
[1639575000.0, 0.08474999999999991],
[1639661400.0, 0.08249999999999989],
[1639747800.0, 0.08299999999999992],
[1639834200.0, 0.08549999999999992],
[1639920600.0, 0.07999999999999993],
[1640007000.0, 0.08499999999999991],
[1640093400.0, 0.08374999999999995],
[1640179800.0, 0.08324999999999991],
[1640266200.0, 0.07824999999999992],
[1640352600.0, 0.08274999999999992],
[1640439000.0, 0.08474999999999991],
[1640525400.0, 0.08574999999999992],
[1640611800.0, 0.08749999999999995],
[1640698200.0, 0.0872499999999999],
[1640784600.0, 0.0827499999999999],
[1640871000.0, 0.08274999999999992],
[1640957400.0, 0.0807499999999999],
[1641043800.0, 0.08424999999999991],
[1641130200.0, 0.0834999999999999],
[1641216600.0, 0.0787499999999999],
[1641303000.0, 0.08399999999999992],
[1641389400.0, 0.08449999999999992],
[1641475800.0, 0.08499999999999994],
[1641562200.0, 0.08224999999999992],
[1641648600.0, 0.08449999999999992],
[1641735000.0, 0.08549999999999994],
[1641821400.0, 0.08549999999999992],
[1641907800.0, 0.08349999999999988],
[1641994200.0, 0.08524999999999991],
[1642080600.0, 0.08449999999999992],
[1642167000.0, 0.08574999999999991],
[1642253400.0, 0.08599999999999994],
[1642339800.0, 0.08474999999999994],
[1642426200.0, 0.08724999999999994],
[1642512600.0, 0.0837499999999999],
[1642599000.0, 0.08374999999999992],
[1642685400.0, 0.08624999999999994],
[1642771800.0, 0.08624999999999992],
[1642858200.0, 0.08774999999999993],
[1642944600.0, 0.08599999999999992],
[1643031000.0, 0.08524999999999994],
[1643117400.0, 0.08699999999999992],
[1643203800.0, 0.08699999999999992],
[1643290200.0, 0.08824999999999993],
[1643376600.0, 0.08499999999999992],
[1643463000.0, 0.08424999999999994],
[1643549400.0, 0.08649999999999994],
[1643635800.0, 0.08649999999999994],
[1643722200.0, 0.08649999999999994],
[1643808600.0, 0.08924999999999997],
[1643895000.0, 0.08549999999999994],
[1643981400.0, 0.08799999999999994],
[1644067800.0, 0.09049999999999994],
[1644154200.0, 0.09024999999999989],
[1644240600.0, 0.08924999999999995],
[1644327000.0, 0.08799999999999993],
[1644413400.0, 0.08774999999999994],
[1644499800.0, 0.09249999999999992],
[1644586200.0, 0.08924999999999994],
[1644672600.0, 0.08949999999999994],
[1644759000.0, 0.08949999999999994],
[1644845400.0, 0.08949999999999991],
[1644931800.0, 0.09449999999999995],
[1645018200.0, 0.09449999999999993],
[1645104600.0, 0.09399999999999993],
[1645191000.0, 0.09674999999999992],
[1645277400.0, 0.09424999999999993],
[1645363800.0, 0.09499999999999993],
[1645450200.0, 0.0974999999999999],
[1645536600.0, 0.09474999999999992],
[1645623000.0, 0.09424999999999992],
[1645709400.0, 0.09249999999999994],
[1645795800.0, 0.09274999999999993],
[1645882200.0, 0.09249999999999996],
[1645968600.0, 0.09599999999999995],
[1646055000.0, 0.09299999999999993],
[1646141400.0, 0.09324999999999993],
[1646227800.0, 0.09074999999999991],
[1646314200.0, 0.09049999999999994],
[1646400600.0, 0.08924999999999994],
[1646487000.0, 0.09449999999999993],
[1646573400.0, 0.0952499999999999],
[1646659800.0, 0.08799999999999991],
[1646746200.0, 0.08699999999999991],
[1646832600.0, 0.08474999999999992],
[1646919000.0, 0.08424999999999991],
[1647005400.0, 0.0897499999999999],
[1647091800.0, 0.09149999999999994],
[1647178200.0, 0.0897499999999999],
[1647264600.0, 0.08924999999999991],
[1647351000.0, 0.08824999999999995],
[1647437400.0, 0.09099999999999991],
[1647523800.0, 0.09224999999999992],
[1647610200.0, 0.09124999999999991],
[1647696600.0, 0.09049999999999993],
[1647783000.0, 0.09074999999999993],
[1647869400.0, 0.09224999999999993],
[1647955800.0, 0.09149999999999993],
[1648042200.0, 0.08824999999999993],
[1648128600.0, 0.09024999999999993],
[1648215000.0, 0.09349999999999994],
[1648301400.0, 0.09849999999999993],
[1648387800.0, 0.09874999999999992],
[1648474200.0, 0.09599999999999997],
[1648560600.0, 0.09674999999999993],
[1648647000.0, 0.10524999999999995],
[1648733400.0, 0.10524999999999995],
[1648819800.0, 0.10374999999999998],
[1648906200.0, 0.10099999999999995],
[1648996200.0, 0.10049999999999996],
[1649082600.0, 0.09999999999999995],
[1649169000.0, 0.09599999999999995],
[1649255400.0, 0.09724999999999993],
[1649341800.0, 0.09874999999999995],
[1649428200.0, 0.09749999999999995],
[1649514600.0, 0.10099999999999998],
[1649601000.0, 0.10074999999999996],
[1649687400.0, 0.09699999999999995],
[1649773800.0, 0.09949999999999995],
[1649860200.0, 0.10099999999999994],
[1649946600.0, 0.10099999999999995],
[1650033000.0, 0.10199999999999995],
[1650119400.0, 0.09899999999999995],
[1650205800.0, 0.09999999999999992],
[1650292200.0, 0.09774999999999992],
[1650378600.0, 0.10049999999999995],
[1650465000.0, 0.10024999999999992],
[1650551400.0, 0.10024999999999992],
[1650637800.0, 0.10024999999999992],
[1650724200.0, 0.09799999999999995],
[1650810600.0, 0.09974999999999992],
[1650897000.0, 0.09899999999999995],
[1650983400.0, 0.09774999999999996],
[1651069800.0, 0.09849999999999995],
[1651156200.0, 0.09699999999999998],
[1651242600.0, 0.09424999999999994],
[1651329000.0, 0.09374999999999992],
[1651415400.0, 0.09399999999999994],
[1651501800.0, 0.09474999999999995],
[1651588200.0, 0.09249999999999993],
[1651674600.0, 0.08374999999999994],
[1651761000.0, 0.0807499999999999],
[1651847400.0, 0.07799999999999993],
[1651933800.0, 0.07824999999999992],
[1652020200.0, 0.07599999999999991],
[1652106600.0, 0.07699999999999993],
[1652193000.0, 0.07574999999999994],
[1652279400.0, 0.07424999999999991],
[1652365800.0, 0.07424999999999994],
[1652452200.0, 0.07624999999999992],
[1652538600.0, 0.07574999999999993],
[1652625000.0, 0.07474999999999991],
[1652711400.0, 0.07424999999999991],
[1652797800.0, 0.07474999999999993],
[1652884200.0, 0.07424999999999994],
[1652970600.0, 0.07374999999999991],
[1653057000.0, 0.0722499999999999],
[1653143400.0, 0.07449999999999991],
[1653229800.0, 0.07674999999999992],
[1653316200.0, 0.0787499999999999],
[1653402600.0, 0.0784999999999999],
[1653489000.0, 0.07724999999999992],
[1653575400.0, 0.07649999999999992],
[1653661800.0, 0.07599999999999993],
[1653748200.0, 0.07849999999999993],
[1653834600.0, 0.08074999999999993],
[1653921000.0, 0.08124999999999993],
[1654007400.0, 0.0812499999999999],
[1654093800.0, 0.0822499999999999],
[1654180200.0, 0.08249999999999993],
[1654266600.0, 0.07649999999999993],
[1654353000.0, 0.06949999999999994],
[1654439400.0, 0.06824999999999995],
[1654525800.0, 0.06649999999999992],
[1654612200.0, 0.06899999999999992],
[1654698600.0, 0.06799999999999992],
[1654785000.0, 0.06949999999999994],
[1654871400.0, 0.06774999999999994],
[1654957800.0, 0.06824999999999995],
[1655044200.0, 0.06749999999999994],
[1655130600.0, 0.06724999999999995],
[1655217000.0, 0.06449999999999993],
[1655303400.0, 0.06624999999999995],
[1655389800.0, 0.060249999999999956],
[1655476200.0, 0.06299999999999997],
[1655562600.0, 0.06249999999999996],
[1655649000.0, 0.06224999999999995],
[1655735400.0, 0.06124999999999996],
[1655821800.0, 0.06324999999999996],
[1655908200.0, 0.05999999999999996],
[1655994600.0, 0.05949999999999996],
[1656081000.0, 0.059249999999999955],
[1656167400.0, 0.05774999999999998],
[1656253800.0, 0.05749999999999996],
[1656340200.0, 0.05724999999999998],
[1656426600.0, 0.05574999999999999],
[1656513000.0, 0.054749999999999986],
[1656599400.0, 0.05524999999999999],
[1656685800.0, 0.05574999999999999],
[1656772200.0, 0.05524999999999999],
[1656858600.0, 0.05524999999999999],
[1656945000.0, 0.05624999999999999],
[1657031400.0, 0.05699999999999998],
[1657117800.0, 0.05499999999999998],
[1657204200.0, 0.05574999999999999],
[1657290600.0, 0.05699999999999998],
[1657377000.0, 0.05774999999999998],
[1657463400.0, 0.05824999999999997],
[1657549800.0, 0.057999999999999975],
[1657636200.0, 0.05999999999999996],
[1657722600.0, 0.059749999999999956],
[1657809000.0, 0.05999999999999996],
[1657895400.0, 0.06374999999999995],
[1657981800.0, 0.06299999999999993],
[1658068200.0, 0.06399999999999993],
[1658154600.0, 0.06324999999999995],
[1658241000.0, 0.061999999999999944],
[1658327400.0, 0.06324999999999993],
[1658413800.0, 0.06374999999999995],
[1658500200.0, 0.06374999999999993],
[1658586600.0, 0.06324999999999993],
[1658673000.0, 0.06349999999999993],
[1658759400.0, 0.06299999999999993],
[1658845800.0, 0.06449999999999993],
[1658932200.0, 0.06674999999999992],
[1659018600.0, 0.06774999999999992],
[1659105000.0, 0.07124999999999994],
[1659191400.0, 0.07074999999999992],
[1659277800.0, 0.07049999999999992],
[1659364200.0, 0.06999999999999992],
[1659450600.0, 0.07099999999999992],
[1659537000.0, 0.07174999999999991],
[1659623400.0, 0.06949999999999992],
[1659709800.0, 0.06899999999999992],
[1659796200.0, 0.07374999999999991],
[1659882600.0, 0.07324999999999991],
[1659969000.0, 0.0727499999999999],
[1660055400.0, 0.0757499999999999],
[1660141800.0, 0.0732499999999999],
[1660228200.0, 0.06974999999999991],
[1660314600.0, 0.07099999999999991],
[1660401000.0, 0.07099999999999991],
[1660487400.0, 0.07099999999999991],
[1660573800.0, 0.07099999999999991],
[1660660200.0, 0.07074999999999992],
[1660746600.0, 0.06624999999999992],
[1660833000.0, 0.07024999999999992],
[1660919400.0, 0.06799999999999992],
[1661005800.0, 0.06699999999999992],
[1661092200.0, 0.06824999999999992],
[1661178600.0, 0.06949999999999994],
[1661265000.0, 0.06749999999999992],
[1661351400.0, 0.06524999999999993],
[1661437800.0, 0.06599999999999992],
[1661524200.0, 0.06674999999999992],
[1661610600.0, 0.06774999999999995],
[1661697000.0, 0.06649999999999992],
[1661783400.0, 0.06599999999999993],
[1661869800.0, 0.06624999999999992],
[1661956200.0, 0.06524999999999995],
[1662042600.0, 0.06549999999999993],
[1662129000.0, 0.06649999999999993],
[1662215400.0, 0.06649999999999992],
[1662301800.0, 0.06599999999999992],
[1662388200.0, 0.06599999999999992],
[1662474600.0, 0.06549999999999992],
[1662561000.0, 0.06449999999999993],
[1662647400.0, 0.06424999999999995],
[1662733800.0, 0.06399999999999992],
[1662820200.0, 0.06474999999999995],
[1662906600.0, 0.06499999999999992],
[1662993000.0, 0.06524999999999993],
[1663079400.0, 0.06424999999999993],
[1663165800.0, 0.06324999999999995],
[1663252200.0, 0.06299999999999993],
[1663338600.0, 0.06349999999999995],
[1663425000.0, 0.06399999999999993],
[1663511400.0, 0.06499999999999995],
[1663597800.0, 0.06374999999999995],
[1663684200.0, 0.06474999999999995],
[1663770600.0, 0.06124999999999996],
[1663857000.0, 0.061499999999999944],
[1663943400.0, 0.06274999999999994],
[1664029800.0, 0.06349999999999993],
[1664116200.0, 0.06274999999999994],
[1664202600.0, 0.061499999999999964],
[1664289000.0, 0.059749999999999956],
[1664375400.0, 0.06099999999999996],
[1664461800.0, 0.061499999999999964],
[1664548200.0, 0.05949999999999998],
[1664634600.0, 0.06124999999999996],
[1664717400.0, 0.06324999999999995],
[1664803800.0, 0.06074999999999996],
[1664890200.0, 0.06424999999999995],
[1664976600.0, 0.06624999999999993],
[1665063000.0, 0.06474999999999995],
[1665149400.0, 0.06599999999999995],
[1665235800.0, 0.06449999999999993],
[1665322200.0, 0.06674999999999995],
[1665408600.0, 0.06749999999999994],
[1665495000.0, 0.06749999999999992],
[1665581400.0, 0.06849999999999992],
[1665667800.0, 0.06899999999999992],
[1665754200.0, 0.06974999999999992],
[1665840600.0, 0.06974999999999994],
[1665927000.0, 0.06799999999999994],
[1666013400.0, 0.06799999999999994],
[1666099800.0, 0.07074999999999992],
[1666186200.0, 0.06949999999999992],
[1666272600.0, 0.06649999999999993],
[1666359000.0, 0.06974999999999994],
[1666445400.0, 0.06774999999999994],
[1666531800.0, 0.06874999999999994],
[1666618200.0, 0.06824999999999995],
[1666704600.0, 0.06749999999999994],
[1666791000.0, 0.06999999999999992],
[1666877400.0, 0.07149999999999992],
[1666963800.0, 0.06849999999999992],
[1667050200.0, 0.06849999999999992],
[1667136600.0, 0.06999999999999992],
[1667223000.0, 0.06724999999999992],
[1667309400.0, 0.06974999999999992],
[1667395800.0, 0.07149999999999992],
[1667482200.0, 0.07199999999999993],
[1667568600.0, 0.07024999999999992],
[1667655000.0, 0.07249999999999993],
[1667741400.0, 0.07174999999999991],
[1667827800.0, 0.07074999999999992],
[1667914200.0, 0.07324999999999993],
[1668000600.0, 0.07199999999999991],
[1668087000.0, 0.07299999999999991],
[1668173400.0, 0.07399999999999993],
[1668259800.0, 0.0722499999999999],
[1668346200.0, 0.07299999999999998],
[1668432600.0, 0.07024999999999992],
[1668519000.0, 0.07124999999999992],
[1668605400.0, 0.07074999999999992],
[1668691800.0, 0.07024999999999994],
[1668778200.0, 0.06999999999999992],
[1668864600.0, 0.07249999999999993],
[1668951000.0, 0.07124999999999992],
[1669037400.0, 0.06924999999999991],
[1669123800.0, 0.06849999999999992],
[1669210200.0, 0.06524999999999995],
[1669296600.0, 0.06374999999999995],
[1669383000.0, 0.06399999999999993],
[1669469400.0, 0.061249999999999936],
[1669555800.0, 0.06274999999999994],
[1669642200.0, 0.06199999999999996],
[1669728600.0, 0.06199999999999996],
[1669815000.0, 0.06224999999999994],
[1669901400.0, 0.061499999999999944],
[1669987800.0, 0.062499999999999944],
[1670074200.0, 0.06549999999999992],
[1670160600.0, 0.06624999999999995],
[1670247000.0, 0.06674999999999993],
[1670333400.0, 0.06524999999999992],
[1670419800.0, 0.06449999999999995],
[1670506200.0, 0.06749999999999992],
[1670592600.0, 0.06599999999999993],
[1670679000.0, 0.06549999999999993],
[1670765400.0, 0.06724999999999991],
[1670851800.0, 0.06399999999999993],
[1670938200.0, 0.06699999999999993],
[1671024600.0, 0.06724999999999992],
[1671111000.0, 0.06599999999999992],
[1671197400.0, 0.06474999999999993],
[1671283800.0, 0.06849999999999992],
[1671370200.0, 0.06799999999999992],
[1671456600.0, 0.06699999999999992],
[1671543000.0, 0.06724999999999991],
[1671629400.0, 0.06949999999999992],
[1671715800.0, 0.07024999999999991],
[1671802200.0, 0.06949999999999992],
[1671888600.0, 0.07074999999999991],
[1671975000.0, 0.07099999999999992],
[1672061400.0, 0.06924999999999994],
[1672147800.0, 0.06824999999999994],
[1672234200.0, 0.06674999999999992],
[1672320600.0, 0.06899999999999995],
[1672407000.0, 0.06949999999999992],
[1672493400.0, 0.06699999999999992],
[1672579800.0, 0.06624999999999992],
[1672666200.0, 0.06874999999999991],
[1672752600.0, 0.06874999999999991],
[1672839000.0, 0.06849999999999992],
[1672925400.0, 0.06949999999999994],
[1673011800.0, 0.07024999999999994],
[1673098200.0, 0.0724999999999999],
[1673184600.0, 0.07224999999999994],
[1673271000.0, 0.07074999999999991],
[1673357400.0, 0.07149999999999992],
[1673443800.0, 0.07149999999999991],
[1673530200.0, 0.07274999999999993],
[1673616600.0, 0.0707499999999999],
[1673703000.0, 0.07099999999999991],
[1673789400.0, 0.07224999999999991],
[1673875800.0, 0.06999999999999992],
[1673962200.0, 0.07099999999999992],
[1674048600.0, 0.07174999999999994],
[1674135000.0, 0.07049999999999992],
[1674221400.0, 0.07224999999999994],
[1674307800.0, 0.07249999999999993],
[1674394200.0, 0.07174999999999992],
[1674480600.0, 0.07274999999999993],
[1674567000.0, 0.07299999999999993],
[1674653400.0, 0.07449999999999996],
[1674739800.0, 0.07324999999999993],
[1674826200.0, 0.07349999999999993],
[1674912600.0, 0.07549999999999991],
[1674999000.0, 0.07549999999999993],
[1675085400.0, 0.07749999999999993],
[1675171800.0, 0.0772499999999999],
[1675258200.0, 0.07899999999999993],
[1675344600.0, 0.07749999999999993],
[1675431000.0, 0.07999999999999993],
[1675517400.0, 0.07999999999999992],
[1675603800.0, 0.08149999999999992],
[1675690200.0, 0.08374999999999992],
[1675776600.0, 0.08374999999999991],
[1675863000.0, 0.08374999999999991],
[1675949400.0, 0.08374999999999991],
