[1635773400.0, 0.7127786624203825],
[1635859800.0, 0.7039904229848364],
[1635946200.0, 0.7040400000000002],
[1636032600.0, 0.7000600961538461],
[1636119000.0, 0.6940104166666666],
[1636205400.0, 0.6888173773129525],
[1636291800.0, 0.6935036202735316],
[1636378200.0, 0.6884057971014492],
[1636464600.0, 0.688197251414713],
[1636551000.0, 0.6901134521880068],
[1636637400.0, 0.6875510204081636],
[1636723800.0, 0.6914758789861001],
[1636810200.0, 0.683701883701884],
[1636896600.0, 0.6744877049180327],
[1636983000.0, 0.6754724732949876],
[1637069400.0, 0.6843827160493826],
[1637155800.0, 0.8687238493723844],
[1637242200.0, 0.871160042964554],
[1637328600.0, 0.894165757906216],
[1637415000.0, 0.9153973509933776],
[1637501400.0, 0.9297297297297297],
[1637587800.0, 0.9583821805392733],
[1637674200.0, 0.9127461706783371],
[1637760600.0, 0.7103918228279383],
[1637847000.0, 0.7205204778156994],
[1637933400.0, 0.7175000000000002],
[1638019800.0, 0.7391666666666667],
[1638106200.0, 0.733404619332763],
[1638192600.0, 0.7389888603256215],
[1638279000.0, 0.7673469387755105],
[1638365400.0, 0.763266666666667],
[1638451800.0, 0.7517809439002671],
[1638538200.0, 0.7534629133154603],
[1638624600.0, 0.7500893655049151],
[1638711000.0, 0.7511638316920322],
[1638797400.0, 0.7685733819507751],
[1638883800.0, 0.7633773928896994],
[1638970200.0, 0.7590163934426232],
[1639056600.0, 0.7570127504553735],
[1639143000.0, 0.754530965391621],
[1639229400.0, 0.7740664845173042],
[1639315800.0, 0.7685675182481752],
[1639402200.0, 0.764207650273224],
[1639488600.0, 0.770477502295684],
[1639575000.0, 0.7901285583103759],
[1639661400.0, 0.7831037649219463],
[1639747800.0, 0.7840220385674929],
[1639834200.0, 0.7882231404958675],
[1639920600.0, 0.7635904499540861],
[1640007000.0, 0.7598025711662073],
[1640093400.0, 0.7667584940312212],
[1640179800.0, 0.7771349862258952],
[1640266200.0, 0.7788108356290174],
[1640352600.0, 0.7804866850321396],
[1640439000.0, 0.7676997245179065],
[1640525400.0, 0.7767906336088156],
[1640611800.0, 0.7773415977961434],
[1640698200.0, 0.7896005509641871],
[1640784600.0, 0.7917051756007394],
[1640871000.0, 0.7969731977818856],
[1640957400.0, 0.806087962962963],
[1641043800.0, 0.8092969472710453],
[1641130200.0, 0.8159322820037105],
[1641216600.0, 0.819203910614525],
[1641303000.0, 0.8131162790697671],
[1641389400.0, 0.813354898336414],
[1641475800.0, 0.8066312384473197],
[1641562200.0, 0.7972273567467654],
[1641648600.0, 0.8100092250922509],
[1641735000.0, 0.6848235294117645],
[1641821400.0, 0.6767058823529409],
[1641907800.0, 0.6857704402515725],
[1641994200.0, 0.6777297721916734],
[1642080600.0, 0.6824823252160254],
[1642167000.0, 0.6766889238020425],
[1642253400.0, 0.6780219780219782],
[1642339800.0, 0.6845294117647059],
[1642426200.0, 0.6695967110415036],
[1642512600.0, 0.6688527799530151],
[1642599000.0, 0.6559710258418165],
[1642685400.0, 0.660086004691165],
[1642771800.0, 0.6910672400312745],
[1642858200.0, 0.6872261345852894],
[1642944600.0, 0.6894953051643191],
[1643031000.0, 0.6669008587041374],
[1643117400.0, 0.6663348946135832],
[1643203800.0, 0.6343165467625899],
[1643290200.0, 0.6476573938506589],
[1643376600.0, 0.6466409691629955],
[1643463000.0, 0.6457175056348609],
[1643549400.0, 0.6540662650602407],
[1643635800.0, 0.6540662650602407],
[1643722200.0, 0.6540662650602407],
[1643808600.0, 0.6360211002260739],
[1643895000.0, 0.6413338357196686],
[1643981400.0, 0.6696603773584908],
[1644067800.0, 0.6548789712556733],
[1644154200.0, 0.6685121765601217],
[1644240600.0, 0.6789282990083902],
[1644327000.0, 0.678301526717557],
[1644413400.0, 0.6785332314744079],
[1644499800.0, 0.7007842387146134],
[1644586200.0, 0.6993486590038318],
[1644672600.0, 0.7403597413096206],
[1644759000.0, 0.7211093990755011],
[1644845400.0, 0.7631976744186045],
[1644931800.0, 0.7825377883850438],
[1645018200.0, 0.7579761904761906],
[1645104600.0, 0.7568600000000002],
[1645191000.0, 0.8005658852061437],
[1645277400.0, 0.8158661740558292],
[1645363800.0, 0.8266804979253112],
[1645450200.0, 0.8289958158995817],
[1645536600.0, 0.8320458404074704],
[1645623000.0, 0.8105670103092785],
[1645709400.0, 0.819842657342657],
[1645795800.0, 0.8427046263345194],
[1645882200.0, 0.8490647810218975],
[1645968600.0, 0.8307407407407409],
[1646055000.0, 0.879056603773585],
[1646141400.0, 0.8823076923076922],
[1646227800.0, 0.8984088717454195],
[1646314200.0, 0.8612264150943396],
[1646400600.0, 0.8634560906515579],
[1646487000.0, 0.8596408317580342],
[1646573400.0, 0.8607615894039733],
[1646659800.0, 0.8807783018867925],
[1646746200.0, 0.9173820754716979],
[1646832600.0, 0.9192978322337418],
[1646919000.0, 0.9058018867924527],
[1647005400.0, 0.9127130681818182],
[1647091800.0, 0.9029411764705881],
[1647178200.0, 0.9161918328584995],
[1647264600.0, 0.9271387832699616],
[1647351000.0, 0.9365604186489056],
[1647437400.0, 0.9525142314990512],
[1647523800.0, 0.9658444022770397],
[1647610200.0, 0.9527566539923951],
[1647696600.0, 0.9194814462416743],
[1647783000.0, 0.9334600760456271],
[1647869400.0, 0.9688395415472776],
[1647955800.0, 0.9757129277566541],
[1648042200.0, 0.9583967649857277],
[1648128600.0, 0.961712786259542],
[1648215000.0, 0.9595124282982793],
[1648301400.0, 0.9611376673040151],
[1648387800.0, 0.9662523900573611],
[1648474200.0, 0.9650047709923666],
[1648560600.0, 0.9665711556829039],
[1648647000.0, 0.9589200761179829],
[1648733400.0, 0.9556980056980059],
[1648819800.0, 0.9603193517635845],
[1648906200.0, 0.9425811068702289],
[1648996200.0, 0.9299856870229009],
[1649082600.0, 0.729063670411985],
[1649169000.0, 0.7267991004497754],
[1649255400.0, 0.7290793413173653],
[1649341800.0, 0.7297074268567142],
[1649428200.0, 0.7348610067618331],
[1649514600.0, 0.7322314049586777],
[1649601000.0, 0.7322314049586777],
[1649687400.0, 0.7322314049586777],
[1649773800.0, 0.7322314049586777],
[1649860200.0, 0.732062359128475],
[1649946600.0, 0.7339177978883863],
[1650033000.0, 0.7293240181268881],
[1650119400.0, 0.7306482183472327],
[1650205800.0, 0.7313401670463175],
[1650292200.0, 0.7666001596169195],
[1650378600.0, 0.7669393455706305],
[1650465000.0, 0.7559168012924072],
[1650551400.0, 0.7559168012924072],
[1650637800.0, 0.7559168012924072],
[1650724200.0, 0.78223898858075],
[1650810600.0, 0.7828355155482812],
[1650897000.0, 0.8099427168576102],
[1650983400.0, 0.8037909836065574],
[1651069800.0, 0.8512323943661972],
[1651156200.0, 0.8574637023593467],
[1651242600.0, 0.93927135678392],
[1651329000.0, 0.7858925549915395],
[1651415400.0, 0.7901187446988975],
[1651501800.0, 0.7929148936170215],
[1651588200.0, 0.7820365646258504],
[1651674600.0, 0.7609295415959253],
[1651761000.0, 0.7699658703071671],
[1651847400.0, 0.7717456896551725],
[1651933800.0, 0.7750648788927333],
[1652020200.0, 0.7694636678200693],
[1652106600.0, 0.789],
[1652193000.0, 0.7720652173913043],
[1652279400.0, 0.7685378590078327],
[1652365800.0, 0.7843089788732397],
[1652452200.0, 0.775683421516755],
[1652538600.0, 0.8135481023830539],
[1652625000.0, 0.8130752212389378],
[1652711400.0, 0.8029698581560282],
[1652797800.0, 0.7963458110516933],
[1652884200.0, 0.7957508992805755],
[1652970600.0, 0.7999548328816622],
[1653057000.0, 0.8151285583103763],
[1653143400.0, 0.8256505576208181],
[1653229800.0, 0.8545240339302547],
[1653316200.0, 0.8679523809523809],
[1653402600.0, 0.8803314121037464],
[1653489000.0, 0.8777294685990336],
[1653575400.0, 0.8725389863547758],
[1653661800.0, 0.8806851311953352],
[1653748200.0, 0.8715466926070041],
[1653834600.0, 0.8733949416342415],
[1653921000.0, 0.8788201160541588],
[1654007400.0, 0.8798402710551794],
[1654093800.0, 0.882111650485437],
[1654180200.0, 0.8875726744186049],
[1654266600.0, 0.8951605058365757],
[1654353000.0, 0.8973362658846533],
[1654439400.0, 0.8972656249999998],
[1654525800.0, 0.8897417153996102],
[1654612200.0, 0.8962573385518596],
[1654698600.0, 0.8968627450980392],
[1654785000.0, 0.8926528599605524],
[1654871400.0, 0.8891185258964145],
[1654957800.0, 0.911838161838162],
[1655044200.0, 0.945204081632653],
[1655130600.0, 0.9322328629032255],
[1655217000.0, 0.9149546827794558],
[1655303400.0, 0.9127377377377377],
[1655389800.0, 0.9055999999999994],
[1655476200.0, 0.9152206619859581],
[1655562600.0, 0.8475368324125232],
[1655649000.0, 0.8459981600735973],
[1655735400.0, 0.8465627864344635],
[1655821800.0, 0.8493813015582033],
[1655908200.0, 0.8432736455463729],
[1655994600.0, 0.8440771349862257],
[1656081000.0, 0.842545871559633],
[1656167400.0, 0.8400275735294117],
[1656253800.0, 0.8399034038638454],
[1656340200.0, 0.836559633027523],
[1656426600.0, 0.8357635694572217],
[1656513000.0, 0.8369825206991723],
[1656599400.0, 0.8357734806629834],
[1656685800.0, 0.8336866359447003],
[1656772200.0, 0.8343865313653134],
[1656858600.0, 0.8334640221402212],
[1656945000.0, 0.8349447513812153],
[1657031400.0, 0.8349169741697413],
[1657117800.0, 0.836000922509225],
[1657204200.0, 0.8367173112338857],
[1657290600.0, 0.8452490774907754],
[1657377000.0, 0.8411669741697418],
[1657463400.0, 0.8374768946395564],
[1657549800.0, 0.8325231481481484],
[1657636200.0, 0.8433379758588668],
[1657722600.0, 0.8448139534883721],
[1657809000.0, 0.852215485074627],
[1657895400.0, 0.8568761814744802],
[1657981800.0, 0.8467826501429938],
[1658068200.0, 0.8550382043935054],
[1658154600.0, 0.8880114176974311],
[1658241000.0, 0.8904705323193914],
[1658327400.0, 0.8961409395973157],
[1658413800.0, 0.9110604606525913],
[1658500200.0, 0.9285748560460655],
[1658586600.0, 0.9118497109826591],
[1658673000.0, 0.9536992263056094],
[1658759400.0, 0.9530858244937321],
[1658845800.0, 0.9555182341650673],
[1658932200.0, 0.9649089165867694],
[1659018600.0, 0.9677681992337167],
[1659105000.0, 0.9555848513902206],
[1659191400.0, 0.9691882804995197],
[1659277800.0, 0.9684261036468331],
[1659364200.0, 0.9936236766121268],
[1659450600.0, 0.9801973051010588],
[1659537000.0, 0.9919686581782567],
[1659623400.0, 0.9631360078277889],
[1659709800.0, 0.9596172718351325],
[1659796200.0, 0.9668799212598426],
[1659882600.0, 0.9591043307086614],
[1659969000.0, 0.9580550098231827],
[1660055400.0, 0.9718410661401777],
[1660141800.0, 0.9675123152709357],
[1660228200.0, 0.9547630799605134],
[1660314600.0, 0.946319169960474],
[1660401000.0, 0.946319169960474],
[1660487400.0, 0.946319169960474],
[1660573800.0, 0.946319169960474],
[1660660200.0, 0.9463118811881187],
[1660746600.0, 0.9394059405940592],
[1660833000.0, 0.9365956392467789],
[1660919400.0, 0.9321962151394423],
[1661005800.0, 0.9276973026973027],
[1661092200.0, 0.9302894211576845],
[1661178600.0, 0.9336000000000002],
[1661265000.0, 0.962837162837163],
[1661351400.0, 0.9679609218436876],
[1661437800.0, 0.9664500000000003],
[1661524200.0, 0.9565010040160637],
[1661610600.0, 0.9640342052313885],
[1661697000.0, 0.9845070422535211],
[1661783400.0, 0.9685923309788094],
[1661869800.0, 0.9575681130171547],
[1661956200.0, 0.9518378650553876],
[1662042600.0, 0.9022640610104861],
[1662129000.0, 0.8960124164278893],
[1662215400.0, 0.8904397705544929],
[1662301800.0, 0.9082617000955109],
[1662388200.0, 0.8287294015611448],
[1662474600.0, 0.8110530896431681],
[1662561000.0, 0.8022707423580788],
[1662647400.0, 0.7996301131418624],
[1662733800.0, 0.799045138888889],
[1662820200.0, 0.8094565217391305],
[1662906600.0, 0.7608340147179071],
[1662993000.0, 0.7648940505297473],
[1663079400.0, 0.763368765331153],
[1663165800.0, 0.7677049180327872],
[1663252200.0, 0.7714991762767712],
[1663338600.0, 0.8993697478991595],
[1663425000.0, 0.9136915887850469],
[1663511400.0, 0.9261527377521613],
[1663597800.0, 0.9323825503355704],
[1663684200.0, 0.9243515850144093],
[1663770600.0, 0.8198920265780731],
[1663857000.0, 0.8241257285595338],
[1663943400.0, 0.96064039408867],
[1664029800.0, 0.8176742233417295],
[1664116200.0, 0.7848916532905295],
[1664202600.0, 0.7966680294358136],
[1664289000.0, 0.7995675453047778],
[1664375400.0, 0.8001850328947369],
[1664461800.0, 0.7890148392415498],
[1664548200.0, 0.8814674397859051],
[1664634600.0, 0.9044762757385855],
[1664717400.0, 0.7824901185770751],
[1664803800.0, 0.7895059288537549],
[1664890200.0, 0.8315208503679477],
[1664976600.0, 0.9027391659852819],
[1665063000.0, 0.900408830744072],
[1665149400.0, 0.9919708029197083],
[1665235800.0, 0.9708257299270072],
[1665322200.0, 0.8379644268774703],
[1665408600.0, 0.8296245059288534],
[1665495000.0, 0.7778889728096673],
[1665581400.0, 0.7721487915407852],
[1665667800.0, 0.7456727135298564],
[1665754200.0, 0.7850794251134644],
[1665840600.0, 0.7676626323751891],
[1665927000.0, 0.7939674735249622],
[1666013400.0, 0.837605363984674],
[1666099800.0, 0.9705927636643573],
[1666186200.0, 1.0541090629800307],
[1666272600.0, 1.0592328450269854],
[1666359000.0, 0.9933307632999226],
[1666445400.0, 0.9454054054054055],
[1666531800.0, 0.9687837837837839],
[1666618200.0, 1.0053774350649347],
[1666704600.0, 0.6241927592954991],
[1666791000.0, 0.7735883424408014],
[1666877400.0, 1.2516396462785555],
[1666963800.0, 0.9990606460118654],
[1667050200.0, 0.9353148148148146],
[1667136600.0, 0.8424683072334076],
[1667223000.0, 0.8662808065720686],
[1667309400.0, 0.9128301886792455],
[1667395800.0, 0.9402394480519481],
[1667482200.0, 1.0050895765472312],
[1667568600.0, 0.9912067545304778],
[1667655000.0, 0.9841411564625849],
[1667741400.0, 0.9851293103448275],
[1667827800.0, 1.0409170305676854],
[1667914200.0, 1.0764229422066551],
[1668000600.0, 1.0699303742384685],
[1668087000.0, 1.08094723183391],
[1668173400.0, 1.119527802294793],
[1668259800.0, 1.1267111111111117],
[1668346200.0, 1.2091371681415928],
[1668432600.0, 1.2053398058252431],
[1668519000.0, 0.8818198395331874],
[1668605400.0, 0.9232407407407405],
[1668691800.0, 0.9200332348596751],
[1668778200.0, 0.9234826054774241],
[1668864600.0, 0.9422477744807122],
[1668951000.0, 0.8979992520568439],
[1669037400.0, 0.9698173005219985],
[1669123800.0, 0.903490990990991],
[1669210200.0, 0.9642186326070621],
[1669296600.0, 0.9674265259984925],
[1669383000.0, 0.9742630385487528],
[1669469400.0, 1.0295780254777067],
[1669555800.0, 1.0765948632974316],
[1669642200.0, 1.075],
[1669728600.0, 1.0826793248945143],
[1669815000.0, 1.008529173419773],
[1669901400.0, 0.9556385362210604],
[1669987800.0, 0.9372567365269461],
[1670074200.0, 0.9369622641509435],
[1670160600.0, 0.9334456928838953],
[1670247000.0, 0.9567793317793317],
[1670333400.0, 0.94928350116189],
[1670419800.0, 0.8737809597523222],
[1670506200.0, 0.8620166793025017],
[1670592600.0, 0.8570668693009118],
[1670679000.0, 0.8623100303951364],
[1670765400.0, 0.8545160060975612],
[1670851800.0, 0.8547112462006078],
[1670938200.0, 0.8467846270928461],
[1671024600.0, 0.8498091603053434],
[1671111000.0, 0.8598643410852714],
[1671197400.0, 0.8574282389449187],
[1671283800.0, 0.8641194724592708],
[1671370200.0, 0.8821734059097976],
[1671456600.0, 0.8663237577639752],
[1671543000.0, 0.8819812792511701],
[1671629400.0, 0.878120124804992],
[1671715800.0, 0.9838363954505689],
[1671802200.0, 0.9861329833770782],
[1671888600.0, 0.9858267716535437],
[1671975000.0, 0.9702620087336246],
[1672061400.0, 0.9782286212914484],
[1672147800.0, 0.9608143607705779],
[1672234200.0, 0.9678945074106368],
[1672320600.0, 0.9673292999135695],
[1672407000.0, 0.9737240484429066],
[1672493400.0, 0.9841479238754327],
[1672579800.0, 0.9901429809358756],
[1672666200.0, 0.9800608166811469],
[1672752600.0, 0.9831963667820072],
[1672839000.0, 0.982359307359307],
[1672925400.0, 0.9820164075993093],
[1673011800.0, 0.9794689119170986],
[1673098200.0, 1.016883116883117],
[1673184600.0, 1.0062768701633704],
[1673271000.0, 1.026161790017212],
[1673357400.0, 1.0193444730077117],
[1673443800.0, 1.023572037510656],
[1673530200.0, 0.9018525449101797],
[1673616600.0, 1.0009925558312653],
[1673703000.0, 0.9126871257485032],
[1673789400.0, 0.9140436746987952],
[1673875800.0, 0.9183269230769231],
[1673962200.0, 0.8730492424242426],
[1674048600.0, 0.8704580152671756],
[1674135000.0, 0.866360856269113],
[1674221400.0, 0.8557880844645549],
[1674307800.0, 0.8625944108761328],
[1674394200.0, 0.9206727135298565],
[1674480600.0, 0.921910324039186],
[1674567000.0, 0.8736795146324056],
[1674653400.0, 0.8240886347390995],
[1674739800.0, 0.8300786838340489],
[1674826200.0, 0.8186874105865524],
[1674912600.0, 0.7392692560895329],
[1674999000.0, 0.762145748987854],
[1675085400.0, 0.7606853477380147],
[1675171800.0, 0.7662711864406778],
[1675258200.0, 0.7621781842818427],
[1675344600.0, 0.7941952054794522],
[1675431000.0, 0.774374130737135],
[1675517400.0, 0.7707202505219207],
[1675603800.0, 0.7813728932584268],
[1675690200.0, 0.8173443223443223],
[1675776600.0, 0.8372737556561086],
[1675863000.0, 0.8177152317880796],
[1675949400.0, 0.8177152317880796],
