[1633098600, 2.13],
[1633185000, 2.27],
[1633267800, 2.27],
[1633354200, 2.28],
[1633440600, 2.27],
[1633527000, 2.29],
[1633613400, 2.29],
[1633699800, 2.16],
[1633786200, 2.13],
[1633872600, 2.13],
[1633959000, 2.08],
[1634045400, 1.9],
[1634131800, 2.02],
[1634218200, 2.01],
[1634304600, 2.01],
[1634391000, 1.83],
[1634477400, 2.04],
[1634563800, 1.97],
[1634650200, 2.01],
[1634736600, 2.19],
[1634823000, 2.02],
[1634909400, 2.25],
[1634995800, 2.12],
[1635082200, 1.94],
[1635168600, 2.29],
[1635255000, 2.31],
[1635341400, 2.04],
[1635427800, 1.93],
[1635514200, 1.91],
[1635600600, 1.91],
[1635687000, 2.12],
[1635773400, 2.08],
[1635859800, 2.22],
[1635946200, 2.2],
[1636032600, 2.16],
[1636119000, 2.26],
[1636205400, 2.22],
[1636291800, 2.22],
[1636464600, 2.22],
[1636551000, 2.12],
[1636637400, 2.09],
[1636896600, 2.14],
[1636983000, 2],
[1637069400, 1.6],
[1637155800, 2.08],
[1637242200, 2.08],
[1637328600, 2.05],
[1637415000, 2.05],
[1637501400, 2.2],
[1637587800, 2],
[1637674200, 1.97],
[1637760600, 1.97],
[1637847000, 1.97],
[1637933400, 1.94],
[1638019800, 1.88],
[1638106200, 1.75],
[1638192600, 1.75],
[1638279000, 2.01],
[1638365400, 2.06],
[1638451800, 1.22],
[1638538200, 1.22],
[1638624600, 1.22],
[1638711000, 1.22],
[1638797400, 1.1],
[1638883800, 1.1],
[1638970200, 1.1],
[1639056600, 1.63],
[1639143000, 2.22],
[1639229400, 1.92],
[1639315800, 2.22],
[1639402200, 2.22],
[1639488600, 2.23],
[1639575000, 2.22],
[1639661400, 2.22],
[1639747800, 2.26],
[1639834200, 2.26],
[1639920600, 2.26],
[1640007000, 2.27],
[1640093400, 2.29],
[1640179800, 2.28],
[1640266200, 2.28],
[1640352600, 2.34],
[1640439000, 2.34],
[1640525400, 2.34],
[1640611800, 2.37],
[1640698200, 2.4],
[1640784600, 2.45],
[1640871000, 2.45],
[1640957400, 2.44],
[1641043800, 2.44],
[1641130200, 2.44],
[1641216600, 2.46],
[1641303000, 2.46],
[1641389400, 2.46],
[1641475800, 2.46],
[1641562200, 2.47],
[1641648600, 2.51],
[1641735000, 2.49],
[1641821400, 1.13],
[1641907800, 1.13],
[1641994200, 1.13],
[1642080600, 2.51],
[1642167000, 1.13],
[1642253400, 2.52],
[1642339800, 2.51],
[1642426200, 2.51],
[1642512600, 1.8],
[1642599000, 2.07],
[1642685400, 2.51],
[1642771800, 2.51],
[1642858200, 2.29],
[1642944600, 2.29],
[1643031000, 2.12],
[1643117400, 2.25],
[1643203800, 2.38],
[1643290200, 2.34],
[1643376600, 2.18],
[1643463000, 2.26],
[1643549400, 2.26],
[1643635800, 2.26],
[1643722200, 2.26],
[1643808600, 2.04],
[1643895000, 2.15],
[1643981400, 2.13],
[1644067800, 2.27],
[1644154200, 2.18],
[1644240600, 2.27],
[1644327000, 2.25],
[1644413400, 2.26],
[1644499800, 1.99],
[1644586200, 2.1],
[1644672600, 2.09],
[1644759000, 2.13],
[1644845400, 2.11],
[1644931800, 2.1],
[1645018200, 2.1],
[1645104600, 2.31],
[1645191000, 2.31],
[1645277400, 2.21],
[1645363800, 2.32],
[1645450200, 2.33],
[1645536600, 2.34],
[1645623000, 2.34],
[1645709400, 2.18],
[1645795800, 2.36],
[1645882200, 2.29],
[1645968600, 2.15],
[1646055000, 1.9],
[1646141400, 2.13],
[1646227800, 2.13],
[1646314200, 1.69],
[1646400600, 1.75],
[1646487000, 1.8],
[1646573400, 2.11],
[1646659800, 2.11],
[1646746200, 1.96],
[1646832600, 2.05],
[1646919000, 1.97],
[1647005400, 2.01],
[1647091800, 1.89],
[1647178200, 2.09],
[1647264600, 2.01],
[1647351000, 2.14],
[1647437400, 2.14],
[1647523800, 2.15],
[1647610200, 2.14],
[1647696600, 2.43],
[1647783000, 2.24],
[1647869400, 2.26],
[1647955800, 2.25],
[1648042200, 2.35],
[1648128600, 2.49],
[1648215000, 2.04],
[1648301400, 2.12],
[1648387800, 2.49],
[1648474200, 2.08],
[1648560600, 2.13],
[1648647000, 2.05],
[1648733400, 2.05],
[1648819800, 2.47],
[1648906200, 2.43],
[1648996200, 2.44],
[1649082600, 2.51],
[1649169000, 2.38],
[1649255400, 2.31],
[1649341800, 2.51],
[1649514600, 2.58],
[1649601000, 2.65],
[1649687400, 2.58],
[1649773800, 2.34],
[1649860200, 2.44],
[1649946600, 2.89],
[1650033000, 2.92],
[1650119400, 2.98],
[1650205800, 2.85],
[1650292200, 2.85],
[1650378600, 2.85],
[1650465000, 2.97],
[1650551400, 2.97],
[1650637800, 2.97],
[1650724200, 3.13],
[1650810600, 3.13],
[1650897000, 3.13],
[1650983400, 3.12],
[1651069800, 3.12],
[1651156200, 3.13],
[1651242600, 2.72],
[1651329000, 2.72],
[1651415400, 2.72],
[1651501800, 2.72],
[1651588200, 2.72],
[1651674600, 2.72],
[1651761000, 2.72],
[1651847400, 2.61],
[1651933800, 2.62],
[1652020200, 2.63],
[1652106600, 2.43],
[1652193000, 2.89],
[1652279400, 2.74],
[1652365800, 2.74],
[1652970600, 2.91],
[1653057000, 2.89],
[1653143400, 3.03],
[1653229800, 3.03],
[1653316200, 3.03],
[1653402600, 2.75],
[1653489000, 2.15],
[1653575400, 2.15],
[1653661800, 2.15],
[1653748200, 2.55],
[1653834600, 2.54],
[1653921000, 3.01],
[1654007400, 2.5],
[1654093800, 3.02],
[1654180200, 2.71],
[1654266600, 2.67],
[1654353000, 2.67],
[1654439400, 2.5],
[1654525800, 2.98],
[1654612200, 2.84],
[1654698600, 1.01],
[1654785000, 1.01],
[1654871400, 2.97],
[1654957800, 2.92],
[1655044200, 2.94],
[1655130600, 2.46],
[1655217000, 2.87],
[1655303400, 2.39],
[1655389800, 2.85],
[1655476200, 2.84],
[1655562600, 2.84],
[1655649000, 2.83],
[1655735400, 2.83],
[1655821800, 2.6],
[1655908200, 2.6],
[1655994600, 2.75],
[1656081000, 2.27],
[1656167400, 2.27],
[1656253800, 2.44],
[1656340200, 2.16],
[1656426600, 2.11],
[1656513000, 2.47],
[1656599400, 2.27],
[1656685800, 2.46],
[1656772200, 2.31],
[1656858600, 2.34],
[1656945000, 2.02],
[1657031400, 2.23],
[1657117800, 2.29],
[1657290600, 2.33],
[1657377000, 2.34],
[1657463400, 2.4],
[1657549800, 2.25],
[1657636200, 2.28],
[1657722600, 2.35],
[1657809000, 2.7],
[1657895400, 2.7],
[1657981800, 2.52],
[1658068200, 2.72],
[1658154600, 2.58],
[1658241000, 2.71],
[1658327400, 2.71],
[1658413800, 2.85],
[1658673000, 2.78],
[1658759400, 2.78],
[1658845800, 2.86],
[1658932200, 2.75],
[1659018600, 2.72],
[1659105000, 2.85],
[1659191400, 2.88],
[1659277800, 2.69],
[1659364200, 2.78],
[1659450600, 2.74],
[1659537000, 2.74],
[1659623400, 2.74],
[1659709800, 2.5],
[1659796200, 2.64],
[1659882600, 2.5],
[1659969000, 2.5],
[1660055400, 2.5],
[1660228200, 3.01],
[1660314600, 2.62],
[1660401000, 2.62],
[1660487400, 2.62],
[1660573800, 2.62],
[1660660200, 3.24],
[1660746600, 2.9],
[1660833000, 2.87],
[1660919400, 3.12],
[1661005800, 3.24],
[1661178600, 3.24],
[1661265000, 2.8],
[1661351400, 2.66],
[1661437800, 2.66],
[1661524200, 3.17],
[1661610600, 3.23],
[1661697000, 3.2],
[1661783400, 3.2],
[1661869800, 3.2],
[1661956200, 3.2],
[1662042600, 3.17],
[1662129000, 3.21],
[1662215400, 3.17],
[1662301800, 3.17],
[1662561000, 3.17],
[1662647400, 2.99],
[1662733800, 3.13],
[1662820200, 3.13],
[1662906600, 3.13],
[1662993000, 3.13],
[1663079400, 3.13],
[1663165800, 3.13],
[1663252200, 3],
[1663338600, 3.44],
[1663425000, 3.44],
[1663511400, 3.22],
[1663597800, 3.22],
[1663684200, 2.85],
[1663770600, 2.85],
[1663857000, 2.85],
[1663943400, 2.85],
[1664029800, 3.32],
[1664116200, 3.09],
[1664202600, 3.09],
[1664289000, 3.09],
[1664375400, 3.32],
[1664461800, 3.32],
[1664548200, 3.32],
[1664634600, 3.43],
[1664717400, 3.43],
[1664803800, 3.43],
[1664890200, 3.43],
[1664976600, 3.43],
[1665063000, 3.65],
[1665149400, 3.65],
[1665235800, 3.65],
[1665322200, 3.65],
[1665408600, 3.65],
[1665495000, 3.65],
[1665581400, 3.32],
[1665667800, 3.32],
[1665754200, 3.32],
[1665840600, 3.32],
[1665927000, 3.32],
[1666013400, 3.32],
[1666099800, 3.32],
[1666186200, 3.44],
[1666272600, 3.44],
[1666359000, 3.53],
[1666445400, 2.96],
[1666531800, 2.96],
[1666618200, 2.96],
[1666704600, 2.96],
[1666791000, 2.96],
[1666877400, 2.96],
[1666963800, 2.96],
[1667050200, 3.68],
[1667136600, 3.68],
[1667223000, 3.68],
[1667309400, 1.85],
[1667395800, 1.85],
[1667482200, 1.85],
[1667568600, 1.85],
[1667655000, 1.85],
[1667741400, 1.85],
[1667827800, 1.85],
[1667914200, 2.41],
[1668000600, 3.7],
[1668087000, 3.7],
[1668173400, 3.7],
[1668259800, 3.7],
[1668346200, 3.7],
[1668432600, 3.7],
[1668519000, 3.7],
[1668605400, 2.69],
[1668691800, 2.5],
[1668778200, 2.56],
[1668864600, 2.56],
[1668951000, 2.56],
[1669037400, 2.56],
[1669123800, 2.95],
[1669210200, 2.65],
[1669296600, 3.01],
[1669383000, 2.97],
[1669469400, 2.97],
[1669555800, 2.97],
[1669642200, 2.97],
[1669728600, 3.01],
[1669815000, 2.98],
[1669901400, 2.98],
[1669987800, 3.26],
[1670074200, 3.17],
[1670160600, 3.17],
[1670247000, 3.17],
[1670333400, 3.17],
[1670419800, 2.29],
[1670506200, 2.93],
[1670592600, 2.29],
[1670679000, 2.29],
[1670765400, 2.29],
[1670851800, 2.29],
[1670938200, 2.55],
[1671024600, 2.55],
[1671111000, 2.55],
[1671197400, 2.55],
[1671283800, 2.55],
[1671370200, 3.03],
[1671456600, 2.67],
[1671543000, 3.03],
[1671629400, 3.03],
[1671715800, 3.03],
[1671802200, 3.03],
[1671888600, 3.03],
[1671975000, 2.81],
[1672061400, 2.81],
[1672147800, 2.81],
[1672234200, 2.81],
[1672320600, 2.81],
[1672407000, 2.97],
[1672493400, 2.97],
[1672579800, 2.97],
[1672666200, 2.75],
[1672752600, 2.75],
[1672839000, 2.75],
[1672925400, 2.5],
[1673011800, 2.89],
[1673098200, 2.67],
[1673184600, 2.7],
[1673271000, 3.03],
[1673357400, 2.99],
[1673443800, 2.99],
[1673530200, 3.75],
[1673616600, 3.93],
[1673703000, 3.51],
[1673789400, 5.49],
[1673875800, 4.02],
[1673962200, 4.77],
[1674048600, 4.77],
[1674135000, 4.84],
[1674221400, 5.49],
[1674307800, 5.49],
[1674394200, 4.13],
[1674480600, 4.87],
[1674567000, 4.87],
[1674653400, 4.87],
[1674739800, 3.37],
[1674826200, 2.51],
[1674912600, 2.52],
[1674999000, 2.5],
[1675085400, 2.63],
[1675171800, 2.59],
[1675258200, 2.56],
[1675344600, 2.88],
[1675431000, 3.83],
[1675517400, 2.5],
[1675603800, 2.52],
[1675690200, 2.52],
[1675776600, 2.61],
[1675863000, 3.07],
[1675949400, 1.25],
[1676035800, 2.69],
[1676122200, 1.42],
[1676208600, 1.42],
[1676295000, 3.3],
[1676381400, 2.53],
[1676467800, 1.46],
[1676554200, 2.75],
[1676640600, 2.96],
[1676727000, 2.76],
[1676813400, 2.69],
[1676899800, 2.74],
[1677072600, 3.19],
[1677159000, 2.83],
[1677245400, 3.51],
[1677331800, 3.51],
[1677418200, 3.18],
[1677504600, 4.33],
[1677591000, 3.24],
[1677677400, 3.7],
[1677763800, 3.95],
[1677850200, 4.39],
[1677936600, 4.39],
[1678023000, 4.39],
[1678109400, 4.42],
[1678195800, 2.47],
[1678282200, 2.47],
[1678368600, 2.41],
[1678455000, 2.41],
[1678541400, 3.15],
[1678627800, 3.19],
[1678714200, 3.19],
[1678800600, 3.19],
[1678887000, 3.18],
[1678973400, 3.2],
[1679059800, 3.2],
[1679146200, 3.26],
[1679232600, 4.24],
[1679319000, 4.24],
[1679405400, 4.85],
[1679491800, 4.24],
[1679578200, 4.24],
[1679664600, 4.24],
[1679751000, 4.16],
[1679837400, 4.16],
[1679923800, 4.63],
[1680010200, 4.26],
[1680096600, 4.26],
[1680183000, 4.26],
[1680269400, 3.91],
[1680355800, 3.91],
