[1633098600, 16.71],
[1633185000, 15.35],
[1633267800, 15.35],
[1633354200, 15.35],
[1633440600, 15.35],
[1633527000, 15.33],
[1633613400, 15.33],
[1633699800, 15.2],
[1633786200, 15.2],
[1633872600, 15.2],
[1633959000, 15.2],
[1634045400, 15.2],
[1634131800, 15.2],
[1634218200, 15.2],
[1634304600, 15.2],
[1634391000, 16.98],
[1634477400, 15],
[1634563800, 14.46],
[1634650200, 13.99],
[1634736600, 13.42],
[1634823000, 10.88],
[1634909400, 10.96],
[1634995800, 10.18],
[1635082200, 10.18],
[1635168600, 10.02],
[1635255000, 10.02],
[1635341400, 17.14],
[1635427800, 16.91],
[1635514200, 16.89],
[1635600600, 13.29],
[1635687000, 13.14],
[1635773400, 11.73],
[1635859800, 10.95],
[1635946200, 10.17],
[1636032600, 10.01],
[1636119000, 10.01],
[1636205400, 9.85],
[1636291800, 9.85],
[1636464600, 16.89],
[1636551000, 16.89],
[1636637400, 16.89],
[1636896600, 16.5],
[1636983000, 15.48],
[1637069400, 13.76],
[1637155800, 13.77],
[1637242200, 13.77],
[1637328600, 13.77],
[1637415000, 13.77],
[1637501400, 13.77],
[1637587800, 13.77],
[1637674200, 13.77],
[1637760600, 13.77],
[1637847000, 13.77],
[1637933400, 13.77],
[1638019800, 13.77],
[1638106200, 13.77],
[1638192600, 13.77],
[1638279000, 13.77],
[1638365400, 13.77],
[1638451800, 13.77],
[1638538200, 13.77],
[1638624600, 13.77],
[1638711000, 13.79],
[1638797400, 13.79],
[1638883800, 13.79],
[1638970200, 13.8],
[1639056600, 13.8],
[1639143000, 16.39],
[1639229400, 16.39],
[1639315800, 16.39],
[1639402200, 16.39],
[1639488600, 16.39],
[1639575000, 16.39],
[1639661400, 16.4],
[1639747800, 16.4],
[1639834200, 16.4],
[1639920600, 16.4],
[1640007000, 16.4],
[1640093400, 17.1],
[1640179800, 17.1],
[1640266200, 17.1],
[1640352600, 17.1],
[1640439000, 17.1],
[1640525400, 17.1],
[1640611800, 17.1],
[1640698200, 18.04],
[1640784600, 18.04],
[1640871000, 18.04],
[1640957400, 30.59],
[1641043800, 27.49],
[1641130200, 30.63],
[1641216600, 30.63],
[1641303000, 31.26],
[1641389400, 31.26],
[1641475800, 25.14],
[1641562200, 25.06],
[1641648600, 25.06],
[1641735000, 25.06],
[1641821400, 25.06],
[1641907800, 25.01],
[1641994200, 24.93],
[1642080600, 23.52],
[1642167000, 21.96],
[1642253400, 21.96],
[1642339800, 21.95],
[1642426200, 21.97],
[1642512600, 21.96],
[1642599000, 21.97],
[1642685400, 21.91],
[1642771800, 21.83],
[1642858200, 21.73],
[1642944600, 21.73],
[1643031000, 21.79],
[1643117400, 21.79],
[1643203800, 21.81],
[1643290200, 21.7],
[1643376600, 21.66],
[1643463000, 21.56],
[1643549400, 21.48],
[1643635800, 21.48],
[1643722200, 21.48],
[1643808600, 21.55],
[1643895000, 21.56],
[1643981400, 21.55],
[1644067800, 21.53],
[1644154200, 21.51],
[1644240600, 21.52],
[1644327000, 21.5],
[1644413400, 21.45],
[1644499800, 21.46],
[1644586200, 21.43],
[1644672600, 21.4],
[1644759000, 21.39],
[1644845400, 21.36],
[1644931800, 21.33],
[1645018200, 21.35],
[1645104600, 21.36],
[1645191000, 21.37],
[1645277400, 21.35],
[1645363800, 21.36],
[1645450200, 21.37],
[1645536600, 21.3],
[1645623000, 21.34],
[1645709400, 21.24],
[1645795800, 21.24],
[1645882200, 21.23],
[1645968600, 21.22],
[1646055000, 19.15],
[1646141400, 19.14],
[1646227800, 19.13],
[1646314200, 18.99],
[1646400600, 18.95],
[1646487000, 18.93],
[1646573400, 18.92],
[1646659800, 18.88],
[1646746200, 18.8],
[1646832600, 18.81],
[1646919000, 18.65],
[1647005400, 18.5],
[1647091800, 18.46],
[1647178200, 18.43],
[1647264600, 18.41],
[1647351000, 18.41],
[1647437400, 18.46],
[1647523800, 18.48],
[1647610200, 18.53],
[1647696600, 18.43],
[1647783000, 18.44],
[1647869400, 18.47],
[1647955800, 18.46],
[1648042200, 18.43],
[1648128600, 18.44],
[1648215000, 18.35],
[1648301400, 18.32],
[1648387800, 18.32],
[1648474200, 18.35],
[1648560600, 18.37],
[1648647000, 18.57],
[1648733400, 26.71],
[1648819800, 26.62],
[1648906200, 26.59],
[1648996200, 26.51],
[1649082600, 25.92],
[1649169000, 25.59],
[1649255400, 25.16],
[1649341800, 25.16],
[1649514600, 25.12],
[1649601000, 25.12],
[1649687400, 25.12],
[1649773800, 25.12],
[1649860200, 25.12],
[1649946600, 25.09],
[1650033000, 30.56],
[1650119400, 29.79],
[1650205800, 29.64],
[1650292200, 29.57],
[1650378600, 29.57],
[1650465000, 30.66],
[1650551400, 30.66],
[1650637800, 30.66],
[1650724200, 30.66],
[1650810600, 30.58],
[1650897000, 30.58],
[1650983400, 30.58],
[1651069800, 30.51],
[1651156200, 29.5],
[1651242600, 24.01],
[1651329000, 23.74],
[1651415400, 23.71],
[1651501800, 23.65],
[1651588200, 24.06],
[1651674600, 24.11],
[1651761000, 23.99],
[1651847400, 23.84],
[1651933800, 23.79],
[1652020200, 23.64],
[1652106600, 23.4],
[1652193000, 23.24],
[1652279400, 22.94],
[1652365800, 22.58],
[1652970600, 29.55],
[1653057000, 29.68],
[1653143400, 29.64],
[1653229800, 29.51],
[1653316200, 29.73],
[1653402600, 29.74],
[1653489000, 29.6],
[1653575400, 29.39],
[1653661800, 29.47],
[1653748200, 29.44],
[1653834600, 29.46],
[1653921000, 29.68],
[1654007400, 27.81],
[1654093800, 27.73],
[1654180200, 27.73],
[1654266600, 27.75],
[1654353000, 27.63],
[1654439400, 27.51],
[1654525800, 25.56],
[1654612200, 25.49],
[1654698600, 23.33],
[1654785000, 22.2],
[1654871400, 22.11],
[1654957800, 21.98],
[1655044200, 21.38],
[1655130600, 21.18],
[1655217000, 19.27],
[1655303400, 19.38],
[1655389800, 19.26],
[1655476200, 19.22],
[1655562600, 19.04],
[1655649000, 19.05],
[1655735400, 19.11],
[1655821800, 19.12],
[1655908200, 19.05],
[1655994600, 21.33],
[1656081000, 21.35],
[1656167400, 21.32],
[1656253800, 21.09],
[1656340200, 20.93],
[1656426600, 20.9],
[1656513000, 20.89],
[1656599400, 20.91],
[1656685800, 20.81],
[1656772200, 20.79],
[1656858600, 19.38],
[1656945000, 18.97],
[1657031400, 18.53],
[1657117800, 17.96],
[1657290600, 18.37],
[1657377000, 18.37],
[1657463400, 18.29],
[1657549800, 18.25],
[1657636200, 18.01],
[1657722600, 18],
[1657809000, 17.77],
[1657895400, 17.53],
[1657981800, 17.43],
[1658068200, 17.36],
[1658154600, 18.01],
[1658241000, 18.02],
[1658327400, 17.98],
[1658413800, 17.89],
[1658673000, 17.86],
[1658759400, 17.92],
[1658845800, 17.81],
[1658932200, 17.68],
[1659018600, 16.23],
[1659105000, 16.14],
[1659191400, 16.04],
[1659277800, 16.07],
[1659364200, 16.03],
[1659450600, 16.03],
[1659537000, 15.9],
[1659623400, 15.82],
[1659709800, 15.72],
[1659796200, 15.7],
[1659882600, 15.71],
[1659969000, 15.74],
[1660055400, 15.6],
[1660228200, 15.64],
[1660314600, 15.62],
[1660401000, 15.62],
[1660487400, 15.62],
[1660573800, 15.62],
[1660660200, 15.45],
[1660746600, 15.46],
[1660833000, 15.44],
[1660919400, 15.36],
[1661005800, 15.34],
[1661178600, 15.16],
[1661265000, 16.8],
[1661351400, 16.76],
[1661437800, 16.79],
[1661524200, 16.72],
[1661610600, 16.69],
[1661697000, 16.7],
[1661783400, 20],
[1661869800, 19.93],
[1661956200, 19.96],
[1662042600, 19.94],
[1662129000, 19.91],
[1662215400, 19.82],
[1662301800, 19.83],
[1662561000, 19.77],
[1662647400, 19.71],
[1662733800, 19.77],
[1662820200, 19.74],
[1662906600, 19.76],
[1662993000, 19.81],
[1663079400, 19.75],
[1663165800, 19.71],
[1663252200, 19.62],
[1663338600, 19.58],
[1663425000, 27.11],
[1663511400, 27.11],
[1663597800, 27.07],
[1663684200, 27.01],
[1663770600, 26.8],
[1663857000, 26.74],
[1663943400, 26.53],
[1664029800, 26.48],
[1664116200, 26.47],
[1664202600, 26.44],
[1664289000, 26.37],
[1664375400, 26.38],
[1664461800, 26.3],
[1664548200, 26.41],
[1664634600, 26.41],
[1664717400, 26.41],
[1664803800, 26.41],
[1664890200, 26.34],
[1664976600, 26.27],
[1665063000, 26.27],
[1665149400, 26.19],
[1665235800, 26.12],
[1665322200, 26.12],
[1665408600, 26.05],
[1665495000, 26.05],
[1665581400, 26.04],
[1665667800, 26.01],
[1665754200, 25.99],
[1665840600, 25.97],
[1665927000, 25.89],
[1666013400, 25.6],
[1666099800, 25.42],
[1666186200, 25.47],
[1666272600, 25.38],
[1666359000, 25.38],
[1666445400, 25.38],
[1666531800, 25.38],
[1666618200, 25.15],
[1666704600, 25.13],
[1666791000, 25.01],
[1666877400, 24.92],
[1666963800, 24.92],
[1667050200, 24.92],
[1667136600, 24.43],
[1667223000, 24.53],
[1667309400, 24.48],
[1667395800, 24.37],
[1667482200, 24.77],
[1667568600, 24.77],
[1667655000, 24.77],
[1667741400, 24.62],
[1667827800, 24.54],
[1667914200, 24.43],
[1668000600, 24.69],
[1668087000, 24.93],
[1668173400, 24.96],
[1668259800, 24.96],
[1668346200, 25.09],
[1668432600, 25.18],
[1668519000, 25.04],
[1668605400, 24.74],
[1668691800, 24.79],
[1668778200, 24.79],
[1668864600, 24.79],
[1668951000, 24.64],
[1669037400, 24.79],
[1669123800, 24.73],
[1669210200, 24.76],
[1669296600, 24.71],
[1669383000, 24.71],
[1669469400, 24.57],
[1669555800, 24.42],
[1669642200, 24.57],
[1669728600, 24.83],
[1669815000, 24.99],
[1669901400, 25.07],
[1669987800, 24.93],
[1670074200, 24.86],
[1670160600, 25.07],
[1670247000, 24.81],
[1670333400, 24.89],
[1670419800, 24.91],
[1670506200, 24.94],
[1670592600, 24.73],
[1670679000, 24.51],
[1670765400, 24.36],
[1670851800, 24.27],
[1670938200, 24.17],
[1671024600, 24.03],
[1671111000, 23.96],
[1671197400, 23.81],
[1671283800, 23.74],
[1671370200, 23.72],
[1671456600, 23.78],
[1671543000, 23.56],
[1671629400, 23.56],
[1671715800, 23.54],
[1671802200, 22.9],
[1671888600, 22.75],
[1671975000, 22.77],
[1672061400, 22.63],
[1672147800, 22.57],
[1672234200, 22.55],
[1672320600, 22.65],
[1672407000, 22.62],
[1672493400, 22.55],
[1672579800, 22.55],
[1672666200, 22.5],
[1672752600, 22.58],
[1672839000, 22.53],
[1672925400, 22.6],
[1673011800, 22.53],
[1673098200, 22.53],
[1673184600, 22.68],
[1673271000, 22.65],
[1673357400, 22.75],
[1673443800, 22.86],
[1673530200, 22.98],
[1673616600, 22.98],
[1673703000, 22.91],
[1673789400, 22.8],
[1673875800, 22.51],
[1673962200, 22.6],
[1674048600, 22.49],
[1674135000, 22.37],
[1674221400, 22.31],
[1674307800, 22.46],
[1674394200, 22.46],
[1674480600, 22.38],
[1674567000, 22.38],
[1674653400, 22.38],
[1674739800, 22.31],
[1674826200, 22.31],
[1674912600, 22.31],
[1674999000, 22.42],
[1675085400, 22.4],
[1675171800, 22.45],
[1675258200, 22.41],
[1675344600, 22.27],
[1675431000, 22.27],
[1675517400, 22.27],
[1675603800, 22.06],
[1675690200, 22.21],
[1675776600, 22.22],
[1675863000, 22.25],
[1675949400, 22.08],
[1676035800, 22.16],
[1676122200, 22.36],
[1676208600, 25.66],
[1676295000, 25.64],
[1676381400, 25.47],
[1676467800, 25.44],
[1676554200, 25.41],
[1676640600, 25.34],
[1676727000, 25.34],
[1676813400, 25.27],
[1676899800, 25.25],
[1677072600, 25.11],
[1677159000, 24.95],
[1677245400, 24.87],
[1677331800, 24.87],
[1677418200, 24.9],
[1677504600, 24.94],
[1677591000, 24.9],
[1677677400, 24.94],
[1677763800, 24.97],
[1677850200, 24.96],
[1677936600, 24.96],
[1678023000, 24.8],
[1678109400, 24.69],
[1678195800, 24.65],
[1678282200, 24.53],
[1678368600, 24.75],
[1678455000, 24.75],
[1678541400, 24.75],
[1678627800, 24.95],
[1678714200, 24.87],
[1678800600, 24.76],
[1678887000, 24.77],
[1678973400, 24.81],
[1679059800, 24.81],
[1679146200, 24.79],
[1679232600, 24.84],
[1679319000, 24.74],
[1679405400, 24.75],
[1679491800, 24.97],
[1679578200, 24.8],
[1679664600, 24.8],
[1679751000, 24.8],
[1679837400, 24.67],
[1679923800, 24.66],
[1680010200, 24.66],
[1680096600, 24.71],
[1680183000, 24.75],
[1680269400, 24.76],
[1680355800, 24.76],
