[[1633098600, 70.81],
[1633185000, 72.24],
[1633267800, 74.14],
[1633354200, 73.33],
[1633440600, 73.87],
[1633527000, 73.93],
[1633613400, 75.02],
[1633699800, 75.41],
[1633786200, 74.62],
[1636464600, 75.15],
[1636637400, 73.4],
[1636983000, 77.27],
[1637242200, 77.75],
[1637328600, 76.0],
[1637415000, 76.16],
[1637501400, 76.23],
[1637587800, 76.36],
[1637674200, 91.88],
[1637760600, 90.1],
[1638279000, 85.46],
[1638365400, 86.71],
[1638451800, 87.89],
[1638538200, 89.2],
[1638624600, 90.78],
[1638711000, 91.58],
[1638797400, 93.06],
[1639056600, 104.7],
[1639143000, 104.56],
[1639229400, 105.02],
[1639315800, 93.72],
[1639402200, 94.38],
[1639488600, 89.31],
[1639575000, 87.77],
[1639661400, 71.76],
[1639747800, 72.51],
[1639834200, 72.94],
[1640784600, 72.98],
[1640871000, 73.44],
[1640957400, 73.47],
[1641043800, 73.99],
[1641130200, 73.94],
[1641216600, 71.91],
[1641303000, 73.08],
[1641562200, 74.41],
[1641648600, 74.5],
[1641735000, 74.17],
[1641821400, 74.48],
[1641907800, 74.48],
[1641994200, 74.81],
[1642080600, 74.89],
[1642167000, 74.37],
[1642253400, 74.87],
[1662129000, 70.68],
[1662215400, 71.15],
[1662301800, 71.21],
[1662561000, 71.9],
[1662647400, 72.13],
[1667568600, 72.79],
[1667655000, 73.49],
[1667741400, 73.48],
[1667827800, 73.77],
[1667914200, 74.43],
[1668000600, 75.14],
[1668087000, 75.29],
[1668605400, 76.09],
[1668691800, 75.69],
[1668778200, 75.26],
[1668864600, 75.03],
[1668951000, 74.55],
[1669037400, 74.07],
[1669123800, 71.98],
[1669210200, 70.56],
[1669296600, 69.67],
[1669383000, 69.17],
[1669469400, 68.83],
[1669555800, 68.88],
[1669642200, 68.31],
[1671456600, 72.38],
[1671543000, 72.37],
[1671629400, 72.67],
[1671715800, 71.1],
[1671802200, 70.1],
[1671888600, 70.3],
[1671975000, 71.18],
[1672061400, 71.17],
[1672147800, 71.07],
[1672234200, 71.34],
[1672320600, 70.89],
[1672407000, 71.12],
[1672925400, 71.64],
[1673011800, 72.89],
[1673098200, 74.67],
[1673184600, 74.96],
[1673271000, 74.85],
[1673357400, 76.2],
[1673443800, 76.43],
[1674221400, 82.21],
[1674307800, 80.81],
[1674394200, 81.02],
[1674480600, 80.78],
[1674567000, 81.09],
[1674653400, 81.18],
[1674739800, 80.57],
[1674999000, 82.27],
[1675085400, 82.38],
[1675171800, 82.44],
[1675258200, 82.69],
[1675344600, 83.19],
[1675431000, 84.03],
[1675517400, 84.5],
[1676899800, 81.73],
[1677072600, 82.11],
[1677159000, 81.24],
[1677245400, 81.31],
[1677331800, 82.97],
[1677418200, 82.72],
[1677504600, 82.62],
[1677591000, 81.95],
[1677677400, 83.58],
[1677763800, 85.21],
[1677850200, 85.9],
[1677936600, 85.77],
[1678023000, 85.04],
[1678887000, 83.42],
[1678973400, 82.93],
[1679059800, 82.39],
[1679146200, 82.47],
[1679232600, 82.47],
[1679319000, 81.01],
[1679405400, 85.2],
[1679837400, 91.48],
[1679923800, 88.66],
[1680010200, 88.91],
[1680096600, 89.11],
[1680183000, 90.17],
[1680269400, 93.34],
[1680355800, 93.76],
[1680445800, 93.9],
[1680532200, 93.44],
[1680618600, 93.62],
[1680705000, 93.62]]
