[[1633098600, 0.9573],
[1633185000, 0.9515],
[1633267800, 0.8096],
[1633354200, 0.925],
[1633440600, 0.888],
[1633527000, 0.894],
[1633613400, 0.8954],
[1633699800, 0.8804],
[1633786200, 0.8795],
[1633872600, 0.8476],
[1633959000, 0.8502],
[1634045400, 0.986],
[1634131800, 0.8882],
[1634218200, 0.8548],
[1634304600, 0.8475],
[1634391000, 0.9066],
[1634477400, 0.8877],
[1634563800, 0.9261],
[1634650200, 0.855],
[1634736600, 0.9411],
[1634823000, 0.7541],
[1634909400, 0.8424],
[1634995800, 0.7871],
[1635082200, 0.7888],
[1635168600, 0.8054],
[1635255000, 0.8089],
[1635341400, 0.9578],
[1635427800, 0.9167],
[1635514200, 0.9423],
[1635600600, 0.9634],
[1635687000, 0.7339],
[1635859800, 0.9645],
[1636119000, 0.823],
[1636291800, 0.818],
[1636464600, 0.8317],
[1636637400, 0.9648],
[1636983000, 0.7603],
[1637242200, 0.8652],
[1637328600, 1.1181],
[1637415000, 0.9278],
[1637501400, 1.0528],
[1637587800, 1.0629],
[1637674200, 0.933],
[1637760600, 0.8899],
[1637847000, 0.8823],
[1637933400, 0.8991],
[1638019800, 0.8658],
[1638106200, 0.841],
[1638192600, 0.7143],
[1638279000, 0.7874],
[1638365400, 0.758],
[1638451800, 0.7918],
[1638538200, 0.8025],
[1638624600, 0.8156],
[1638970200, 0.8827],
[1639056600, 0.8819],
[1639143000, 0.8111],
[1639229400, 0.8648],
[1639315800, 0.8007],
[1639402200, 0.8536],
[1639488600, 0.8369],
[1639575000, 0.8226],
[1639661400, 0.7852],
[1639747800, 0.7807],
[1639834200, 0.8757],
[1640093400, 0.8472],
[1640179800, 0.8416],
[1640266200, 0.8408],
[1640352600, 0.8364],
[1640439000, 0.8395],
[1640525400, 0.8545],
[1640611800, 0.8372],
[1640698200, 0.9027],
[1640784600, 0.9082],
[1640871000, 0.8652],
[1641216600, 0.8649],
[1641303000, 0.8686],
[1641389400, 0.8428],
[1641475800, 0.8627],
[1641562200, 0.8694],
[1641648600, 0.8731],
[1641735000, 0.8967],
[1641907800, 1.1148],
[1641994200, 1.1359],
[1642080600, 1.0967],
[1642167000, 1.1187],
[1642253400, 1.1167],
[1642339800, 0.8221],
[1642426200, 0.8257],
[1642512600, 0.7838],
[1642599000, 0.8353],
[1642685400, 0.8338],
[1642771800, 0.825],
[1642858200, 0.7919],
[1643290200, 0.7654],
[1643376600, 0.6923],
[1643463000, 0.7018],
[1643549400, 0.7203],
[1643635800, 0.7203],
[1643722200, 0.7203],
[1643808600, 0.7129],
[1643895000, 0.6989],
[1643981400, 0.7578],
[1644067800, 0.7319],
[1644154200, 0.7704],
[1644240600, 0.7506],
[1644327000, 0.7159],
[1644413400, 0.7351],
[1644499800, 0.8836],
[1644586200, 0.7185],
[1644672600, 0.8148],
[1644759000, 0.7247],
[1644845400, 0.8959],
[1644931800, 0.8395],
[1645018200, 0.877],
[1645104600, 0.7963],
[1645191000, 0.8472],
[1645277400, 0.7705],
[1645363800, 0.8578],
[1645450200, 0.811],
[1645536600, 0.9316],
[1645623000, 0.832],
[1645709400, 0.8008],
[1645795800, 0.8534],
[1645882200, 1.0574],
[1645968600, 0.9758],
[1646055000, 0.8249],
[1646141400, 0.8873],
[1646400600, 0.8514],
[1646487000, 0.6305],
[1646659800, 0.7051],
[1646746200, 0.6911],
[1646832600, 0.7183],
[1647005400, 0.727],
[1647091800, 0.713],
[1647178200, 0.7316],
[1647437400, 0.5609],
[1647523800, 0.5175],
[1647696600, 0.5252],
[1647783000, 0.5258],
[1647869400, 0.628],
[1648042200, 0.565],
[1648128600, 0.5755],
[1648301400, 0.8618],
[1648474200, 0.5688],
[1648733400, 0.5591],
[1648906200, 0.5463],
[1649169000, 0.749],
[1649255400, 0.7187],
[1649341800, 0.613],
[1649514600, 0.6394],
[1649601000, 0.6303],
[1649687400, 0.6411],
[1649773800, 0.5899],
[1649860200, 0.5259],
[1649946600, 0.5047],
[1650033000, 0.4954],
[1650119400, 0.493],
[1650205800, 0.576],
[1650292200, 0.6067],
[1650378600, 0.5348],
[1650465000, 0.5397],
[1650551400, 0.5397],
[1650637800, 0.5397],
[1651674600, 0.663],
[1651761000, 0.656],
[1651847400, 0.6577],
[1651933800, 0.793],
[1652020200, 0.7983],
[1652106600, 0.7691],
[1652193000, 0.7738],
[1652970600, 0.8585],
[1653057000, 0.948],
[1653143400, 0.6072],
[1653229800, 0.938],
[1653316200, 0.9427],
[1653402600, 0.7761],
[1653489000, 0.8128],
[1653575400, 0.7787],
[1653661800, 0.7569],
[1653748200, 0.8168],
[1653834600, 0.7563],
[1653921000, 0.7825],
[1654007400, 0.813],
[1654093800, 0.8898],
[1654180200, 0.7505],
[1654266600, 0.7105],
[1654353000, 0.7043],
[1654439400, 0.6957],
[1654525800, 0.6916],
[1654612200, 0.675],
[1654698600, 0.6949],
[1654785000, 0.6887],
[1654871400, 0.6845],
[1654957800, 0.9452],
[1655044200, 0.9432],
[1655130600, 0.9463],
[1655217000, 0.9426],
[1655303400, 0.8584],
[1655389800, 0.8987],
[1655476200, 0.9044],
[1655562600, 0.7223],
[1655649000, 0.6466],
[1655735400, 0.6416],
[1655821800, 0.7598],
[1655908200, 0.7727],
[1655994600, 0.6399],
[1656081000, 0.6557],
[1656167400, 0.6687],
[1656253800, 0.675],
[1656340200, 0.6736],
[1656426600, 0.9403],
[1656513000, 0.8071],
[1656599400, 0.9508],
[1656685800, 0.9607],
[1656772200, 0.665],
[1656858600, 0.7873],
[1656945000, 0.7607],
[1657031400, 0.6748],
[1657117800, 0.6695],
[1657290600, 0.7042],
[1658068200, 0.7244],
[1658154600, 0.7235],
[1658241000, 0.721],
[1658327400, 0.7464],
[1658413800, 0.736],
[1658673000, 0.6436],
[1658759400, 0.6665],
[1658845800, 0.671],
[1658932200, 0.6645],
[1659018600, 0.6516],
[1659105000, 0.6511],
[1659191400, 0.7693],
[1659277800, 0.7839],
[1659364200, 0.7844],
[1659450600, 0.7163],
[1659537000, 0.6531],
[1659623400, 0.6722],
[1659709800, 0.6129],
[1659796200, 0.7651],
[1659882600, 0.6664],
[1659969000, 0.6664],
[1660055400, 0.6649],
[1660228200, 0.5959],
[1660314600, 0.6149],
[1660401000, 0.6149],
[1660487400, 0.6149],
[1660573800, 0.6149],
[1660660200, 0.6147],
[1660746600, 0.6484],
[1660833000, 0.5971],
[1660919400, 0.6104],
[1661005800, 0.6045],
[1661178600, 0.5794],
[1661265000, 0.5702],
[1661351400, 0.8653],
[1661437800, 0.8722],
[1661524200, 0.7574],
[1661610600, 0.7619],
[1661697000, 0.7602],
[1661783400, 0.7631],
[1661869800, 0.7597],
[1662647400, 0.8307],
[1662733800, 0.823],
[1662820200, 0.8158],
[1662906600, 0.8158],
[1662993000, 0.8175],
[1663079400, 0.8175],
[1663165800, 0.8277],
[1663425000, 0.9128],
[1663511400, 0.8824],
[1663597800, 0.8789],
[1663684200, 1.1279],
[1663770600, 0.7995],
[1663857000, 0.8444],
[1663943400, 0.8568],
[1664029800, 0.9792],
[1664116200, 0.9763],
[1664202600, 1.0299],
[1664375400, 0.7536],
[1664461800, 0.7622],
[1664548200, 0.7425],
[1664634600, 0.8175],
[1664717400, 0.7477],
[1664803800, 0.6959],
[1664890200, 0.7335],
[1664976600, 0.8201],
[1665063000, 0.7967],
[1665149400, 0.8],
[1665235800, 0.6616],
[1665322200, 0.6551],
[1665408600, 0.66],
[1665495000, 0.6644],
[1665754200, 0.4469],
[1665840600, 0.4552],
[1665927000, 0.4571],
[1666013400, 0.4574],
[1666099800, 0.4596],
[1666186200, 0.4566],
[1666272600, 0.4737],
[1667568600, 0.4824],
[1667655000, 0.492],
[1667741400, 0.4934],
[1667827800, 0.4881],
[1667914200, 1.2633],
[1668000600, 1.2697],
[1668087000, 1.2706],
[1668173400, 1.2814],
[1668259800, 1.2842],
[1668346200, 1.2742],
[1668432600, 1.2624],
[1668519000, 0.7443],
[1668605400, 1.0684],
[1668691800, 0.8552],
[1668778200, 0.8472],
[1668864600, 0.8462],
[1668951000, 0.8377],
[1669037400, 1.0276],
[1669987800, 0.5383],
[1670074200, 0.5241],
[1670160600, 0.8317],
[1670247000, 0.6507],
[1670333400, 0.6511],
[1670419800, 0.6406],
[1670506200, 0.6516],
[1670592600, 0.8381],
[1670679000, 0.8375],
[1671629400, 0.5494],
[1671715800, 0.543],
[1671802200, 0.5323],
[1671888600, 0.5119],
[1671975000, 0.5128],
[1672061400, 0.5115],
[1672147800, 0.5098],
[1672752600, 0.4039],
[1672839000, 0.4039],
[1672925400, 0.4063],
[1673011800, 0.4247],
[1673098200, 0.4281],
[1673184600, 0.4326],
[1673271000, 0.4597],
[1673875800, 0.6079],
[1673962200, 0.6371],
[1674048600, 0.6379],
[1674135000, 0.6375],
[1674221400, 0.6353],
[1674307800, 0.558],
[1674394200, 0.5916],
[1674480600, 0.5517],
[1674567000, 0.5524],
[1674653400, 0.5524],
[1674739800, 0.5498],
[1674826200, 0.5498],
[1675431000, 0.5853],
[1675517400, 0.5835],
[1675603800, 0.5856],
[1675690200, 0.5465],
[1675776600, 0.561],
[1675863000, 0.558],
[1675949400, 0.5468],
[1676035800, 0.6524],
[1676122200, 0.6721],
[1676208600, 0.6855],
[1676295000, 0.6306],
[1676381400, 0.6407],
[1676467800, 0.7399],
[1676554200, 0.7057],
[1676640600, 0.7361],
[1676727000, 0.7754],
[1676813400, 0.6121],
[1676899800, 0.4521],
[1677072600, 0.4563],
[1677159000, 0.4545],
[1677245400, 0.4529],
[1677331800, 0.4519],
[1677418200, 0.5519],
[1677504600, 0.5569],
[1677591000, 0.5509],
[1677677400, 0.5713],
[1677763800, 0.5744],
[1677850200, 0.5831],
[1677936600, 0.5987],
[1678368600, 0.4806],
[1678455000, 0.4865],
[1678541400, 0.4883],
[1678627800, 0.4862],
[1678714200, 0.4687],
[1678800600, 0.479],
[1678887000, 0.4654],
[1679923800, 0.4986],
[1680010200, 0.3962],
[1680096600, 0.4141],
[1680183000, 0.4188],
[1680269400, 0.3606],
[1680355800, 0.412],
[1680445800, 0.4146],
[1680532200, 0.4002],
[1680618600, 0.3628],
[1680705000, 0.3628]]
