[1635773400.0, 4.83],
[1635859800.0, 4.828],
[1635946200.0, 4.828],
[1636032600.0, 4.83],
[1636119000.0, 4.822],
[1636205400.0, 4.822],
[1636291800.0, 4.822],
[1636378200.0, 4.822],
[1636464600.0, 4.5440000000000005],
[1636551000.0, 5.758],
[1636637400.0, 4.538],
[1636723800.0, 4.928],
[1636810200.0, 4.928],
[1636896600.0, 4.930000000000001],
[1636983000.0, 4.924],
[1637069400.0, 4.92],
[1637155800.0, 4.922],
[1637242200.0, 4.922],
[1637328600.0, 4.922],
[1637415000.0, 4.922],
[1637501400.0, 4.922],
[1637587800.0, 4.922],
[1637674200.0, 4.926],
[1637760600.0, 4.926],
[1637847000.0, 4.926],
[1637933400.0, 4.926],
[1638019800.0, 4.926],
[1638106200.0, 4.776],
[1638192600.0, 5.359999999999999],
[1638279000.0, 5.359999999999999],
[1638365400.0, 5.359999999999999],
[1638451800.0, 5.356],
[1638538200.0, 5.356],
[1638624600.0, 10.245999999999999],
[1638711000.0, 4.872],
[1638797400.0, 4.872],
[1638883800.0, 4.872],
[1638970200.0, 5.002000000000001],
[1639056600.0, 5.000000000000001],
[1639143000.0, 5.000000000000001],
[1639229400.0, 4.992],
[1639315800.0, 5.022],
[1639402200.0, 5.022],
[1639488600.0, 5.022],
[1639575000.0, 4.96],
[1639661400.0, 5.118],
[1639747800.0, 4.852],
[1639834200.0, 5.224],
[1639920600.0, 5.168],
[1640007000.0, 5.168],
[1640093400.0, 5.168],
[1640179800.0, 5.168],
[1640266200.0, 5.168],
[1640352600.0, 5.152],
[1640439000.0, 5.152],
[1640525400.0, 5.152],
[1640611800.0, 5.152],
[1640698200.0, 5.152],
[1640784600.0, 5.152],
[1640871000.0, 5.152],
[1640957400.0, 5.152],
[1641043800.0, 5.216000000000001],
[1641130200.0, 5.18],
[1641216600.0, 5.064],
[1641303000.0, 5.438000000000001],
[1641389400.0, 5.438000000000001],
[1641475800.0, 5.438000000000001],
[1641562200.0, 5.436000000000001],
[1641648600.0, 5.432],
[1641735000.0, 5.432],
[1641821400.0, 5.432],
[1641907800.0, 5.422],
[1641994200.0, 5.422],
[1642080600.0, 5.426],
[1642167000.0, 5.426],
[1642253400.0, 5.432],
[1642339800.0, 5.436000000000001],
[1642426200.0, 5.446000000000001],
[1642512600.0, 5.442000000000001],
[1642599000.0, 5.446000000000001],
[1642685400.0, 11.152000000000001],
[1642771800.0, 11.154000000000002],
[1642858200.0, 11.146],
[1642944600.0, 11.142000000000001],
[1643031000.0, 11.176],
[1643117400.0, 11.178],
[1643203800.0, 11.184000000000001],
[1643290200.0, 11.13],
[1643376600.0, 10.914],
[1643463000.0, 5.496],
[1643549400.0, 5.688000000000001],
[1643635800.0, 5.688000000000001],
[1643722200.0, 5.688000000000001],
[1643808600.0, 11.134],
[1643895000.0, 11.136000000000001],
[1643981400.0, 11.066],
[1644067800.0, 11.058000000000002],
[1644154200.0, 11.048000000000002],
[1644240600.0, 11.062000000000001],
[1644327000.0, 11.052000000000001],
[1644413400.0, 11.058000000000002],
[1644499800.0, 11.692],
[1644586200.0, 11.804],
[1644672600.0, 11.784],
[1644759000.0, 11.788],
[1644845400.0, 11.824],
[1644931800.0, 11.850000000000001],
[1645018200.0, 11.864],
[1645104600.0, 6.42],
[1645191000.0, 11.873999999999999],
[1645277400.0, 11.866],
[1645363800.0, 6.864],
[1645450200.0, 11.873999999999999],
[1645536600.0, 11.882],
[1645623000.0, 11.902],
[1645709400.0, 11.888],
[1645795800.0, 11.892],
[1645882200.0, 11.854000000000001],
[1645968600.0, 11.844000000000001],
[1646055000.0, 11.274],
[1646141400.0, 5.782],
[1646227800.0, 5.78],
[1646314200.0, 5.78],
[1646400600.0, 5.774],
[1646487000.0, 5.764],
[1646573400.0, 5.7620000000000005],
[1646659800.0, 5.7620000000000005],
[1646746200.0, 5.37],
[1646832600.0, 5.3740000000000006],
[1646919000.0, 5.368],
[1647005400.0, 5.348000000000001],
[1647091800.0, 5.398000000000001],
[1647178200.0, 5.392],
[1647264600.0, 5.388000000000001],
[1647351000.0, 5.380000000000001],
[1647437400.0, 5.394],
[1647523800.0, 5.4],
[1647610200.0, 5.388000000000001],
[1647696600.0, 5.378000000000001],
[1647783000.0, 5.388000000000001],
[1647869400.0, 5.392],
[1647955800.0, 5.384],
[1648042200.0, 5.38],
[1648128600.0, 5.329410984068353],
[1648215000.0, 5.393646285782861],
[1648301400.0, 3.838],
[1648387800.0, 3.836],
[1648474200.0, 3.8300000000000005],
[1648560600.0, 3.8340000000000005],
[1648647000.0, 3.8440000000000003],
[1648733400.0, 3.846],
[1648819800.0, 3.8320000000000007],
[1648906200.0, 4.742000000000001],
[1648996200.0, 4.74],
[1649082600.0, 4.7219999999999995],
[1649169000.0, 4.716],
[1649255400.0, 4.5840000000000005],
[1649341800.0, 4.5840000000000005],
[1649428200.0, 4.632000000000001],
[1649514600.0, 9.76],
[1649601000.0, 9.76],
[1649687400.0, 9.76],
[1649773800.0, 9.76],
[1649860200.0, 9.758],
[1649946600.0, 4.51],
[1650033000.0, 4.386],
[1650119400.0, 4.3420000000000005],
[1650205800.0, 4.346],
[1650292200.0, 4.198],
[1650378600.0, 4.194000000000001],
[1650465000.0, 4.156],
[1650551400.0, 4.156],
[1650637800.0, 4.156],
[1650724200.0, 4.5440000000000005],
[1650810600.0, 4.542],
[1650897000.0, 4.542],
[1650983400.0, 4.54],
[1651069800.0, 4.4799999999999995],
[1651156200.0, 4.354],
[1651242600.0, 4.354],
[1651329000.0, 7.7299999999999995],
[1651415400.0, 8.562000000000001],
[1651501800.0, 8.143999999999998],
[1651588200.0, 7.998],
[1651674600.0, 8.008],
[1651761000.0, 7.966000000000001],
[1651847400.0, 6.424000000000001],
[1651933800.0, 6.4079999999999995],
[1652020200.0, 6.406000000000001],
[1652106600.0, 6.378],
[1652193000.0, 6.376],
[1652279400.0, 6.369999999999999],
[1652365800.0, 6.544],
[1652452200.0, 6.542],
[1652538600.0, 6.536000000000001],
[1652625000.0, 6.5200000000000005],
[1652711400.0, 6.744],
[1652797800.0, 6.456],
[1652884200.0, 6.192],
[1652970600.0, 6.214],
[1653057000.0, 6.404000000000001],
[1653143400.0, 6.3839999999999995],
[1653229800.0, 4.668],
[1653316200.0, 4.7],
[1653402600.0, 4.700000000000001],
[1653489000.0, 4.680000000000001],
[1653575400.0, 4.646000000000001],
[1653661800.0, 4.656000000000001],
[1653748200.0, 6.363999999999999],
[1653834600.0, 6.366],
[1653921000.0, 6.412000000000001],
[1654007400.0, 6.4079999999999995],
[1654093800.0, 6.392],
[1654180200.0, 6.402000000000001],
[1654266600.0, 6.404000000000001],
[1654353000.0, 6.394],
[1654439400.0, 6.394],
[1654525800.0, 6.396],
[1654612200.0, 6.377999999999999],
[1654698600.0, 6.36],
[1654785000.0, 6.344],
[1654871400.0, 6.318],
[1654957800.0, 6.386],
[1655044200.0, 6.320000000000001],
[1655130600.0, 6.298],
[1655217000.0, 6.376],
[1655303400.0, 6.768000000000001],
[1655389800.0, 6.773999999999999],
[1655476200.0, 6.854000000000001],
[1655562600.0, 6.818],
[1655649000.0, 6.8199999999999985],
[1655735400.0, 7.17],
[1655821800.0, 7.0920000000000005],
[1655908200.0, 7.074000000000001],
[1655994600.0, 6.914],
[1656081000.0, 6.9220000000000015],
[1656167400.0, 6.790000000000001],
[1656253800.0, 6.788000000000001],
[1656340200.0, 6.788000000000001],
[1656426600.0, 6.840000000000001],
[1656513000.0, 6.836000000000001],
[1656599400.0, 6.838000000000001],
[1656685800.0, 6.830000000000001],
[1656772200.0, 6.824000000000001],
[1656858600.0, 6.8260000000000005],
[1656945000.0, 6.840000000000001],
[1657031400.0, 6.351999999999999],
[1657117800.0, 6.35],
[1657204200.0, 6.1739999999999995],
[1657290600.0, 6.632],
[1657377000.0, 6.632],
[1657463400.0, 7.05],
[1657549800.0, 5.244],
[1657636200.0, 7.023999999999999],
[1657722600.0, 5.174000000000001],
[1657809000.0, 5.151999999999999],
[1657895400.0, 4.960000000000001],
[1657981800.0, 4.946000000000001],
[1658068200.0, 4.942],
[1658154600.0, 4.958],
[1658241000.0, 4.958],
[1658327400.0, 4.944],
[1658413800.0, 4.8740000000000006],
[1658500200.0, 4.8740000000000006],
[1658586600.0, 4.8180000000000005],
[1658673000.0, 4.632],
[1658759400.0, 4.884],
[1658845800.0, 4.846000000000001],
[1658932200.0, 5.087999999999999],
[1659018600.0, 5.094],
[1659105000.0, 5.09],
[1659191400.0, 5.08],
[1659277800.0, 5.087999999999999],
[1659364200.0, 5.0760000000000005],
[1659450600.0, 5.078000000000001],
[1659537000.0, 5.082],
[1659623400.0, 5.084],
[1659709800.0, 4.846000000000001],
[1659796200.0, 4.8340000000000005],
[1659882600.0, 4.808000000000001],
[1659969000.0, 6.536000000000001],
[1660055400.0, 6.586],
[1660141800.0, 6.604000000000001],
[1660228200.0, 6.598000000000002],
[1660314600.0, 4.814],
[1660401000.0, 4.814],
[1660487400.0, 4.814],
[1660573800.0, 4.814],
[1660660200.0, 4.722],
[1660746600.0, 4.696],
[1660833000.0, 4.682],
[1660919400.0, 4.658000000000001],
[1661005800.0, 4.710000000000001],
[1661092200.0, 4.710000000000001],
[1661178600.0, 4.7],
[1661265000.0, 4.696],
[1661351400.0, 4.686000000000001],
[1661437800.0, 4.606],
[1661524200.0, 4.588],
[1661610600.0, 4.426],
[1661697000.0, 4.402],
[1661783400.0, 4.396],
[1661869800.0, 4.396],
[1661956200.0, 4.404],
[1662042600.0, 4.336],
[1662129000.0, 4.328000000000001],
[1662215400.0, 4.332000000000001],
[1662301800.0, 4.386],
[1662388200.0, 4.36],
[1662474600.0, 4.343999999999999],
[1662561000.0, 4.326],
[1662647400.0, 4.305999999999999],
[1662733800.0, 4.3100000000000005],
[1662820200.0, 4.252000000000001],
[1662906600.0, 4.250000000000001],
[1662993000.0, 4.26],
[1663079400.0, 4.248],
[1663165800.0, 4.698],
[1663252200.0, 4.674],
[1663338600.0, 4.64],
[1663425000.0, 4.462000000000001],
[1663511400.0, 4.462000000000001],
[1663597800.0, 4.468],
[1663684200.0, 4.458],
[1663770600.0, 4.122000000000001],
[1663857000.0, 4.5600000000000005],
[1663943400.0, 4.5280000000000005],
[1664029800.0, 4.5200000000000005],
[1664116200.0, 4.504],
[1664202600.0, 4.497999999999999],
[1664289000.0, 4.474],
[1664375400.0, 4.486000000000001],
[1664461800.0, 4.458],
[1664548200.0, 4.144],
[1664634600.0, 4.416],
[1664717400.0, 5.034000000000001],
[1664803800.0, 5.034000000000001],
[1664890200.0, 5.034000000000001],
[1664976600.0, 5.034000000000001],
[1665063000.0, 5.034000000000001],
[1665149400.0, 5.034000000000001],
[1665235800.0, 5.03],
[1665322200.0, 5.002000000000001],
[1665408600.0, 5],
[1665495000.0, 4.998],
[1665581400.0, 4.994000000000001],
[1665667800.0, 4.974],
[1665754200.0, 4.96],
[1665840600.0, 4.944000000000001],
[1665927000.0, 4.912000000000001],
[1666013400.0, 4.8180000000000005],
[1666099800.0, 4.798],
[1666186200.0, 4.796],
[1666272600.0, 4.774],
[1666359000.0, 4.774],
[1666445400.0, 4.774],
[1666531800.0, 4.774],
[1666618200.0, 4.732],
[1666704600.0, 4.79],
[1666791000.0, 4.8660000000000005],
[1666877400.0, 4.848000000000001],
[1666963800.0, 4.848000000000001],
[1667050200.0, 4.848000000000001],
[1667136600.0, 4.786],
[1667223000.0, 4.422000000000001],
[1667309400.0, 4.546],
[1667395800.0, 4.5360000000000005],
[1667482200.0, 4.604000000000001],
[1667568600.0, 4.598],
[1667655000.0, 4.594],
[1667741400.0, 4.6259999999999994],
[1667827800.0, 4.62],
[1667914200.0, 4.6240000000000006],
[1668000600.0, 4.660000000000001],
[1668087000.0, 4.706],
[1668173400.0, 5.932],
[1668259800.0, 5.932],
[1668346200.0, 5.960000000000001],
[1668432600.0, 4.766],
[1668519000.0, 4.738],
[1668605400.0, 4.69],
[1668691800.0, 4.714],
[1668778200.0, 4.714],
[1668864600.0, 4.714],
[1668951000.0, 4.682],
[1669037400.0, 4.696],
[1669123800.0, 4.684],
[1669210200.0, 4.688000000000001],
[1669296600.0, 4.680000000000001],
[1669383000.0, 4.680000000000001],
[1669469400.0, 4.680000000000001],
[1669555800.0, 4.65],
[1669642200.0, 4.952],
[1669728600.0, 4.734],
[1669815000.0, 4.760000000000001],
[1669901400.0, 4.7780000000000005],
[1669987800.0, 4.774],
[1670074200.0, 4.774],
[1670160600.0, 4.814],
[1670247000.0, 4.792],
[1670333400.0, 4.808000000000001],
[1670419800.0, 4.812],
[1670506200.0, 4.792],
[1670592600.0, 4.792],
[1670679000.0, 4.792],
[1670765400.0, 4.7780000000000005],
[1670851800.0, 4.804],
[1670938200.0, 4.798],
[1671024600.0, 4.782000000000001],
[1671111000.0, 4.5280000000000005],
[1671197400.0, 4.466],
[1671283800.0, 4.496],
[1671370200.0, 4.2700000000000005],
[1671456600.0, 4.279999999999999],
[1671543000.0, 4.668000000000001],
[1671629400.0, 4.582000000000001],
[1671715800.0, 4.595999999999999],
[1671802200.0, 4.616],
[1671888600.0, 4.616],
[1671975000.0, 4.632],
[1672061400.0, 4.73],
[1672147800.0, 4.720000000000001],
[1672234200.0, 4.728000000000001],
[1672320600.0, 4.773999999999999],
[1672407000.0, 4.569999999999999],
[1672493400.0, 4.569999999999999],
[1672579800.0, 4.569999999999999],
[1672666200.0, 4.561999999999999],
[1672752600.0, 4.578000000000001],
[1672839000.0, 4.58],
[1672925400.0, 4.61],
[1673011800.0, 4.61],
[1673098200.0, 4.61],
[1673184600.0, 4.314],
[1673271000.0, 4.312],
[1673357400.0, 4.314],
[1673443800.0, 4.678],
[1673530200.0, 4.704],
[1673616600.0, 4.704],
[1673703000.0, 4.358],
[1673789400.0, 4.340000000000001],
[1673875800.0, 4.312],
[1673962200.0, 4.282],
[1674048600.0, 4.264],
[1674135000.0, 4.272],
[1674221400.0, 4.180000000000001],
[1674307800.0, 5.3],
[1674394200.0, 5.286],
[1674480600.0, 5.282],
[1674567000.0, 5.2780000000000005],
[1674653400.0, 5.279999999999999],
[1674739800.0, 4.386],
[1674826200.0, 4.386],
[1674912600.0, 4.784000000000001],
[1674999000.0, 4.8100000000000005],
[1675085400.0, 4.806],
[1675171800.0, 4.814],
[1675258200.0, 4.48],
[1675344600.0, 4.554],
[1675431000.0, 5.182],
[1675517400.0, 5.14],
[1675603800.0, 5.126],
[1675690200.0, 5.5120000000000005],
[1675776600.0, 5.5600000000000005],
[1675863000.0, 5.5600000000000005],
[1675949400.0, 5.5600000000000005],
