[1635773400.0, 0.7428476380572189],
[1635859800.0, 0.8261122757978107],
[1635946200.0, 0.8970473970473971],
[1636032600.0, 0.8325128926394748],
[1636119000.0, 1.0441381230854916],
[1636205400.0, 1.019910888331941],
[1636291800.0, 0.9003527336860667],
[1636378200.0, 0.9017384731670445],
[1636464600.0, 0.8064083820662767],
[1636551000.0, 0.7305500767039227],
[1636637400.0, 0.8957671957671958],
[1636723800.0, 0.8724423724423725],
[1636810200.0, 0.8262012012012012],
[1636896600.0, 0.7232668566001901],
[1636983000.0, 0.7702729044834308],
[1637069400.0, 0.772655634357762],
[1637155800.0, 0.7913325696830851],
[1637242200.0, 0.7799220272904485],
[1637328600.0, 0.6764870931537599],
[1637415000.0, 0.6526526526526526],
[1637501400.0, 0.6835902888534469],
[1637587800.0, 0.7182280319535223],
[1637674200.0, 0.6775495875021942],
[1637760600.0, 0.7394116604642922],
[1637847000.0, 0.7170584045584046],
[1637933400.0, 0.6808491418247516],
[1638019800.0, 0.991866866866867],
[1638106200.0, 0.8996913580246916],
[1638192600.0, 0.8347479423868311],
[1638279000.0, 0.44639376218323595],
[1638365400.0, 0.5286656519533232],
[1638451800.0, 0.5116334283000951],
[1638538200.0, 0.49537037037037035],
[1638624600.0, 0.4724426807760142],
[1638711000.0, 0.4852320675105485],
[1638797400.0, 0.4808121374386434],
[1638883800.0, 0.8318809005083514],
[1638970200.0, 0.8295540438397582],
[1639056600.0, 0.8344671201814059],
[1639143000.0, 0.7810457516339869],
[1639229400.0, 0.766158315177923],
[1639315800.0, 0.7685185185185186],
[1639402200.0, 0.7229210342417891],
[1639488600.0, 0.7730573710965868],
[1639575000.0, 0.7665214233841684],
[1639661400.0, 0.7374727668845314],
[1639747800.0, 0.7732426303854875],
[1639834200.0, 0.8055555555555554],
[1639920600.0, 0.7728860936408105],
[1640007000.0, 0.894675925925926],
[1640093400.0, 0.7253668763102725],
[1640179800.0, 0.7243589743589745],
[1640266200.0, 0.7133190883190884],
[1640352600.0, 0.672476397966594],
[1640439000.0, 0.6752136752136753],
[1640525400.0, 0.719954648526077],
[1640611800.0, 0.671750181554103],
[1640698200.0, 0.7515432098765432],
[1640784600.0, 0.7307407407407408],
[1640871000.0, 0.7548148148148148],
[1640957400.0, 0.7762660619803476],
[1641043800.0, 0.7374074074074074],
[1641130200.0, 0.7663514578408197],
[1641216600.0, 0.751929012345679],
[1641303000.0, 0.7399848828420256],
[1641389400.0, 0.7501889644746786],
[1641475800.0, 0.7225853304284676],
[1641562200.0, 0.7262962962962964],
[1641648600.0, 0.7476851851851852],
[1641735000.0, 0.7411265432098765],
[1641821400.0, 0.7207407407407407],
[1641907800.0, 0.7362962962962962],
[1641994200.0, 0.7164124909222949],
[1642080600.0, 0.7133190883190884],
[1642167000.0, 0.7265795206971677],
[1642253400.0, 0.6972934472934473],
[1642339800.0, 0.7475434618291762],
[1642426200.0, 0.7251270878721859],
[1642512600.0, 0.8046820405310973],
[1642599000.0, 0.8007544581618656],
[1642685400.0, 0.8333333333333333],
[1642771800.0, 0.8641975308641976],
[1642858200.0, 0.8313492063492064],
[1642944600.0, 0.808531746031746],
[1643031000.0, 0.769980506822612],
[1643117400.0, 0.7936507936507935],
[1643203800.0, 0.8148148148148148],
[1643290200.0, 0.7523148148148149],
[1643376600.0, 0.7715099715099716],
[1643463000.0, 0.8418336369156043],
[1643549400.0, 0.8537037037037036],
[1643635800.0, 0.8537037037037036],
[1643722200.0, 0.8537037037037036],
[1643808600.0, 0.826423438363737],
[1643895000.0, 0.855119825708061],
[1643981400.0, 1.0118135376756066],
[1644067800.0, 0.9494195688225537],
[1644154200.0, 0.8290043290043291],
[1644240600.0, 0.7254150702426564],
[1644327000.0, 0.788888888888889],
[1644413400.0, 0.6868131868131868],
[1644499800.0, 0.7248108323377143],
[1644586200.0, 0.7574862096138693],
[1644672600.0, 0.8764679313459802],
[1644759000.0, 0.9391860996799267],
[1644845400.0, 0.9168871252204585],
[1644931800.0, 0.9193121693121695],
[1645018200.0, 0.9233115468409585],
[1645104600.0, 0.8772045855379189],
[1645191000.0, 0.8292633292633291],
[1645277400.0, 0.841066341066341],
[1645363800.0, 0.8876117496807152],
[1645450200.0, 1.008130081300813],
[1645536600.0, 0.9332084893882647],
[1645623000.0, 1.0269573370839193],
[1645709400.0, 1.0541125541125542],
[1645795800.0, 0.9740740740740741],
[1645882200.0, 0.9722222222222222],
[1645968600.0, 0.9672021419009371],
[1646055000.0, 1.0041152263374487],
[1646141400.0, 0.9356368563685636],
[1646227800.0, 0.9214636323070059],
[1646314200.0, 0.9052028218694885],
[1646400600.0, 0.866884531590414],
[1646487000.0, 0.9062782294489611],
[1646573400.0, 0.8882195448460509],
[1646659800.0, 0.9224965706447188],
[1646746200.0, 0.8923611111111109],
[1646832600.0, 0.8788091889357713],
[1646919000.0, 0.857796067672611],
[1647005400.0, 0.8324299909665762],
[1647091800.0, 0.8328871039714414],
[1647178200.0, 0.8425925925925927],
[1647264600.0, 0.8041394335511981],
[1647351000.0, 0.8198257080610022],
[1647437400.0, 0.8035334184759471],
[1647523800.0, 0.8112373737373739],
[1647610200.0, 0.7811447811447813],
[1647696600.0, 0.8152454780361758],
[1647783000.0, 0.8267347807577692],
[1647869400.0, 0.8384418901660279],
[1647955800.0, 0.8524831649831651],
[1648042200.0, 0.8646885521885522],
[1648128600.0, 0.8688973063973064],
[1648215000.0, 0.8819444444444444],
[1648301400.0, 0.8819444444444445],
[1648387800.0, 0.8865740740740742],
[1648474200.0, 0.8732833957553059],
[1648560600.0, 0.8820224719101124],
[1648647000.0, 0.8824386183936747],
[1648733400.0, 0.9502057613168725],
[1648819800.0, 0.9281400966183575],
[1648906200.0, 0.9095977698128236],
[1648996200.0, 0.8912783751493428],
[1649082600.0, 0.8940661091198725],
[1649169000.0, 1.0055555555555555],
[1649255400.0, 0.984903381642512],
[1649341800.0, 1.0673202614379085],
[1649428200.0, 0.9284077892325316],
[1649514600.0, 0.9901497241922775],
[1649601000.0, 1.0637626262626263],
[1649687400.0, 1.0185185185185184],
[1649773800.0, 0.9826388888888888],
[1649860200.0, 0.889957264957265],
[1649946600.0, 0.9678760393046106],
[1650033000.0, 0.9438997821350764],
[1650119400.0, 0.9089364593951751],
[1650205800.0, 0.8783300844704353],
[1650292200.0, 0.9928193499622071],
[1650378600.0, 0.9321581196581196],
[1650465000.0, 0.8922558922558921],
[1650551400.0, 0.8922558922558921],
[1650637800.0, 0.8922558922558921],
[1650724200.0, 1.0116959064327486],
[1650810600.0, 1.015239197530864],
[1650897000.0, 0.9867190422745976],
[1650983400.0, 0.9825925925925926],
[1651069800.0, 0.9181948939230493],
[1651156200.0, 0.9177350427350428],
[1651242600.0, 0.8705467372134039],
[1651329000.0, 0.8925925925925925],
[1651415400.0, 0.9194101508916324],
[1651501800.0, 0.9465608465608465],
[1651588200.0, 0.9209876543209875],
[1651674600.0, 0.8745960725826498],
[1651761000.0, 0.7703703703703704],
[1651847400.0, 0.8318060328369606],
[1651933800.0, 0.8599773242630385],
[1652020200.0, 0.8561173533083645],
[1652106600.0, 0.7533472439575725],
[1652193000.0, 0.8115577889447236],
[1652279400.0, 0.7797125483692648],
[1652365800.0, 1.0118055555555554],
[1652452200.0, 0.8280007756447546],
[1652538600.0, 0.8176118827160493],
[1652625000.0, 0.7974129908803276],
[1652711400.0, 0.8793709911028346],
[1652797800.0, 0.9433486741179048],
[1652884200.0, 1.0026620370370372],
[1652970600.0, 1.0488095238095236],
[1653057000.0, 0.9413580246913579],
[1653143400.0, 0.9397530864197532],
[1653229800.0, 0.9304001988565745],
[1653316200.0, 0.904074074074074],
[1653402600.0, 0.8589466089466091],
[1653489000.0, 0.7359846184982799],
[1653575400.0, 0.7815460809646856],
[1653661800.0, 0.778114478114478],
[1653748200.0, 0.8548777535705641],
[1653834600.0, 0.7890450691655513],
[1653921000.0, 0.7155172413793103],
[1654007400.0, 0.7450914770191878],
[1654093800.0, 0.7582612552672432],
[1654180200.0, 0.757087334247828],
[1654266600.0, 0.8144368858654573],
[1654353000.0, 0.8553408480944712],
[1654439400.0, 0.724721654169507],
[1654525800.0, 0.7668082094833686],
[1654612200.0, 0.7429126657521719],
[1654698600.0, 0.7286195286195286],
[1654785000.0, 0.7299954275262919],
[1654871400.0, 0.7815764482431149],
[1654957800.0, 0.7217915590008612],
[1655044200.0, 0.7221132897603486],
[1655130600.0, 0.6996007984031934],
[1655217000.0, 0.7342704149933066],
[1655303400.0, 0.7250712250712251],
[1655389800.0, 0.7199074074074072],
[1655476200.0, 0.7445842068483578],
[1655562600.0, 0.7483870967741936],
[1655649000.0, 0.7244152046783625],
[1655735400.0, 0.6800894854586129],
[1655821800.0, 0.7562530062530062],
[1655908200.0, 0.7430254930254931],
[1655994600.0, 0.7649853801169587],
[1656081000.0, 0.7242664742664744],
[1656167400.0, 0.8203017832647461],
[1656253800.0, 0.8192112976285639],
[1656340200.0, 0.8509056501757233],
[1656426600.0, 0.8109739368998629],
[1656513000.0, 0.7781635802469136],
[1656599400.0, 0.8239398819108965],
[1656685800.0, 0.7790637860082307],
[1656772200.0, 0.7987916995009191],
[1656858600.0, 0.7982387982387982],
[1656945000.0, 0.7519753086419753],
[1657031400.0, 0.7456206206206206],
[1657117800.0, 0.6981108625403927],
[1657204200.0, 0.7646604938271607],
[1657290600.0, 0.7978723404255318],
[1657377000.0, 0.8543472550564749],
[1657463400.0, 0.7482449770031468],
[1657549800.0, 0.8425925925925924],
[1657636200.0, 0.9050224466891134],
[1657722600.0, 0.8350051440329218],
[1657809000.0, 0.7999512670565301],
[1657895400.0, 0.7948898265353962],
[1657981800.0, 0.7945382090951711],
[1658068200.0, 0.7975537265660723],
[1658154600.0, 0.8620309050772628],
[1658241000.0, 0.8185871056241427],
[1658327400.0, 0.8016027723630064],
[1658413800.0, 0.9018518518518519],
[1658500200.0, 0.834622597280825],
[1658586600.0, 0.8428270042194095],
[1658673000.0, 0.8566878980891721],
[1658759400.0, 0.8362403100775193],
[1658845800.0, 0.8316402116402116],
[1658932200.0, 0.7488292890591741],
[1659018600.0, 0.8514001806684734],
[1659105000.0, 0.9011954992967651],
[1659191400.0, 0.9306156806156808],
[1659277800.0, 0.961135477582846],
[1659364200.0, 0.9983623078861174],
[1659450600.0, 0.9301994301994301],
[1659537000.0, 0.9112466124661246],
[1659623400.0, 0.9157633242999097],
[1659709800.0, 0.9257105943152455],
[1659796200.0, 0.8343795773174305],
[1659882600.0, 0.9357159707478178],
[1659969000.0, 0.8153409090909092],
[1660055400.0, 0.9018863584080977],
[1660141800.0, 0.8727130745203036],
[1660228200.0, 0.925576519916143],
[1660314600.0, 0.8253086419753086],
[1660401000.0, 0.8253086419753086],
[1660487400.0, 0.8253086419753086],
[1660573800.0, 0.8253086419753086],
[1660660200.0, 0.7588961510530139],
[1660746600.0, 0.7648874364560638],
[1660833000.0, 0.7441402755412417],
[1660919400.0, 0.7696649029982363],
[1661005800.0, 0.7668793195108985],
[1661092200.0, 0.7608465608465607],
[1661178600.0, 0.7357450473729544],
[1661265000.0, 0.7500865351332641],
[1661351400.0, 0.8168934240362813],
[1661437800.0, 0.7541928721174002],
[1661524200.0, 0.7350559862187769],
[1661610600.0, 0.7318276220145379],
[1661697000.0, 0.7560163850486431],
[1661783400.0, 0.7784765897973446],
[1661869800.0, 0.6191333033438297],
[1661956200.0, 0.6091731266149871],
[1662042600.0, 0.5974392361111109],
[1662129000.0, 0.6680911680911682],
[1662215400.0, 0.7035330261136711],
[1662301800.0, 0.7235629294452821],
[1662388200.0, 0.6415942691662857],
[1662474600.0, 0.6582984658298466],
[1662561000.0, 0.7027735498055133],
[1662647400.0, 0.7282038675843985],
[1662733800.0, 0.7274774774774774],
[1662820200.0, 0.7020128824476651],
[1662906600.0, 0.7133333333333334],
[1662993000.0, 0.7169191919191918],
[1663079400.0, 0.7690329218106998],
[1663165800.0, 0.6854332010582012],
[1663252200.0, 0.8126145947928125],
[1663338600.0, 0.8093947606142727],
[1663425000.0, 0.7348181514848181],
[1663511400.0, 0.7468013468013467],
[1663597800.0, 0.7380829903978054],
[1663684200.0, 0.7228865636937387],
[1663770600.0, 0.772160786378796],
[1663857000.0, 0.8014960773581464],
[1663943400.0, 0.8855037833532456],
[1664029800.0, 0.7351010101010099],
[1664116200.0, 0.7669312169312169],
[1664202600.0, 0.7876129718234983],
[1664289000.0, 0.8187429854096522],
[1664375400.0, 0.7480413105413105],
[1664461800.0, 0.8435333729451375],
[1664548200.0, 0.8188239786177931],
[1664634600.0, 0.8367552334943641],
[1664717400.0, 0.861925111925112],
[1664803800.0, 0.8108747044917257],
[1664890200.0, 0.7951448858184611],
[1664976600.0, 0.7676603432700995],
[1665063000.0, 0.8623489799960388],
[1665149400.0, 0.8506235827664398],
[1665235800.0, 0.8282736288200769],
[1665322200.0, 0.8777379530067702],
[1665408600.0, 0.8411458333333331],
[1665495000.0, 0.8520389075944631],
[1665581400.0, 0.8696952160493826],
[1665667800.0, 0.861672278338945],
[1665754200.0, 0.8216423494201269],
[1665840600.0, 0.8680439233203054],
[1665927000.0, 0.8347222222222221],
[1666013400.0, 0.8374183006535947],
[1666099800.0, 0.8257080610021788],
[1666186200.0, 0.8460475400773908],
[1666272600.0, 0.8505683901723504],
[1666359000.0, 0.8670536207849643],
[1666445400.0, 0.7141951837769329],
[1666531800.0, 0.6330855503390714],
[1666618200.0, 0.5429219306770326],
[1666704600.0, 0.612169312169312],
[1666791000.0, 0.5902484763244257],
[1666877400.0, 0.6491628614916287],
[1666963800.0, 0.6429456212064909],
[1667050200.0, 0.8651985318651986],
[1667136600.0, 0.7432659932659932],
[1667223000.0, 0.7062841530054644],
[1667309400.0, 0.7579259259259258],
[1667395800.0, 0.7663703703703704],
[1667482200.0, 0.6911822854883354],
[1667568600.0, 0.6853133410226836],
[1667655000.0, 0.6528826561189022],
[1667741400.0, 0.7069088319088319],
[1667827800.0, 0.6800185765703006],
[1667914200.0, 0.6442068891048484],
[1668000600.0, 0.6136902919632724],
[1668087000.0, 0.6695113788487284],
[1668173400.0, 0.6307550644567218],
[1668259800.0, 0.6629739858906526],
[1668346200.0, 0.7163835810332625],
[1668432600.0, 0.6515834675254965],
[1668519000.0, 0.7016329428470004],
[1668605400.0, 2.047306397306397],
[1668691800.0, 0.6093964334705074],
[1668778200.0, 0.6060025542784163],
[1668864600.0, 0.6344265952699688],
[1668951000.0, 0.622022872731088],
[1669037400.0, 0.624385447394297],
[1669123800.0, 0.6734548052876027],
[1669210200.0, 0.7875898286346047],
[1669296600.0, 0.7811834823329075],
[1669383000.0, 0.7592592592592592],
[1669469400.0, 0.7065784195748095],
[1669555800.0, 0.6957764782326187],
[1669642200.0, 0.6378746237403483],
[1669728600.0, 0.6633499170812603],
[1669815000.0, 0.7053024247268852],
[1669901400.0, 0.7157668231611894],
[1669987800.0, 0.6098765432098765],
[1670074200.0, 0.6460781022714558],
[1670160600.0, 0.6325621809492777],
[1670247000.0, 0.5979982873046457],
[1670333400.0, 0.5516594516594516],
[1670419800.0, 0.5352935632833852],
[1670506200.0, 0.5741715399610138],
[1670592600.0, 0.6045400238948625],
[1670679000.0, 0.5937714903232143],
[1670765400.0, 0.6014408664539215],
[1670851800.0, 0.5802635519616651],
[1670938200.0, 0.6225374310480695],
[1671024600.0, 0.63352048857368],
[1671111000.0, 0.6377217553688141],
[1671197400.0, 0.6037588456943295],
[1671283800.0, 0.5976950822556524],
[1671370200.0, 0.4684814814814815],
[1671456600.0, 0.5230125523012551],
[1671543000.0, 0.47457912457912454],
[1671629400.0, 0.4977920227920228],
[1671715800.0, 0.5721569587208354],
[1671802200.0, 0.6026251985619933],
[1671888600.0, 0.5563435776201733],
[1671975000.0, 0.569769330734243],
[1672061400.0, 0.5855438772105438],
[1672147800.0, 0.538013838013838],
[1672234200.0, 0.47550776583034654],
[1672320600.0, 0.5243541861188921],
[1672407000.0, 0.5515873015873015],
[1672493400.0, 0.5092984934086628],
[1672579800.0, 0.5134421702404158],
[1672666200.0, 0.549558311046276],
[1672752600.0, 0.49984599984599976],
[1672839000.0, 0.556547619047619],
[1672925400.0, 0.5464248971193417],
[1673011800.0, 0.5821786492374728],
[1673098200.0, 0.5717915590008614],
[1673184600.0, 0.5536309982037464],
[1673271000.0, 0.5685902303214375],
[1673357400.0, 0.5961303284416491],
[1673443800.0, 0.5987947567520013],
[1673530200.0, 0.592249657064472],
[1673616600.0, 0.5984224965706447],
[1673703000.0, 0.600742447516641],
[1673789400.0, 0.6244391660068619],
[1673875800.0, 0.6304673721340387],
[1673962200.0, 0.5889834149694938],
[1674048600.0, 0.5881344307270234],
[1674135000.0, 0.5817398794142981],
[1674221400.0, 0.6332711608490985],
[1674307800.0, 0.6017858713820708],
[1674394200.0, 0.6476720936875179],
[1674480600.0, 0.6337287808641974],
[1674567000.0, 0.5940136779465317],
[1674653400.0, 0.6303030303030304],
[1674739800.0, 0.620190578928443],
[1674826200.0, 0.6132101875174923],
[1674912600.0, 0.789286131557425],
[1674999000.0, 0.654550827423168],
[1675085400.0, 0.6399071705977076],
[1675171800.0, 0.6785509736540665],
[1675258200.0, 0.6851375797391221],
[1675344600.0, 0.6695705988765114],
[1675431000.0, 0.6995607467305581],
[1675517400.0, 0.7069481880802636],
[1675603800.0, 0.6935981680605338],
[1675690200.0, 0.711011011011011],
[1675776600.0, 0.7472982897912076],
[1675863000.0, 0.7472982897912076],
[1675949400.0, 0.7472982897912076],
