[1635773400.0, 0.954],
[1635859800.0, 1.0560000000000003],
[1635946200.0, 1.006],
[1636032600.0, 1.066],
[1636119000.0, 1.114],
[1636205400.0, 1.114],
[1636291800.0, 1.1140000000000003],
[1636378200.0, 1.138],
[1636464600.0, 1.1780000000000002],
[1636551000.0, 1.116],
[1636637400.0, 1.12],
[1636723800.0, 1.118],
[1636810200.0, 1.118],
[1636896600.0, 1.1059999999999999],
[1636983000.0, 1.056],
[1637069400.0, 1.0919999999999999],
[1637155800.0, 1.158],
[1637242200.0, 1.1520000000000001],
[1637328600.0, 1.1760000000000002],
[1637415000.0, 1.08],
[1637501400.0, 0.9420000000000002],
[1637587800.0, 0.9940000000000001],
[1637674200.0, 1.118],
[1637760600.0, 1.0139999999999998],
[1637847000.0, 1.1620000000000001],
[1637933400.0, 1.096],
[1638019800.0, 1.0500000000000003],
[1638106200.0, 0.9920000000000002],
[1638192600.0, 1.142],
[1638279000.0, 0.968],
[1638365400.0, 0.9900000000000002],
[1638451800.0, 0.93],
[1638538200.0, 0.9420000000000002],
[1638624600.0, 1.082],
[1638711000.0, 1.034],
[1638797400.0, 1.03],
[1638883800.0, 1.084],
[1638970200.0, 1.072],
[1639056600.0, 1.122],
[1639143000.0, 1.1940000000000002],
[1639229400.0, 1.182],
[1639315800.0, 1.156],
[1639402200.0, 1.166],
[1639488600.0, 1.124],
[1639575000.0, 1.1320000000000001],
[1639661400.0, 1.032],
[1639747800.0, 1.144],
[1639834200.0, 1.116],
[1639920600.0, 1.106],
[1640007000.0, 1.134],
[1640093400.0, 1.136],
[1640179800.0, 1.1520000000000001],
[1640266200.0, 1.06],
[1640352600.0, 1.2020000000000002],
[1640439000.0, 1.1940000000000002],
[1640525400.0, 1.1940000000000004],
[1640611800.0, 1.1520000000000001],
[1640698200.0, 1.102],
[1640784600.0, 1.226],
[1640871000.0, 1.214],
[1640957400.0, 1.24],
[1641043800.0, 1.0740000000000003],
[1641130200.0, 1.23],
[1641216600.0, 1.152],
[1641303000.0, 1.202],
[1641389400.0, 1.12],
[1641475800.0, 1.214],
[1641562200.0, 1.282],
[1641648600.0, 1.218],
[1641735000.0, 1.23],
[1641821400.0, 1.208],
[1641907800.0, 1.24],
[1641994200.0, 1.338],
[1642080600.0, 1.266],
[1642167000.0, 1.346],
[1642253400.0, 1.2560000000000002],
[1642339800.0, 1.2799999999999998],
[1642426200.0, 1.3039999999999998],
[1642512600.0, 1.3059999999999998],
[1642599000.0, 1.358],
[1642685400.0, 1.316],
[1642771800.0, 1.346],
[1642858200.0, 1.3040000000000003],
[1642944600.0, 1.316],
[1643031000.0, 1.362],
[1643117400.0, 1.4460000000000002],
[1643203800.0, 1.3800000000000001],
[1643290200.0, 1.374],
[1643376600.0, 1.306],
[1643463000.0, 1.122],
[1643549400.0, 1.262],
[1643635800.0, 1.262],
[1643722200.0, 1.262],
[1643808600.0, 1.1360000000000001],
[1643895000.0, 1.194],
[1643981400.0, 1.2259999999999998],
[1644067800.0, 1.1940000000000002],
[1644154200.0, 1.3360000000000003],
[1644240600.0, 1.3400000000000003],
[1644327000.0, 1.3],
[1644413400.0, 1.2740000000000002],
[1644499800.0, 1.268],
[1644586200.0, 1.1620000000000001],
[1644672600.0, 1.276],
[1644759000.0, 1.216],
[1644845400.0, 1.306],
[1644931800.0, 1.19],
[1645018200.0, 1.252],
[1645104600.0, 1.3146592457795052],
[1645191000.0, 1.116],
[1645277400.0, 1.104],
[1645363800.0, 1.112],
[1645450200.0, 1.2360000000000002],
[1645536600.0, 1.282],
[1645623000.0, 1.2899999999999998],
[1645709400.0, 1.266],
[1645795800.0, 1.3059999999999998],
[1645882200.0, 1.3039999999999998],
[1645968600.0, 1.318],
[1646055000.0, 1.3299999999999998],
[1646141400.0, 1.2759999999999998],
[1646227800.0, 1.2359999999999998],
[1646314200.0, 1.23],
[1646400600.0, 1.2419999999999998],
[1646487000.0, 1.3679999999999999],
[1646573400.0, 1.4460000000000002],
[1646659800.0, 1.374],
[1646746200.0, 1.3840000000000001],
[1646832600.0, 1.4280000000000002],
[1646919000.0, 1.258],
[1647005400.0, 1.2319999999999998],
[1647091800.0, 1.184],
[1647178200.0, 1.2280000000000002],
[1647264600.0, 1.2],
[1647351000.0, 1.264],
[1647437400.0, 1.298],
[1647523800.0, 1.414],
[1647610200.0, 1.61],
[1647696600.0, 1.366],
[1647783000.0, 1.2879999999999998],
[1647869400.0, 1.448],
[1647955800.0, 1.3679999999999999],
[1648042200.0, 1.4840000000000002],
[1648128600.0, 1.4780000000000002],
[1648215000.0, 1.336],
[1648301400.0, 1.3760000000000001],
[1648387800.0, 1.4700000000000002],
[1648474200.0, 1.036],
[1648560600.0, 1.4360000000000002],
[1648647000.0, 1.153145944136244],
[1648733400.0, 1.05108103072145],
[1648819800.0, 1.1347626055792677],
[1648906200.0, 1.1379461319790587],
[1648996200.0, 1.1321653143607429],
[1649082600.0, 1.474],
[1649169000.0, 1.3760000000000001],
[1649255400.0, 1.374],
[1649341800.0, 1.36],
[1649428200.0, 1.36],
[1649514600.0, 1.5],
[1649601000.0, 1.4700000000000002],
[1649687400.0, 1.488],
[1649773800.0, 1.5080000000000002],
[1649860200.0, 1.434],
[1649946600.0, 1.4800000000000002],
[1650033000.0, 1.518],
[1650119400.0, 1.4280000000000002],
[1650205800.0, 1.4580000000000002],
[1650292200.0, 1.5180000000000002],
[1650378600.0, 1.488],
[1650465000.0, 1.528],
[1650551400.0, 1.528],
[1650637800.0, 1.528],
[1650724200.0, 1.392],
[1650810600.0, 1.3459999999999996],
[1650897000.0, 1.3779999999999997],
[1650983400.0, 1.5320000000000003],
[1651069800.0, 1.494],
[1651156200.0, 1.51],
[1651242600.0, 1.42],
[1651329000.0, 1.4380000000000002],
[1651415400.0, 1.5079999999999998],
[1651501800.0, 1.508],
[1651588200.0, 1.5320000000000003],
[1651674600.0, 1.4560000000000002],
[1651761000.0, 1.336],
[1651847400.0, 1.4620000000000002],
[1651933800.0, 1.456],
[1652020200.0, 1.458],
[1652106600.0, 1.314],
[1652193000.0, 1.2360000000000002],
[1652279400.0, 1.418],
[1652365800.0, 1.314],
[1652452200.0, 1.318],
[1652538600.0, 1.318],
[1652625000.0, 1.328],
[1652711400.0, 1.366],
[1652797800.0, 1.4460000000000002],
[1652884200.0, 1.3540000000000003],
[1652970600.0, 1.4140000000000001],
[1653057000.0, 1.422],
[1653143400.0, 1.396],
[1653229800.0, 1.398],
[1653316200.0, 1.298],
[1653402600.0, 1.268],
[1653489000.0, 1.3719999999999999],
[1653575400.0, 1.456],
[1653661800.0, 1.3920000000000001],
[1653748200.0, 1.3880000000000001],
[1653834600.0, 1.4620000000000002],
[1653921000.0, 1.4120000000000004],
[1654007400.0, 1.4460000000000002],
[1654093800.0, 1.4840000000000002],
[1654180200.0, 1.496],
[1654266600.0, 1.4820000000000002],
[1654353000.0, 1.576],
[1654439400.0, 1.516],
[1654525800.0, 1.484],
[1654612200.0, 1.4920000000000002],
[1654698600.0, 1.48],
[1654785000.0, 1.532],
[1654871400.0, 1.5500000000000003],
[1654957800.0, 1.55],
[1655044200.0, 1.5],
[1655130600.0, 1.512],
[1655217000.0, 1.462],
[1655303400.0, 1.344],
[1655389800.0, 1.338],
[1655476200.0, 1.4540000000000002],
[1655562600.0, 1.4440000000000002],
[1655649000.0, 1.328],
[1655735400.0, 1.362],
[1655821800.0, 1.374],
[1655908200.0, 1.3939999999999997],
[1655994600.0, 1.426],
[1656081000.0, 1.3599999999999999],
[1656167400.0, 1.248],
[1656253800.0, 1.282],
[1656340200.0, 1.288],
[1656426600.0, 1.246],
[1656513000.0, 1.1500000000000001],
[1656599400.0, 1.182],
[1656685800.0, 1.2100000000000002],
[1656772200.0, 1.162],
[1656858600.0, 1.1400000000000001],
[1656945000.0, 1.422],
[1657031400.0, 1.216],
[1657117800.0, 1.2559999999999998],
[1657204200.0, 1.3399999999999999],
[1657290600.0, 1.278],
[1657377000.0, 1.4499999999999997],
[1657463400.0, 1.332],
[1657549800.0, 1.3479999999999999],
[1657636200.0, 1.3539999999999999],
[1657722600.0, 1.4280000000000002],
[1657809000.0, 1.4120000000000001],
[1657895400.0, 1.368],
[1657981800.0, 1.484],
[1658068200.0, 1.5060000000000002],
[1658154600.0, 1.362],
[1658241000.0, 1.23],
[1658327400.0, 1.3059999999999998],
[1658413800.0, 1.3719999999999999],
[1658500200.0, 1.392],
[1658586600.0, 1.364],
[1658673000.0, 1.212],
[1658759400.0, 1.214],
[1658845800.0, 1.4],
[1658932200.0, 1.3519999999999999],
[1659018600.0, 1.3960000000000001],
[1659105000.0, 1.2879999999999998],
[1659191400.0, 1.116],
[1659277800.0, 1.152],
[1659364200.0, 1.174],
[1659450600.0, 1.172],
[1659537000.0, 1.274],
[1659623400.0, 1.222],
[1659709800.0, 1.264],
[1659796200.0, 1.318],
[1659882600.0, 1.2740000000000002],
[1659969000.0, 1.2640000000000002],
[1660055400.0, 1.2440000000000002],
[1660141800.0, 1.24],
[1660228200.0, 1.326],
[1660314600.0, 1.34],
[1660401000.0, 1.34],
[1660487400.0, 1.34],
[1660573800.0, 1.34],
[1660660200.0, 1.4539999999999997],
[1660746600.0, 1.3780000000000003],
[1660833000.0, 1.426],
[1660919400.0, 1.4520000000000002],
[1661005800.0, 1.4380000000000002],
[1661092200.0, 1.4040000000000001],
[1661178600.0, 1.4000000000000001],
[1661265000.0, 1.3960000000000001],
[1661351400.0, 1.286],
[1661437800.0, 1.3199999999999998],
[1661524200.0, 1.306],
[1661610600.0, 1.318],
[1661697000.0, 1.2760000000000002],
[1661783400.0, 1.2480000000000002],
[1661869800.0, 1.274],
[1661956200.0, 1.374],
[1662042600.0, 1.28],
[1662129000.0, 1.2900000000000003],
[1662215400.0, 1.3060000000000003],
[1662301800.0, 1.246],
[1662388200.0, 1.2760000000000002],
[1662474600.0, 1.25],
[1662561000.0, 1.318],
[1662647400.0, 1.318],
[1662733800.0, 1.318],
[1662820200.0, 1.328],
[1662906600.0, 1.3279999999999998],
[1662993000.0, 1.3619999999999999],
[1663079400.0, 1.3619999999999999],
[1663165800.0, 1.3699999999999999],
[1663252200.0, 1.364],
[1663338600.0, 1.364],
[1663425000.0, 1.3039999999999998],
[1663511400.0, 1.2400000000000002],
[1663597800.0, 1.1960000000000002],
[1663684200.0, 1.2240000000000002],
[1663770600.0, 1.3200000000000003],
[1663857000.0, 1.322],
[1663943400.0, 1.304],
[1664029800.0, 1.3060000000000003],
[1664116200.0, 1.318],
[1664202600.0, 1.198],
[1664289000.0, 1.28],
[1664375400.0, 1.288],
[1664461800.0, 1.224],
[1664548200.0, 1.224],
[1664634600.0, 1.238],
[1664717400.0, 1.2100000000000002],
[1664803800.0, 1.276],
[1664890200.0, 1.2339999999999998],
[1664976600.0, 1.206],
[1665063000.0, 1.206],
[1665149400.0, 1.2479999999999998],
[1665235800.0, 1.246],
[1665322200.0, 1.238],
[1665408600.0, 1.2719999999999998],
[1665495000.0, 1.2799999999999998],
[1665581400.0, 1.218],
[1665667800.0, 1.2280000000000002],
[1665754200.0, 1.206],
[1665840600.0, 1.2280000000000002],
[1665927000.0, 1.182],
[1666013400.0, 1.206],
[1666099800.0, 1.184],
[1666186200.0, 1.188],
[1666272600.0, 1.2399999999999998],
[1666359000.0, 1.2371123635635304],
[1666445400.0, 1.21],
[1666531800.0, 1.264817020217574],
[1666618200.0, 1.3211009734141987],
[1666704600.0, 1.2873897934788994],
[1666791000.0, 1.2520797951160902],
[1666877400.0, 1.4086258846366417],
[1666963800.0, 1.208],
[1667050200.0, 1.284],
[1667136600.0, 1.294],
[1667223000.0, 1.288],
[1667309400.0, 1.294],
[1667395800.0, 1.2899999999999998],
[1667482200.0, 1.348],
[1667568600.0, 1.294],
[1667655000.0, 1.294],
[1667741400.0, 1.322],
[1667827800.0, 1.3359999999999999],
[1667914200.0, 1.3519999999999999],
[1668000600.0, 1.294],
[1668087000.0, 1.3380000000000003],
[1668173400.0, 1.3359999999999999],
[1668259800.0, 1.284],
[1668346200.0, 1.3000000000000003],
[1668432600.0, 1.2920000000000003],
[1668519000.0, 1.258],
[1668605400.0, 1.26],
[1668691800.0, 1.284],
[1668778200.0, 1.23],
[1668864600.0, 1.244],
[1668951000.0, 1.206],
[1669037400.0, 1.3039999999999998],
[1669123800.0, 1.27],
[1669210200.0, 1.232],
[1669296600.0, 1.288],
[1669383000.0, 1.302],
[1669469400.0, 1.2639999999999998],
[1669555800.0, 1.27],
[1669642200.0, 1.286],
[1669728600.0, 1.2859999999999998],
[1669815000.0, 1.3139999999999998],
[1669901400.0, 1.1480000000000001],
[1669987800.0, 1.2040000000000002],
[1670074200.0, 1.23],
[1670160600.0, 1.2200000000000002],
[1670247000.0, 1.1580000000000001],
[1670333400.0, 1.1600000000000001],
[1670419800.0, 1.1600000000000001],
[1670506200.0, 1.2120000000000002],
[1670592600.0, 1.2080000000000002],
[1670679000.0, 1.2380000000000002],
[1670765400.0, 1.1940000000000002],
[1670851800.0, 1.182],
[1670938200.0, 1.1900000000000002],
[1671024600.0, 1.1900000000000002],
[1671111000.0, 1.304],
[1671197400.0, 1.276],
[1671283800.0, 1.29],
[1671370200.0, 1.268],
[1671456600.0, 1.2879999999999998],
[1671543000.0, 1.3],
[1671629400.0, 1.292],
[1671715800.0, 1.1640000000000001],
[1671802200.0, 1.092],
[1671888600.0, 1.238],
[1671975000.0, 1.1860000000000002],
[1672061400.0, 1.198],
[1672147800.0, 1.2],
[1672234200.0, 1.222],
[1672320600.0, 1.2260000000000002],
[1672407000.0, 1.294],
[1672493400.0, 1.328],
[1672579800.0, 1.34],
[1672666200.0, 1.34],
[1672752600.0, 1.24],
[1672839000.0, 1.304],
[1672925400.0, 1.3419999999999999],
[1673011800.0, 1.3359999999999999],
[1673098200.0, 1.2120000000000002],
[1673184600.0, 1.27],
[1673271000.0, 1.48],
[1673357400.0, 1.3820000000000001],
[1673443800.0, 1.3980000000000001],
[1673530200.0, 1.376],
[1673616600.0, 1.484],
[1673703000.0, 1.4780000000000002],
[1673789400.0, 1.4820000000000002],
[1673875800.0, 1.52],
[1673962200.0, 1.4180000000000001],
[1674048600.0, 1.4460000000000002],
[1674135000.0, 1.4560000000000002],
[1674221400.0, 1.4260000000000002],
[1674307800.0, 1.5260000000000002],
[1674394200.0, 1.5180000000000002],
[1674480600.0, 1.46],
[1674567000.0, 1.588],
[1674653400.0, 1.512],
[1674739800.0, 1.442],
[1674826200.0, 1.4499999999999997],
[1674912600.0, 1.436],
[1674999000.0, 1.456],
[1675085400.0, 1.5260000000000002],
[1675171800.0, 1.564],
[1675258200.0, 1.55],
[1675344600.0, 1.544],
[1675431000.0, 1.5220000000000002],
[1675517400.0, 1.558],
[1675603800.0, 1.542],
[1675690200.0, 1.6780000000000002],
[1675776600.0, 1.578],
[1675863000.0, 1.578],
[1675949400.0, 1.578],
