[1635773400.0, 2.5400000000000005],
[1635859800.0, 2.5366666666666666],
[1635946200.0, 2.66],
[1636032600.0, 3.266666666666667],
[1636119000.0, 2.736666666666667],
[1636205400.0, 3.356666666666667],
[1636291800.0, 3.31],
[1636378200.0, 3.4033333333333338],
[1636464600.0, 2.94],
[1636551000.0, 3.3366666666666664],
[1636637400.0, 2.796666666666667],
[1636723800.0, 2.7133333333333334],
[1636810200.0, 2.7533333333333334],
[1636896600.0, 2.75],
[1636983000.0, 2.69],
[1637069400.0, 2.68],
[1637155800.0, 2.64],
[1637242200.0, 2.5566666666666666],
[1637328600.0, 2.5533333333333332],
[1637415000.0, 2.54],
[1637501400.0, 2.606666666666667],
[1637587800.0, 2.563333333333334],
[1637674200.0, 2.4933333333333336],
[1637760600.0, 2.5],
[1637847000.0, 2.4933333333333336],
[1637933400.0, 2.4966666666666666],
[1638019800.0, 2.566666666666667],
[1638106200.0, 2.556666666666667],
[1638192600.0, 2.516666666666667],
[1638279000.0, 2.44],
[1638365400.0, 2.4633333333333334],
[1638451800.0, 2.4633333333333334],
[1638538200.0, 2.68],
[1638624600.0, 2.5633333333333335],
[1638711000.0, 2.5333333333333337],
[1638797400.0, 2.526666666666667],
[1638883800.0, 2.5066666666666664],
[1638970200.0, 2.4933333333333336],
[1639056600.0, 2.4833333333333334],
[1639143000.0, 2.5733333333333337],
[1639229400.0, 2.56],
[1639315800.0, 2.4966666666666666],
[1639402200.0, 2.486666666666667],
[1639488600.0, 2.6133333333333337],
[1639575000.0, 2.6066666666666665],
[1639661400.0, 2.7000000000000006],
[1639747800.0, 2.6933333333333334],
[1639834200.0, 2.853333333333333],
[1639920600.0, 2.8266666666666667],
[1640007000.0, 2.8166666666666664],
[1640093400.0, 2.69],
[1640179800.0, 2.6333333333333333],
[1640266200.0, 2.6233333333333335],
[1640352600.0, 2.5966666666666667],
[1640439000.0, 2.81],
[1640525400.0, 2.8400000000000003],
[1640611800.0, 2.8433333333333337],
[1640698200.0, 2.8266666666666667],
[1640784600.0, 2.7566666666666673],
[1640871000.0, 2.7533333333333334],
[1640957400.0, 2.7533333333333334],
[1641043800.0, 2.7866666666666666],
[1641130200.0, 2.7866666666666666],
[1641216600.0, 2.686666666666667],
[1641303000.0, 2.686666666666667],
[1641389400.0, 2.6199999999999997],
[1641475800.0, 2.6633333333333336],
[1641562200.0, 2.61],
[1641648600.0, 2.5700000000000003],
[1641735000.0, 2.5500000000000003],
[1641821400.0, 2.72],
[1641907800.0, 2.7033333333333336],
[1641994200.0, 2.7000000000000006],
[1642080600.0, 3.3800000000000003],
[1642167000.0, 3.33],
[1642253400.0, 3.046666666666667],
[1642339800.0, 3.27],
[1642426200.0, 3.1666666666666665],
[1642512600.0, 2.86],
[1642599000.0, 2.9599999999999995],
[1642685400.0, 2.953333333333333],
[1642771800.0, 2.8866666666666667],
[1642858200.0, 3.1999999999999997],
[1642944600.0, 3.1999999999999997],
[1643031000.0, 3.1733333333333333],
[1643117400.0, 3.19],
[1643203800.0, 3.126666666666667],
[1643290200.0, 3.1633333333333336],
[1643376600.0, 3.0700000000000003],
[1643463000.0, 2.913333333333334],
[1643549400.0, 2.9166666666666674],
[1643635800.0, 2.9166666666666674],
[1643722200.0, 2.9166666666666674],
[1643808600.0, 2.876666666666667],
[1643895000.0, 2.8800000000000003],
[1643981400.0, 2.8666666666666667],
[1644067800.0, 2.85],
[1644154200.0, 2.8200000000000003],
[1644240600.0, 2.9033333333333338],
[1644327000.0, 2.8666666666666667],
[1644413400.0, 2.86],
[1644499800.0, 2.8366666666666673],
[1644586200.0, 2.77],
[1644672600.0, 2.68],
[1644759000.0, 2.65],
[1644845400.0, 2.8633333333333333],
[1644931800.0, 2.8600000000000008],
[1645018200.0, 2.86],
[1645104600.0, 2.8266666666666667],
[1645191000.0, 2.723333333333333],
[1645277400.0, 2.716666666666667],
[1645363800.0, 2.6666666666666674],
[1645450200.0, 2.486666666666667],
[1645536600.0, 2.5766666666666667],
[1645623000.0, 2.3466666666666667],
[1645709400.0, 2.6],
[1645795800.0, 2.5733333333333333],
[1645882200.0, 2.5],
[1645968600.0, 2.15],
[1646055000.0, 2.216666666666667],
[1646141400.0, 2.1966666666666668],
[1646227800.0, 2.1733333333333333],
[1646314200.0, 2.1233333333333335],
[1646400600.0, 2.173333333333334],
[1646487000.0, 2.1433333333333335],
[1646573400.0, 2.0933333333333333],
[1646659800.0, 2.0933333333333333],
[1646746200.0, 2.2466666666666666],
[1646832600.0, 2.3033333333333332],
[1646919000.0, 2.3766666666666665],
[1647005400.0, 2.1933333333333334],
[1647091800.0, 2.246666666666667],
[1647178200.0, 2.22],
[1647264600.0, 2.14],
[1647351000.0, 2.0933333333333333],
[1647437400.0, 2.236666666666667],
[1647523800.0, 2.4533333333333336],
[1647610200.0, 2.443333333333333],
[1647696600.0, 2.6],
[1647783000.0, 2.6733333333333333],
[1647869400.0, 2.6333333333333333],
[1647955800.0, 2.6199999999999997],
[1648042200.0, 2.6566666666666667],
[1648128600.0, 4.083333333333333],
[1648215000.0, 3.1],
[1648301400.0, 2.686666666666666],
[1648387800.0, 2.5866666666666664],
[1648474200.0, 2.56],
[1648560600.0, 2.4933333333333336],
[1648647000.0, 2.3466666666666667],
[1648733400.0, 2.4833333333333334],
[1648819800.0, 2.4533333333333336],
[1648906200.0, 2.4533333333333336],
[1648996200.0, 2.48],
[1649082600.0, 2.4533333333333336],
[1649169000.0, 2.4933333333333336],
[1649255400.0, 2.52],
[1649341800.0, 2.546666666666667],
[1649428200.0, 2.513333333333333],
[1649514600.0, 2.513333333333333],
[1649601000.0, 2.513333333333333],
[1649687400.0, 2.513333333333333],
[1649773800.0, 2.513333333333333],
[1649860200.0, 2.513333333333333],
[1649946600.0, 2.356666666666667],
[1650033000.0, 2.3333333333333335],
[1650119400.0, 2.48],
[1650205800.0, 2.47],
[1650292200.0, 2.3433333333333337],
[1650378600.0, 2.25],
[1650465000.0, 2.25],
[1650551400.0, 2.25],
[1650637800.0, 2.25],
[1650724200.0, 2.1133333333333337],
[1650810600.0, 2.1166666666666667],
[1650897000.0, 2.0866666666666664],
[1650983400.0, 2.09],
[1651069800.0, 2.1866666666666665],
[1651156200.0, 2.2466666666666666],
[1651242600.0, 2.2399999999999998],
[1651329000.0, 2.32],
[1651415400.0, 2.316666666666667],
[1651501800.0, 2.256666666666667],
[1651588200.0, 2.333333333333333],
[1651674600.0, 2.336666666666667],
[1651761000.0, 2.35],
[1651847400.0, 2.2600000000000002],
[1651933800.0, 2.1633333333333336],
[1652020200.0, 2.04],
[1652106600.0, 2.22],
[1652193000.0, 2.183333333333333],
[1652279400.0, 2.1666666666666665],
[1652365800.0, 2.1233333333333335],
[1652452200.0, 2.07],
[1652538600.0, 1.9900000000000002],
[1652625000.0, 1.9800000000000004],
[1652711400.0, 1.9733333333333334],
[1652797800.0, 1.8966666666666667],
[1652884200.0, 1.8800000000000001],
[1652970600.0, 1.9200000000000002],
[1653057000.0, 2.013333333333333],
[1653143400.0, 2.0500000000000003],
[1653229800.0, 2.073333333333333],
[1653316200.0, 2.1333333333333333],
[1653402600.0, 2.283333333333333],
[1653489000.0, 2.5433333333333334],
[1653575400.0, 2.533333333333333],
[1653661800.0, 2.5333333333333337],
[1653748200.0, 2.5533333333333337],
[1653834600.0, 2.4600000000000004],
[1653921000.0, 2.4166666666666665],
[1654007400.0, 2.4],
[1654093800.0, 2.3666666666666667],
[1654180200.0, 2.3533333333333335],
[1654266600.0, 2.3000000000000003],
[1654353000.0, 2.2333333333333334],
[1654439400.0, 2.263333333333333],
[1654525800.0, 2.256666666666667],
[1654612200.0, 2.25],
[1654698600.0, 2.186666666666667],
[1654785000.0, 2.16],
[1654871400.0, 2.12],
[1654957800.0, 2.11],
[1655044200.0, 2.126666666666667],
[1655130600.0, 2.106666666666667],
[1655217000.0, 2.0700000000000003],
[1655303400.0, 2.066666666666667],
[1655389800.0, 2.0966666666666667],
[1655476200.0, 2.0833333333333335],
[1655562600.0, 2.0766666666666667],
[1655649000.0, 2.08],
[1655735400.0, 2.146666666666667],
[1655821800.0, 2.1466666666666665],
[1655908200.0, 2.1233333333333335],
[1655994600.0, 2.11],
[1656081000.0, 2.0333333333333337],
[1656167400.0, 2.0300000000000002],
[1656253800.0, 2.216666666666667],
[1656340200.0, 2.483333333333334],
[1656426600.0, 4.403333333333333],
[1656513000.0, 4.403333333333333],
[1656599400.0, 3.61],
[1656685800.0, 3.7133333333333334],
[1656772200.0, 2.643333333333333],
[1656858600.0, 2.643333333333333],
[1656945000.0, 2.6533333333333338],
[1657031400.0, 2.646666666666667],
[1657117800.0, 2.4633333333333334],
[1657204200.0, 2.473333333333333],
[1657290600.0, 2.43],
[1657377000.0, 2.4],
[1657463400.0, 2.233333333333334],
[1657549800.0, 2.1433333333333335],
[1657636200.0, 2.2333333333333334],
[1657722600.0, 2.16],
[1657809000.0, 1.9433333333333334],
[1657895400.0, 1.876666666666667],
[1657981800.0, 2.18],
[1658068200.0, 2.0100000000000002],
[1658154600.0, 1.916666666666667],
[1658241000.0, 1.9533333333333334],
[1658327400.0, 1.87],
[1658413800.0, 1.8933333333333335],
[1658500200.0, 1.8233333333333333],
[1658586600.0, 1.79],
[1658673000.0, 1.71],
[1658759400.0, 1.6833333333333333],
[1658845800.0, 1.7066666666666668],
[1658932200.0, 1.8800000000000001],
[1659018600.0, 2.0433333333333334],
[1659105000.0, 1.99],
[1659191400.0, 2.2233333333333336],
[1659277800.0, 2.12],
[1659364200.0, 1.96],
[1659450600.0, 1.9266666666666667],
[1659537000.0, 1.8566666666666671],
[1659623400.0, 1.8933333333333333],
[1659709800.0, 1.8800000000000001],
[1659796200.0, 1.8733333333333333],
[1659882600.0, 1.7900000000000003],
[1659969000.0, 1.846666666666667],
[1660055400.0, 1.8933333333333333],
[1660141800.0, 1.8699999999999999],
[1660228200.0, 1.9633333333333336],
[1660314600.0, 1.95],
[1660401000.0, 1.95],
[1660487400.0, 1.95],
[1660573800.0, 1.95],
[1660660200.0, 1.9333333333333333],
[1660746600.0, 2.02],
[1660833000.0, 1.9633333333333336],
[1660919400.0, 1.97],
[1661005800.0, 1.9633333333333336],
[1661092200.0, 1.9400000000000002],
[1661178600.0, 1.9100000000000001],
[1661265000.0, 1.89],
[1661351400.0, 1.89],
[1661437800.0, 1.9066666666666665],
[1661524200.0, 1.9233333333333336],
[1661610600.0, 1.97],
[1661697000.0, 1.866666666666667],
[1661783400.0, 1.9300000000000004],
[1661869800.0, 1.92],
[1661956200.0, 1.8966666666666665],
[1662042600.0, 1.8699999999999999],
[1662129000.0, 2.1033333333333335],
[1662215400.0, 2.1033333333333335],
[1662301800.0, 2.0733333333333337],
[1662388200.0, 2.0433333333333334],
[1662474600.0, 2.016666666666667],
[1662561000.0, 1.9400000000000002],
[1662647400.0, 2.11],
[1662733800.0, 2.0766666666666667],
[1662820200.0, 2.0700000000000003],
[1662906600.0, 2.02],
[1662993000.0, 1.9433333333333334],
[1663079400.0, 1.9566666666666663],
[1663165800.0, 2.01],
[1663252200.0, 1.93],
[1663338600.0, 1.92],
[1663425000.0, 1.9033333333333333],
[1663511400.0, 1.9633333333333336],
[1663597800.0, 1.8733333333333337],
[1663684200.0, 2],
[1663770600.0, 2.0533333333333332],
[1663857000.0, 2.0466666666666664],
[1663943400.0, 2.0333333333333337],
[1664029800.0, 2.026666666666667],
[1664116200.0, 2.02],
[1664202600.0, 2.0566666666666666],
[1664289000.0, 2.0500000000000003],
[1664375400.0, 2.07],
[1664461800.0, 2.1999999999999997],
[1664548200.0, 2.1700000000000004],
[1664634600.0, 2.5733333333333333],
[1664717400.0, 2.7066666666666666],
[1664803800.0, 2.686666666666667],
[1664890200.0, 2.6966666666666668],
[1664976600.0, 2.7733333333333334],
[1665063000.0, 2.8666666666666667],
[1665149400.0, 2.7900000000000005],
[1665235800.0, 4.24],
[1665322200.0, 3.25],
[1665408600.0, 3.2433333333333336],
[1665495000.0, 3.2033333333333336],
[1665581400.0, 2.7633333333333336],
[1665667800.0, 2.47],
[1665754200.0, 2.4266666666666667],
[1665840600.0, 2.4233333333333333],
[1665927000.0, 2.5933333333333337],
[1666013400.0, 2.5433333333333334],
[1666099800.0, 2.44],
[1666186200.0, 2.42],
[1666272600.0, 2.33],
[1666359000.0, 2.24],
[1666445400.0, 2.0800000000000005],
[1666531800.0, 2.006666666666667],
[1666618200.0, 1.9766666666666666],
[1666704600.0, 2.2600000000000002],
[1666791000.0, 2.22],
[1666877400.0, 2.1966666666666668],
[1666963800.0, 2.1533333333333338],
[1667050200.0, 2.146666666666667],
[1667136600.0, 2.19],
[1667223000.0, 2.1566666666666667],
[1667309400.0, 2.15],
[1667395800.0, 2.346666666666667],
[1667482200.0, 2.36],
[1667568600.0, 2.3833333333333333],
[1667655000.0, 2.3800000000000003],
[1667741400.0, 2.3466666666666667],
[1667827800.0, 2.3533333333333335],
[1667914200.0, 2.3233333333333337],
[1668000600.0, 2.34],
[1668087000.0, 2.2733333333333334],
[1668173400.0, 2.1933333333333334],
[1668259800.0, 2.296666666666667],
[1668346200.0, 2.43],
[1668432600.0, 2.4000000000000004],
[1668519000.0, 2.356666666666667],
[1668605400.0, 2.3200000000000003],
[1668691800.0, 2.3833333333333333],
[1668778200.0, 2.38],
[1668864600.0, 2.4033333333333333],
[1668951000.0, 2.5866666666666664],
[1669037400.0, 2.5933333333333333],
[1669123800.0, 2.52],
[1669210200.0, 2.44],
[1669296600.0, 2.56],
[1669383000.0, 2.5533333333333332],
[1669469400.0, 2.5233333333333334],
[1669555800.0, 2.4966666666666666],
[1669642200.0, 2.4966666666666666],
[1669728600.0, 2.4233333333333333],
[1669815000.0, 2.393333333333333],
[1669901400.0, 2.4133333333333336],
[1669987800.0, 2.39],
[1670074200.0, 2.4133333333333336],
[1670160600.0, 2.426666666666667],
[1670247000.0, 2.4133333333333336],
[1670333400.0, 2.47],
[1670419800.0, 2.42],
[1670506200.0, 2.34],
[1670592600.0, 2.2866666666666666],
[1670679000.0, 2.28],
[1670765400.0, 2.4433333333333334],
[1670851800.0, 2.42],
[1670938200.0, 2.4],
[1671024600.0, 2.3300000000000005],
[1671111000.0, 2.2800000000000002],
[1671197400.0, 2.336666666666667],
[1671283800.0, 2.306666666666667],
[1671370200.0, 2.2533333333333334],
[1671456600.0, 2.2466666666666666],
[1671543000.0, 2.276666666666667],
[1671629400.0, 2.2133333333333334],
[1671715800.0, 2.216666666666667],
[1671802200.0, 2.1933333333333334],
[1671888600.0, 2.183333333333333],
[1671975000.0, 2.17],
[1672061400.0, 1.9800000000000002],
[1672147800.0, 1.9900000000000002],
[1672234200.0, 2.0633333333333335],
[1672320600.0, 2.08],
[1672407000.0, 2.0766666666666667],
[1672493400.0, 2.0900000000000003],
[1672579800.0, 2.186666666666667],
[1672666200.0, 2.1500000000000004],
[1672752600.0, 2.1333333333333333],
[1672839000.0, 2.1366666666666663],
[1672925400.0, 2.1333333333333333],
[1673011800.0, 2.0733333333333337],
[1673098200.0, 2.0500000000000003],
[1673184600.0, 2.0833333333333335],
[1673271000.0, 2.1033333333333335],
[1673357400.0, 2.0933333333333333],
[1673443800.0, 2.0866666666666664],
[1673530200.0, 2.0766666666666667],
[1673616600.0, 2.0833333333333335],
[1673703000.0, 2.0766666666666667],
[1673789400.0, 2.1633333333333336],
[1673875800.0, 2.126666666666667],
[1673962200.0, 2.1100000000000003],
[1674048600.0, 2.096666666666667],
[1674135000.0, 2.0866666666666664],
[1674221400.0, 2.0866666666666664],
[1674307800.0, 2.0833333333333335],
[1674394200.0, 2.063333333333333],
[1674480600.0, 2.03],
[1674567000.0, 1.9666666666666668],
[1674653400.0, 2.0566666666666666],
[1674739800.0, 2.15],
[1674826200.0, 2.1333333333333333],
[1674912600.0, 2.11],
[1674999000.0, 2.1366666666666667],
[1675085400.0, 2.1833333333333336],
[1675171800.0, 2.1933333333333334],
[1675258200.0, 2.1966666666666668],
[1675344600.0, 2.173333333333334],
[1675431000.0, 2.193333333333333],
[1675517400.0, 2.1566666666666667],
[1675603800.0, 2.1366666666666667],
[1675690200.0, 2.16],
[1675776600.0, 2.143333333333333],
[1675863000.0, 2.143333333333333],
[1675949400.0, 2.143333333333333],
