[1635773400.0, 0.5100000000000001],
[1635859800.0, 0.5055555555555556],
[1635946200.0, 0.5055555555555555],
[1636032600.0, 0.5188888888888888],
[1636119000.0, 0.5244444444444444],
[1636205400.0, 0.5244444444444444],
[1636291800.0, 0.5377777777777778],
[1636378200.0, 0.5311111111111111],
[1636464600.0, 0.5977777777777777],
[1636551000.0, 0.6199999999999999],
[1636637400.0, 0.6277777777777778],
[1636723800.0, 0.6233333333333335],
[1636810200.0, 0.6811111111111111],
[1636896600.0, 0.6544444444444443],
[1636983000.0, 0.6533333333333333],
[1637069400.0, 0.6577777777777779],
[1637155800.0, 0.6588888888888889],
[1637242200.0, 0.6544444444444444],
[1637328600.0, 0.6255555555555555],
[1637415000.0, 0.6011111111111112],
[1637501400.0, 0.5844444444444444],
[1637587800.0, 0.5777777777777777],
[1637674200.0, 0.5622222222222223],
[1637760600.0, 0.54],
[1637847000.0, 0.5033333333333334],
[1637933400.0, 0.5],
[1638019800.0, 0.49666666666666676],
[1638106200.0, 0.48888888888888893],
[1638192600.0, 0.48444444444444446],
[1638279000.0, 0.4722222222222222],
[1638365400.0, 0.46888888888888886],
[1638451800.0, 0.4566666666666667],
[1638538200.0, 0.4577777777777778],
[1638624600.0, 0.45444444444444454],
[1638711000.0, 0.4722222222222222],
[1638797400.0, 0.45444444444444443],
[1638883800.0, 0.4511111111111112],
[1638970200.0, 0.4577777777777777],
[1639056600.0, 0.4766666666666667],
[1639143000.0, 0.4633333333333333],
[1639229400.0, 0.5044444444444445],
[1639315800.0, 0.5622222222222223],
[1639402200.0, 0.5488888888888889],
[1639488600.0, 0.5811111111111111],
[1639575000.0, 0.5688888888888888],
[1639661400.0, 0.5711111111111111],
[1639747800.0, 0.568888888888889],
[1639834200.0, 0.5555555555555556],
[1639920600.0, 0.5688888888888889],
[1640007000.0, 0.5555555555555556],
[1640093400.0, 0.5733333333333334],
[1640179800.0, 0.5911111111111111],
[1640266200.0, 0.5700000000000001],
[1640352600.0, 0.5544444444444444],
[1640439000.0, 0.5744444444444443],
[1640525400.0, 0.5755555555555555],
[1640611800.0, 0.5644444444444445],
[1640698200.0, 0.5744444444444445],
[1640784600.0, 0.5733333333333333],
[1640871000.0, 0.5655555555555556],
[1640957400.0, 0.5822222222222223],
[1641043800.0, 0.581111111111111],
[1641130200.0, 0.61],
[1641216600.0, 0.5877777777777777],
[1641303000.0, 0.5888888888888888],
[1641389400.0, 0.5722222222222222],
[1641475800.0, 0.5688888888888888],
[1641562200.0, 0.5677777777777777],
[1641648600.0, 0.5677777777777777],
[1641735000.0, 0.5522222222222222],
[1641821400.0, 0.5422222222222222],
[1641907800.0, 0.5322222222222224],
[1641994200.0, 0.5266666666666667],
[1642080600.0, 0.5266666666666668],
[1642167000.0, 0.5177777777777778],
[1642253400.0, 0.5299999999999999],
[1642339800.0, 0.5244444444444444],
[1642426200.0, 0.5166666666666666],
[1642512600.0, 0.5166666666666667],
[1642599000.0, 0.5044444444444445],
[1642685400.0, 0.508888888888889],
[1642771800.0, 0.5022222222222222],
[1642858200.0, 0.48666666666666675],
[1642944600.0, 0.4855555555555556],
[1643031000.0, 0.4844444444444444],
[1643117400.0, 0.4766666666666667],
[1643203800.0, 0.45999999999999996],
[1643290200.0, 0.4555555555555556],
[1643376600.0, 0.4644444444444445],
[1643463000.0, 0.4677777777777778],
[1643549400.0, 0.48000000000000004],
[1643635800.0, 0.48000000000000004],
[1643722200.0, 0.48000000000000004],
[1643808600.0, 0.5911111111111111],
[1643895000.0, 0.5166666666666666],
[1643981400.0, 0.5299999999999999],
[1644067800.0, 0.5455555555555556],
[1644154200.0, 0.5711111111111111],
[1644240600.0, 0.5711111111111111],
[1644327000.0, 0.6244444444444444],
[1644413400.0, 0.5744444444444443],
[1644499800.0, 0.5533333333333332],
[1644586200.0, 0.64],
[1644672600.0, 0.5811111111111111],
[1644759000.0, 0.6355555555555557],
[1644845400.0, 0.6322222222222222],
[1644931800.0, 0.6777777777777777],
[1645018200.0, 0.661111111111111],
[1645104600.0, 0.6044444444444443],
[1645191000.0, 0.6166666666666666],
[1645277400.0, 0.6088888888888889],
[1645363800.0, 0.5944444444444444],
[1645450200.0, 0.581111111111111],
[1645536600.0, 0.5744444444444445],
[1645623000.0, 0.5577777777777778],
[1645709400.0, 0.5711111111111111],
[1645795800.0, 0.5544444444444445],
[1645882200.0, 0.5455555555555555],
[1645968600.0, 0.508888888888889],
[1646055000.0, 0.5077777777777778],
[1646141400.0, 0.52],
[1646227800.0, 0.5211111111111112],
[1646314200.0, 0.5366666666666666],
[1646400600.0, 0.5322222222222224],
[1646487000.0, 0.5422222222222223],
[1646573400.0, 0.5233333333333333],
[1646659800.0, 0.5177777777777778],
[1646746200.0, 0.49555555555555564],
[1646832600.0, 0.49222222222222217],
[1646919000.0, 0.5144444444444445],
[1647005400.0, 0.49666666666666665],
[1647091800.0, 0.4922222222222223],
[1647178200.0, 0.48555555555555546],
[1647264600.0, 0.4933333333333333],
[1647351000.0, 0.47111111111111126],
[1647437400.0, 0.4633333333333333],
[1647523800.0, 0.47888888888888886],
[1647610200.0, 0.48777777777777764],
[1647696600.0, 0.5022222222222221],
[1647783000.0, 0.5177777777777778],
[1647869400.0, 0.5355555555555556],
[1647955800.0, 0.5433333333333334],
[1648042200.0, 0.5333333333333334],
[1648128600.0, 0.5477777777777778],
[1648215000.0, 0.548888888888889],
[1648301400.0, 0.5466666666666667],
[1648387800.0, 0.5655555555555556],
[1648474200.0, 0.5555555555555556],
[1648560600.0, 0.5611111111111111],
[1648647000.0, 0.5577777777777777],
[1648733400.0, 0.5588888888888889],
[1648819800.0, 0.5322222222222223],
[1648906200.0, 0.5377777777777778],
[1648996200.0, 0.5433333333333334],
[1649082600.0, 0.54],
[1649169000.0, 0.5255555555555556],
[1649255400.0, 0.5433333333333334],
[1649341800.0, 0.5422222222222224],
[1649428200.0, 0.53],
[1649514600.0, 0.5266666666666668],
[1649601000.0, 0.5266666666666668],
[1649687400.0, 0.5266666666666668],
[1649773800.0, 0.5266666666666668],
[1649860200.0, 0.5266666666666668],
[1649946600.0, 0.49666666666666665],
[1650033000.0, 0.4911111111111111],
[1650119400.0, 0.4933333333333334],
[1650205800.0, 0.48666666666666675],
[1650292200.0, 0.47],
[1650378600.0, 0.4666666666666667],
[1650465000.0, 0.45999999999999996],
[1650551400.0, 0.45999999999999996],
[1650637800.0, 0.45999999999999996],
[1650724200.0, 0.4577777777777778],
[1650810600.0, 0.4533333333333334],
[1650897000.0, 0.47333333333333333],
[1650983400.0, 0.46888888888888886],
[1651069800.0, 0.47777777777777786],
[1651156200.0, 0.4755555555555557],
[1651242600.0, 0.4744444444444445],
[1651329000.0, 0.48333333333333317],
[1651415400.0, 0.4744444444444446],
[1651501800.0, 0.46888888888888886],
[1651588200.0, 0.4766666666666667],
[1651674600.0, 0.46444444444444444],
[1651761000.0, 0.4666666666666667],
[1651847400.0, 0.4566666666666667],
[1651933800.0, 0.45333333333333337],
[1652020200.0, 0.4466666666666667],
[1652106600.0, 0.44555555555555565],
[1652193000.0, 0.4444444444444444],
[1652279400.0, 0.43222222222222223],
[1652365800.0, 0.4133333333333334],
[1652452200.0, 0.4066666666666667],
[1652538600.0, 0.4122222222222223],
[1652625000.0, 0.4166666666666667],
[1652711400.0, 0.4266666666666667],
[1652797800.0, 0.4333333333333334],
[1652884200.0, 0.44777777777777783],
[1652970600.0, 0.45444444444444443],
[1653057000.0, 0.5044444444444445],
[1653143400.0, 0.5277777777777778],
[1653229800.0, 0.5355555555555555],
[1653316200.0, 0.5577777777777777],
[1653402600.0, 0.5966666666666667],
[1653489000.0, 0.6044444444444443],
[1653575400.0, 0.6322222222222222],
[1653661800.0, 0.6511111111111111],
[1653748200.0, 0.6666666666666666],
[1653834600.0, 0.6233333333333334],
[1653921000.0, 0.6777777777777779],
[1654007400.0, 0.6455555555555557],
[1654093800.0, 0.6422222222222222],
[1654180200.0, 0.6177777777777779],
[1654266600.0, 0.5866666666666666],
[1654353000.0, 0.5722222222222223],
[1654439400.0, 0.5933333333333333],
[1654525800.0, 0.581111111111111],
[1654612200.0, 0.5633333333333335],
[1654698600.0, 0.5455555555555556],
[1654785000.0, 0.5244444444444444],
[1654871400.0, 0.48888888888888893],
[1654957800.0, 0.48555555555555546],
[1655044200.0, 0.508888888888889],
[1655130600.0, 0.48888888888888893],
[1655217000.0, 0.47777777777777775],
[1655303400.0, 0.4822222222222222],
[1655389800.0, 0.47000000000000003],
[1655476200.0, 0.4655555555555556],
[1655562600.0, 0.47888888888888886],
[1655649000.0, 0.4833333333333334],
[1655735400.0, 0.4822222222222222],
[1655821800.0, 0.4811111111111111],
[1655908200.0, 0.4755555555555557],
[1655994600.0, 0.4788888888888889],
[1656081000.0, 0.4766666666666667],
[1656167400.0, 0.47777777777777775],
[1656253800.0, 0.48888888888888893],
[1656340200.0, 0.5],
[1656426600.0, 0.508888888888889],
[1656513000.0, 0.5411111111111111],
[1656599400.0, 0.9633333333333334],
[1656685800.0, 0.7644444444444445],
[1656772200.0, 0.7255555555555555],
[1656858600.0, 0.7533333333333334],
[1656945000.0, 0.7722222222222221],
[1657031400.0, 0.7333333333333333],
[1657117800.0, 0.6544444444444445],
[1657204200.0, 0.6433333333333333],
[1657290600.0, 0.648888888888889],
[1657377000.0, 0.6366666666666665],
[1657463400.0, 0.5611111111111112],
[1657549800.0, 0.5222222222222221],
[1657636200.0, 0.5133333333333333],
[1657722600.0, 0.49444444444444435],
[1657809000.0, 0.5388888888888889],
[1657895400.0, 0.5077777777777778],
[1657981800.0, 0.5255555555555556],
[1658068200.0, 0.5244444444444444],
[1658154600.0, 0.5611111111111111],
[1658241000.0, 0.56],
[1658327400.0, 0.5944444444444444],
[1658413800.0, 0.6],
[1658500200.0, 0.5744444444444445],
[1658586600.0, 0.541111111111111],
[1658673000.0, 0.5122222222222222],
[1658759400.0, 0.5022222222222222],
[1658845800.0, 0.49888888888888894],
[1658932200.0, 0.5000000000000001],
[1659018600.0, 0.4955555555555555],
[1659105000.0, 0.48222222222222233],
[1659191400.0, 0.4588888888888889],
[1659277800.0, 0.45444444444444454],
[1659364200.0, 0.4633333333333333],
[1659450600.0, 0.4977777777777777],
[1659537000.0, 0.5022222222222222],
[1659623400.0, 0.5055555555555555],
[1659709800.0, 0.5188888888888888],
[1659796200.0, 0.5211111111111111],
[1659882600.0, 0.52],
[1659969000.0, 0.5177777777777778],
[1660055400.0, 0.5188888888888888],
[1660141800.0, 0.5111111111111111],
[1660228200.0, 0.5255555555555556],
[1660314600.0, 0.5166666666666666],
[1660401000.0, 0.5166666666666666],
[1660487400.0, 0.5166666666666666],
[1660573800.0, 0.5166666666666666],
[1660660200.0, 0.48666666666666664],
[1660746600.0, 0.49666666666666665],
[1660833000.0, 0.5000000000000001],
[1660919400.0, 0.5033333333333333],
[1661005800.0, 0.4977777777777778],
[1661092200.0, 0.48666666666666664],
[1661178600.0, 0.4833333333333334],
[1661265000.0, 0.4733333333333334],
[1661351400.0, 0.46222222222222226],
[1661437800.0, 0.46888888888888897],
[1661524200.0, 0.4655555555555556],
[1661610600.0, 0.4577777777777778],
[1661697000.0, 0.47777777777777775],
[1661783400.0, 0.4666666666666667],
[1661869800.0, 0.4511111111111112],
[1661956200.0, 0.4577777777777778],
[1662042600.0, 0.4488888888888889],
[1662129000.0, 0.4555555555555555],
[1662215400.0, 0.44777777777777783],
[1662301800.0, 0.4577777777777778],
[1662388200.0, 0.48888888888888893],
[1662474600.0, 0.48888888888888893],
[1662561000.0, 0.4977777777777777],
[1662647400.0, 0.5100000000000001],
[1662733800.0, 0.5188888888888888],
[1662820200.0, 0.47888888888888886],
[1662906600.0, 0.538888888888889],
[1662993000.0, 0.5388888888888889],
[1663079400.0, 0.5355555555555555],
[1663165800.0, 0.5588888888888889],
[1663252200.0, 0.5411111111111111],
[1663338600.0, 0.5555555555555556],
[1663425000.0, 0.5499999999999999],
[1663511400.0, 0.5411111111111111],
[1663597800.0, 0.5244444444444443],
[1663684200.0, 0.5177777777777778],
[1663770600.0, 0.5100000000000001],
[1663857000.0, 0.5166666666666667],
[1663943400.0, 0.5177777777777778],
[1664029800.0, 0.5155555555555555],
[1664116200.0, 0.5344444444444444],
[1664202600.0, 0.5466666666666666],
[1664289000.0, 0.6022222222222222],
[1664375400.0, 0.6088888888888889],
[1664461800.0, 0.61],
[1664548200.0, 0.61],
[1664634600.0, 0.6133333333333334],
[1664717400.0, 0.6355555555555555],
[1664803800.0, 0.6333333333333333],
[1664890200.0, 0.6422222222222222],
[1664976600.0, 0.6688888888888889],
[1665063000.0, 0.7055555555555555],
[1665149400.0, 0.6277777777777778],
[1665235800.0, 0.6322222222222221],
[1665322200.0, 0.6000000000000001],
[1665408600.0, 0.5888888888888889],
[1665495000.0, 0.5866666666666666],
[1665581400.0, 0.5666666666666669],
[1665667800.0, 0.548888888888889],
[1665754200.0, 0.5244444444444445],
[1665840600.0, 0.5111111111111112],
[1665927000.0, 0.5022222222222222],
[1666013400.0, 0.49666666666666665],
[1666099800.0, 0.48666666666666664],
[1666186200.0, 0.48555555555555546],
[1666272600.0, 0.4911111111111111],
[1666359000.0, 0.47666666666666657],
[1666445400.0, 0.508888888888889],
[1666531800.0, 0.49555555555555564],
[1666618200.0, 0.4922222222222223],
[1666704600.0, 0.5122222222222222],
[1666791000.0, 0.5177777777777778],
[1666877400.0, 0.5077777777777778],
[1666963800.0, 0.5011111111111112],
[1667050200.0, 0.5155555555555555],
[1667136600.0, 0.5311111111111111],
[1667223000.0, 0.5422222222222222],
[1667309400.0, 0.56],
[1667395800.0, 0.55],
[1667482200.0, 0.5688888888888889],
[1667568600.0, 0.5822222222222222],
[1667655000.0, 0.6044444444444445],
[1667741400.0, 0.598888888888889],
[1667827800.0, 0.6233333333333334],
[1667914200.0, 0.668888888888889],
[1668000600.0, 0.6744444444444445],
[1668087000.0, 0.7422222222222223],
[1668173400.0, 0.6855555555555557],
[1668259800.0, 0.6855555555555557],
[1668346200.0, 0.6877777777777779],
[1668432600.0, 0.6633333333333333],
[1668519000.0, 0.6866666666666666],
[1668605400.0, 0.6655555555555556],
[1668691800.0, 0.6477777777777777],
[1668778200.0, 0.6622222222222223],
[1668864600.0, 0.6488888888888888],
[1668951000.0, 0.7000000000000002],
[1669037400.0, 0.7544444444444446],
[1669123800.0, 0.7144444444444445],
[1669210200.0, 0.6955555555555555],
[1669296600.0, 0.6855555555555557],
[1669383000.0, 0.678888888888889],
[1669469400.0, 0.6644444444444445],
[1669555800.0, 0.6788888888888889],
[1669642200.0, 0.6600000000000001],
[1669728600.0, 0.6400000000000001],
[1669815000.0, 0.6322222222222222],
[1669901400.0, 0.6533333333333333],
[1669987800.0, 0.6688888888888889],
[1670074200.0, 0.6566666666666666],
[1670160600.0, 0.6677777777777778],
[1670247000.0, 0.6666666666666666],
[1670333400.0, 0.6733333333333333],
[1670419800.0, 0.6677777777777777],
[1670506200.0, 0.6666666666666666],
[1670592600.0, 0.668888888888889],
[1670679000.0, 0.6544444444444446],
[1670765400.0, 0.6477777777777778],
[1670851800.0, 0.6422222222222222],
[1670938200.0, 0.6366666666666666],
[1671024600.0, 0.6255555555555555],
[1671111000.0, 0.6522222222222221],
[1671197400.0, 0.6244444444444445],
[1671283800.0, 0.6222222222222223],
[1671370200.0, 0.6100000000000001],
[1671456600.0, 0.5911111111111109],
[1671543000.0, 0.5799999999999998],
[1671629400.0, 0.5722222222222223],
[1671715800.0, 0.5633333333333332],
[1671802200.0, 0.5511111111111111],
[1671888600.0, 0.5433333333333334],
[1671975000.0, 0.5355555555555556],
[1672061400.0, 0.5300000000000001],
[1672147800.0, 0.53],
[1672234200.0, 0.5255555555555556],
[1672320600.0, 0.5244444444444444],
[1672407000.0, 0.5266666666666667],
[1672493400.0, 0.5288888888888889],
[1672579800.0, 0.5333333333333333],
[1672666200.0, 0.5466666666666666],
[1672752600.0, 0.5522222222222223],
[1672839000.0, 0.5655555555555556],
[1672925400.0, 0.5644444444444443],
[1673011800.0, 0.5577777777777778],
[1673098200.0, 0.5644444444444444],
[1673184600.0, 0.5622222222222223],
[1673271000.0, 0.5655555555555556],
[1673357400.0, 0.5866666666666667],
[1673443800.0, 0.5822222222222222],
[1673530200.0, 0.5977777777777779],
[1673616600.0, 0.6122222222222223],
[1673703000.0, 0.6322222222222221],
[1673789400.0, 0.6266666666666666],
[1673875800.0, 0.6288888888888889],
[1673962200.0, 0.6877777777777777],
[1674048600.0, 0.6466666666666668],
[1674135000.0, 0.6688888888888889],
[1674221400.0, 0.67],
[1674307800.0, 0.6622222222222223],
[1674394200.0, 0.6566666666666667],
[1674480600.0, 0.6344444444444446],
[1674567000.0, 0.6566666666666666],
[1674653400.0, 0.638888888888889],
[1674739800.0, 0.6677777777777778],
[1674826200.0, 0.6733333333333333],
[1674912600.0, 0.71],
[1674999000.0, 0.6900000000000001],
[1675085400.0, 0.8300000000000001],
[1675171800.0, 0.7466666666666666],
[1675258200.0, 0.73],
[1675344600.0, 0.7500000000000002],
[1675431000.0, 0.7611111111111112],
[1675517400.0, 0.6911111111111111],
[1675603800.0, 0.668888888888889],
[1675690200.0, 0.6966666666666667],
[1675776600.0, 0.6733333333333333],
[1675863000.0, 0.67],
[1675949400.0, 0.67],
