[1635773400.0, 630.1544608626198],
[1635859800.0, 631.3241063631523],
[1635946200.0, 622.2004892838127],
[1636032600.0, 605.244220713525],
[1636119000.0, 645.1829217917998],
[1636205400.0, 636.5318252129925],
[1636291800.0, 617.2761171458999],
[1636378200.0, 619.5072193823215],
[1636464600.0, 623.621777755591],
[1636551000.0, 638.1924876863685],
[1636637400.0, 645.7854184637913],
[1636723800.0, 640.1811599440896],
[1636810200.0, 638.5853985623004],
[1636896600.0, 647.5133110356761],
[1636983000.0, 647.930012113951],
[1637069400.0, 647.693311301917],
[1637155800.0, 671.5078640841319],
[1637242200.0, 685.5835408679446],
[1637328600.0, 670.7050013977636],
[1637415000.0, 670.6274709797657],
[1637501400.0, 662.0863907747604],
[1637587800.0, 685.5560059904153],
[1637674200.0, 675.339237886049],
[1637760600.0, 682.9028626863684],
[1637847000.0, 677.4121699281151],
[1637933400.0, 673.9987350905219],
[1638019800.0, 673.0917419462194],
[1638106200.0, 635.7476230031948],
[1638192600.0, 634.2343118343983],
[1638279000.0, 638.2507581203407],
[1638365400.0, 650.62247657082],
[1638451800.0, 653.2251864350372],
[1638538200.0, 660.1892130591053],
[1638624600.0, 695.5686660010649],
[1638711000.0, 701.984994142705],
[1638797400.0, 725.3782030085196],
[1638883800.0, 734.8766115548457],
[1638970200.0, 676.5310856629393],
[1639056600.0, 720.5841995473908],
[1639143000.0, 719.9022759584664],
[1639229400.0, 724.6117973908413],
[1639315800.0, 732.2470676916932],
[1639402200.0, 723.2215945820021],
[1639488600.0, 722.0629893503727],
[1639575000.0, 718.3634955404684],
[1639661400.0, 739.4555720181044],
[1639747800.0, 755.2915991080937],
[1639834200.0, 768.9443909744409],
[1639920600.0, 754.8333208200212],
[1640007000.0, 726.7133595580405],
[1640093400.0, 739.0066656017038],
[1640179800.0, 736.5670516506922],
[1640266200.0, 741.0699505457933],
[1640352600.0, 737.2886862353569],
[1640439000.0, 727.2962024094782],
[1640525400.0, 731.0653644169329],
[1640611800.0, 729.3685656948882],
[1640698200.0, 748.2903905085196],
[1640784600.0, 753.5514143370607],
[1640871000.0, 743.6782613817892],
[1640957400.0, 768.6009464190628],
[1641043800.0, 771.0414795660278],
[1641130200.0, 781.1735512513312],
[1641216600.0, 796.7089096778487],
[1641303000.0, 790.7289452875399],
[1641389400.0, 803.3721281948882],
[1641475800.0, 815.3866043663471],
[1641562200.0, 817.0030833333334],
[1641648600.0, 837.6191523562301],
[1641735000.0, 815.6334697816826],
[1641821400.0, 837.5358819222578],
[1641907800.0, 828.6695853301385],
[1641994200.0, 834.4383300053248],
[1642080600.0, 840.69117578541],
[1642167000.0, 839.36383985623],
[1642253400.0, 822.3593318690096],
[1642339800.0, 809.760473043131],
[1642426200.0, 824.0786607428115],
[1642512600.0, 824.7477159877529],
[1642599000.0, 833.4361353168264],
[1642685400.0, 831.3642774893503],
[1642771800.0, 812.0980963791268],
[1642858200.0, 804.447957401491],
[1642944600.0, 812.9954381656016],
[1643031000.0, 836.6417158546326],
[1643117400.0, 830.5811124866877],
[1643203800.0, 836.0019960729497],
[1643290200.0, 828.5379944755059],
[1643376600.0, 840.9630779419596],
[1643463000.0, 799.3788779286474],
[1643549400.0, 812.1689717784876],
[1643635800.0, 812.1689717784876],
[1643722200.0, 812.1689717784876],
[1643808600.0, 814.1646693290735],
[1643895000.0, 810.3032299653886],
[1643981400.0, 826.4921486954206],
[1644067800.0, 819.8475238285411],
[1644154200.0, 785.8040928514378],
[1644240600.0, 772.4707294994676],
[1644327000.0, 784.272306642705],
[1644413400.0, 757.2362496671991],
[1644499800.0, 794.5270493876463],
[1644586200.0, 828.5268013178915],
[1644672600.0, 814.2062209797657],
[1644759000.0, 809.0583811900957],
[1644845400.0, 816.6678873801917],
[1644931800.0, 817.4842900026624],
[1645018200.0, 817.3137578541002],
[1645104600.0, 839.1736959531415],
[1645191000.0, 843.9887690362086],
[1645277400.0, 839.6461892971247],
[1645363800.0, 834.488724574015],
[1645450200.0, 825.8785350106496],
[1645536600.0, 812.4558899760382],
[1645623000.0, 791.2061099574014],
[1645709400.0, 805.2053353301385],
[1645795800.0, 800.6697349574015],
[1645882200.0, 792.5652514643238],
[1645968600.0, 796.6929155351437],
[1646055000.0, 791.2128511048988],
[1646141400.0, 838.292177316294],
[1646227800.0, 835.3006054978702],
[1646314200.0, 838.2080049254525],
[1646400600.0, 846.4143840521831],
[1646487000.0, 860.2915597044728],
[1646573400.0, 903.4776609424919],
[1646659800.0, 888.3026912939297],
[1646746200.0, 927.5337249733759],
[1646832600.0, 920.300653887114],
[1646919000.0, 919.3388561634717],
[1647005400.0, 924.1476811102236],
[1647091800.0, 916.6646793796591],
[1647178200.0, 963.5087335596379],
[1647264600.0, 953.427625399361],
[1647351000.0, 947.1374036208732],
[1647437400.0, 953.5370031948881],
[1647523800.0, 954.159337925985],
[1647610200.0, 957.493376996805],
[1647696600.0, 942.3850486554846],
[1647783000.0, 976.5532648429179],
[1647869400.0, 1000.2319754392971],
[1647955800.0, 980.5663560969116],
[1648042200.0, 976.012258985623],
[1648128600.0, 1006.2217947949946],
[1648215000.0, 999.8460462593184],
[1648301400.0, 999.9593759318423],
[1648387800.0, 1001.5281455670927],
[1648474200.0, 994.0771116214057],
[1648560600.0, 1004.0560652955271],
[1648647000.0, 992.5710947816826],
[1648733400.0, 1001.1531001064963],
[1648819800.0, 996.4078099041535],
[1648906200.0, 1031.8618021166135],
[1648996200.0, 1022.465199946752],
[1649082600.0, 1037.9593690095846],
[1649169000.0, 1044.8115569089455],
[1649255400.0, 1058.3929714456867],
[1649341800.0, 1072.4185948482427],
[1649428200.0, 1038.6475648961662],
[1649514600.0, 1067.9181420394038],
[1649601000.0, 1059.726562899361],
[1649687400.0, 1036.6487658413205],
[1649773800.0, 1057.877685170394],
[1649860200.0, 1051.464490149095],
[1649946600.0, 1067.026889443557],
[1650033000.0, 1080.9216551517572],
[1650119400.0, 1063.2417790202342],
[1650205800.0, 1060.2856341853035],
[1650292200.0, 1058.2252720979766],
[1650378600.0, 1064.0856951544197],
[1650465000.0, 1049.574146432375],
[1650551400.0, 1049.574146432375],
[1650637800.0, 1049.574146432375],
[1650724200.0, 1051.7071397097975],
[1650810600.0, 1065.832266373802],
[1650897000.0, 1068.4405729499467],
[1650983400.0, 1106.639014443557],
[1651069800.0, 1089.3779990681578],
[1651156200.0, 1053.0440623668796],
[1651242600.0, 1049.2531092917998],
[1651329000.0, 1055.9880206336527],
[1651415400.0, 1003.7697552582534],
[1651501800.0, 1028.1198201544196],
[1651588200.0, 973.4368278088393],
[1651674600.0, 985.9292294329073],
[1651761000.0, 975.6080948482428],
[1651847400.0, 992.449278953674],
[1651933800.0, 983.0080290202343],
[1652020200.0, 1035.4081192092651],
[1652106600.0, 1006.3576427050053],
[1652193000.0, 976.3094423588924],
[1652279400.0, 984.2019052848775],
[1652365800.0, 990.222962127263],
[1652452200.0, 1000.1537127263045],
[1652538600.0, 988.8580091853034],
[1652625000.0, 983.5077757587859],
[1652711400.0, 980.6990505857297],
[1652797800.0, 982.805203474441],
[1652884200.0, 976.7936146166134],
[1652970600.0, 965.6417054712459],
[1653057000.0, 986.9718920394035],
[1653143400.0, 986.3616876331204],
[1653229800.0, 996.2632770899893],
[1653316200.0, 986.5996721911608],
[1653402600.0, 1007.0230067891373],
[1653489000.0, 982.0472861421723],
[1653575400.0, 987.3231164802983],
[1653661800.0, 941.1529524094782],
[1653748200.0, 916.0820018636846],
[1653834600.0, 896.3380217651757],
[1653921000.0, 918.9092908013844],
[1654007400.0, 971.4181955537807],
[1654093800.0, 993.0915535809372],
[1654180200.0, 985.0472198482427],
[1654266600.0, 990.6467801517572],
[1654353000.0, 993.7582455404684],
[1654439400.0, 994.9281530218318],
[1654525800.0, 998.2518630857296],
[1654612200.0, 963.9198111687966],
[1654698600.0, 966.6014209930779],
[1654785000.0, 955.337288671459],
[1654871400.0, 976.6916420394036],
[1654957800.0, 961.8692881389776],
[1655044200.0, 966.4263368610223],
[1655130600.0, 963.6915934504792],
[1655217000.0, 957.6639677848774],
[1655303400.0, 956.6557672390841],
[1655389800.0, 970.6545244275825],
[1655476200.0, 962.9837591853036],
[1655562600.0, 950.1434088791266],
[1655649000.0, 953.2639856895635],
[1655735400.0, 946.531292598509],
[1655821800.0, 944.3226083599575],
[1655908200.0, 953.2807198482428],
[1655994600.0, 945.2094933439829],
[1656081000.0, 927.1133949680511],
[1656167400.0, 923.9410913205537],
[1656253800.0, 918.6718594914803],
[1656340200.0, 919.2394845580405],
[1656426600.0, 936.7008740015974],
[1656513000.0, 927.6877964589988],
[1656599400.0, 905.9634331735888],
[1656685800.0, 925.3764052183174],
[1656772200.0, 938.3918352635783],
[1656858600.0, 938.8556571485623],
[1656945000.0, 940.1953755990414],
[1657031400.0, 925.6347592518637],
[1657117800.0, 924.8872705670926],
[1657204200.0, 932.6080123801917],
[1657290600.0, 908.995611355165],
[1657377000.0, 899.9856705937168],
[1657463400.0, 905.1411251996806],
[1657549800.0, 909.8752589190627],
[1657636200.0, 902.1834118743344],
[1657722600.0, 877.2534540734825],
[1657809000.0, 868.2922983892439],
[1657895400.0, 866.4091877662407],
[1657981800.0, 854.5032126597445],
[1658068200.0, 862.3304833599574],
[1658154600.0, 881.376063698083],
[1658241000.0, 881.6743491080938],
[1658327400.0, 882.9899205937166],
[1658413800.0, 906.0367316293929],
[1658500200.0, 888.0862380191692],
[1658586600.0, 870.1706509584664],
[1658673000.0, 876.7658922390842],
[1658759400.0, 894.7981118876467],
[1658845800.0, 916.7827985889243],
[1658932200.0, 901.774092185836],
[1659018600.0, 926.618593317359],
[1659105000.0, 932.4632864749734],
[1659191400.0, 920.7402703008519],
[1659277800.0, 934.2253880457934],
[1659364200.0, 933.0779293796592],
[1659450600.0, 937.2690657614484],
[1659537000.0, 938.6076709930776],
[1659623400.0, 956.6549872204472],
[1659709800.0, 942.0599935436634],
[1659796200.0, 945.3808298056443],
[1659882600.0, 934.5928155617678],
[1659969000.0, 983.981846512247],
[1660055400.0, 949.4713053780617],
[1660141800.0, 964.0860837326942],
[1660228200.0, 944.8241265974442],
[1660314600.0, 966.6594175319489],
[1660401000.0, 966.6594175319489],
[1660487400.0, 966.6594175319489],
[1660573800.0, 966.6594175319489],
[1660660200.0, 953.2508817225773],
[1660746600.0, 962.2582406815762],
[1660833000.0, 965.2632110623002],
[1660919400.0, 969.082851903621],
[1661005800.0, 961.738096578807],
[1661092200.0, 970.0082441427052],
[1661178600.0, 982.2442229100106],
[1661265000.0, 982.4703893769968],
[1661351400.0, 970.0140877263045],
[1661437800.0, 955.2135179712461],
[1661524200.0, 954.7091207401492],
[1661610600.0, 959.407989882854],
[1661697000.0, 968.937148828541],
[1661783400.0, 982.5095317492012],
[1661869800.0, 981.7612350239617],
[1661956200.0, 989.176014044196],
[1662042600.0, 979.7264786341852],
[1662129000.0, 1080.5506103567627],
[1662215400.0, 1072.7490653620873],
[1662301800.0, 1068.3460254925453],
[1662388200.0, 1048.7041242012779],
[1662474600.0, 1054.4284446219383],
[1662561000.0, 1068.3099346379126],
[1662647400.0, 1091.3247299653885],
[1662733800.0, 1089.628079273163],
[1662820200.0, 1075.0359173988284],
[1662906600.0, 1093.0304032215122],
[1662993000.0, 1073.62044149361],
[1663079400.0, 1045.8306794462194],
[1663165800.0, 1068.3928892438764],
[1663252200.0, 1056.4048331336528],
[1663338600.0, 1066.9159200612353],
[1663425000.0, 1062.2976749201277],
[1663511400.0, 1035.6383533013845],
[1663597800.0, 1032.3772339589989],
[1663684200.0, 1010.5843169595314],
[1663770600.0, 1022.4489369009584],
[1663857000.0, 1006.494535609691],
[1663943400.0, 1007.0490423988284],
[1664029800.0, 1008.1658900425986],
[1664116200.0, 1011.6666255324812],
[1664202600.0, 999.9844420926518],
[1664289000.0, 1008.3839303780618],
[1664375400.0, 1012.5711837726305],
[1664461800.0, 1032.6022692358893],
[1664548200.0, 1033.5936858359958],
[1664634600.0, 1026.0056974840256],
[1664717400.0, 1009.1230510516507],
[1664803800.0, 1018.5481498935036],
[1664890200.0, 1036.112566826411],
[1664976600.0, 1006.1846859025559],
[1665063000.0, 1009.1734844914804],
[1665149400.0, 1008.6652646432375],
[1665235800.0, 1015.6138577609158],
[1665322200.0, 1001.3735587726305],
[1665408600.0, 993.5319946086262],
[1665495000.0, 1005.268989416933],
[1665581400.0, 1011.9232194488818],
[1665667800.0, 997.8023688099042],
[1665754200.0, 1009.0037186501598],
[1665840600.0, 1012.6453132321618],
[1665927000.0, 997.1289344382322],
[1666013400.0, 1038.3546433040467],
[1666099800.0, 1005.4689520766773],
[1666186200.0, 1038.3438995607028],
[1666272600.0, 1046.036801983493],
[1666359000.0, 1036.5621570820022],
[1666445400.0, 1028.1158222177849],
[1666531800.0, 1001.2563438498402],
[1666618200.0, 1027.494832800852],
[1666704600.0, 1047.371064829606],
[1666791000.0, 1049.9574819621937],
[1666877400.0, 1030.5826001064963],
[1666963800.0, 1041.4380117811502],
[1667050200.0, 1038.4157838125666],
[1667136600.0, 1039.232478900426],
[1667223000.0, 1023.2731278620874],
[1667309400.0, 1039.9866575479234],
[1667395800.0, 1014.0913420527157],
[1667482200.0, 1015.1761097577211],
[1667568600.0, 1020.2530456602769],
[1667655000.0, 1046.4113883785942],
[1667741400.0, 1032.778391174121],
[1667827800.0, 1011.8767344914802],
[1667914200.0, 1019.084963325346],
[1668000600.0, 1024.0221661341852],
[1668087000.0, 1037.593774227902],
[1668173400.0, 1057.9273951011712],
[1668259800.0, 1053.6437876064963],
[1668346200.0, 1042.1276364483492],
[1668432600.0, 1063.3236148828541],
[1668519000.0, 1051.7862498668796],
[1668605400.0, 1051.4383258120342],
[1668691800.0, 1032.9872482028754],
[1668778200.0, 1058.6109104765708],
[1668864600.0, 1057.0762131922259],
[1668951000.0, 1012.179348509052],
[1669037400.0, 1079.668620407348],
[1669123800.0, 1069.1935012646431],
[1669210200.0, 1046.0031228700743],
[1669296600.0, 1027.1485744808306],
[1669383000.0, 1048.0913650159744],
[1669469400.0, 1031.150288738019],
[1669555800.0, 1022.3879048855165],
[1669642200.0, 987.7617814829605],
[1669728600.0, 998.8027416134183],
[1669815000.0, 1006.5511405085197],
[1669901400.0, 998.1507864084131],
[1669987800.0, 1029.3304747071352],
[1670074200.0, 1062.1156923588926],
[1670160600.0, 1070.1201352502662],
[1670247000.0, 1066.2664950745473],
[1670333400.0, 1082.5100560436636],
[1670419800.0, 1062.4019396964857],
[1670506200.0, 1105.6850814696486],
[1670592600.0, 1086.3915654952077],
[1670679000.0, 1075.077942957934],
[1670765400.0, 1115.1345086528222],
[1670851800.0, 1083.9882193823216],
[1670938200.0, 1093.7748025159744],
[1671024600.0, 1097.7795728833864],
[1671111000.0, 1108.4498424520766],
[1671197400.0, 1106.3686796458999],
[1671283800.0, 1081.0784353700744],
[1671370200.0, 1090.1376751198081],
[1671456600.0, 1099.8789276490945],
[1671543000.0, 1085.915370340788],
[1671629400.0, 1067.1681612087327],
[1671715800.0, 1094.145288005857],
[1671802200.0, 1107.8838479765707],
[1671888600.0, 1086.2700021299254],
[1671975000.0, 1084.916087060703],
[1672061400.0, 1073.0682555910544],
[1672147800.0, 1075.1013389909476],
[1672234200.0, 1078.208512513312],
[1672320600.0, 1089.416576610756],
[1672407000.0, 1083.0933943690097],
[1672493400.0, 1094.8396186102236],
[1672579800.0, 1083.1484607294997],
[1672666200.0, 1077.880012579872],
[1672752600.0, 1082.6189635915866],
[1672839000.0, 1084.1983615548456],
[1672925400.0, 1072.0745100505856],
[1673011800.0, 1068.8307194488818],
[1673098200.0, 1055.9356727902023],
[1673184600.0, 1064.9734909478168],
[1673271000.0, 1056.873098908413],
[1673357400.0, 1037.8863666799787],
[1673443800.0, 1055.4153549653886],
[1673530200.0, 1069.2437531948883],
[1673616600.0, 1102.8290577076677],
[1673703000.0, 1086.6232426783813],
[1673789400.0, 1084.0909310436634],
[1673875800.0, 1065.8089568690095],
[1673962200.0, 1112.8443635516505],
[1674048600.0, 1084.5386460330137],
[1674135000.0, 1111.0098298056441],
[1674221400.0, 1094.7957290335462],
[1674307800.0, 1100.5851793796592],
[1674394200.0, 1090.6904036874334],
[1674480600.0, 1085.1788811235358],
[1674567000.0, 1115.842684038871],
[1674653400.0, 1101.3066560170394],
[1674739800.0, 1106.20098442492],
[1674826200.0, 1100.8153421192758],
[1674912600.0, 1077.7531708599572],
[1674999000.0, 1092.3179372337595],
[1675085400.0, 1118.557150825346],
[1675171800.0, 1114.436719848243],
[1675258200.0, 1113.2944787673055],
[1675344600.0, 1090.1201932907345],
[1675431000.0, 1106.744695087859],
[1675517400.0, 1123.9663184904155],
[1675603800.0, 1136.3242095314163],
[1675690200.0, 1153.7923893104366],
[1675776600.0, 1147.732073149627],
[1675863000.0, 1147.732073149627],
[1675949400.0, 1147.732073149627],
