[1666445400, 60.3584],
[1666531800, 47.9594],
[1666618200, 44.0679],
[1666704600, 44.9925],
[1666791000, 43.4299],
[1666877400, 40.9677],
[1666963800, 0.3613],
[1667050200, 0.3471],
[1667136600, 0.548],
[1667223000, 0.6341],
[1667309400, 0.6629],
[1667395800, 0.6616],
[1667482200, 0.604],
[1667568600, 0.5887],
[1667655000, 0.5617],
[1667741400, 0.4697],
[1667827800, 0.3981],
[1667914200, 0.3597],
[1668000600, 0.4874],
[1668087000, 0.3512],
[1668173400, 0.4211],
[1668259800, 0.3781],
[1668346200, 0.4082],
[1668432600, 0.4175],
[1668519000, 0.4255],
[1668605400, 0.5031],
[1668691800, 0.3768],
[1668778200, 0.4204],
[1668864600, 0.4017],
[1668951000, 0.4573],
[1669037400, 0.4499],
[1669123800, 0.4612],
[1669210200, 0.4865],
[1669296600, 0.4867],
[1669383000, 0.4594],
[1669469400, 0.4312],
[1669555800, 0.3837],
[1669642200, 0.366],
[1669728600, 0.389],
[1669815000, 0.4076],
[1669901400, 0.4067],
[1669987800, 0.3984],
[1670074200, 0.4062],
[1670160600, 0.3924],
[1670247000, 0.3664],
[1670333400, 0.3643],
[1670419800, 0.335],
[1670506200, 0.3495],
[1670592600, 0.3367],
[1670679000, 0.2766],
[1670765400, 0.2869],
[1670851800, 0.2811],
[1670938200, 0.4209],
[1671024600, 0.3475],
[1671111000, 0.2791],
[1671197400, 0.2627],
[1671283800, 0.2879],
[1671370200, 0.3194],
[1671456600, 0.2813],
[1671543000, 0.7326],
[1671629400, 0.644],
[1671715800, 0.6105],
[1671802200, 0.5547],
[1671888600, 0.5422],
[1671975000, 0.5587],
[1672061400, 0.6237],
[1672147800, 0.6284],
[1672234200, 0.5964],
[1672320600, 0.6048],
[1672407000, 0.5482],
[1672493400, 0.5398],
[1672579800, 0.5445],
[1672666200, 0.5183],
[1672752600, 0.5658],
[1672839000, 0.5375],
[1672925400, 0.5695],
[1673011800, 0.5845],
[1673098200, 0.6199],
[1673184600, 0.646],
[1673271000, 0.6553],
[1673357400, 0.6575],
[1673443800, 0.6559],
[1673530200, 0.706],
[1673616600, 0.6802],
[1673703000, 0.6626],
[1673789400, 0.6643],
[1673875800, 0.611],
[1673962200, 0.6498],
[1674048600, 0.6441],
[1674135000, 0.6785],
[1674221400, 0.6877],
[1674307800, 0.7176],
[1674394200, 0.7144],
[1674480600, 0.7383],
[1674567000, 0.7693],
[1674653400, 0.7323],
[1674739800, 0.6862],
[1674826200, 0.7122],
[1674912600, 0.679],
[1674999000, 0.6319],
[1675085400, 0.6872],
[1675171800, 0.6959],
[1675258200, 0.6459],
[1675344600, 0.6505],
[1675431000, 0.6808],
[1675517400, 0.6703],
[1675603800, 0.7201],
[1675690200, 0.706],
[1675776600, 0.6703],
[1675863000, 0.6562],
[1675949400, 0.661],
[1676035800, 0.636],
[1676122200, 0.6648],
[1676208600, 0.6533],
[1676295000, 0.6117],
[1676381400, 0.6151],
[1676467800, 0.6462],
[1676554200, 0.6842],
[1676640600, 0.648],
[1676727000, 0.6732],
[1676813400, 0.647],
[1676899800, 0.673],
[1677072600, 0.627],
[1677159000, 0.6249],
[1677245400, 0.65],
[1677331800, 0.6577],
[1677418200, 0.7023],
[1677504600, 0.65],
[1677591000, 0.7017],
[1677677400, 0.701],
[1677763800, 0.6805],
[1677850200, 0.6493],
[1677936600, 0.636],
[1678023000, 0.6165],
[1678109400, 0.6432],
[1678195800, 0.6285],
[1678282200, 0.5762],
[1678368600, 0.5819],
[1678455000, 0.6299],
[1678541400, 0.6316],
[1678627800, 0.6379],
[1678714200, 0.7093],
[1678800600, 0.7338],
[1678887000, 0.7078],
[1678973400, 0.6636],
[1679059800, 0.5886],
[1679146200, 0.5325],
[1679232600, 0.5555],
[1679319000, 0.5798],
[1679405400, 0.6056],
[1679491800, 0.6213],
[1679578200, 0.6197],
[1679664600, 0.6002],
[1679751000, 0.6493],
[1679837400, 0.6567],
[1679923800, 0.6613],
[1680010200, 0.6439],
[1680096600, 0.6573],
[1680183000, 0.6181],
[1680269400, 0.6231],
[1680355800, 0.6231],
