[1635773400.0, 0.6640776699029126],
[1635859800.0, 0.6525369299935774],
[1635946200.0, 0.6686991869918699],
[1636032600.0, 0.6908602150537636],
[1636119000.0, 0.7003968253968254],
[1636205400.0, 0.6937830687830687],
[1636291800.0, 0.683531746031746],
[1636378200.0, 0.685515873015873],
[1636464600.0, 0.6102895871842268],
[1636551000.0, 0.6549893842887472],
[1636637400.0, 0.6610337972166997],
[1636723800.0, 0.6566866267465071],
[1636810200.0, 0.651],
[1636896600.0, 0.6800535475234271],
[1636983000.0, 0.7520235467255334],
[1637069400.0, 0.7126556016597511],
[1637155800.0, 0.6724919093851133],
[1637242200.0, 0.672503242542153],
[1637328600.0, 0.6605297157622738],
[1637415000.0, 0.6169429097605894],
[1637501400.0, 0.63003663003663],
[1637587800.0, 0.6283700980392156],
[1637674200.0, 0.6155268022181146],
[1637760600.0, 0.7147988505747126],
[1637847000.0, 0.713223787167449],
[1637933400.0, 0.6545842217484008],
[1638019800.0, 0.664141414141414],
[1638106200.0, 0.6506802721088435],
[1638192600.0, 0.6420161883738043],
[1638279000.0, 0.6572668112798263],
[1638365400.0, 0.6707407407407406],
[1638451800.0, 0.6432926829268291],
[1638538200.0, 0.6238825031928479],
[1638624600.0, 0.6947916666666668],
[1638711000.0, 0.7082459818308874],
[1638797400.0, 0.6697786998616874],
[1638883800.0, 0.6663467690339092],
[1638970200.0, 0.6695457453614844],
[1639056600.0, 0.6923076923076923],
[1639143000.0, 0.6924066924066924],
[1639229400.0, 0.7578176979374585],
[1639315800.0, 0.7330729166666666],
[1639402200.0, 0.7129810828440967],
[1639488600.0, 0.6799242424242424],
[1639575000.0, 0.7080906148867314],
[1639661400.0, 0.720675944333996],
[1639747800.0, 0.6969407265774381],
[1639834200.0, 0.6826309067688379],
[1639920600.0, 0.7134615384615385],
[1640007000.0, 0.7161812297734629],
[1640093400.0, 0.6545171339563862],
[1640179800.0, 0.6473520249221183],
[1640266200.0, 0.6251560549313359],
[1640352600.0, 0.638888888888889],
[1640439000.0, 0.6809616634178036],
[1640525400.0, 0.6932414698162729],
[1640611800.0, 0.6763602251407129],
[1640698200.0, 0.6842105263157895],
[1640784600.0, 0.7083333333333333],
[1640871000.0, 0.6884469696969697],
[1640957400.0, 0.6927672955974842],
[1641043800.0, 0.6878453038674035],
[1641130200.0, 0.7135416666666665],
[1641216600.0, 0.7058823529411765],
[1641303000.0, 0.7084870848708487],
[1641389400.0, 0.6936771025168816],
[1641475800.0, 0.7337662337662337],
[1641562200.0, 0.7297794117647058],
[1641648600.0, 0.7113370301910045],
[1641735000.0, 0.7234432234432235],
[1641821400.0, 0.7454212454212454],
[1641907800.0, 0.7269113149847096],
[1641994200.0, 0.7223241590214069],
[1642080600.0, 0.697992700729927],
[1642167000.0, 0.860991379310345],
[1642253400.0, 0.7112718505123569],
[1642339800.0, 0.7394278606965173],
[1642426200.0, 0.7554278416347381],
[1642512600.0, 0.7496843434343435],
[1642599000.0, 0.7446134347275033],
[1642685400.0, 0.739047619047619],
[1642771800.0, 0.7008547008547008],
[1642858200.0, 0.732905982905983],
[1642944600.0, 0.7352941176470588],
[1643031000.0, 0.7283147459727386],
[1643117400.0, 0.699410029498525],
[1643203800.0, 0.7282145033516148],
[1643290200.0, 0.7145833333333333],
[1643376600.0, 0.8049122807017545],
[1643463000.0, 0.8567821067821066],
[1643549400.0, 0.7403542061986085],
[1643635800.0, 0.7403542061986085],
[1643722200.0, 0.7403542061986085],
[1643808600.0, 0.727133210558625],
[1643895000.0, 0.7367283950617284],
[1643981400.0, 0.7473618870266914],
[1644067800.0, 0.7323327079424641],
[1644154200.0, 0.7689180737961226],
[1644240600.0, 0.7768199233716474],
[1644327000.0, 0.7683615819209039],
[1644413400.0, 0.7580935251798562],
[1644499800.0, 0.721835075493612],
[1644586200.0, 0.6631888710540396],
[1644672600.0, 0.7657575757575755],
[1644759000.0, 0.7714285714285714],
[1644845400.0, 0.8148831488314883],
[1644931800.0, 0.8105924596050268],
[1645018200.0, 0.7887700534759358],
[1645104600.0, 0.8062982768865121],
[1645191000.0, 0.8426426426426425],
[1645277400.0, 0.695139911634757],
[1645363800.0, 0.6858124693176241],
[1645450200.0, 0.7565754159957059],
[1645536600.0, 0.7179683511995916],
[1645623000.0, 0.8179173938336242],
[1645709400.0, 0.7789173789173789],
[1645795800.0, 0.7819850831899026],
[1645882200.0, 0.7334893395735829],
[1645968600.0, 0.7912513842746399],
[1646055000.0, 0.7787682333873581],
[1646141400.0, 0.757871878393051],
[1646227800.0, 0.7474254742547425],
[1646314200.0, 0.798977853492334],
[1646400600.0, 0.810880829015544],
[1646487000.0, 0.8448786264061575],
[1646573400.0, 0.8339140534262486],
[1646659800.0, 0.742798353909465],
[1646746200.0, 0.9490075290896647],
[1646832600.0, 0.8753205128205128],
[1646919000.0, 0.9483714483714483],
[1647005400.0, 0.8931124106562703],
[1647091800.0, 0.8753156565656566],
[1647178200.0, 0.8791277258566977],
[1647264600.0, 0.8560606060606059],
[1647351000.0, 0.8839899937460913],
[1647437400.0, 0.9612244897959185],
[1647523800.0, 0.970446735395189],
[1647610200.0, 0.9471218206157966],
[1647696600.0, 0.9379537953795379],
[1647783000.0, 0.9541499330655957],
[1647869400.0, 0.9491017964071856],
[1647955800.0, 0.9351669941060905],
[1648042200.0, 0.881611316113161],
[1648128600.0, 0.8869377695625386],
[1648215000.0, 0.8819702602230484],
[1648301400.0, 0.8849502487562189],
[1648387800.0, 0.8816199376947041],
[1648474200.0, 0.894224733207784],
[1648560600.0, 0.9543333333333333],
[1648647000.0, 0.7350959046137896],
[1648733400.0, 0.9013994910941476],
[1648819800.0, 0.8094017094017094],
[1648906200.0, 0.8392434988179668],
[1648996200.0, 0.8428063943161634],
[1649082600.0, 0.8395500296033156],
[1649169000.0, 0.8663101604278075],
[1649255400.0, 0.7869774919614146],
[1649341800.0, 0.7936373873873874],
[1649428200.0, 0.8318739054290717],
[1649514600.0, 0.8380035026269701],
[1649601000.0, 0.8640890451083773],
[1649687400.0, 0.8834260977118119],
[1649773800.0, 0.9799999999999999],
[1649860200.0, 0.886504975124378],
[1649946600.0, 0.9218455743879472],
[1650033000.0, 0.9399224806201552],
[1650119400.0, 0.8956766917293232],
[1650205800.0, 0.8816698053986188],
[1650292200.0, 0.9375404530744336],
[1650378600.0, 0.8750767341927562],
[1650465000.0, 0.8904151404151406],
[1650551400.0, 0.8904151404151406],
[1650637800.0, 0.8904151404151406],
[1650724200.0, 0.8975563909774434],
[1650810600.0, 0.8999374609130707],
[1650897000.0, 0.889937106918239],
[1650983400.0, 0.8238705738705739],
[1651069800.0, 0.766096866096866],
[1651156200.0, 0.8661365142478463],
[1651242600.0, 0.825091575091575],
[1651329000.0, 0.8039039039039036],
[1651415400.0, 0.8421052631578948],
[1651501800.0, 0.8784925276153347],
[1651588200.0, 0.8795761078998073],
[1651674600.0, 0.8362860892388453],
[1651761000.0, 0.895833333333333],
[1651847400.0, 0.9025157232704403],
[1651933800.0, 0.853373413493654],
[1652020200.0, 0.8976728268309376],
[1652106600.0, 0.8549999999999999],
[1652193000.0, 0.8487903225806451],
[1652279400.0, 0.8112179487179486],
[1652365800.0, 0.7732843137254902],
[1652452200.0, 0.8449304174950297],
[1652538600.0, 0.8439363817097415],
[1652625000.0, 0.8303863785199738],
[1652711400.0, 0.8258169934640522],
[1652797800.0, 0.7973484848484848],
[1652884200.0, 0.7732843137254902],
[1652970600.0, 0.7448296836982969],
[1653057000.0, 0.7570207570207571],
[1653143400.0, 0.7754975124378108],
[1653229800.0, 0.7777777777777778],
[1653316200.0, 0.7875318066157759],
[1653402600.0, 0.7590214067278286],
[1653489000.0, 0.7541284403669725],
[1653575400.0, 0.7446286065070595],
[1653661800.0, 0.7313616759088108],
[1653748200.0, 0.7690651906519064],
[1653834600.0, 0.7684501845018449],
[1653921000.0, 0.7755227552275521],
[1654007400.0, 0.8261578604044357],
[1654093800.0, 0.7957790192427064],
[1654180200.0, 0.8365261813537676],
[1654266600.0, 0.781619937694704],
[1654353000.0, 0.8088050314465408],
[1654439400.0, 0.7986891385767791],
[1654525800.0, 0.797416509136736],
[1654612200.0, 0.8178893178893178],
[1654698600.0, 0.828828828828829],
[1654785000.0, 0.8226010101010102],
[1654871400.0, 0.8419540229885057],
[1654957800.0, 0.8225190839694655],
[1655044200.0, 0.8069367710251689],
[1655130600.0, 0.7869858809085329],
[1655217000.0, 0.8471102150537635],
[1655303400.0, 0.6982651796778192],
[1655389800.0, 0.7595015576323987],
[1655476200.0, 0.7738317757009346],
[1655562600.0, 0.7847352024922117],
[1655649000.0, 0.7809968847352025],
[1655735400.0, 0.7489096573208722],
[1655821800.0, 0.7682242990654206],
[1655908200.0, 0.8146639511201629],
[1655994600.0, 0.852900069881202],
[1656081000.0, 0.730550284629981],
[1656167400.0, 0.7993630573248409],
[1656253800.0, 0.7189102564102564],
[1656340200.0, 0.7455128205128205],
[1656426600.0, 0.7577251808021038],
[1656513000.0, 0.7561848958333335],
[1656599400.0, 0.7448914431673052],
[1656685800.0, 0.7770313499680102],
[1656772200.0, 0.7712665406427222],
[1656858600.0, 0.7887820512820513],
[1656945000.0, 0.7648358585858585],
[1657031400.0, 0.7803030303030302],
[1657117800.0, 0.7563613231552163],
[1657204200.0, 0.7717460317460316],
[1657290600.0, 0.7681023720349565],
[1657377000.0, 0.7769328263624841],
[1657463400.0, 0.7685873605947954],
[1657549800.0, 0.8462059620596206],
[1657636200.0, 0.8278317152103558],
[1657722600.0, 0.9009562841530057],
[1657809000.0, 0.8701512163050625],
[1657895400.0, 0.8416188655194392],
[1657981800.0, 0.8426640926640926],
[1658068200.0, 0.8432835820895522],
[1658154600.0, 0.8187613843351548],
[1658241000.0, 0.7893966022261276],
[1658327400.0, 0.8279386712095401],
[1658413800.0, 0.8196517412935324],
[1658500200.0, 0.8271719038817006],
[1658586600.0, 0.8239222829386764],
[1658673000.0, 0.8200483091787438],
[1658759400.0, 0.6896116994452849],
[1658845800.0, 0.7468152866242038],
[1658932200.0, 0.7439293598233996],
[1659018600.0, 0.8277186761229315],
[1659105000.0, 0.8137254901960783],
[1659191400.0, 0.9767525035765379],
[1659277800.0, 0.8651685393258427],
[1659364200.0, 0.8414707655213984],
[1659450600.0, 0.8406060606060606],
[1659537000.0, 0.862399505256648],
[1659623400.0, 0.8736809435133458],
[1659709800.0, 0.8836419753086419],
[1659796200.0, 0.8725135623869801],
[1659882600.0, 0.8892900120336944],
[1659969000.0, 0.8734793187347933],
[1660055400.0, 0.9067641681901278],
[1660141800.0, 0.8756805807622505],
[1660228200.0, 0.9519549370444004],
[1660314600.0, 0.8873195229127432],
[1660401000.0, 0.8873195229127432],
[1660487400.0, 0.8873195229127432],
[1660573800.0, 0.8873195229127432],
[1660660200.0, 0.9294750158127768],
[1660746600.0, 0.8167249417249415],
[1660833000.0, 0.817816091954023],
[1660919400.0, 0.7692926045016076],
[1661005800.0, 0.775630703166935],
[1661092200.0, 0.7937430786267995],
[1661178600.0, 0.8772090188909202],
[1661265000.0, 0.7968574635241301],
[1661351400.0, 0.8227808814400994],
[1661437800.0, 0.8084057971014493],
[1661524200.0, 0.8555327868852459],
[1661610600.0, 0.8426666666666668],
[1661697000.0, 0.7884972170686455],
[1661783400.0, 0.8055028462998102],
[1661869800.0, 0.7975499677627337],
[1661956200.0, 0.8024453024453024],
[1662042600.0, 0.7666057282145031],
[1662129000.0, 0.7362637362637363],
[1662215400.0, 0.73463687150838],
[1662301800.0, 0.7496890547263682],
[1662388200.0, 0.781928480204342],
[1662474600.0, 0.7788400254939454],
[1662561000.0, 0.8086805555555555],
[1662647400.0, 0.7307930607187113],
[1662733800.0, 0.7962199312714777],
[1662820200.0, 0.7308927424534359],
[1662906600.0, 0.7284183994959043],
[1662993000.0, 0.7539525691699606],
[1663079400.0, 0.7506337135614704],
[1663165800.0, 0.6934353091140855],
[1663252200.0, 0.6994274809160306],
[1663338600.0, 0.690203562340967],
[1663425000.0, 0.705003248862898],
[1663511400.0, 0.6883365200764819],
[1663597800.0, 0.7108233731739707],
[1663684200.0, 0.7090848363393454],
[1663770600.0, 0.7068393094289508],
[1663857000.0, 0.6937830687830687],
[1663943400.0, 0.6828165374677002],
[1664029800.0, 0.7014435695538058],
[1664116200.0, 0.6483851310176721],
[1664202600.0, 0.6666666666666665],
[1664289000.0, 0.6314984709480123],
[1664375400.0, 0.6211009174311927],
[1664461800.0, 0.6177899210686096],
[1664548200.0, 0.6377209018890919],
[1664634600.0, 0.6096096096096095],
[1664717400.0, 0.6262902246508804],
[1664803800.0, 0.7731689088191331],
[1664890200.0, 0.6631612492033142],
[1664976600.0, 0.75127644055434],
[1665063000.0, 0.6948356807511736],
[1665149400.0, 0.7479338842975206],
[1665235800.0, 0.7205488621151275],
[1665322200.0, 0.693486590038314],
[1665408600.0, 0.6471902937420179],
[1665495000.0, 0.6937618147448015],
[1665581400.0, 0.687902187902188],
[1665667800.0, 0.7251808021038791],
[1665754200.0, 0.7257849031396124],
[1665840600.0, 0.7191419141914192],
[1665927000.0, 0.7585858585858586],
[1666013400.0, 0.7603110209601082],
[1666099800.0, 0.7788065843621398],
[1666186200.0, 0.7434842249657064],
[1666272600.0, 0.7606490872210954],
[1666359000.0, 0.7462585034013607],
[1666445400.0, 0.6987704918032788],
[1666531800.0, 0.7322057787174066],
[1666618200.0, 0.6998616874135546],
[1666704600.0, 0.678],
[1666791000.0, 0.7050484094052558],
[1666877400.0, 0.675871137409599],
[1666963800.0, 0.6840894148586456],
[1667050200.0, 0.6760517799352751],
[1667136600.0, 0.6895424836601307],
[1667223000.0, 0.6859477124183007],
[1667309400.0, 0.6161081716637273],
[1667395800.0, 0.6134502923976607],
[1667482200.0, 0.6843100189035917],
[1667568600.0, 0.7928216062544421],
[1667655000.0, 0.7032218091697645],
[1667741400.0, 0.719481340923466],
[1667827800.0, 0.7248134328358209],
[1667914200.0, 0.717377860235003],
[1668000600.0, 0.5074358974358975],
[1668087000.0, 0.6079487179487179],
[1668173400.0, 0.6831597222222222],
[1668259800.0, 0.6647058823529411],
[1668346200.0, 0.5859106529209622],
[1668432600.0, 0.6159079016221873],
[1668519000.0, 0.5977611940298507],
[1668605400.0, 0.5684830633284242],
[1668691800.0, 0.46458087367178286],
[1668778200.0, 0.7845528455284553],
[1668864600.0, 0.7706639566395662],
[1668951000.0, 0.7764227642276421],
[1669037400.0, 0.7469512195121949],
[1669123800.0, 0.7379537953795379],
[1669210200.0, 0.7020618556701032],
[1669296600.0, 0.6957994579945799],
[1669383000.0, 0.698936170212766],
[1669469400.0, 0.7040169133192389],
[1669555800.0, 0.7474856321839081],
[1669642200.0, 0.6365079365079365],
[1669728600.0, 0.7380450070323487],
[1669815000.0, 0.7593375616631429],
[1669901400.0, 0.7832980972515856],
[1669987800.0, 0.7234993614303957],
[1670074200.0, 0.7857142857142859],
[1670160600.0, 0.7743785850860421],
[1670247000.0, 0.7530390275111964],
[1670333400.0, 0.7356429463171036],
[1670419800.0, 0.744674185463659],
[1670506200.0, 0.7306717363751585],
[1670592600.0, 0.7400379506641366],
[1670679000.0, 0.7466299019607843],
[1670765400.0, 0.7431592039800996],
[1670851800.0, 0.7302752293577981],
[1670938200.0, 0.6171100678142932],
[1671024600.0, 0.7072072072072072],
[1671111000.0, 0.6225567881669308],
[1671197400.0, 0.6625069328896285],
[1671283800.0, 0.8075356415478615],
[1671370200.0, 0.85308908045977],
[1671456600.0, 0.8159509202453987],
[1671543000.0, 0.7656350741457123],
[1671629400.0, 0.7598400984009839],
[1671715800.0, 0.8049357674104125],
[1671802200.0, 0.7685546875],
[1671888600.0, 0.8030303030303029],
[1671975000.0, 0.7423101067168862],
[1672061400.0, 0.7355473554735547],
[1672147800.0, 0.7523020257826888],
[1672234200.0, 0.6858068315665488],
[1672320600.0, 0.7583643122676582],
[1672407000.0, 0.6831626848691694],
[1672493400.0, 0.7478787878787877],
[1672579800.0, 0.8406402226861517],
[1672666200.0, 0.7987959442332067],
[1672752600.0, 0.7792370231394622],
[1672839000.0, 0.7928348909657319],
[1672925400.0, 0.770404984423676],
[1673011800.0, 0.8139312977099236],
[1673098200.0, 0.7734326505276226],
[1673184600.0, 0.8139097744360902],
[1673271000.0, 0.8422839506172838],
[1673357400.0, 0.8002428658166363],
[1673443800.0, 0.8211900425015178],
[1673530200.0, 0.8427443837279903],
[1673616600.0, 0.8594229588704728],
[1673703000.0, 0.8496732026143791],
[1673789400.0, 0.8640350877192982],
[1673875800.0, 0.8415450121654502],
[1673962200.0, 0.8396011396011395],
[1674048600.0, 0.800595238095238],
[1674135000.0, 0.7683843263553409],
[1674221400.0, 0.8191550925925927],
[1674307800.0, 0.7188786008230453],
[1674394200.0, 0.731839258114374],
[1674480600.0, 0.7682333873581848],
[1674567000.0, 0.7158920539730136],
[1674653400.0, 0.7320471596998928],
[1674739800.0, 0.668289290681502],
[1674826200.0, 0.8455008488964347],
[1674912600.0, 0.7352048558421851],
[1674999000.0, 0.7673160173160174],
[1675085400.0, 0.7448494453248812],
[1675171800.0, 0.7639335476956054],
[1675258200.0, 0.7014514514514514],
[1675344600.0, 0.749624060150376],
[1675431000.0, 0.6813725490196076],
[1675517400.0, 0.8218482905982906],
[1675603800.0, 0.7644710578842314],
[1675690200.0, 0.8316355404640633],
[1675776600.0, 0.7554540842212074],
[1675863000.0, 0.7554540842212074],
[1675949400.0, 0.7554540842212074],
