[1635773400.0, 16.955755],
[1635859800.0, 19.495126],
[1635946200.0, 21.014691],
[1636032600.0, 18.997023000000002],
[1636119000.0, 19.324905],
[1636205400.0, 19.324905],
[1636291800.0, 18.954687000000003],
[1636378200.0, 18.21387],
[1636464600.0, 18.094869000000003],
[1636551000.0, 17.69252],
[1636637400.0, 17.288433],
[1636723800.0, 17.294403],
[1636810200.0, 16.679437],
[1636896600.0, 18.429975999999996],
[1636983000.0, 19.964851],
[1637069400.0, 20.000891],
[1637155800.0, 17.847905],
[1637242200.0, 17.671933000000003],
[1637328600.0, 17.811643],
[1637415000.0, 18.154367],
[1637501400.0, 18.192066000000004],
[1637587800.0, 17.529051],
[1637674200.0, 17.462187],
[1637760600.0, 18.628957],
[1637847000.0, 18.628957],
[1637933400.0, 18.728983000000003],
[1638019800.0, 17.632122],
[1638106200.0, 17.315783],
[1638192600.0, 17.63341],
[1638279000.0, 16.205437],
[1638365400.0, 17.452066],
[1638451800.0, 16.740845],
[1638538200.0, 16.877229],
[1638624600.0, 18.241383],
[1638711000.0, 17.217098999999997],
[1638797400.0, 17.283085],
[1638883800.0, 18.459088],
[1638970200.0, 18.00939],
[1639056600.0, 20.347428999999998],
[1639143000.0, 18.349180000000004],
[1639229400.0, 17.845115],
[1639315800.0, 16.871572999999998],
[1639402200.0, 17.819905],
[1639488600.0, 16.622955],
[1639575000.0, 16.514363],
[1639661400.0, 17.353136],
[1639747800.0, 16.852628],
[1639834200.0, 16.468494999999997],
[1639920600.0, 14.271128000000003],
[1640007000.0, 16.026308],
[1640093400.0, 16.805341000000002],
[1640179800.0, 16.452523],
[1640266200.0, 16.577313999999998],
[1640352600.0, 17.558701],
[1640439000.0, 17.997656],
[1640525400.0, 17.961742],
[1640611800.0, 17.906236],
[1640698200.0, 17.569443],
[1640784600.0, 18.636738],
[1640871000.0, 18.209588],
[1640957400.0, 18.718158],
[1641043800.0, 18.34479],
[1641130200.0, 18.201761],
[1641216600.0, 18.101878000000003],
[1641303000.0, 17.448672000000002],
[1641389400.0, 18.393624000000003],
[1641475800.0, 18.10657],
[1641562200.0, 18.052938],
[1641648600.0, 17.220764],
[1641735000.0, 18.335479],
[1641821400.0, 18.162349],
[1641907800.0, 18.250051],
[1641994200.0, 17.903197],
[1642080600.0, 18.065836],
[1642167000.0, 17.954081000000002],
[1642253400.0, 17.933465],
[1642339800.0, 17.890520000000002],
[1642426200.0, 17.890520000000002],
[1642512600.0, 20.62198],
[1642599000.0, 19.609092],
[1642685400.0, 19.096889],
[1642771800.0, 17.883658999999998],
[1642858200.0, 18.764529999999997],
[1642944600.0, 17.32526],
[1643031000.0, 17.485084999999998],
[1643117400.0, 17.011225],
[1643203800.0, 17.011225],
[1643290200.0, 17.08366],
[1643376600.0, 16.675324999999997],
[1643463000.0, 16.424585],
[1643549400.0, 18.278655],
[1643635800.0, 18.278655],
[1643722200.0, 18.278655],
[1643808600.0, 25.16176],
[1643895000.0, 17.25911],
[1643981400.0, 17.195877],
[1644067800.0, 16.958297],
[1644154200.0, 16.068767],
[1644240600.0, 16.606040999999998],
[1644327000.0, 16.78885],
[1644413400.0, 16.564629999999998],
[1644499800.0, 16.887137],
[1644586200.0, 17.631718],
[1644672600.0, 16.891438],
[1644759000.0, 17.160088],
[1644845400.0, 17.212719999999997],
[1644931800.0, 17.466264000000002],
[1645018200.0, 17.099738000000002],
[1645104600.0, 17.469878],
[1645191000.0, 16.41494],
[1645277400.0, 16.606322],
[1645363800.0, 15.364282999999999],
[1645450200.0, 15.262793],
[1645536600.0, 15.073394],
[1645623000.0, 15.072688],
[1645709400.0, 14.859673],
[1645795800.0, 15.844453],
[1645882200.0, 15.318647],
[1645968600.0, 14.867821000000001],
[1646055000.0, 14.630776000000001],
[1646141400.0, 17.724007],
[1646227800.0, 14.355193000000002],
[1646314200.0, 14.456683],
[1646400600.0, 14.456683],
[1646487000.0, 15.498053],
[1646573400.0, 15.122711],
[1646659800.0, 15.702314],
[1646746200.0, 14.520254000000001],
[1646832600.0, 15.391570999999999],
[1646919000.0, 15.631531999999998],
[1647005400.0, 15.912122],
[1647091800.0, 15.894212],
[1647178200.0, 15.553711],
[1647264600.0, 16.204429],
[1647351000.0, 16.521028],
[1647437400.0, 15.644801999999999],
[1647523800.0, 15.510712],
[1647610200.0, 14.006974000000001],
[1647696600.0, 13.976807999999998],
[1647783000.0, 13.955541],
[1647869400.0, 12.797208],
[1647955800.0, 13.662858],
[1648042200.0, 14.003295000000001],
[1648128600.0, 14.283885000000001],
[1648215000.0, 14.474925000000002],
[1648301400.0, 14.391345000000001],
[1648387800.0, 14.288088000000002],
[1648474200.0, 14.825022],
[1648560600.0, 14.520425],
[1648647000.0, 14.588855],
[1648733400.0, 14.654525000000001],
[1648819800.0, 14.601099000000001],
[1648906200.0, 15.021832],
[1648996200.0, 15.617281],
[1649082600.0, 13.302655],
[1649169000.0, 15.297409],
[1649255400.0, 16.166905],
[1649341800.0, 16.96591],
[1649428200.0, 15.303435],
[1649514600.0, 15.770571],
[1649601000.0, 16.253626999999998],
[1649687400.0, 16.470213],
[1649773800.0, 16.627096],
[1649860200.0, 16.706182],
[1649946600.0, 17.512132],
[1650033000.0, 16.698736],
[1650119400.0, 14.862756000000001],
[1650205800.0, 16.327001],
[1650292200.0, 15.915071000000001],
[1650378600.0, 15.843430999999999],
[1650465000.0, 15.304535999999999],
[1650551400.0, 15.304535999999999],
[1650637800.0, 15.304535999999999],
[1650724200.0, 16.367317],
[1650810600.0, 16.419961],
[1650897000.0, 15.369241000000002],
[1650983400.0, 15.936391],
[1651069800.0, 14.201322000000001],
[1651156200.0, 15.671403999999999],
[1651242600.0, 15.448656],
[1651329000.0, 14.565096],
[1651415400.0, 15.689703000000002],
[1651501800.0, 15.495371000000002],
[1651588200.0, 15.264795],
[1651674600.0, 15.321024000000001],
[1651761000.0, 15.022654000000003],
[1651847400.0, 14.927134000000002],
[1651933800.0, 14.821792],
[1652020200.0, 14.98754],
[1652106600.0, 14.196989],
[1652193000.0, 14.898480000000001],
[1652279400.0, 14.502283],
[1652365800.0, 13.991761000000002],
[1652452200.0, 14.387571000000003],
[1652538600.0, 14.121497],
[1652625000.0, 14.031947],
[1652711400.0, 14.041960999999999],
[1652797800.0, 14.021611],
[1652884200.0, 14.355931000000002],
[1652970600.0, 16.985577],
[1653057000.0, 15.688445000000002],
[1653143400.0, 15.092606000000002],
[1653229800.0, 13.570878],
[1653316200.0, 15.485945999999998],
[1653402600.0, 15.178911000000001],
[1653489000.0, 15.734177],
[1653575400.0, 14.720001],
[1653661800.0, 15.043080999999997],
[1653748200.0, 16.196759],
[1653834600.0, 15.445386999999998],
[1653921000.0, 15.128587],
[1654007400.0, 14.898401000000003],
[1654093800.0, 15.460962000000002],
[1654180200.0, 15.066493000000001],
[1654266600.0, 15.036643],
[1654353000.0, 14.475463],
[1654439400.0, 14.190962],
[1654525800.0, 14.488499000000003],
[1654612200.0, 14.398949000000002],
[1654698600.0, 15.307623000000001],
[1654785000.0, 14.864242],
[1654871400.0, 14.864242],
[1654957800.0, 15.514972],
[1655044200.0, 15.156772],
[1655130600.0, 15.624033],
[1655217000.0, 14.758383000000002],
[1655303400.0, 15.307228],
[1655389800.0, 15.927520000000001],
[1655476200.0, 10.829821],
[1655562600.0, 15.339137],
[1655649000.0, 15.090354999999999],
[1655735400.0, 14.841559],
[1655821800.0, 15.229609],
[1655908200.0, 14.708704000000001],
[1655994600.0, 17.625034],
[1656081000.0, 14.675078000000001],
[1656167400.0, 17.075794],
[1656253800.0, 18.524434],
[1656340200.0, 17.885644],
[1656426600.0, 15.057962000000002],
[1656513000.0, 15.523799],
[1656599400.0, 16.335719],
[1656685800.0, 15.332759000000001],
[1656772200.0, 15.153163000000001],
[1656858600.0, 14.725884000000002],
[1656945000.0, 18.567428999999997],
[1657031400.0, 14.746236999999999],
[1657117800.0, 15.059755000000001],
[1657204200.0, 14.846764],
[1657290600.0, 15.425854],
[1657377000.0, 16.038155],
[1657463400.0, 15.555879000000001],
[1657549800.0, 15.484238999999999],
[1657636200.0, 15.656982],
[1657722600.0, 15.651397000000003],
[1657809000.0, 15.372355],
[1657895400.0, 15.813360999999999],
[1657981800.0, 16.171886],
[1658068200.0, 15.777866000000001],
[1658154600.0, 15.825645999999999],
[1658241000.0, 16.208824],
[1658327400.0, 16.226734],
[1658413800.0, 15.007371000000003],
[1658500200.0, 14.40699],
[1658586600.0, 14.281620000000002],
[1658673000.0, 14.281620000000002],
[1658759400.0, 16.519743000000002],
[1658845800.0, 16.296889],
[1658932200.0, 16.306696000000002],
[1659018600.0, 17.07926],
[1659105000.0, 17.020337],
[1659191400.0, 18.344968],
[1659277800.0, 17.018509],
[1659364200.0, 17.64714],
[1659450600.0, 17.27725],
[1659537000.0, 17.575558],
[1659623400.0, 17.308964000000003],
[1659709800.0, 17.649446],
[1659796200.0, 17.810636],
[1659882600.0, 18.022856],
[1659969000.0, 16.829152],
[1660055400.0, 17.296478],
[1660141800.0, 17.547218],
[1660228200.0, 19.783876000000003],
[1660314600.0, 18.625909],
[1660401000.0, 18.625909],
[1660487400.0, 18.625909],
[1660573800.0, 18.625909],
[1660660200.0, 18.256892],
[1660746600.0, 17.422388],
[1660833000.0, 17.416418],
[1660919400.0, 17.962568],
[1661005800.0, 18.577862],
[1661092200.0, 18.24932],
[1661178600.0, 18.189619999999998],
[1661265000.0, 18.183842],
[1661351400.0, 18.102961],
[1661437800.0, 18.031058],
[1661524200.0, 16.91995],
[1661610600.0, 17.077350000000003],
[1661697000.0, 17.450550000000003],
[1661783400.0, 17.384880000000003],
[1661869800.0, 17.059104],
[1661956200.0, 16.636271],
[1662042600.0, 19.385811000000004],
[1662129000.0, 19.402628],
[1662215400.0, 20.282131999999997],
[1662301800.0, 19.994046],
[1662388200.0, 20.139623999999998],
[1662474600.0, 20.139623999999998],
[1662561000.0, 21.493758],
[1662647400.0, 21.306454999999996],
[1662733800.0, 21.193024999999995],
[1662820200.0, 20.315434999999997],
[1662906600.0, 20.687890999999997],
[1662993000.0, 20.114770999999998],
[1663079400.0, 21.244042999999998],
[1663165800.0, 20.363579],
[1663252200.0, 19.506487],
[1663338600.0, 19.515613000000002],
[1663425000.0, 18.871165],
[1663511400.0, 18.256255],
[1663597800.0, 19.905016],
[1663684200.0, 19.774675],
[1663770600.0, 18.668533],
[1663857000.0, 18.593062],
[1663943400.0, 18.902071],
[1664029800.0, 20.356024],
[1664116200.0, 18.547781],
[1664202600.0, 18.690101],
[1664289000.0, 18.014156],
[1664375400.0, 19.220087],
[1664461800.0, 18.635027],
[1664548200.0, 18.500405],
[1664634600.0, 19.144697999999998],
[1664717400.0, 19.072240999999998],
[1664803800.0, 18.95124],
[1664890200.0, 19.234043],
[1664976600.0, 19.395233],
[1665063000.0, 18.896367],
[1665149400.0, 18.896367],
[1665235800.0, 18.334653000000003],
[1665322200.0, 18.132635999999998],
[1665408600.0, 18.444739],
[1665495000.0, 18.444739],
[1665581400.0, 18.002958999999997],
[1665667800.0, 18.390551000000002],
[1665754200.0, 18.693403999999997],
[1665840600.0, 19.15123],
[1665927000.0, 18.921153],
[1666013400.0, 18.921153],
[1666099800.0, 18.565903999999996],
[1666186200.0, 18.918134000000002],
[1666272600.0, 18.661703],
[1666359000.0, 18.741623],
[1666445400.0, 17.750603],
[1666531800.0, 18.526331],
[1666618200.0, 18.38024],
[1666704600.0, 16.831838],
[1666791000.0, 16.868264],
[1666877400.0, 17.806279999999997],
[1666963800.0, 17.584303],
[1667050200.0, 18.859579],
[1667136600.0, 17.777551],
[1667223000.0, 17.710303],
[1667309400.0, 18.291142],
[1667395800.0, 18.075371],
[1667482200.0, 18.180137],
[1667568600.0, 17.854481],
[1667655000.0, 18.033392000000003],
[1667741400.0, 17.999625],
[1667827800.0, 18.498969000000002],
[1667914200.0, 18.996813000000003],
[1668000600.0, 19.809571],
[1668087000.0, 19.099141],
[1668173400.0, 19.123021],
[1668259800.0, 19.853792],
[1668346200.0, 24.109507999999998],
[1668432600.0, 20.235299999999995],
[1668519000.0, 22.156508000000002],
[1668605400.0, 21.053078],
[1668691800.0, 21.662018],
[1668778200.0, 21.906788],
[1668864600.0, 21.894848],
[1668951000.0, 19.667578000000002],
[1669037400.0, 23.533273000000005],
[1669123800.0, 20.185995],
[1669210200.0, 20.701850999999998],
[1669296600.0, 20.326107],
[1669383000.0, 20.242527000000003],
[1669469400.0, 22.008626999999997],
[1669555800.0, 24.870327000000003],
[1669642200.0, 21.26186],
[1669728600.0, 23.530459999999998],
[1669815000.0, 21.829009999999997],
[1669901400.0, 22.829375000000002],
[1669987800.0, 22.720801],
[1670074200.0, 29.281831],
[1670160600.0, 24.841681000000005],
[1670247000.0, 24.308947999999997],
[1670333400.0, 24.177608],
[1670419800.0, 24.607339999999997],
[1670506200.0, 23.304756],
[1670592600.0, 24.977962000000005],
[1670679000.0, 22.197689000000004],
[1670765400.0, 23.103330000000003],
[1670851800.0, 23.161074000000003],
[1670938200.0, 21.606867000000005],
[1671024600.0, 23.480163],
[1671111000.0, 23.211513],
[1671197400.0, 21.821248999999998],
[1671283800.0, 21.506521000000003],
[1671370200.0, 22.580747],
[1671456600.0, 23.128787000000003],
[1671543000.0, 26.455218],
[1671629400.0, 26.122135999999998],
[1671715800.0, 26.438546000000002],
[1671802200.0, 24.577106999999998],
[1671888600.0, 25.399424],
[1671975000.0, 20.152113],
[1672061400.0, 21.094519],
[1672147800.0, 20.957216000000003],
[1672234200.0, 20.719923],
[1672320600.0, 21.576755],
[1672407000.0, 24.915962],
[1672493400.0, 22.552415999999997],
[1672579800.0, 24.541991],
[1672666200.0, 24.94269],
[1672752600.0, 21.01664],
[1672839000.0, 23.804546000000002],
[1672925400.0, 23.295266],
[1673011800.0, 23.759600999999996],
[1673098200.0, 23.602139],
[1673184600.0, 23.275232],
[1673271000.0, 22.703860000000006],
[1673357400.0, 22.574683],
[1673443800.0, 23.126586999999997],
[1673530200.0, 23.367153999999996],
[1673616600.0, 24.582321000000004],
[1673703000.0, 23.472774],
[1673789400.0, 24.761606],
[1673875800.0, 24.773566],
[1673962200.0, 23.551486],
[1674048600.0, 24.308242],
[1674135000.0, 24.934005000000003],
[1674221400.0, 25.359421],
[1674307800.0, 24.338185000000003],
[1674394200.0, 24.621099],
[1674480600.0, 24.814729],
[1674567000.0, 32.453683],
[1674653400.0, 32.149402],
[1674739800.0, 31.199294000000002],
[1674826200.0, 31.43896],
[1674912600.0, 33.456387],
[1674999000.0, 31.808085],
[1675085400.0, 32.011065],
[1675171800.0, 24.042730000000002],
[1675258200.0, 25.522705999999996],
[1675344600.0, 24.866063999999998],
[1675431000.0, 24.525976],
[1675517400.0, 25.111036000000002],
[1675603800.0, 27.281266],
[1675690200.0, 27.539482],
[1675776600.0, 27.533511999999998],
[1675863000.0, 27.533511999999998],
[1675949400.0, 27.533511999999998],
