[1635773400.0, 0.4533333333333334],
[1635859800.0, 0.46],
[1635946200.0, 0.455],
[1636032600.0, 0.4616666666666667],
[1636119000.0, 0.44500000000000006],
[1636205400.0, 0.44166666666666665],
[1636291800.0, 0.45166666666666666],
[1636378200.0, 0.45333333333333337],
[1636464600.0, 0.45166666666666666],
[1636551000.0, 0.4316666666666667],
[1636637400.0, 0.4533333333333334],
[1636723800.0, 0.4533333333333334],
[1636810200.0, 0.45500000000000007],
[1636896600.0, 0.41666666666666674],
[1636983000.0, 0.41],
[1637069400.0, 0.4083333333333334],
[1637155800.0, 0.41],
[1637242200.0, 0.4166666666666667],
[1637328600.0, 0.4100000000000001],
[1637415000.0, 0.41500000000000004],
[1637501400.0, 0.4100000000000001],
[1637587800.0, 0.4000000000000001],
[1637674200.0, 0.405],
[1637760600.0, 0.39999999999999997],
[1637847000.0, 0.4016666666666666],
[1637933400.0, 0.4100000000000001],
[1638019800.0, 0.38333333333333336],
[1638106200.0, 0.36999999999999994],
[1638192600.0, 0.38333333333333336],
[1638279000.0, 0.36666666666666664],
[1638365400.0, 0.37333333333333335],
[1638451800.0, 0.37000000000000005],
[1638538200.0, 0.37999999999999995],
[1638624600.0, 0.38833333333333336],
[1638711000.0, 0.38666666666666666],
[1638797400.0, 0.40166666666666667],
[1638883800.0, 0.405],
[1638970200.0, 0.39000000000000007],
[1639056600.0, 0.405],
[1639143000.0, 0.41333333333333333],
[1639229400.0, 0.4166666666666667],
[1639315800.0, 0.4066666666666667],
[1639402200.0, 0.4133333333333334],
[1639488600.0, 0.4100000000000001],
[1639575000.0, 0.4100000000000001],
[1639661400.0, 0.4216666666666667],
[1639747800.0, 0.44166666666666665],
[1639834200.0, 0.4116666666666667],
[1639920600.0, 0.42333333333333334],
[1640007000.0, 0.42666666666666675],
[1640093400.0, 0.43500000000000005],
[1640179800.0, 0.42333333333333334],
[1640266200.0, 0.4116666666666667],
[1640352600.0, 0.41333333333333333],
[1640439000.0, 0.4266666666666667],
[1640525400.0, 0.45166666666666666],
[1640611800.0, 0.4333333333333334],
[1640698200.0, 0.43],
[1640784600.0, 0.43166666666666664],
[1640871000.0, 0.4250000000000001],
[1640957400.0, 0.43],
[1641043800.0, 0.4483333333333334],
[1641130200.0, 0.4283333333333333],
[1641216600.0, 0.42],
[1641303000.0, 0.42333333333333334],
[1641389400.0, 0.4283333333333334],
[1641475800.0, 0.4316666666666667],
[1641562200.0, 0.43333333333333335],
[1641648600.0, 0.45],
[1641735000.0, 0.45],
[1641821400.0, 0.4583333333333334],
[1641907800.0, 0.46],
[1641994200.0, 0.465],
[1642080600.0, 0.47000000000000003],
[1642167000.0, 0.4683333333333333],
[1642253400.0, 0.4716666666666666],
[1642339800.0, 0.4816666666666667],
[1642426200.0, 0.48333333333333334],
[1642512600.0, 0.47166666666666673],
[1642599000.0, 0.47500000000000003],
[1642685400.0, 0.4433333333333334],
[1642771800.0, 0.4333333333333333],
[1642858200.0, 0.4366666666666666],
[1642944600.0, 0.4283333333333334],
[1643031000.0, 0.42],
[1643117400.0, 0.40666666666666673],
[1643203800.0, 0.4066666666666667],
[1643290200.0, 0.42500000000000004],
[1643376600.0, 0.4033333333333333],
[1643463000.0, 0.3983333333333334],
[1643549400.0, 0.4100000000000001],
[1643635800.0, 0.4100000000000001],
[1643722200.0, 0.4100000000000001],
[1643808600.0, 0.41333333333333333],
[1643895000.0, 0.4116666666666667],
[1643981400.0, 0.4116666666666668],
[1644067800.0, 0.40833333333333327],
[1644154200.0, 0.4033333333333334],
[1644240600.0, 0.3950000000000001],
[1644327000.0, 0.3983333333333334],
[1644413400.0, 0.4033333333333334],
[1644499800.0, 0.4133333333333334],
[1644586200.0, 0.405],
[1644672600.0, 0.405],
[1644759000.0, 0.41],
[1644845400.0, 0.4116666666666666],
[1644931800.0, 0.40833333333333327],
[1645018200.0, 0.4116666666666667],
[1645104600.0, 0.4116666666666667],
[1645191000.0, 0.4033333333333333],
[1645277400.0, 0.4033333333333333],
[1645363800.0, 0.40833333333333327],
[1645450200.0, 0.40666666666666673],
[1645536600.0, 0.3966666666666667],
[1645623000.0, 0.39666666666666667],
[1645709400.0, 0.3933333333333333],
[1645795800.0, 0.36999999999999994],
[1645882200.0, 0.3533333333333333],
[1645968600.0, 0.3366666666666666],
[1646055000.0, 0.3416666666666666],
[1646141400.0, 0.35000000000000003],
[1646227800.0, 0.36333333333333334],
[1646314200.0, 0.36666666666666664],
[1646400600.0, 0.36666666666666664],
[1646487000.0, 0.37833333333333335],
[1646573400.0, 0.37666666666666665],
[1646659800.0, 0.36666666666666664],
[1646746200.0, 0.35166666666666674],
[1646832600.0, 0.3483333333333334],
[1646919000.0, 0.355],
[1647005400.0, 0.37333333333333335],
[1647091800.0, 0.365],
[1647178200.0, 0.38000000000000006],
[1647264600.0, 0.3766666666666667],
[1647351000.0, 0.37666666666666665],
[1647437400.0, 0.37999999999999995],
[1647523800.0, 0.38666666666666666],
[1647610200.0, 0.3866666666666667],
[1647696600.0, 0.39333333333333337],
[1647783000.0, 0.39666666666666667],
[1647869400.0, 0.4016666666666666],
[1647955800.0, 0.3933333333333333],
[1648042200.0, 0.3866666666666667],
[1648128600.0, 0.3983333333333334],
[1648215000.0, 0.4016666666666666],
[1648301400.0, 0.4016666666666666],
[1648387800.0, 0.41],
[1648474200.0, 0.4066666666666667],
[1648560600.0, 0.4066666666666667],
[1648647000.0, 0.4283333333333334],
[1648733400.0, 0.42666666666666675],
[1648819800.0, 0.4266666666666667],
[1648906200.0, 0.4266666666666667],
[1648996200.0, 0.4266666666666666],
[1649082600.0, 0.4183333333333334],
[1649169000.0, 0.4283333333333334],
[1649255400.0, 0.43],
[1649341800.0, 0.43333333333333335],
[1649428200.0, 0.42500000000000004],
[1649514600.0, 0.42500000000000004],
[1649601000.0, 0.4283333333333333],
[1649687400.0, 0.435],
[1649773800.0, 0.44333333333333336],
[1649860200.0, 0.445],
[1649946600.0, 0.4516666666666667],
[1650033000.0, 0.4516666666666668],
[1650119400.0, 0.45500000000000007],
[1650205800.0, 0.455],
[1650292200.0, 0.45333333333333337],
[1650378600.0, 0.44333333333333336],
[1650465000.0, 0.44166666666666665],
[1650551400.0, 0.44166666666666665],
[1650637800.0, 0.44166666666666665],
[1650724200.0, 0.4333333333333334],
[1650810600.0, 0.4283333333333333],
[1650897000.0, 0.4300000000000001],
[1650983400.0, 0.4083333333333334],
[1651069800.0, 0.40666666666666673],
[1651156200.0, 0.4116666666666666],
[1651242600.0, 0.3983333333333334],
[1651329000.0, 0.405],
[1651415400.0, 0.4116666666666667],
[1651501800.0, 0.4033333333333334],
[1651588200.0, 0.405],
[1651674600.0, 0.37999999999999995],
[1651761000.0, 0.37666666666666665],
[1651847400.0, 0.37999999999999995],
[1651933800.0, 0.38166666666666665],
[1652020200.0, 0.3866666666666667],
[1652106600.0, 0.37833333333333335],
[1652193000.0, 0.3733333333333333],
[1652279400.0, 0.375],
[1652365800.0, 0.3833333333333333],
[1652452200.0, 0.38000000000000006],
[1652538600.0, 0.37833333333333335],
[1652625000.0, 0.37833333333333324],
[1652711400.0, 0.37666666666666665],
[1652797800.0, 0.38166666666666665],
[1652884200.0, 0.385],
[1652970600.0, 0.3950000000000001],
[1653057000.0, 0.4033333333333334],
[1653143400.0, 0.41666666666666674],
[1653229800.0, 0.41333333333333333],
[1653316200.0, 0.42],
[1653402600.0, 0.4200000000000001],
[1653489000.0, 0.43333333333333335],
[1653575400.0, 0.43],
[1653661800.0, 0.42166666666666663],
[1653748200.0, 0.4316666666666667],
[1653834600.0, 0.43666666666666676],
[1653921000.0, 0.4416666666666667],
[1654007400.0, 0.44166666666666665],
[1654093800.0, 0.4416666666666667],
[1654180200.0, 0.4466666666666667],
[1654266600.0, 0.4300000000000001],
[1654353000.0, 0.4216666666666667],
[1654439400.0, 0.4283333333333334],
[1654525800.0, 0.4366666666666666],
[1654612200.0, 0.445],
[1654698600.0, 0.445],
[1654785000.0, 0.44500000000000006],
[1654871400.0, 0.4433333333333334],
[1654957800.0, 0.4566666666666668],
[1655044200.0, 0.45],
[1655130600.0, 0.4583333333333333],
[1655217000.0, 0.4483333333333334],
[1655303400.0, 0.4433333333333333],
[1655389800.0, 0.42666666666666675],
[1655476200.0, 0.43],
[1655562600.0, 0.42333333333333334],
[1655649000.0, 0.42],
[1655735400.0, 0.41666666666666674],
[1655821800.0, 0.42500000000000004],
[1655908200.0, 0.4483333333333334],
[1655994600.0, 0.4166666666666667],
[1656081000.0, 0.4216666666666667],
[1656167400.0, 0.41999999999999993],
[1656253800.0, 0.41333333333333333],
[1656340200.0, 0.42],
[1656426600.0, 0.425],
[1656513000.0, 0.42166666666666663],
[1656599400.0, 0.43500000000000005],
[1656685800.0, 0.42],
[1656772200.0, 0.4266666666666666],
[1656858600.0, 0.4100000000000001],
[1656945000.0, 0.41],
[1657031400.0, 0.41],
[1657117800.0, 0.4116666666666666],
[1657204200.0, 0.4150000000000001],
[1657290600.0, 0.42333333333333334],
[1657377000.0, 0.44],
[1657463400.0, 0.45333333333333337],
[1657549800.0, 0.4233333333333334],
[1657636200.0, 0.4283333333333333],
[1657722600.0, 0.4533333333333334],
[1657809000.0, 0.4483333333333333],
[1657895400.0, 0.44333333333333336],
[1657981800.0, 0.45500000000000007],
[1658068200.0, 0.445],
[1658154600.0, 0.4566666666666667],
[1658241000.0, 0.4533333333333334],
[1658327400.0, 0.46],
[1658413800.0, 0.455],
[1658500200.0, 0.45500000000000007],
[1658586600.0, 0.455],
[1658673000.0, 0.4566666666666667],
[1658759400.0, 0.45],
[1658845800.0, 0.4566666666666666],
[1658932200.0, 0.44500000000000006],
[1659018600.0, 0.4416666666666667],
[1659105000.0, 0.4366666666666667],
[1659191400.0, 0.42500000000000004],
[1659277800.0, 0.42166666666666663],
[1659364200.0, 0.42333333333333334],
[1659450600.0, 0.435],
[1659537000.0, 0.435],
[1659623400.0, 0.435],
[1659709800.0, 0.4483333333333333],
[1659796200.0, 0.4433333333333334],
[1659882600.0, 0.455],
[1659969000.0, 0.4516666666666667],
[1660055400.0, 0.42666666666666675],
[1660141800.0, 0.44500000000000006],
[1660228200.0, 0.42833333333333345],
[1660314600.0, 0.4233333333333333],
[1660401000.0, 0.4233333333333333],
[1660487400.0, 0.4233333333333333],
[1660573800.0, 0.4233333333333333],
[1660660200.0, 0.4383333333333333],
[1660746600.0, 0.41],
[1660833000.0, 0.4283333333333333],
[1660919400.0, 0.41500000000000004],
[1661005800.0, 0.4166666666666667],
[1661092200.0, 0.42500000000000004],
[1661178600.0, 0.4216666666666667],
[1661265000.0, 0.4166666666666667],
[1661351400.0, 0.3866666666666667],
[1661437800.0, 0.3933333333333333],
[1661524200.0, 0.38666666666666666],
[1661610600.0, 0.3783333333333334],
[1661697000.0, 0.36166666666666664],
[1661783400.0, 0.36000000000000004],
[1661869800.0, 0.3433333333333333],
[1661956200.0, 0.34833333333333333],
[1662042600.0, 0.3466666666666667],
[1662129000.0, 0.35666666666666663],
[1662215400.0, 0.36000000000000004],
[1662301800.0, 0.3516666666666666],
[1662388200.0, 0.35000000000000003],
[1662474600.0, 0.35333333333333333],
[1662561000.0, 0.3316666666666666],
[1662647400.0, 0.34500000000000003],
[1662733800.0, 0.3466666666666667],
[1662820200.0, 0.3483333333333334],
[1662906600.0, 0.3483333333333334],
[1662993000.0, 0.35333333333333333],
[1663079400.0, 0.35166666666666674],
[1663165800.0, 0.35500000000000004],
[1663252200.0, 0.36166666666666664],
[1663338600.0, 0.3733333333333333],
[1663425000.0, 0.37333333333333335],
[1663511400.0, 0.39000000000000007],
[1663597800.0, 0.3916666666666666],
[1663684200.0, 0.37833333333333335],
[1663770600.0, 0.38166666666666677],
[1663857000.0, 0.37833333333333335],
[1663943400.0, 0.395],
[1664029800.0, 0.38500000000000006],
[1664116200.0, 0.385],
[1664202600.0, 0.39000000000000007],
[1664289000.0, 0.37666666666666665],
[1664375400.0, 0.39333333333333337],
[1664461800.0, 0.39000000000000007],
[1664548200.0, 0.37166666666666665],
[1664634600.0, 0.37333333333333335],
[1664717400.0, 0.3666666666666667],
[1664803800.0, 0.4016666666666668],
[1664890200.0, 0.4166666666666667],
[1664976600.0, 0.42666666666666675],
[1665063000.0, 0.42500000000000004],
[1665149400.0, 0.42333333333333334],
[1665235800.0, 0.425],
[1665322200.0, 0.43166666666666664],
[1665408600.0, 0.4183333333333334],
[1665495000.0, 0.4116666666666667],
[1665581400.0, 0.3966666666666667],
[1665667800.0, 0.3950000000000001],
[1665754200.0, 0.40666666666666673],
[1665840600.0, 0.405],
[1665927000.0, 0.4050000000000001],
[1666013400.0, 0.4083333333333334],
[1666099800.0, 0.39833333333333343],
[1666186200.0, 0.40166666666666667],
[1666272600.0, 0.38833333333333336],
[1666359000.0, 0.39999999999999997],
[1666445400.0, 0.38000000000000006],
[1666531800.0, 0.38999999999999996],
[1666618200.0, 0.3866666666666667],
[1666704600.0, 0.3833333333333333],
[1666791000.0, 0.3416666666666666],
[1666877400.0, 0.40166666666666667],
[1666963800.0, 0.38666666666666666],
[1667050200.0, 0.40166666666666667],
[1667136600.0, 0.4100000000000001],
[1667223000.0, 0.39333333333333337],
[1667309400.0, 0.4050000000000001],
[1667395800.0, 0.42],
[1667482200.0, 0.4283333333333334],
[1667568600.0, 0.4316666666666667],
[1667655000.0, 0.45999999999999996],
[1667741400.0, 0.4483333333333333],
[1667827800.0, 0.4483333333333333],
[1667914200.0, 0.4683333333333333],
[1668000600.0, 0.47000000000000003],
[1668087000.0, 0.4533333333333334],
[1668173400.0, 0.4633333333333334],
[1668259800.0, 0.47166666666666673],
[1668346200.0, 0.46166666666666667],
[1668432600.0, 0.465],
[1668519000.0, 0.48833333333333334],
[1668605400.0, 0.455],
[1668691800.0, 0.4749999999999999],
[1668778200.0, 0.47333333333333333],
[1668864600.0, 0.47000000000000003],
[1668951000.0, 0.465],
[1669037400.0, 0.47333333333333344],
[1669123800.0, 0.4683333333333333],
[1669210200.0, 0.4616666666666667],
[1669296600.0, 0.44999999999999996],
[1669383000.0, 0.4533333333333333],
[1669469400.0, 0.45500000000000007],
[1669555800.0, 0.4566666666666667],
[1669642200.0, 0.4500000000000001],
[1669728600.0, 0.4450000000000001],
[1669815000.0, 0.45166666666666666],
[1669901400.0, 0.44333333333333336],
[1669987800.0, 0.4583333333333334],
[1670074200.0, 0.46666666666666673],
[1670160600.0, 0.4749999999999999],
[1670247000.0, 0.48],
[1670333400.0, 0.4733333333333334],
[1670419800.0, 0.48000000000000004],
[1670506200.0, 0.49666666666666676],
[1670592600.0, 0.5033333333333333],
[1670679000.0, 0.5216666666666668],
[1670765400.0, 0.5066666666666667],
[1670851800.0, 0.48499999999999993],
[1670938200.0, 0.49500000000000005],
[1671024600.0, 0.48666666666666675],
[1671111000.0, 0.48166666666666674],
[1671197400.0, 0.4816666666666667],
[1671283800.0, 0.47500000000000003],
[1671370200.0, 0.4750000000000001],
[1671456600.0, 0.45500000000000007],
[1671543000.0, 0.4483333333333333],
[1671629400.0, 0.44500000000000006],
[1671715800.0, 0.45166666666666666],
[1671802200.0, 0.4466666666666667],
[1671888600.0, 0.4633333333333333],
[1671975000.0, 0.44333333333333336],
[1672061400.0, 0.4466666666666667],
[1672147800.0, 0.4283333333333333],
[1672234200.0, 0.4283333333333333],
[1672320600.0, 0.42166666666666663],
[1672407000.0, 0.4183333333333334],
[1672493400.0, 0.4116666666666667],
[1672579800.0, 0.4066666666666667],
[1672666200.0, 0.42166666666666663],
[1672752600.0, 0.425],
[1672839000.0, 0.43500000000000005],
[1672925400.0, 0.4266666666666666],
[1673011800.0, 0.4283333333333334],
[1673098200.0, 0.44166666666666665],
[1673184600.0, 0.4633333333333334],
[1673271000.0, 0.445],
[1673357400.0, 0.4766666666666668],
[1673443800.0, 0.445],
[1673530200.0, 0.4616666666666667],
[1673616600.0, 0.4750000000000001],
[1673703000.0, 0.4666666666666668],
[1673789400.0, 0.4566666666666668],
[1673875800.0, 0.46],
[1673962200.0, 0.4783333333333333],
[1674048600.0, 0.4733333333333334],
[1674135000.0, 0.46166666666666667],
[1674221400.0, 0.4683333333333333],
[1674307800.0, 0.48166666666666674],
[1674394200.0, 0.4816666666666667],
[1674480600.0, 0.4566666666666667],
[1674567000.0, 0.4816666666666667],
[1674653400.0, 0.47666666666666674],
[1674739800.0, 0.47666666666666674],
[1674826200.0, 0.48666666666666675],
[1674912600.0, 0.5083333333333334],
[1674999000.0, 0.49333333333333335],
[1675085400.0, 0.5183333333333334],
[1675171800.0, 0.535],
[1675258200.0, 0.5433333333333333],
[1675344600.0, 0.5200000000000001],
[1675431000.0, 0.5250000000000001],
[1675517400.0, 0.525],
[1675603800.0, 0.535],
[1675690200.0, 0.5133333333333333],
[1675776600.0, 0.5183333333333334],
[1675863000.0, 0.5183333333333334],
[1675949400.0, 0.5183333333333334],
