[1635773400.0, 2.843333333333334],
[1635859800.0, 2.9066666666666663],
[1635946200.0, 2.8183333333333334],
[1636032600.0, 2.8249999999999997],
[1636119000.0, 2.8816666666666664],
[1636205400.0, 2.858333333333333],
[1636291800.0, 2.841666666666667],
[1636378200.0, 2.855000000000001],
[1636464600.0, 2.7433333333333336],
[1636551000.0, 2.7083333333333335],
[1636637400.0, 2.821666666666667],
[1636723800.0, 2.815],
[1636810200.0, 2.8216666666666668],
[1636896600.0, 2.6966666666666668],
[1636983000.0, 2.606666666666667],
[1637069400.0, 2.6283333333333334],
[1637155800.0, 2.611666666666667],
[1637242200.0, 2.6616666666666666],
[1637328600.0, 2.648333333333334],
[1637415000.0, 2.6266666666666665],
[1637501400.0, 2.5749999999999997],
[1637587800.0, 2.561666666666667],
[1637674200.0, 2.6133333333333337],
[1637760600.0, 2.6666666666666674],
[1637847000.0, 2.6149999999999998],
[1637933400.0, 2.5383333333333336],
[1638019800.0, 2.39],
[1638106200.0, 2.431666666666667],
[1638192600.0, 2.475],
[1638279000.0, 2.3466666666666667],
[1638365400.0, 2.3366666666666664],
[1638451800.0, 2.4883333333333337],
[1638538200.0, 2.5450000000000004],
[1638624600.0, 2.485],
[1638711000.0, 2.5533333333333332],
[1638797400.0, 2.606666666666667],
[1638883800.0, 2.485],
[1638970200.0, 2.563333333333334],
[1639056600.0, 2.553333333333334],
[1639143000.0, 2.7183333333333333],
[1639229400.0, 2.6566666666666667],
[1639315800.0, 2.728333333333333],
[1639402200.0, 2.555],
[1639488600.0, 2.6583333333333337],
[1639575000.0, 2.768333333333333],
[1639661400.0, 2.741666666666667],
[1639747800.0, 2.848333333333334],
[1639834200.0, 2.7816666666666667],
[1639920600.0, 2.816666666666667],
[1640007000.0, 2.8616666666666664],
[1640093400.0, 2.7549999999999994],
[1640179800.0, 2.73],
[1640266200.0, 2.7566666666666664],
[1640352600.0, 2.731666666666667],
[1640439000.0, 2.858333333333333],
[1640525400.0, 2.973333333333334],
[1640611800.0, 2.935],
[1640698200.0, 3.0450000000000004],
[1640784600.0, 3.1366666666666667],
[1640871000.0, 3.2183333333333337],
[1640957400.0, 2.97],
[1641043800.0, 3.03],
[1641130200.0, 2.9933333333333336],
[1641216600.0, 2.9550000000000005],
[1641303000.0, 2.98],
[1641389400.0, 2.8700000000000006],
[1641475800.0, 3.1300000000000003],
[1641562200.0, 2.975],
[1641648600.0, 3.0683333333333334],
[1641735000.0, 3.0500000000000003],
[1641821400.0, 3.0966666666666662],
[1641907800.0, 3.021666666666667],
[1641994200.0, 2.9033333333333338],
[1642080600.0, 3.0566666666666666],
[1642167000.0, 2.933333333333333],
[1642253400.0, 2.983333333333333],
[1642339800.0, 3.028333333333333],
[1642426200.0, 3.1233333333333335],
[1642512600.0, 3.188333333333333],
[1642599000.0, 3.1650000000000005],
[1642685400.0, 3.1699999999999995],
[1642771800.0, 3.2133333333333343],
[1642858200.0, 3.1516666666666673],
[1642944600.0, 2.9766666666666666],
[1643031000.0, 2.905],
[1643117400.0, 2.945],
[1643203800.0, 2.9416666666666664],
[1643290200.0, 2.935],
[1643376600.0, 2.8116666666666674],
[1643463000.0, 2.66],
[1643549400.0, 2.7466666666666666],
[1643635800.0, 2.7466666666666666],
[1643722200.0, 2.7466666666666666],
[1643808600.0, 2.818333333333334],
[1643895000.0, 2.81],
[1643981400.0, 2.848333333333333],
[1644067800.0, 2.803333333333333],
[1644154200.0, 2.8033333333333332],
[1644240600.0, 2.811666666666666],
[1644327000.0, 2.7449999999999997],
[1644413400.0, 2.6783333333333332],
[1644499800.0, 2.6983333333333337],
[1644586200.0, 2.763333333333333],
[1644672600.0, 2.8166666666666664],
[1644759000.0, 2.8083333333333336],
[1644845400.0, 2.9499999999999997],
[1644931800.0, 2.936666666666667],
[1645018200.0, 2.9066666666666667],
[1645104600.0, 2.9000000000000004],
[1645191000.0, 2.893333333333333],
[1645277400.0, 2.8766666666666665],
[1645363800.0, 2.813333333333334],
[1645450200.0, 2.721666666666667],
[1645536600.0, 2.686666666666667],
[1645623000.0, 2.8100000000000005],
[1645709400.0, 2.4550000000000005],
[1645795800.0, 2.3833333333333333],
[1645882200.0, 2.415],
[1645968600.0, 2.4450000000000007],
[1646055000.0, 2.4100000000000006],
[1646141400.0, 2.4483333333333337],
[1646227800.0, 2.395],
[1646314200.0, 2.465],
[1646400600.0, 2.4899999999999998],
[1646487000.0, 2.4533333333333336],
[1646573400.0, 2.485],
[1646659800.0, 2.4899999999999998],
[1646746200.0, 2.5033333333333334],
[1646832600.0, 2.491666666666667],
[1646919000.0, 2.4949999999999997],
[1647005400.0, 2.5450000000000004],
[1647091800.0, 2.498333333333334],
[1647178200.0, 2.5300000000000002],
[1647264600.0, 2.5749999999999997],
[1647351000.0, 2.5466666666666664],
[1647437400.0, 2.515],
[1647523800.0, 2.4899999999999998],
[1647610200.0, 2.52],
[1647696600.0, 2.515],
[1647783000.0, 2.5116666666666667],
[1647869400.0, 2.5133333333333336],
[1647955800.0, 2.521666666666667],
[1648042200.0, 2.5083333333333337],
[1648128600.0, 2.5483333333333333],
[1648215000.0, 2.5116666666666667],
[1648301400.0, 2.5100000000000002],
[1648387800.0, 2.5133333333333336],
[1648474200.0, 2.515],
[1648560600.0, 2.525],
[1648647000.0, 2.6300000000000003],
[1648733400.0, 2.6050000000000004],
[1648819800.0, 2.5583333333333336],
[1648906200.0, 2.5516666666666667],
[1648996200.0, 2.561666666666667],
[1649082600.0, 2.588333333333334],
[1649169000.0, 2.6133333333333337],
[1649255400.0, 2.621666666666667],
[1649341800.0, 2.606666666666667],
[1649428200.0, 2.5933333333333333],
[1649514600.0, 2.6833333333333336],
[1649601000.0, 2.6750000000000003],
[1649687400.0, 2.8249999999999997],
[1649773800.0, 2.771666666666667],
[1649860200.0, 2.7566666666666664],
[1649946600.0, 2.7783333333333338],
[1650033000.0, 2.775],
[1650119400.0, 2.6950000000000003],
[1650205800.0, 2.74],
[1650292200.0, 2.621666666666667],
[1650378600.0, 2.6816666666666666],
[1650465000.0, 2.58],
[1650551400.0, 2.58],
[1650637800.0, 2.58],
[1650724200.0, 2.668333333333333],
[1650810600.0, 2.7100000000000004],
[1650897000.0, 2.6399999999999997],
[1650983400.0, 2.61],
[1651069800.0, 2.5700000000000003],
[1651156200.0, 2.5633333333333335],
[1651242600.0, 2.4850000000000003],
[1651329000.0, 2.5416666666666665],
[1651415400.0, 2.46],
[1651501800.0, 2.526666666666667],
[1651588200.0, 2.4266666666666667],
[1651674600.0, 2.3449999999999998],
[1651761000.0, 2.31],
[1651847400.0, 2.35],
[1651933800.0, 2.3850000000000002],
[1652020200.0, 2.396666666666667],
[1652106600.0, 2.4483333333333337],
[1652193000.0, 2.4499999999999997],
[1652279400.0, 2.3600000000000003],
[1652365800.0, 2.456666666666667],
[1652452200.0, 2.43],
[1652538600.0, 2.436666666666667],
[1652625000.0, 2.4383333333333335],
[1652711400.0, 2.435],
[1652797800.0, 2.416666666666667],
[1652884200.0, 2.456666666666667],
[1652970600.0, 2.591666666666667],
[1653057000.0, 2.8200000000000007],
[1653143400.0, 2.7633333333333336],
[1653229800.0, 2.7983333333333333],
[1653316200.0, 2.785],
[1653402600.0, 2.67],
[1653489000.0, 2.831666666666667],
[1653575400.0, 2.83],
[1653661800.0, 2.795],
[1653748200.0, 2.7283333333333335],
[1653834600.0, 2.7883333333333336],
[1653921000.0, 2.6300000000000003],
[1654007400.0, 2.5850000000000004],
[1654093800.0, 2.7583333333333333],
[1654180200.0, 2.7283333333333335],
[1654266600.0, 2.7266666666666666],
[1654353000.0, 2.7716666666666665],
[1654439400.0, 2.75],
[1654525800.0, 2.72],
[1654612200.0, 2.875],
[1654698600.0, 2.8850000000000002],
[1654785000.0, 2.9133333333333336],
[1654871400.0, 2.8049999999999997],
[1654957800.0, 2.905],
[1655044200.0, 2.878333333333334],
[1655130600.0, 2.8266666666666667],
[1655217000.0, 2.723333333333333],
[1655303400.0, 2.8333333333333335],
[1655389800.0, 2.8816666666666673],
[1655476200.0, 2.94],
[1655562600.0, 2.976666666666667],
[1655649000.0, 2.9166666666666665],
[1655735400.0, 2.861666666666667],
[1655821800.0, 2.936666666666667],
[1655908200.0, 2.86],
[1655994600.0, 2.936666666666666],
[1656081000.0, 3.0016666666666674],
[1656167400.0, 2.9066666666666667],
[1656253800.0, 2.9616666666666664],
[1656340200.0, 2.7916666666666665],
[1656426600.0, 3.035],
[1656513000.0, 2.8766666666666665],
[1656599400.0, 2.765],
[1656685800.0, 2.8400000000000003],
[1656772200.0, 2.856666666666667],
[1656858600.0, 2.8166666666666664],
[1656945000.0, 2.8233333333333337],
[1657031400.0, 2.8400000000000003],
[1657117800.0, 2.9149999999999996],
[1657204200.0, 2.856666666666667],
[1657290600.0, 2.985],
[1657377000.0, 3.06],
[1657463400.0, 3.1400000000000006],
[1657549800.0, 2.976666666666667],
[1657636200.0, 3.0116666666666667],
[1657722600.0, 3.1466666666666665],
[1657809000.0, 3.065],
[1657895400.0, 3.106666666666667],
[1657981800.0, 3.176666666666667],
[1658068200.0, 3.0850000000000004],
[1658154600.0, 3.088333333333333],
[1658241000.0, 3.223333333333333],
[1658327400.0, 3.161666666666667],
[1658413800.0, 3.0516666666666663],
[1658500200.0, 3.1300000000000003],
[1658586600.0, 3.1200000000000006],
[1658673000.0, 2.9933333333333327],
[1658759400.0, 2.931666666666667],
[1658845800.0, 2.9633333333333334],
[1658932200.0, 2.931666666666667],
[1659018600.0, 2.89],
[1659105000.0, 2.9616666666666664],
[1659191400.0, 2.9883333333333333],
[1659277800.0, 2.9683333333333333],
[1659364200.0, 2.8683333333333336],
[1659450600.0, 2.858333333333334],
[1659537000.0, 2.9883333333333333],
[1659623400.0, 2.9633333333333334],
[1659709800.0, 2.955],
[1659796200.0, 3.0400000000000005],
[1659882600.0, 3.083333333333334],
[1659969000.0, 3],
[1660055400.0, 2.873333333333333],
[1660141800.0, 2.9766666666666666],
[1660228200.0, 2.725],
[1660314600.0, 2.736666666666667],
[1660401000.0, 2.736666666666667],
[1660487400.0, 2.736666666666667],
[1660573800.0, 2.736666666666667],
[1660660200.0, 2.8049999999999997],
[1660746600.0, 2.7100000000000004],
[1660833000.0, 2.6999999999999997],
[1660919400.0, 2.796666666666667],
[1661005800.0, 2.6483333333333334],
[1661092200.0, 2.7533333333333334],
[1661178600.0, 2.7433333333333327],
[1661265000.0, 2.73],
[1661351400.0, 2.435],
[1661437800.0, 2.523333333333334],
[1661524200.0, 2.375],
[1661610600.0, 2.35],
[1661697000.0, 2.3333333333333335],
[1661783400.0, 2.316666666666667],
[1661869800.0, 2.31],
[1661956200.0, 2.2466666666666666],
[1662042600.0, 2.256666666666667],
[1662129000.0, 2.276666666666667],
[1662215400.0, 2.3033333333333332],
[1662301800.0, 2.245],
[1662388200.0, 2.2816666666666667],
[1662474600.0, 2.2750000000000004],
[1662561000.0, 2.3866666666666667],
[1662647400.0, 2.2166666666666672],
[1662733800.0, 2.2800000000000002],
[1662820200.0, 2.245],
[1662906600.0, 2.1766666666666667],
[1662993000.0, 2.228333333333333],
[1663079400.0, 2.2066666666666666],
[1663165800.0, 2.2916666666666665],
[1663252200.0, 2.2116666666666664],
[1663338600.0, 2.2083333333333335],
[1663425000.0, 2.1700000000000004],
[1663511400.0, 2.146666666666667],
[1663597800.0, 2.15],
[1663684200.0, 2.223333333333333],
[1663770600.0, 2.3066666666666666],
[1663857000.0, 2.131666666666667],
[1663943400.0, 2.195],
[1664029800.0, 2.1633333333333336],
[1664116200.0, 2.2116666666666664],
[1664202600.0, 2.1633333333333336],
[1664289000.0, 2.1966666666666668],
[1664375400.0, 2.2016666666666667],
[1664461800.0, 2.2150000000000003],
[1664548200.0, 2.27],
[1664634600.0, 2.1983333333333333],
[1664717400.0, 2.2150000000000003],
[1664803800.0, 2.3600000000000003],
[1664890200.0, 2.2566666666666664],
[1664976600.0, 2.2433333333333336],
[1665063000.0, 2.336666666666667],
[1665149400.0, 2.325],
[1665235800.0, 2.2900000000000005],
[1665322200.0, 2.2666666666666666],
[1665408600.0, 2.275],
[1665495000.0, 2.2816666666666667],
[1665581400.0, 2.2583333333333333],
[1665667800.0, 2.2616666666666667],
[1665754200.0, 2.2533333333333334],
[1665840600.0, 2.3233333333333333],
[1665927000.0, 2.3666666666666667],
[1666013400.0, 2.3916666666666666],
[1666099800.0, 2.325],
[1666186200.0, 2.3983333333333334],
[1666272600.0, 2.3216666666666668],
[1666359000.0, 2.3850000000000002],
[1666445400.0, 2.213333333333333],
[1666531800.0, 2.2033333333333336],
[1666618200.0, 2.2283333333333335],
[1666704600.0, 2.1483333333333334],
[1666791000.0, 2.2283333333333335],
[1666877400.0, 2.1666666666666665],
[1666963800.0, 2.24],
[1667050200.0, 2.1816666666666666],
[1667136600.0, 2.185],
[1667223000.0, 2.1550000000000002],
[1667309400.0, 2.256666666666667],
[1667395800.0, 2.3000000000000003],
[1667482200.0, 2.2733333333333334],
[1667568600.0, 2.3433333333333333],
[1667655000.0, 2.39],
[1667741400.0, 2.443333333333334],
[1667827800.0, 2.478333333333333],
[1667914200.0, 2.595],
[1668000600.0, 2.5600000000000005],
[1668087000.0, 2.7183333333333337],
[1668173400.0, 2.731666666666667],
[1668259800.0, 2.741666666666667],
[1668346200.0, 2.75],
[1668432600.0, 2.81],
[1668519000.0, 2.8783333333333334],
[1668605400.0, 2.8016666666666663],
[1668691800.0, 2.7449999999999997],
[1668778200.0, 2.6433333333333335],
[1668864600.0, 2.6583333333333337],
[1668951000.0, 2.5866666666666673],
[1669037400.0, 2.603333333333333],
[1669123800.0, 2.6300000000000003],
[1669210200.0, 2.555],
[1669296600.0, 2.5633333333333335],
[1669383000.0, 2.5450000000000004],
[1669469400.0, 2.5816666666666666],
[1669555800.0, 2.476666666666667],
[1669642200.0, 2.5000000000000004],
[1669728600.0, 2.5133333333333336],
[1669815000.0, 2.55],
[1669901400.0, 2.44],
[1669987800.0, 2.685],
[1670074200.0, 2.661666666666667],
[1670160600.0, 2.641666666666667],
[1670247000.0, 2.586666666666667],
[1670333400.0, 2.6199999999999997],
[1670419800.0, 2.655],
[1670506200.0, 2.6999999999999997],
[1670592600.0, 2.7133333333333334],
[1670679000.0, 2.733333333333334],
[1670765400.0, 2.8000000000000003],
[1670851800.0, 2.7216666666666662],
[1670938200.0, 2.7083333333333335],
[1671024600.0, 2.84],
[1671111000.0, 2.955],
[1671197400.0, 3.015],
[1671283800.0, 2.6316666666666673],
[1671370200.0, 2.855],
[1671456600.0, 2.706666666666667],
[1671543000.0, 2.7150000000000003],
[1671629400.0, 2.665],
[1671715800.0, 2.5833333333333335],
[1671802200.0, 2.6666666666666665],
[1671888600.0, 2.735],
[1671975000.0, 2.7583333333333333],
[1672061400.0, 2.8000000000000003],
[1672147800.0, 2.6733333333333333],
[1672234200.0, 2.6133333333333337],
[1672320600.0, 2.5016666666666665],
[1672407000.0, 2.5316666666666667],
[1672493400.0, 2.5766666666666667],
[1672579800.0, 2.498333333333334],
[1672666200.0, 2.471666666666667],
[1672752600.0, 2.4400000000000004],
[1672839000.0, 2.4966666666666666],
[1672925400.0, 2.52],
[1673011800.0, 2.391666666666667],
[1673098200.0, 2.6133333333333337],
[1673184600.0, 2.81],
[1673271000.0, 2.6733333333333333],
[1673357400.0, 2.688333333333334],
[1673443800.0, 2.586666666666667],
[1673530200.0, 2.7450000000000006],
[1673616600.0, 2.6966666666666668],
[1673703000.0, 2.805],
[1673789400.0, 2.766666666666667],
[1673875800.0, 2.6700000000000004],
[1673962200.0, 2.5050000000000003],
[1674048600.0, 2.716666666666667],
[1674135000.0, 2.6950000000000003],
[1674221400.0, 2.6383333333333336],
[1674307800.0, 2.6333333333333333],
[1674394200.0, 2.6533333333333338],
[1674480600.0, 2.6700000000000004],
[1674567000.0, 2.7050000000000005],
[1674653400.0, 2.721666666666667],
[1674739800.0, 2.7816666666666667],
[1674826200.0, 2.813333333333334],
[1674912600.0, 2.84],
[1674999000.0, 2.9183333333333334],
[1675085400.0, 2.9683333333333333],
[1675171800.0, 2.8816666666666673],
[1675258200.0, 2.9316666666666666],
[1675344600.0, 2.9350000000000005],
[1675431000.0, 2.86],
[1675517400.0, 2.971666666666667],
[1675603800.0, 2.945],
[1675690200.0, 2.768333333333333],
[1675776600.0, 2.9099999999999997],
[1675863000.0, 2.9099999999999997],
[1675949400.0, 2.9099999999999997],
