[1635773400.0, 1.5808333333333333],
[1635859800.0, 1.5649999999999997],
[1635946200.0, 1.5658333333333332],
[1636032600.0, 1.530833333333333],
[1636119000.0, 1.5250000000000004],
[1636205400.0, 1.5016666666666667],
[1636291800.0, 1.4750000000000003],
[1636378200.0, 1.4633333333333336],
[1636464600.0, 1.4658333333333335],
[1636551000.0, 1.4233333333333331],
[1636637400.0, 1.4125000000000003],
[1636723800.0, 1.4191666666666671],
[1636810200.0, 1.4283333333333335],
[1636896600.0, 1.4241666666666672],
[1636983000.0, 1.4066666666666665],
[1637069400.0, 1.3875],
[1637155800.0, 1.3691666666666666],
[1637242200.0, 1.3608333333333336],
[1637328600.0, 1.3466666666666667],
[1637415000.0, 1.3291666666666668],
[1637501400.0, 1.3150000000000002],
[1637587800.0, 1.3066666666666669],
[1637674200.0, 1.3183333333333336],
[1637760600.0, 1.32],
[1637847000.0, 1.3458333333333332],
[1637933400.0, 1.3891666666666669],
[1638019800.0, 1.4074999999999998],
[1638106200.0, 1.4025],
[1638192600.0, 1.3983333333333334],
[1638279000.0, 1.3724999999999998],
[1638365400.0, 1.375],
[1638451800.0, 1.466666666666667],
[1638538200.0, 1.506666666666667],
[1638624600.0, 1.5300000000000002],
[1638711000.0, 1.5383333333333333],
[1638797400.0, 1.5150000000000006],
[1638883800.0, 1.5125000000000002],
[1638970200.0, 1.5225],
[1639056600.0, 1.636666666666667],
[1639143000.0, 1.590833333333333],
[1639229400.0, 1.5891666666666666],
[1639315800.0, 1.5599999999999998],
[1639402200.0, 1.5350000000000001],
[1639488600.0, 1.4733333333333336],
[1639575000.0, 1.486666666666667],
[1639661400.0, 1.4791666666666667],
[1639747800.0, 1.429166666666667],
[1639834200.0, 1.4508333333333336],
[1639920600.0, 1.4308333333333334],
[1640007000.0, 1.4258333333333335],
[1640093400.0, 1.3783333333333336],
[1640179800.0, 1.3908333333333334],
[1640266200.0, 1.376666666666667],
[1640352600.0, 1.3266666666666667],
[1640439000.0, 1.3558333333333337],
[1640525400.0, 1.3575],
[1640611800.0, 1.4191666666666665],
[1640698200.0, 1.3908333333333334],
[1640784600.0, 1.3975000000000002],
[1640871000.0, 1.3758333333333335],
[1640957400.0, 1.3650000000000002],
[1641043800.0, 1.3633333333333333],
[1641130200.0, 1.344166666666667],
[1641216600.0, 1.3341666666666667],
[1641303000.0, 1.3266666666666669],
[1641389400.0, 1.3091666666666666],
[1641475800.0, 1.3191666666666666],
[1641562200.0, 1.365],
[1641648600.0, 1.3458333333333334],
[1641735000.0, 1.3275000000000001],
[1641821400.0, 1.3458333333333332],
[1641907800.0, 1.3308333333333333],
[1641994200.0, 1.3366666666666667],
[1642080600.0, 1.3716666666666668],
[1642167000.0, 1.3499999999999999],
[1642253400.0, 1.3483333333333334],
[1642339800.0, 1.3716666666666664],
[1642426200.0, 1.3499999999999999],
[1642512600.0, 1.384166666666667],
[1642599000.0, 1.41],
[1642685400.0, 1.4475000000000005],
[1642771800.0, 1.4308333333333332],
[1642858200.0, 1.4224999999999997],
[1642944600.0, 1.4425],
[1643031000.0, 1.4116666666666664],
[1643117400.0, 1.4474999999999998],
[1643203800.0, 1.45],
[1643290200.0, 1.4483333333333335],
[1643376600.0, 1.4375000000000002],
[1643463000.0, 1.4216666666666669],
[1643549400.0, 1.4525000000000003],
[1643635800.0, 1.4525000000000003],
[1643722200.0, 1.4525000000000003],
[1643808600.0, 1.4408333333333332],
[1643895000.0, 1.4041666666666668],
[1643981400.0, 1.4275],
[1644067800.0, 1.4124999999999996],
[1644154200.0, 1.3783333333333332],
[1644240600.0, 1.39],
[1644327000.0, 1.3716666666666668],
[1644413400.0, 1.3708333333333333],
[1644499800.0, 1.3825],
[1644586200.0, 1.3775000000000002],
[1644672600.0, 1.3791666666666667],
[1644759000.0, 1.3633333333333333],
[1644845400.0, 1.3741666666666665],
[1644931800.0, 1.3675],
[1645018200.0, 1.3516666666666668],
[1645104600.0, 1.3616666666666666],
[1645191000.0, 1.3608333333333336],
[1645277400.0, 1.3575000000000006],
[1645363800.0, 1.3775000000000004],
[1645450200.0, 1.361666666666667],
[1645536600.0, 1.3575000000000002],
[1645623000.0, 1.3308333333333333],
[1645709400.0, 1.3858333333333335],
[1645795800.0, 1.3949999999999998],
[1645882200.0, 1.3808333333333334],
[1645968600.0, 1.3691666666666666],
[1646055000.0, 1.3816666666666668],
[1646141400.0, 1.3883333333333334],
[1646227800.0, 1.4158333333333333],
[1646314200.0, 1.405833333333333],
[1646400600.0, 1.3883333333333336],
[1646487000.0, 1.375],
[1646573400.0, 1.3816666666666668],
[1646659800.0, 1.365],
[1646746200.0, 1.3733333333333333],
[1646832600.0, 1.3683333333333334],
[1646919000.0, 1.3733333333333333],
[1647005400.0, 1.3566666666666667],
[1647091800.0, 1.3758333333333332],
[1647178200.0, 1.3341666666666665],
[1647264600.0, 1.3074999999999999],
[1647351000.0, 1.3416666666666666],
[1647437400.0, 1.446666666666667],
[1647523800.0, 1.4725000000000001],
[1647610200.0, 1.4516666666666669],
[1647696600.0, 1.451666666666667],
[1647783000.0, 1.4508333333333334],
[1647869400.0, 1.4949999999999999],
[1647955800.0, 1.5341666666666667],
[1648042200.0, 1.491666666666667],
[1648128600.0, 1.4616666666666667],
[1648215000.0, 1.421666666666667],
[1648301400.0, 1.4158333333333335],
[1648387800.0, 1.4191666666666667],
[1648474200.0, 1.415],
[1648560600.0, 1.3933333333333333],
[1648647000.0, 1.4441666666666668],
[1648733400.0, 1.4233333333333331],
[1648819800.0, 1.4024999999999999],
[1648906200.0, 1.3758333333333332],
[1648996200.0, 1.3633333333333333],
[1649082600.0, 1.3508333333333333],
[1649169000.0, 1.3483333333333336],
[1649255400.0, 1.349166666666667],
[1649341800.0, 1.3408333333333335],
[1649428200.0, 1.3741666666666668],
[1649514600.0, 1.4833333333333334],
[1649601000.0, 1.4833333333333334],
[1649687400.0, 1.4833333333333334],
[1649773800.0, 1.4833333333333334],
[1649860200.0, 1.4833333333333334],
[1649946600.0, 1.4483333333333333],
[1650033000.0, 1.5041666666666664],
[1650119400.0, 1.4941666666666669],
[1650205800.0, 1.4974999999999998],
[1650292200.0, 1.545],
[1650378600.0, 1.533333333333333],
[1650465000.0, 1.5275000000000005],
[1650551400.0, 1.5275000000000005],
[1650637800.0, 1.5275000000000005],
[1650724200.0, 1.4525],
[1650810600.0, 1.4391666666666667],
[1650897000.0, 1.4425000000000001],
[1650983400.0, 1.429166666666667],
[1651069800.0, 1.3950000000000002],
[1651156200.0, 1.3241666666666667],
[1651242600.0, 1.3208333333333335],
[1651329000.0, 1.3066666666666666],
[1651415400.0, 1.3041666666666667],
[1651501800.0, 1.3266666666666667],
[1651588200.0, 1.3041666666666667],
[1651674600.0, 1.2950000000000002],
[1651761000.0, 1.2616666666666667],
[1651847400.0, 1.2366666666666666],
[1651933800.0, 1.2399999999999998],
[1652020200.0, 1.2333333333333332],
[1652106600.0, 1.2575],
[1652193000.0, 1.2550000000000001],
[1652279400.0, 1.2183333333333337],
[1652365800.0, 1.2008333333333332],
[1652452200.0, 1.1825],
[1652538600.0, 1.1683333333333334],
[1652625000.0, 1.1383333333333334],
[1652711400.0, 1.1424999999999998],
[1652797800.0, 1.1475],
[1652884200.0, 1.1483333333333332],
[1652970600.0, 1.1525],
[1653057000.0, 1.1808333333333336],
[1653143400.0, 1.1775000000000002],
[1653229800.0, 1.1583333333333337],
[1653316200.0, 1.171666666666667],
[1653402600.0, 1.1616666666666668],
[1653489000.0, 1.1633333333333336],
[1653575400.0, 1.1358333333333333],
[1653661800.0, 1.1241666666666663],
[1653748200.0, 1.1183333333333334],
[1653834600.0, 1.1099999999999999],
[1653921000.0, 1.0966666666666665],
[1654007400.0, 1.0850000000000002],
[1654093800.0, 1.1008333333333333],
[1654180200.0, 1.1441666666666668],
[1654266600.0, 1.135],
[1654353000.0, 1.1341666666666665],
[1654439400.0, 1.1375000000000002],
[1654525800.0, 1.1333333333333335],
[1654612200.0, 1.1241666666666668],
[1654698600.0, 1.1183333333333334],
[1654785000.0, 1.1700000000000002],
[1654871400.0, 1.1125],
[1654957800.0, 1.1183333333333336],
[1655044200.0, 1.1191666666666669],
[1655130600.0, 1.1150000000000004],
[1655217000.0, 1.1483333333333332],
[1655303400.0, 1.1433333333333333],
[1655389800.0, 1.1400000000000001],
[1655476200.0, 1.1433333333333333],
[1655562600.0, 1.1683333333333334],
[1655649000.0, 1.1733333333333333],
[1655735400.0, 1.18],
[1655821800.0, 1.1775],
[1655908200.0, 1.1633333333333333],
[1655994600.0, 1.1633333333333333],
[1656081000.0, 1.1724999999999997],
[1656167400.0, 1.1633333333333329],
[1656253800.0, 1.1425],
[1656340200.0, 1.1766666666666667],
[1656426600.0, 1.1625],
[1656513000.0, 1.1508333333333334],
[1656599400.0, 1.1441666666666668],
[1656685800.0, 1.1325],
[1656772200.0, 1.185],
[1656858600.0, 1.115],
[1656945000.0, 1.16],
[1657031400.0, 1.1583333333333332],
[1657117800.0, 1.2049999999999998],
[1657204200.0, 1.1674999999999998],
[1657290600.0, 1.1475],
[1657377000.0, 1.1308333333333336],
[1657463400.0, 1.1658333333333335],
[1657549800.0, 1.1266666666666667],
[1657636200.0, 1.1325],
[1657722600.0, 1.1158333333333332],
[1657809000.0, 1.0933333333333333],
[1657895400.0, 1.0633333333333332],
[1657981800.0, 1.0875000000000001],
[1658068200.0, 1.1008333333333333],
[1658154600.0, 1.1258333333333337],
[1658241000.0, 1.145],
[1658327400.0, 1.1441666666666668],
[1658413800.0, 1.215],
[1658500200.0, 1.241666666666667],
[1658586600.0, 1.2525],
[1658673000.0, 1.24],
[1658759400.0, 1.2358333333333331],
[1658845800.0, 1.2283333333333335],
[1658932200.0, 1.2291666666666667],
[1659018600.0, 1.2133333333333332],
[1659105000.0, 1.2033333333333334],
[1659191400.0, 1.2091666666666667],
[1659277800.0, 1.2158333333333333],
[1659364200.0, 1.1858333333333333],
[1659450600.0, 1.1866666666666668],
[1659537000.0, 1.1833333333333331],
[1659623400.0, 1.2016666666666664],
[1659709800.0, 1.2008333333333334],
[1659796200.0, 1.1908333333333336],
[1659882600.0, 1.2983333333333336],
[1659969000.0, 1.2875],
[1660055400.0, 1.2925000000000002],
[1660141800.0, 1.2950000000000002],
[1660228200.0, 1.2783333333333333],
[1660314600.0, 1.2725000000000002],
[1660401000.0, 1.2725000000000002],
[1660487400.0, 1.2725000000000002],
[1660573800.0, 1.2725000000000002],
[1660660200.0, 1.2058333333333333],
[1660746600.0, 1.1891666666666667],
[1660833000.0, 1.178333333333333],
[1660919400.0, 1.1841666666666666],
[1661005800.0, 1.2125000000000001],
[1661092200.0, 1.196666666666667],
[1661178600.0, 1.1825000000000003],
[1661265000.0, 1.1666666666666667],
[1661351400.0, 1.1791666666666667],
[1661437800.0, 1.1716666666666666],
[1661524200.0, 1.1833333333333336],
[1661610600.0, 1.1425000000000003],
[1661697000.0, 1.0908333333333335],
[1661783400.0, 1.2041666666666666],
[1661869800.0, 1.145],
[1661956200.0, 1.2375000000000003],
[1662042600.0, 1.2441666666666669],
[1662129000.0, 1.2283333333333335],
[1662215400.0, 1.2058333333333333],
[1662301800.0, 1.2000000000000004],
[1662388200.0, 1.2274999999999998],
[1662474600.0, 1.2175],
[1662561000.0, 1.195],
[1662647400.0, 1.1891666666666667],
[1662733800.0, 1.2208333333333334],
[1662820200.0, 1.209166666666667],
[1662906600.0, 1.2158333333333335],
[1662993000.0, 1.2616666666666667],
[1663079400.0, 1.2441666666666666],
[1663165800.0, 1.2091666666666667],
[1663252200.0, 1.1933333333333334],
[1663338600.0, 1.1883333333333337],
[1663425000.0, 1.156666666666667],
[1663511400.0, 1.1358333333333333],
[1663597800.0, 1.1666666666666667],
[1663684200.0, 1.1516666666666668],
[1663770600.0, 1.136666666666667],
[1663857000.0, 1.1508333333333336],
[1663943400.0, 1.0991666666666664],
[1664029800.0, 1.0641666666666667],
[1664116200.0, 1.0675],
[1664202600.0, 1.1475000000000002],
[1664289000.0, 1.135],
[1664375400.0, 1.0933333333333333],
[1664461800.0, 1.1250000000000002],
[1664548200.0, 1.0966666666666671],
[1664634600.0, 1.0858333333333334],
[1664717400.0, 1.0708333333333333],
[1664803800.0, 1.0608333333333333],
[1664890200.0, 1.1483333333333332],
[1664976600.0, 1.0983333333333334],
[1665063000.0, 1.1033333333333333],
[1665149400.0, 1.1133333333333335],
[1665235800.0, 1.1016666666666668],
[1665322200.0, 1.0958333333333332],
[1665408600.0, 1.0975],
[1665495000.0, 1.0491666666666666],
[1665581400.0, 1.0741666666666665],
[1665667800.0, 1.0558333333333334],
[1665754200.0, 1.0575],
[1665840600.0, 1.0274999999999999],
[1665927000.0, 1.0058333333333336],
[1666013400.0, 1.0424999999999998],
[1666099800.0, 1.2016666666666667],
[1666186200.0, 1.1266666666666667],
[1666272600.0, 1.1833333333333331],
[1666359000.0, 1.1416666666666666],
[1666445400.0, 1.221666666666667],
[1666531800.0, 1.216666666666667],
[1666618200.0, 1.16],
[1666704600.0, 1.1958333333333333],
[1666791000.0, 1.3325000000000002],
[1666877400.0, 1.3141666666666667],
[1666963800.0, 1.1858333333333333],
[1667050200.0, 1.1808333333333332],
[1667136600.0, 1.1824999999999999],
[1667223000.0, 1.2233333333333334],
[1667309400.0, 1.2358333333333336],
[1667395800.0, 1.1966666666666668],
[1667482200.0, 1.1924999999999997],
[1667568600.0, 1.1941666666666666],
[1667655000.0, 1.2008333333333334],
[1667741400.0, 1.1675],
[1667827800.0, 1.1858333333333333],
[1667914200.0, 1.2125000000000001],
[1668000600.0, 1.3883333333333334],
[1668087000.0, 1.38],
[1668173400.0, 1.3916666666666666],
[1668259800.0, 1.4616666666666671],
[1668346200.0, 1.4466666666666665],
[1668432600.0, 1.425],
[1668519000.0, 1.4349999999999998],
[1668605400.0, 1.3341666666666672],
[1668691800.0, 1.3783333333333336],
[1668778200.0, 1.3958333333333333],
[1668864600.0, 1.4191666666666671],
[1668951000.0, 1.365],
[1669037400.0, 1.3641666666666667],
[1669123800.0, 1.3291666666666668],
[1669210200.0, 1.3016666666666665],
[1669296600.0, 1.3025],
[1669383000.0, 1.31],
[1669469400.0, 1.2858333333333338],
[1669555800.0, 1.2083333333333333],
[1669642200.0, 1.2125000000000001],
[1669728600.0, 1.2208333333333334],
[1669815000.0, 1.2233333333333334],
[1669901400.0, 1.2391666666666665],
[1669987800.0, 1.2316666666666667],
[1670074200.0, 1.2141666666666668],
[1670160600.0, 1.2249999999999999],
[1670247000.0, 1.235],
[1670333400.0, 1.2333333333333336],
[1670419800.0, 1.2741666666666667],
[1670506200.0, 1.2591666666666665],
[1670592600.0, 1.2533333333333332],
[1670679000.0, 1.2575],
[1670765400.0, 1.2525],
[1670851800.0, 1.2491666666666668],
[1670938200.0, 1.2516666666666667],
[1671024600.0, 1.2375000000000003],
[1671111000.0, 1.2258333333333336],
[1671197400.0, 1.1900000000000002],
[1671283800.0, 1.1933333333333331],
[1671370200.0, 1.2008333333333334],
[1671456600.0, 1.1741666666666666],
[1671543000.0, 1.1425],
[1671629400.0, 1.1733333333333336],
[1671715800.0, 1.1758333333333335],
[1671802200.0, 1.19],
[1671888600.0, 1.1933333333333336],
[1671975000.0, 1.1816666666666669],
[1672061400.0, 1.1850000000000003],
[1672147800.0, 1.1541666666666666],
[1672234200.0, 1.1833333333333331],
[1672320600.0, 1.235],
[1672407000.0, 1.2208333333333332],
[1672493400.0, 1.235],
[1672579800.0, 1.235],
[1672666200.0, 1.2208333333333332],
[1672752600.0, 1.2033333333333334],
[1672839000.0, 1.1975],
[1672925400.0, 1.2033333333333336],
[1673011800.0, 1.2000000000000002],
[1673098200.0, 1.1983333333333335],
[1673184600.0, 1.2241666666666666],
[1673271000.0, 1.2866666666666668],
[1673357400.0, 1.2808333333333335],
[1673443800.0, 1.3033333333333335],
[1673530200.0, 1.3750000000000002],
[1673616600.0, 1.3758333333333335],
[1673703000.0, 1.344166666666667],
[1673789400.0, 1.3533333333333335],
[1673875800.0, 1.3558333333333337],
[1673962200.0, 1.3900000000000003],
[1674048600.0, 1.383333333333333],
[1674135000.0, 1.4075],
[1674221400.0, 1.4425000000000006],
[1674307800.0, 1.4800000000000002],
[1674394200.0, 1.5083333333333329],
[1674480600.0, 1.5816666666666668],
[1674567000.0, 1.5441666666666667],
[1674653400.0, 1.583333333333333],
[1674739800.0, 1.708333333333333],
[1674826200.0, 1.6575],
[1674912600.0, 1.6441666666666668],
[1674999000.0, 1.5999999999999999],
[1675085400.0, 1.5474999999999997],
[1675171800.0, 1.6074999999999997],
[1675258200.0, 1.5766666666666669],
[1675344600.0, 1.5983333333333334],
[1675431000.0, 1.8266666666666669],
[1675517400.0, 1.746666666666667],
[1675603800.0, 1.7100000000000006],
[1675690200.0, 1.8025000000000002],
[1675776600.0, 1.7466666666666664],
[1675863000.0, 1.8],
[1675949400.0, 1.8],
