[1635773400.0, 7.820000000000001],
[1635859800.0, 7.8100000000000005],
[1635946200.0, 6.67],
[1636032600.0, 7.9],
[1636119000.0, 8.38],
[1636205400.0, 7.920000000000001],
[1636291800.0, 7.9399999999999995],
[1636378200.0, 7.96],
[1636464600.0, 6.910000000000001],
[1636551000.0, 6.92],
[1636637400.0, 7.48],
[1636723800.0, 7.15],
[1636810200.0, 6.99],
[1636896600.0, 7.430000000000001],
[1636983000.0, 8.12],
[1637069400.0, 8.35],
[1637155800.0, 7.8100000000000005],
[1637242200.0, 8.85],
[1637328600.0, 8.07],
[1637415000.0, 8.68],
[1637501400.0, 8.66],
[1637587800.0, 7.510000000000001],
[1637674200.0, 8.01],
[1637760600.0, 8.16],
[1637847000.0, 7.890000000000001],
[1637933400.0, 7.240000000000001],
[1638019800.0, 7.5],
[1638106200.0, 7.9799999999999995],
[1638192600.0, 7.8],
[1638279000.0, 7.86],
[1638365400.0, 7.57],
[1638451800.0, 7.5600000000000005],
[1638538200.0, 7.790000000000001],
[1638624600.0, 8.07],
[1638711000.0, 8.049999999999999],
[1638797400.0, 8.16],
[1638883800.0, 8.22],
[1638970200.0, 8.27],
[1639056600.0, 8.89],
[1639143000.0, 7.07],
[1639229400.0, 7.88],
[1639315800.0, 7.870000000000001],
[1639402200.0, 8.87],
[1639488600.0, 8.83],
[1639575000.0, 8.65],
[1639661400.0, 8.22],
[1639747800.0, 7.870000000000001],
[1639834200.0, 7.870000000000001],
[1639920600.0, 6.550000000000001],
[1640007000.0, 7.48],
[1640093400.0, 6.8],
[1640179800.0, 6.82],
[1640266200.0, 6.9],
[1640352600.0, 7.37],
[1640439000.0, 7.32],
[1640525400.0, 7.44],
[1640611800.0, 7.460000000000001],
[1640698200.0, 7.73],
[1640784600.0, 7.45],
[1640871000.0, 7.6],
[1640957400.0, 7.67],
[1641043800.0, 7.58],
[1641130200.0, 7.72],
[1641216600.0, 8.29],
[1641303000.0, 7.75],
[1641389400.0, 8.09],
[1641475800.0, 8.549999999999999],
[1641562200.0, 8.31],
[1641648600.0, 8.58],
[1641735000.0, 9.48],
[1641821400.0, 9.63],
[1641907800.0, 8.9],
[1641994200.0, 9.78],
[1642080600.0, 10.040000000000001],
[1642167000.0, 9.49],
[1642253400.0, 9.32],
[1642339800.0, 9.399999999999999],
[1642426200.0, 9.6],
[1642512600.0, 9.03],
[1642599000.0, 9.639999999999999],
[1642685400.0, 9.620000000000001],
[1642771800.0, 9.39],
[1642858200.0, 8.86],
[1642944600.0, 8.969999999999999],
[1643031000.0, 8.81],
[1643117400.0, 9.190000000000001],
[1643203800.0, 9],
[1643290200.0, 8.4],
[1643376600.0, 8.450000000000001],
[1643463000.0, 7.97],
[1643549400.0, 7.93],
[1643635800.0, 7.93],
[1643722200.0, 7.93],
[1643808600.0, 8.74],
[1643895000.0, 8.42],
[1643981400.0, 8.19],
[1644067800.0, 8.64],
[1644154200.0, 8.86],
[1644240600.0, 9.11],
[1644327000.0, 8.82],
[1644413400.0, 8.94],
[1644499800.0, 8.52],
[1644586200.0, 8.84],
[1644672600.0, 9.18],
[1644759000.0, 9.24],
[1644845400.0, 8.51],
[1644931800.0, 8.33],
[1645018200.0, 9.11],
[1645104600.0, 9.06],
[1645191000.0, 9.04],
[1645277400.0, 9.11],
[1645363800.0, 8.81],
[1645450200.0, 9.17],
[1645536600.0, 9.01],
[1645623000.0, 9.03],
[1645709400.0, 8.01],
[1645795800.0, 8.27],
[1645882200.0, 8.77],
[1645968600.0, 8.79],
[1646055000.0, 8.64],
[1646141400.0, 8.92],
[1646227800.0, 8.08],
[1646314200.0, 8.63],
[1646400600.0, 8.06],
[1646487000.0, 8.799999999999999],
[1646573400.0, 8.709999999999999],
[1646659800.0, 8.09],
[1646746200.0, 8.34],
[1646832600.0, 8.450000000000001],
[1646919000.0, 8.76],
[1647005400.0, 8.89],
[1647091800.0, 8.94],
[1647178200.0, 8.58],
[1647264600.0, 8.57],
[1647351000.0, 8.73],
[1647437400.0, 8.29],
[1647523800.0, 8.44],
[1647610200.0, 8.69],
[1647696600.0, 8.700000000000001],
[1647783000.0, 8.94],
[1647869400.0, 8.950000000000001],
[1647955800.0, 9.05],
[1648042200.0, 9.120000000000001],
[1648128600.0, 9.149999999999999],
[1648215000.0, 9.2],
[1648301400.0, 9.16],
[1648387800.0, 9.620000000000001],
[1648474200.0, 9.66],
[1648560600.0, 9.639999999999999],
[1648647000.0, 9.68],
[1648733400.0, 9.79],
[1648819800.0, 9.9],
[1648906200.0, 9.879999999999999],
[1648996200.0, 9.889999999999999],
[1649082600.0, 9.96],
[1649169000.0, 10.18],
[1649255400.0, 10.2],
[1649341800.0, 9.75],
[1649428200.0, 10.049999999999999],
[1649514600.0, 10],
[1649601000.0, 10.100000000000001],
[1649687400.0, 10.2],
[1649773800.0, 10.49],
[1649860200.0, 9.95],
[1649946600.0, 10.19],
[1650033000.0, 9.58],
[1650119400.0, 9.879999999999999],
[1650205800.0, 10.03],
[1650292200.0, 9.889999999999999],
[1650378600.0, 10.159999999999998],
[1650465000.0, 9.36],
[1650551400.0, 9.36],
[1650637800.0, 9.36],
[1650724200.0, 10.24],
[1650810600.0, 10.329999999999998],
[1650897000.0, 10.21],
[1650983400.0, 10.18],
[1651069800.0, 9.93],
[1651156200.0, 9.67],
[1651242600.0, 10.159999999999998],
[1651329000.0, 10.270000000000001],
[1651415400.0, 10.01],
[1651501800.0, 9.55],
[1651588200.0, 9.82],
[1651674600.0, 8.91],
[1651761000.0, 8.43],
[1651847400.0, 9.120000000000001],
[1651933800.0, 8.950000000000001],
[1652020200.0, 9.06],
[1652106600.0, 8.969999999999999],
[1652193000.0, 8.959999999999999],
[1652279400.0, 9.02],
[1652365800.0, 9.23],
[1652452200.0, 9],
[1652538600.0, 9],
[1652625000.0, 8.99],
[1652711400.0, 9.05],
[1652797800.0, 9.13],
[1652884200.0, 9.23],
[1652970600.0, 8.75],
[1653057000.0, 8.959999999999999],
[1653143400.0, 9.04],
[1653229800.0, 8.5],
[1653316200.0, 8.75],
[1653402600.0, 8.68],
[1653489000.0, 7.9],
[1653575400.0, 7.510000000000001],
[1653661800.0, 7.69],
[1653748200.0, 8.08],
[1653834600.0, 7.75],
[1653921000.0, 8.22],
[1654007400.0, 8.68],
[1654093800.0, 8.85],
[1654180200.0, 8.84],
[1654266600.0, 8.17],
[1654353000.0, 8.66],
[1654439400.0, 8.86],
[1654525800.0, 8.81],
[1654612200.0, 8.74],
[1654698600.0, 8.87],
[1654785000.0, 8.88],
[1654871400.0, 8.74],
[1654957800.0, 8.54],
[1655044200.0, 8.17],
[1655130600.0, 8.58],
[1655217000.0, 8.54],
[1655303400.0, 8.06],
[1655389800.0, 8.26],
[1655476200.0, 8.43],
[1655562600.0, 8.299999999999999],
[1655649000.0, 8.4],
[1655735400.0, 8.51],
[1655821800.0, 8.42],
[1655908200.0, 8.52],
[1655994600.0, 8.21],
[1656081000.0, 8.26],
[1656167400.0, 8.39],
[1656253800.0, 8.44],
[1656340200.0, 8.57],
[1656426600.0, 8.57],
[1656513000.0, 8.53],
[1656599400.0, 8.52],
[1656685800.0, 8.38],
[1656772200.0, 8.4],
[1656858600.0, 8.44],
[1656945000.0, 8.43],
[1657031400.0, 8.37],
[1657117800.0, 8.26],
[1657204200.0, 8.37],
[1657290600.0, 8.27],
[1657377000.0, 8.27],
[1657463400.0, 8.26],
[1657549800.0, 8.28],
[1657636200.0, 8.77],
[1657722600.0, 9.39],
[1657809000.0, 9.48],
[1657895400.0, 9.67],
[1657981800.0, 9.370000000000001],
[1658068200.0, 9.649999999999999],
[1658154600.0, 9.67],
[1658241000.0, 9.870000000000001],
[1658327400.0, 10.120000000000001],
[1658413800.0, 9.93],
[1658500200.0, 9.8],
[1658586600.0, 9.92],
[1658673000.0, 9.54],
[1658759400.0, 9.66],
[1658845800.0, 10.19],
[1658932200.0, 9.24],
[1659018600.0, 10.809999999999999],
[1659105000.0, 11.040000000000001],
[1659191400.0, 10.24],
[1659277800.0, 10.829999999999998],
[1659364200.0, 10.21],
[1659450600.0, 10.61],
[1659537000.0, 10.5],
[1659623400.0, 10.549999999999999],
[1659709800.0, 10.53],
[1659796200.0, 10.540000000000001],
[1659882600.0, 12.05],
[1659969000.0, 12.16],
[1660055400.0, 11.18],
[1660141800.0, 11.290000000000001],
[1660228200.0, 11.999999999999998],
[1660314600.0, 12.190000000000001],
[1660401000.0, 12.190000000000001],
[1660487400.0, 12.190000000000001],
[1660573800.0, 12.190000000000001],
[1660660200.0, 11],
[1660746600.0, 10.65],
[1660833000.0, 11.66],
[1660919400.0, 10.42],
[1661005800.0, 10.350000000000001],
[1661092200.0, 10.68],
[1661178600.0, 10.61],
[1661265000.0, 10.57],
[1661351400.0, 10.290000000000001],
[1661437800.0, 10.25],
[1661524200.0, 10.43],
[1661610600.0, 10.31],
[1661697000.0, 9.889999999999999],
[1661783400.0, 10.32],
[1661869800.0, 10.159999999999998],
[1661956200.0, 10.159999999999998],
[1662042600.0, 9.43],
[1662129000.0, 9.52],
[1662215400.0, 10],
[1662301800.0, 10.100000000000001],
[1662388200.0, 9.870000000000001],
[1662474600.0, 9.85],
[1662561000.0, 11.16],
[1662647400.0, 10.799999999999999],
[1662733800.0, 10.73],
[1662820200.0, 11.18],
[1662906600.0, 11.24],
[1662993000.0, 11.469999999999999],
[1663079400.0, 10.99],
[1663165800.0, 11.55],
[1663252200.0, 11.219999999999999],
[1663338600.0, 11.15],
[1663425000.0, 11.249999999999998],
[1663511400.0, 11.440000000000001],
[1663597800.0, 11.62],
[1663684200.0, 11.65],
[1663770600.0, 11.749999999999998],
[1663857000.0, 11.76],
[1663943400.0, 11.71],
[1664029800.0, 11.61],
[1664116200.0, 11.249999999999998],
[1664202600.0, 11.61],
[1664289000.0, 11.51],
[1664375400.0, 11.63],
[1664461800.0, 11.57],
[1664548200.0, 11.579999999999998],
[1664634600.0, 11.520000000000001],
[1664717400.0, 11.770000000000001],
[1664803800.0, 12.15],
[1664890200.0, 12.12],
[1664976600.0, 11.38],
[1665063000.0, 12.11],
[1665149400.0, 12.11],
[1665235800.0, 12.49],
[1665322200.0, 13.959999999999999],
[1665408600.0, 13.6],
[1665495000.0, 13.76],
[1665581400.0, 13.62],
[1665667800.0, 15.620000000000001],
[1665754200.0, 14.92],
[1665840600.0, 15.35],
[1665927000.0, 15.97],
[1666013400.0, 19.2],
[1666099800.0, 21.909999999999997],
[1666186200.0, 21.32],
[1666272600.0, 22.48],
[1666359000.0, 21.069999999999997],
[1666445400.0, 18.59],
[1666531800.0, 19.66],
[1666618200.0, 19.8],
[1666704600.0, 18.98],
[1666791000.0, 18.299999999999997],
[1666877400.0, 18.919999999999998],
[1666963800.0, 18.9],
[1667050200.0, 19.740000000000002],
[1667136600.0, 17.32],
[1667223000.0, 18.990000000000002],
[1667309400.0, 18.96],
[1667395800.0, 18.939999999999998],
[1667482200.0, 19.64],
[1667568600.0, 19.9],
[1667655000.0, 20.939999999999998],
[1667741400.0, 19.68],
[1667827800.0, 21.18],
[1667914200.0, 21.619999999999997],
[1668000600.0, 21.55],
[1668087000.0, 21.040000000000003],
[1668173400.0, 20.68],
[1668259800.0, 20.599999999999998],
[1668346200.0, 20.080000000000002],
[1668432600.0, 20.21],
[1668519000.0, 20.27],
[1668605400.0, 20.63],
[1668691800.0, 19.419999999999998],
[1668778200.0, 18.65],
[1668864600.0, 20.189999999999998],
[1668951000.0, 18.439999999999998],
[1669037400.0, 17.87],
[1669123800.0, 17.05],
[1669210200.0, 16.47],
[1669296600.0, 16.03],
[1669383000.0, 15.879999999999999],
[1669469400.0, 15.200000000000001],
[1669555800.0, 15.81],
[1669642200.0, 15.61],
[1669728600.0, 14.959999999999999],
[1669815000.0, 15.56],
[1669901400.0, 16.18],
[1669987800.0, 16.08],
[1670074200.0, 15.58],
[1670160600.0, 15.79],
[1670247000.0, 15.47],
[1670333400.0, 15.18],
[1670419800.0, 15.94],
[1670506200.0, 16.03],
[1670592600.0, 15.879999999999999],
[1670679000.0, 16.25],
[1670765400.0, 15.85],
[1670851800.0, 16.76],
[1670938200.0, 19.08],
[1671024600.0, 19.4],
[1671111000.0, 16],
[1671197400.0, 14.87],
[1671283800.0, 13.99],
[1671370200.0, 13.44],
[1671456600.0, 14.07],
[1671543000.0, 16.04],
[1671629400.0, 15.77],
[1671715800.0, 14.8],
[1671802200.0, 14.69],
[1671888600.0, 15.14],
[1671975000.0, 14.569999999999999],
[1672061400.0, 13.5],
[1672147800.0, 13.809999999999999],
[1672234200.0, 13.47],
[1672320600.0, 14.47],
[1672407000.0, 14.089999999999998],
[1672493400.0, 15.009999999999998],
[1672579800.0, 14.61],
[1672666200.0, 14.99],
[1672752600.0, 15.44],
[1672839000.0, 14.700000000000001],
[1672925400.0, 15.370000000000001],
[1673011800.0, 15.379999999999999],
[1673098200.0, 14.6],
[1673184600.0, 14.2],
[1673271000.0, 13.85],
[1673357400.0, 13.85],
[1673443800.0, 14.530000000000001],
[1673530200.0, 14.729999999999999],
[1673616600.0, 14.209999999999999],
[1673703000.0, 15.27],
[1673789400.0, 14.530000000000001],
[1673875800.0, 14.97],
[1673962200.0, 14.87],
[1674048600.0, 15],
[1674135000.0, 14.950000000000001],
[1674221400.0, 15.31],
[1674307800.0, 14.43],
[1674394200.0, 15.94],
[1674480600.0, 15.209999999999999],
[1674567000.0, 15.209999999999999],
[1674653400.0, 15.049999999999999],
[1674739800.0, 14.879999999999999],
[1674826200.0, 15.41],
[1674912600.0, 15.77],
[1674999000.0, 15.819999999999999],
[1675085400.0, 15.819999999999999],
[1675171800.0, 16.16],
[1675258200.0, 16.11],
[1675344600.0, 16.150000000000002],
[1675431000.0, 15.509999999999998],
[1675517400.0, 16.25],
[1675603800.0, 16.08],
[1675690200.0, 16.32],
[1675776600.0, 15.52],
[1675863000.0, 15.52],
[1675949400.0, 15.52],
