[1635773400.0, 3130.7922],
[1635859800.0, 3142.1013999999996],
[1635946200.0, 3138.1506],
[1636032600.0, 3126.4641],
[1636119000.0, 3127.0929999999994],
[1636205400.0, 3079.3749],
[1636291800.0, 3066.5588],
[1636378200.0, 3035.055],
[1636464600.0, 3037.7541],
[1636551000.0, 3078.0842],
[1636637400.0, 3070.149099999999],
[1636723800.0, 3069.1056000000003],
[1636810200.0, 3072.306],
[1636896600.0, 3110.6036999999997],
[1636983000.0, 3119.9409],
[1637069400.0, 3108.7293999999997],
[1637155800.0, 3105.6939999999995],
[1637242200.0, 3106.3080999999997],
[1637328600.0, 3109.2852],
[1637415000.0, 3100.5114999999996],
[1637501400.0, 3108.9637],
[1637587800.0, 3094.4172999999996],
[1637674200.0, 3097.6973],
[1637760600.0, 3096.2674999999995],
[1637847000.0, 3099.8309999999997],
[1637933400.0, 3078.4956999999995],
[1638019800.0, 3090.6634],
[1638106200.0, 3105.6123999999995],
[1638192600.0, 3121.1198999999997],
[1638279000.0, 3138.2217999999993],
[1638365400.0, 3187.7648999999997],
[1638451800.0, 3315.0368999999996],
[1638538200.0, 3370.8131999999996],
[1638624600.0, 3424.8170999999998],
[1638711000.0, 3420.2258999999995],
[1638797400.0, 3356.9351999999994],
[1638883800.0, 3354.0021],
[1638970200.0, 3324.0248999999994],
[1639056600.0, 3333.2607999999996],
[1639143000.0, 3358.472099999999],
[1639229400.0, 3410.6854999999996],
[1639315800.0, 3413.3390999999997],
[1639402200.0, 3390.3733999999995],
[1639488600.0, 3404.428999999999],
[1639575000.0, 3420.3614],
[1639661400.0, 3427.7239],
[1639747800.0, 3439.6413999999995],
[1639834200.0, 3430.8698],
[1639920600.0, 3434.3883999999994],
[1640007000.0, 3431.1513999999997],
[1640093400.0, 3450.7680999999993],
[1640179800.0, 3463.6495],
[1640266200.0, 3450.6632999999993],
[1640352600.0, 3427.1865000000003],
[1640439000.0, 3450.5595999999996],
[1640525400.0, 3427.8138999999996],
[1640611800.0, 3421.5522999999994],
[1640698200.0, 3388.2504999999996],
[1640784600.0, 3402.0297],
[1640871000.0, 3412.1074],
[1640957400.0, 3412.1585999999998],
[1641043800.0, 3432.8628],
[1641130200.0, 3436.4482],
[1641216600.0, 3412.4555],
[1641303000.0, 3421.8588999999997],
[1641389400.0, 3410.1074],
[1641475800.0, 3449.552],
[1641562200.0, 3436.5020999999997],
[1641648600.0, 3456.6074000000003],
[1641735000.0, 3457.3696999999997],
[1641821400.0, 3444.0128999999993],
[1641907800.0, 3408.5400999999997],
[1641994200.0, 3437.5197999999996],
[1642080600.0, 3455.0804999999996],
[1642167000.0, 3441.642],
[1642253400.0, 3495.0361999999996],
[1642339800.0, 3496.8222],
[1642426200.0, 3507.6905],
[1642512600.0, 3543.4541],
[1642599000.0, 3483.9939999999997],
[1642685400.0, 3484.5226999999995],
[1642771800.0, 3503.8952],
[1642858200.0, 3510.8136999999997],
[1642944600.0, 3503.5225999999993],
[1643031000.0, 3516.3059999999996],
[1643117400.0, 3522.728899999999],
[1643203800.0, 3504.6198999999997],
[1643290200.0, 3473.6217],
[1643376600.0, 3460.4622],
[1643463000.0, 3449.3856999999994],
[1643549400.0, 3474.7942],
[1643635800.0, 3474.7942],
[1643722200.0, 3474.7942],
[1643808600.0, 3463.9879],
[1643895000.0, 3456.6067999999996],
[1643981400.0, 3449.6169],
[1644067800.0, 3421.783],
[1644154200.0, 3416.1994999999997],
[1644240600.0, 3398.7506999999996],
[1644327000.0, 3369.508],
[1644413400.0, 3353.1754999999994],
[1644499800.0, 3342.3],
[1644586200.0, 3380.3876999999998],
[1644672600.0, 3377.0769],
[1644759000.0, 3366.0436999999997],
[1644845400.0, 3361.499599999999],
[1644931800.0, 3361.9017],
[1645018200.0, 3371.0172000000002],
[1645104600.0, 3362.475099999999],
[1645191000.0, 3376.7703999999994],
[1645277400.0, 3386.3590999999997],
[1645363800.0, 3375.0576999999994],
[1645450200.0, 3404.7538],
[1645536600.0, 3423.236],
[1645623000.0, 3432.4833],
[1645709400.0, 3431.1607999999997],
[1645795800.0, 3430.0384999999997],
[1645882200.0, 3435.3952999999997],
[1645968600.0, 3424.3845],
[1646055000.0, 3441.4714],
[1646141400.0, 3453.3343999999997],
[1646227800.0, 3458.3304],
[1646314200.0, 3485.9990999999995],
[1646400600.0, 3477.1616999999997],
[1646487000.0, 3534.9222999999993],
[1646573400.0, 3548.212499999999],
[1646659800.0, 3561.9340999999995],
[1646746200.0, 3539.8090999999995],
[1646832600.0, 3516.2561],
[1646919000.0, 3506.4530999999997],
[1647005400.0, 3490.8570999999997],
[1647091800.0, 3482.439],
[1647178200.0, 3454.6748999999995],
[1647264600.0, 3462.4174999999996],
[1647351000.0, 3497.6472999999996],
[1647437400.0, 3560.6429999999996],
[1647523800.0, 3595.4139999999998],
[1647610200.0, 3582.2364],
[1647696600.0, 3597.0753999999993],
[1647783000.0, 3784.3953999999994],
[1647869400.0, 3743.6155999999996],
[1647955800.0, 3741.097299999999],
[1648042200.0, 3775.1351999999997],
[1648128600.0, 3715.9767999999995],
[1648215000.0, 3701.0564000000004],
[1648301400.0, 3724.1029999999996],
[1648387800.0, 3700.7101],
[1648474200.0, 3707.7764999999995],
[1648560600.0, 3703.0743999999995],
[1648647000.0, 3756.0806999999995],
[1648733400.0, 3724.209],
[1648819800.0, 3781.5798999999997],
[1648906200.0, 3752.7722999999996],
[1648996200.0, 3750.8308],
[1649082600.0, 3769.183699999999],
[1649169000.0, 3778.8106],
[1649255400.0, 3796.5769999999998],
[1649341800.0, 3855.5675999999994],
[1649428200.0, 3848.4205999999995],
[1649514600.0, 3848.8915999999995],
[1649601000.0, 3848.8915999999995],
[1649687400.0, 3848.8915999999995],
[1649773800.0, 3848.8915999999995],
[1649860200.0, 3848.2907999999993],
[1649946600.0, 3918.4148],
[1650033000.0, 3905.6856000000002],
[1650119400.0, 4004.4183999999996],
[1650205800.0, 3996.680799999999],
[1650292200.0, 4021.1501],
[1650378600.0, 4041.4476999999997],
[1650465000.0, 4050.8288999999995],
[1650551400.0, 4050.8288999999995],
[1650637800.0, 4050.8288999999995],
[1650724200.0, 4048.9901999999993],
[1650810600.0, 4032.1132],
[1650897000.0, 3984.6709999999994],
[1650983400.0, 3949.7729],
[1651069800.0, 3942.7527],
[1651156200.0, 3846.6123999999995],
[1651242600.0, 3854.3342000000002],
[1651329000.0, 3856.9384999999993],
[1651415400.0, 3839.0569999999993],
[1651501800.0, 3827.8219],
[1651588200.0, 3799.8178999999996],
[1651674600.0, 3797.5071999999996],
[1651761000.0, 3787.8278999999993],
[1651847400.0, 3745.8196],
[1651933800.0, 3743.0939],
[1652020200.0, 3707.0688],
[1652106600.0, 3654.1955999999996],
[1652193000.0, 3633.1009999999997],
[1652279400.0, 3615.1283],
[1652365800.0, 3568.189],
[1652452200.0, 3531.299],
[1652538600.0, 3506.9449],
[1652625000.0, 3486.2316999999994],
[1652711400.0, 3524.6707],
[1652797800.0, 3561.4364999999993],
[1652884200.0, 3563.7021],
[1652970600.0, 3562.7012999999993],
[1653057000.0, 3602.541099999999],
[1653143400.0, 3597.3851999999997],
[1653229800.0, 3595.7379999999994],
[1653316200.0, 3584.9749999999995],
[1653402600.0, 3602.4325],
[1653489000.0, 3567.1321],
[1653575400.0, 3558.2464999999997],
[1653661800.0, 3605.4553],
[1653748200.0, 3599.5315],
[1653834600.0, 3584.7826],
[1653921000.0, 3586.7043],
[1654007400.0, 3625.5979999999995],
[1654093800.0, 3653.1011999999996],
[1654180200.0, 3651.7108999999996],
[1654266600.0, 3685.1438999999996],
[1654353000.0, 3687.0200999999993],
[1654439400.0, 3662.6636999999996],
[1654525800.0, 3675.0159999999996],
[1654612200.0, 3686.6706999999997],
[1654698600.0, 3669.5687],
[1654785000.0, 3685.4878999999996],
[1654871400.0, 3656.4961999999996],
[1654957800.0, 3657.5373999999997],
[1655044200.0, 3655.9528999999998],
[1655130600.0, 3645.2145],
[1655217000.0, 3633.0042999999996],
[1655303400.0, 3638.2635999999993],
[1655389800.0, 3649.7293000000004],
[1655476200.0, 3638.2636999999995],
[1655562600.0, 3622.1882],
[1655649000.0, 3633.1869999999994],
[1655735400.0, 3667.3964],
[1655821800.0, 3668.3842],
[1655908200.0, 3658.4868999999994],
[1655994600.0, 3661.5815],
[1656081000.0, 3662.455099999999],
[1656167400.0, 3645.5311],
[1656253800.0, 3626.9748999999997],
[1656340200.0, 3643.9728999999998],
[1656426600.0, 3657.8631999999993],
[1656513000.0, 3703.4536000000003],
[1656599400.0, 3725.5833999999995],
[1656685800.0, 3716.9718999999996],
[1656772200.0, 3714.617999999999],
[1656858600.0, 3717.2510999999995],
[1656945000.0, 3720.9445999999994],
[1657031400.0, 3712.462399999999],
[1657117800.0, 3723.1700000000005],
[1657204200.0, 3730.5665999999997],
[1657290600.0, 3734.6004],
[1657377000.0, 3740.7626999999993],
[1657463400.0, 3743.2266999999997],
[1657549800.0, 3745.0167],
[1657636200.0, 3746.3777999999998],
[1657722600.0, 3723.9932999999996],
[1657809000.0, 3720.9262999999996],
[1657895400.0, 3711.8898],
[1657981800.0, 3700.6227999999996],
[1658068200.0, 3707.4465],
[1658154600.0, 3712.9052999999994],
[1658241000.0, 3713.4893],
[1658327400.0, 3713.3467999999993],
[1658413800.0, 3711.1612],
[1658500200.0, 3711.8659],
[1658586600.0, 3704.4964999999993],
[1658673000.0, 3716.298399999999],
[1658759400.0, 3738.4446],
[1658845800.0, 3732.5579999999995],
[1658932200.0, 3723.0141999999996],
[1659018600.0, 3737.2682999999997],
[1659105000.0, 3717.1164],
[1659191400.0, 3710.5904999999993],
[1659277800.0, 3718.127599999999],
[1659364200.0, 3707.3823999999995],
[1659450600.0, 3727.132899999999],
[1659537000.0, 3725.7495],
[1659623400.0, 3733.1711999999993],
[1659709800.0, 3741.3696],
[1659796200.0, 3733.3911999999996],
[1659882600.0, 3735.3314],
[1659969000.0, 3740.9421999999995],
[1660055400.0, 3718.2849999999994],
[1660141800.0, 3768.0194],
[1660228200.0, 3777.0314999999996],
[1660314600.0, 3761.3599],
[1660401000.0, 3761.3599],
[1660487400.0, 3761.3599],
[1660573800.0, 3761.3599],
[1660660200.0, 3756.0389999999998],
[1660746600.0, 3766.3631999999993],
[1660833000.0, 3767.0889999999995],
[1660919400.0, 3745.6174999999994],
[1661005800.0, 3780.5565999999994],
[1661092200.0, 3805.1333999999997],
[1661178600.0, 3786.5145999999995],
[1661265000.0, 3823.2045],
[1661351400.0, 3815.9837],
[1661437800.0, 3853.7392999999993],
[1661524200.0, 3834.6574],
[1661610600.0, 3816.2868000000003],
[1661697000.0, 3807.4357999999993],
[1661783400.0, 3857.2090999999996],
[1661869800.0, 3859.9611000000004],
[1661956200.0, 3867.3274999999994],
[1662042600.0, 3862.1071999999995],
[1662129000.0, 3836.6768999999995],
[1662215400.0, 3837.4488999999994],
[1662301800.0, 3834.6236999999996],
[1662388200.0, 3849.2986],
[1662474600.0, 3859.0672999999997],
[1662561000.0, 3853.277],
[1662647400.0, 3856.8174],
[1662733800.0, 3852.1085],
[1662820200.0, 3818.9796],
[1662906600.0, 3837.4701999999993],
[1662993000.0, 3882.812999999999],
[1663079400.0, 3849.2148999999995],
[1663165800.0, 3844.2789999999995],
[1663252200.0, 3813.8420000000006],
[1663338600.0, 3828.5478000000003],
[1663425000.0, 3846.250699999999],
[1663511400.0, 3850.3762999999994],
[1663597800.0, 3853.982399999999],
[1663684200.0, 3851.0136],
[1663770600.0, 3831.9724999999994],
[1663857000.0, 3807.4039],
[1663943400.0, 3777.8954999999996],
[1664029800.0, 3795.3418999999994],
[1664116200.0, 3793.5427999999997],
[1664202600.0, 3798.6252999999997],
[1664289000.0, 3786.5310999999997],
[1664375400.0, 3778.475699999999],
[1664461800.0, 3773.8848],
[1664548200.0, 3798.6482999999994],
[1664634600.0, 3828.8479999999995],
[1664717400.0, 3835.690199999999],
[1664803800.0, 3878.6949999999993],
[1664890200.0, 3877.8956999999996],
[1664976600.0, 3851.9709999999995],
[1665063000.0, 3917.891099999999],
[1665149400.0, 3913.9841999999994],
[1665235800.0, 3924.9396],
[1665322200.0, 3937.9202999999998],
[1665408600.0, 3908.4098999999997],
[1665495000.0, 3943.5067999999997],
[1665581400.0, 3950.4452999999994],
[1665667800.0, 3944.8785],
[1665754200.0, 3941.7406999999994],
[1665840600.0, 3943.4338],
[1665927000.0, 3972.5946999999996],
[1666013400.0, 3931.839499999999],
[1666099800.0, 3963.5343],
[1666186200.0, 3988.6666999999998],
[1666272600.0, 4013.3674999999994],
[1666359000.0, 4009.175199999999],
[1666445400.0, 4050.4101999999993],
[1666531800.0, 4058.6426],
[1666618200.0, 4025.482399999999],
[1666704600.0, 4085.0654999999992],
[1666791000.0, 4073.4622999999992],
[1666877400.0, 4047.7650999999996],
[1666963800.0, 4033.3078],
[1667050200.0, 4041.3550999999998],
[1667136600.0, 3988.9619000000002],
[1667223000.0, 4006.4488999999994],
[1667309400.0, 4001.450499999999],
[1667395800.0, 3995.3026000000004],
[1667482200.0, 4077.629],
[1667568600.0, 4077.0634999999997],
[1667655000.0, 4104.364699999999],
[1667741400.0, 4088.5183999999995],
[1667827800.0, 4081.3184999999994],
[1667914200.0, 4102.2237],
[1668000600.0, 4185.7994],
[1668087000.0, 4255.0926],
[1668173400.0, 4293.839099999999],
[1668259800.0, 4296.810299999999],
[1668346200.0, 4318.558499999999],
[1668432600.0, 4369.2083999999995],
[1668519000.0, 4357.756600000001],
[1668605400.0, 4411.0994],
[1668691800.0, 4496.870199999999],
[1668778200.0, 4665.408299999999],
[1668864600.0, 4660.8886999999995],
[1668951000.0, 4655.907],
[1669037400.0, 4691.4409],
[1669123800.0, 4718.2397],
[1669210200.0, 4770.655199999999],
[1669296600.0, 4760.415],
[1669383000.0, 4756.411599999999],
[1669469400.0, 4676.71],
[1669555800.0, 4617.425699999999],
[1669642200.0, 4540.1391],
[1669728600.0, 4623.0298999999995],
[1669815000.0, 4759.076399999999],
[1669901400.0, 4778.8027],
[1669987800.0, 4790.8985999999995],
[1670074200.0, 4823.417799999999],
[1670160600.0, 4902.5269],
[1670247000.0, 4877.81],
[1670333400.0, 4922.6422999999995],
[1670419800.0, 4927.0848],
[1670506200.0, 4959.945999999999],
[1670592600.0, 4911.4719],
[1670679000.0, 4912.564399999999],
[1670765400.0, 4894.4685],
[1670851800.0, 4898.9175],
[1670938200.0, 4887.7737],
[1671024600.0, 4871.3414999999995],
[1671111000.0, 4851.9635],
[1671197400.0, 4862.5709],
[1671283800.0, 4856.2058],
[1671370200.0, 4846.8832999999995],
[1671456600.0, 4862.6083],
[1671543000.0, 4863.6062],
[1671629400.0, 4867.697099999999],
[1671715800.0, 4837.028399999999],
[1671802200.0, 4766.594599999999],
[1671888600.0, 4770.0899],
[1671975000.0, 4753.5566],
[1672061400.0, 4793.282799999999],
[1672147800.0, 4788.1699],
[1672234200.0, 4803.267499999999],
[1672320600.0, 4811.1575],
[1672407000.0, 4821.1314999999995],
[1672493400.0, 4777.4607],
[1672579800.0, 4767.3339],
[1672666200.0, 4726.0297],
[1672752600.0, 4741.221999999999],
[1672839000.0, 4731.7764],
[1672925400.0, 4774.065199999999],
[1673011800.0, 4749.188899999999],
[1673098200.0, 4795.7369],
[1673184600.0, 4821.1928],
[1673271000.0, 4814.0894],
[1673357400.0, 4820.3659],
[1673443800.0, 4853.8168],
[1673530200.0, 4885.745999999999],
[1673616600.0, 4889.2819],
[1673703000.0, 4912.0491999999995],
[1673789400.0, 4931.553],
[1673875800.0, 4901.3574],
[1673962200.0, 4888.232399999999],
[1674048600.0, 4868.783899999999],
[1674135000.0, 4863.8618],
[1674221400.0, 4857.0786],
[1674307800.0, 4860.700999999999],
[1674394200.0, 4859.021299999999],
[1674480600.0, 4876.794599999999],
[1674567000.0, 4872.5607],
[1674653400.0, 4873.074299999998],
[1674739800.0, 4872.631799999999],
[1674826200.0, 4886.500899999999],
[1674912600.0, 4887.561699999999],
[1674999000.0, 4914.4529],
[1675085400.0, 4900.5737],
[1675171800.0, 4907.387299999999],
[1675258200.0, 4917.2995],
[1675344600.0, 4903.1386999999995],
[1675431000.0, 4903.9468],
[1675517400.0, 4913.3884],
[1675603800.0, 4885.230699999999],
[1675690200.0, 4900.8933],
[1675776600.0, 4910.2792],
[1675863000.0, 4912.8421],
[1675949400.0, 4912.8421],
