[[1633699800, 0.8441],
[1633786200, 0.822],
[1633872600, 0.8273],
[1633959000, 0.8238],
[1634045400, 0.8264],
[1634131800, 0.8282],
[1634218200, 0.8279],
[1634304600, 0.8884],
[1634391000, 0.8904],
[1634477400, 0.9289],
[1634563800, 0.934],
[1634650200, 0.8111],
[1634736600, 0.8709],
[1634823000, 0.8141],
[1634909400, 0.7639],
[1634995800, 0.7602],
[1635082200, 0.763],
[1635168600, 0.7241],
[1635514200, 0.9399],
[1635600600, 0.9445],
[1635687000, 0.9468],
[1635859800, 0.7206],
[1636119000, 0.7612],
[1636291800, 0.7631],
[1636464600, 0.656],
[1636637400, 0.645],
[1636983000, 0.6751],
[1637242200, 0.6826],
[1637328600, 0.6951],
[1637415000, 0.6853],
[1637501400, 0.734],
[1637587800, 0.72],
[1637674200, 0.6995],
[1637760600, 0.6877],
[1637847000, 0.7109],
[1637933400, 0.7242],
[1638106200, 0.8864],
[1638192600, 0.9025],
[1638279000, 0.8531],
[1638365400, 0.8704],
[1638451800, 0.9012],
[1638538200, 0.942],
[1638797400, 0.9067],
[1638883800, 0.9721],
[1638970200, 0.8415],
[1639056600, 0.969],
[1639143000, 0.8433],
[1639229400, 0.9376],
[1639315800, 0.9939],
[1639402200, 0.7978],
[1639488600, 0.8297],
[1639575000, 0.8455],
[1639661400, 0.8444],
[1639747800, 0.9391],
[1639834200, 0.8846],
[1639920600, 0.8415],
[1640007000, 0.8534],
[1640093400, 0.8011],
[1640179800, 0.8011],
[1640266200, 0.8843],
[1640352600, 0.7956],
[1640439000, 0.8],
[1640525400, 0.7743],
[1640611800, 0.7923],
[1640698200, 0.7683],
[1640784600, 0.7523],
[1640871000, 0.7754],
[1640957400, 0.7613],
[1641043800, 0.7027],
[1641130200, 0.6116],
[1641216600, 0.6743],
[1641303000, 0.6926],
[1641389400, 0.6937],
[1641475800, 0.684],
[1641562200, 0.7072],
[1641648600, 0.6971],
[1641735000, 0.7326],
[1641821400, 0.7326],
[1641907800, 0.6789],
[1641994200, 0.7396],
[1642080600, 0.7293],
[1642167000, 0.7083],
[1642253400, 0.6709],
[1642339800, 0.6617],
[1642426200, 0.6617],
[1642512600, 0.6809],
[1642599000, 0.716],
[1642685400, 0.7797],
[1642771800, 0.6503],
[1642858200, 0.6287],
[1642944600, 0.4805],
[1643031000, 0.5081],
[1643117400, 0.6586],
[1643203800, 0.6586],
[1643290200, 0.4983],
[1643376600, 0.4369],
[1643463000, 0.4632],
[1643549400, 0.3255],
[1643635800, 0.3255],
[1643722200, 0.3255],
[1643808600, 0.4788],
[1643895000, 0.2958],
[1643981400, 0.3387],
[1644067800, 0.3371],
[1644154200, 0.3032],
[1644240600, 0.429],
[1644327000, 0.4458],
[1644413400, 0.4452],
[1644499800, 0.5051],
[1644586200, 0.4673],
[1644672600, 0.6521],
[1644759000, 0.6196],
[1644845400, 0.6512],
[1644931800, 0.6142],
[1645018200, 0.6124],
[1645104600, 0.6535],
[1645191000, 0.6612],
[1645277400, 0.6477],
[1645363800, 0.6617],
[1645450200, 0.7178],
[1645536600, 0.6941],
[1645623000, 0.7032],
[1645709400, 0.7451],
[1645795800, 0.6902],
[1645882200, 0.718],
[1645968600, 0.591],
[1646055000, 0.7371],
[1646141400, 0.7912],
[1646400600, 0.7521],
[1646487000, 0.7837],
[1646659800, 0.7465],
[1646746200, 0.7602],
[1646832600, 0.661],
[1647005400, 0.6945],
[1647091800, 0.6565],
[1647178200, 0.6075],
[1647437400, 0.6769],
[1647523800, 0.6127],
[1647696600, 0.6981],
[1647783000, 0.6704],
[1647869400, 0.6258],
[1648042200, 0.617],
[1648128600, 0.6089],
[1648301400, 0.617],
[1648474200, 0.6059],
[1648733400, 0.7374],
[1648906200, 0.7085],
[1649169000, 0.7687],
[1649255400, 0.7926],
[1649514600, 0.7815],
[1649601000, 0.7271],
[1649687400, 0.7301],
[1649773800, 0.7445],
[1649860200, 0.7462],
[1649946600, 0.7685],
[1650033000, 0.7609],
[1650119400, 0.7737],
[1650205800, 0.7166],
[1650292200, 0.6996],
[1650378600, 0.7032],
[1650465000, 0.7368],
[1650551400, 0.7368],
[1650637800, 0.7368],
[1650724200, 0.6896],
[1650810600, 0.6836],
[1650897000, 0.6932],
[1650983400, 0.6007],
[1651069800, 0.5764],
[1651156200, 0.5853],
[1651242600, 0.5753],
[1651329000, 0.5647],
[1651415400, 0.6848],
[1651501800, 0.5825],
[1651588200, 0.5926],
[1651674600, 0.5958],
[1651761000, 0.5606],
[1651847400, 0.5664],
[1651933800, 0.5812],
[1652020200, 0.5783],
[1652106600, 0.4897],
[1652193000, 0.4993],
[1652279400, 0.5453],
[1652365800, 0.524],
[1652970600, 0.5374],
[1653057000, 0.5127],
[1653143400, 0.6015],
[1653229800, 0.5468],
[1653316200, 0.5413],
[1653402600, 0.5823],
[1653489000, 0.6103],
[1653575400, 0.5649],
[1653661800, 0.6035],
[1653748200, 0.5721],
[1653834600, 0.5561],
[1653921000, 0.5724],
[1654007400, 0.4957],
[1654093800, 0.5993],
[1654180200, 0.6215],
[1654266600, 0.6097],
[1654353000, 0.7239],
[1654439400, 0.6543],
[1654525800, 0.6255],
[1654612200, 0.6785],
[1654698600, 0.7273],
[1654785000, 0.6745],
[1654871400, 0.7044],
[1654957800, 0.6933],
[1655044200, 0.6766],
[1655130600, 0.6565],
[1655217000, 0.684],
[1655303400, 0.6372],
[1655389800, 0.8568],
[1655476200, 0.6961],
[1655562600, 0.6921],
[1655649000, 0.6811],
[1655735400, 0.7098],
[1655821800, 0.683],
[1655908200, 0.6955],
[1655994600, 0.6648],
[1656081000, 0.6574],
[1656167400, 0.7962],
[1656253800, 0.6459],
[1656340200, 0.6354],
[1656426600, 0.6602],
[1656513000, 0.6477],
[1656599400, 0.6522],
[1656685800, 0.6992],
[1656772200, 0.7033],
[1656858600, 0.7073],
[1656945000, 0.7015],
[1657031400, 0.6779],
[1657117800, 0.747],
[1657290600, 0.6832],
[1657377000, 0.6878],
[1657463400, 0.755],
[1657722600, 0.6064],
[1657809000, 0.5404],
[1657895400, 0.7331],
[1657981800, 0.6464],
[1658068200, 0.6483],
[1658154600, 0.6268],
[1658241000, 0.6339],
[1658327400, 0.6812],
[1658413800, 0.6863],
[1658673000, 0.5438],
[1658845800, 0.5699],
[1658932200, 0.6234],
[1659018600, 0.6359],
[1659105000, 0.5679],
[1659191400, 0.6722],
[1659277800, 0.6443],
[1659364200, 0.6917],
[1659450600, 0.7372],
[1659537000, 0.7724],
[1659623400, 0.7594],
[1659709800, 0.6142],
[1659796200, 0.6205],
[1659882600, 0.5982],
[1659969000, 0.5354],
[1660055400, 0.5034],
[1660228200, 0.4429],
[1660314600, 0.6088],
[1660401000, 0.6088],
[1660487400, 0.6088],
[1660573800, 0.6088],
[1660660200, 0.4838],
[1660746600, 0.444],
[1660833000, 0.4712],
[1660919400, 0.4119],
[1661005800, 0.4977],
[1661178600, 0.4551],
[1661265000, 0.4534],
[1661351400, 0.5472],
[1661437800, 0.505],
[1661524200, 0.503],
[1661610600, 0.5108],
[1661697000, 0.509],
[1661783400, 0.5373],
[1661869800, 0.5373],
[1661956200, 0.5335],
[1662042600, 0.5017],
[1662129000, 0.4809],
[1662215400, 0.4855],
[1662301800, 0.4908],
[1663338600, 0.5809],
[1663425000, 0.5816],
[1663511400, 0.6731],
[1663597800, 0.6739],
[1663684200, 0.6224],
[1663770600, 0.6332],
[1663857000, 0.6529],
[1663943400, 0.6517],
[1664029800, 0.7385],
[1664116200, 0.65],
[1664202600, 0.6804],
[1664289000, 0.6689],
[1664375400, 0.7088],
[1664461800, 0.7108],
[1664548200, 0.778],
[1664634600, 0.7839],
[1664717400, 0.789],
[1664803800, 0.7927],
[1664890200, 0.8015],
[1664976600, 0.8015],
[1665063000, 0.8051],
[1665149400, 0.8103],
[1665322200, 0.705],
[1665408600, 0.7101],
[1665495000, 0.7145],
[1665581400, 0.7082],
[1665667800, 0.656],
[1665754200, 0.6461],
[1665840600, 0.6573],
[1665927000, 0.6271],
[1666013400, 0.6459],
[1666099800, 0.7107],
[1666186200, 0.6642],
[1666272600, 0.6182],
[1666359000, 0.6082],
[1666445400, 0.7254],
[1666531800, 0.6808],
[1666618200, 0.6514],
[1666704600, 0.7211],
[1666791000, 0.6908],
[1666877400, 0.6965],
[1666963800, 0.6965],
[1667136600, 0.6719],
[1667223000, 0.6712],
[1667309400, 0.674],
[1667395800, 0.6808],
[1667482200, 0.6815],
[1667568600, 0.6548],
[1667655000, 0.6733],
[1668259800, 0.5644],
[1668346200, 0.5483],
[1668432600, 0.5402],
[1668519000, 0.7212],
[1668605400, 0.6527],
[1668691800, 0.6514],
[1668778200, 0.6479],
[1668864600, 0.7144],
[1668951000, 0.7129],
[1669037400, 0.7076],
[1669210200, 0.5932],
[1669296600, 0.5678],
[1669383000, 0.5582],
[1669469400, 0.5603],
[1669555800, 0.5603],
[1669642200, 0.5603],
[1669728600, 0.5644],
[1669901400, 0.6358],
[1669987800, 0.65],
[1670074200, 0.6575],
[1670160600, 0.6948],
[1670247000, 0.6978],
[1670333400, 0.6985],
[1670419800, 0.6754],
[1670506200, 0.5943],
[1670592600, 0.5804],
[1670679000, 0.5577],
[1670765400, 0.5798],
[1670851800, 0.6215],
[1670938200, 0.5836],
[1671024600, 0.576],
[1671629400, 0.6415],
[1671715800, 0.5891],
[1671802200, 0.5913],
[1671888600, 0.5956],
[1671975000, 0.6907],
[1672061400, 0.6441],
[1672147800, 0.6571],
[1672234200, 0.6711],
[1672320600, 0.6703],
[1672407000, 0.6728],
[1672493400, 0.6162],
[1672579800, 0.6568],
[1672666200, 0.5895],
[1672752600, 0.5773],
[1672839000, 0.6016],
[1672925400, 0.6047],
[1673011800, 0.5867],
[1673098200, 0.6086],
[1673184600, 0.5932],
[1673271000, 0.581],
[1673357400, 0.5316],
[1673443800, 0.6978],
[1673530200, 0.6444],
[1673616600, 0.6686],
[1673703000, 0.584],
[1673789400, 0.6505],
[1673875800, 0.6358],
[1673962200, 0.6378],
[1674048600, 0.6468],
[1674135000, 0.644],
[1674221400, 0.6413],
[1674307800, 0.591],
[1674394200, 0.6192],
[1674480600, 0.6219],
[1674567000, 0.6039],
[1674653400, 0.5107],
[1674739800, 0.5045],
[1674826200, 0.4984],
[1674912600, 0.5197],
[1674999000, 0.4781],
[1675085400, 0.4975],
[1675171800, 0.5993],
[1675258200, 0.7176],
[1675344600, 0.8007],
[1675431000, 0.7627],
[1675517400, 0.6203],
[1675603800, 0.7559],
[1675690200, 0.753],
[1675776600, 0.5844],
[1675863000, 0.6129],
[1675949400, 0.6818],
[1676035800, 0.6364],
[1676122200, 0.6328],
[1676208600, 0.6859],
[1676295000, 0.5477],
[1676381400, 0.429],
[1676467800, 0.445],
[1676554200, 0.4788],
[1676640600, 0.5138],
[1676727000, 0.4831],
[1676813400, 0.477],
[1676899800, 0.4871],
[1677245400, 0.4318],
[1677331800, 0.4343],
[1677418200, 0.4386],
[1677504600, 0.4979],
[1677591000, 0.4974],
[1677677400, 0.5232],
[1677763800, 0.5261],
[1677850200, 0.5453],
[1677936600, 0.5332],
[1678023000, 0.5353],
[1678109400, 0.4778],
[1678195800, 0.5603],
[1678282200, 0.5873],
[1678368600, 0.5915],
[1678455000, 0.5873],
[1678541400, 0.5899],
[1679146200, 0.6526],
[1679232600, 0.6647],
[1679319000, 0.6374],
[1679405400, 0.6694],
[1679491800, 0.6596],
[1679578200, 0.7003],
[1679664600, 0.7112],
[1679751000, 0.7679],
[1679837400, 0.7264],
[1679923800, 0.718],
[1680010200, 0.8769],
[1680096600, 0.721],
[1680183000, 0.7354],
[1680269400, 0.7677],
[1680355800, 0.6597],
[1680445800, 0.7967],
[1680532200, 0.775],
[1680618600, 0.817],
[1680705000, 0.817]]
