[1668519000.0, 0.8020000000000002],
[1668605400.0, 1.5469202801256967],
[1668691800.0, 1.60540012615986],
[1668778200.0, 1.3372006315095246],
[1668864600.0, 1.3480343920559197],
[1668951000.0, 1.2239243372825765],
[1669037400.0, 0.8377071478075837],
[1669123800.0, 1.812],
[1669210200.0, 0.8200000000000001],
[1669296600.0, 0.8140000000000001],
[1669383000.0, 0.976],
[1669469400.0, 0.9360000000000002],
[1669555800.0, 0.9460000000000001],
[1669642200.0, 1.0399999999999998],
[1669728600.0, 1.174],
[1669815000.0, 1.4280000000000002],
[1669901400.0, 1.2680000000000002],
[1669987800.0, 1.346],
[1670074200.0, 1.27],
[1670160600.0, 1.2440000000000002],
[1670247000.0, 1.134],
[1670333400.0, 1.128],
[1670419800.0, 1.098],
[1670506200.0, 1.04],
[1670592600.0, 0.984],
[1670679000.0, 0.968],
[1670765400.0, 1.058],
[1670851800.0, 1.1260000000000001],
[1670938200.0, 0.9260000000000002],
[1671024600.0, 0.7700000000000001],
[1671111000.0, 1.2560000000000002],
[1671197400.0, 0.96],
[1671283800.0, 0.898],
[1671370200.0, 0.8160000000000002],
[1671456600.0, 0.8460000000000001],
[1671543000.0, 0.6880000000000001],
[1671629400.0, 0.34400000000000003],
[1671715800.0, 0.38000000000000006],
[1671802200.0, 0.312],
[1671888600.0, 0.23600000000000004],
[1671975000.0, 0.33],
[1672061400.0, 0.306],
[1672147800.0, 0.286],
[1672234200.0, 0.294],
[1672320600.0, 0.254],
[1672407000.0, 0.298],
[1672493400.0, 0.286],
[1672579800.0, 0.254],
[1672666200.0, 0.254],
[1672752600.0, 0.242],
[1672839000.0, 0.236],
[1672925400.0, 0.22799999999999998],
[1673011800.0, 0.22399999999999998],
[1673098200.0, 0.242],
[1673184600.0, 0.254],
[1673271000.0, 0.256],
[1673357400.0, 0.244],
[1673443800.0, 0.24],
[1673530200.0, 0.256],
[1673616600.0, 0.26],
[1673703000.0, 0.258],
[1673789400.0, 0.246],
[1673875800.0, 0.242],
[1673962200.0, 0.24],
[1674048600.0, 0.248],
[1674135000.0, 0.246],
[1674221400.0, 0.27999999999999997],
[1674307800.0, 0.32399999999999995],
[1674394200.0, 0.39],
[1674480600.0, 0.354],
[1674567000.0, 0.34400000000000003],
[1674653400.0, 0.36200000000000004],
[1674739800.0, 0.34600000000000003],
[1674826200.0, 0.324],
[1674912600.0, 0.338],
[1674999000.0, 0.308],
[1675085400.0, 0.306],
[1675171800.0, 0.316],
[1675258200.0, 0.308],
[1675344600.0, 0.308],
[1675431000.0, 0.302],
[1675517400.0, 0.322],
[1675603800.0, 0.30999999999999994],
[1675690200.0, 0.312],
[1675776600.0, 0.304],
[1675863000.0, 0.304],
[1675949400.0, 0.304],
