[1635773400.0, 0.796],
[1635859800.0, 0.8480000000000001],
[1635946200.0, 0.8219999999999998],
[1636032600.0, 0.876],
[1636119000.0, 0.874],
[1636205400.0, 0.8779999999999999],
[1636291800.0, 0.858],
[1636378200.0, 0.8860000000000001],
[1636464600.0, 0.8700000000000001],
[1636551000.0, 0.8760000000000001],
[1636637400.0, 0.8860000000000001],
[1636723800.0, 0.8700000000000001],
[1636810200.0, 0.882],
[1636896600.0, 0.874],
[1636983000.0, 0.908],
[1637069400.0, 0.9000000000000001],
[1637155800.0, 0.834],
[1637242200.0, 0.8960000000000002],
[1637328600.0, 0.924],
[1637415000.0, 0.9],
[1637501400.0, 0.9019999999999999],
[1637587800.0, 0.6060000000000001],
[1637674200.0, 0.876],
[1637760600.0, 0.85],
[1637847000.0, 0.982],
[1637933400.0, 0.922],
[1638019800.0, 0.9420000000000002],
[1638106200.0, 0.9100000000000001],
[1638192600.0, 0.974],
[1638279000.0, 0.9740000000000002],
[1638365400.0, 0.8899999999999999],
[1638451800.0, 0.924],
[1638538200.0, 0.93],
[1638624600.0, 0.9540000000000001],
[1638711000.0, 0.952],
[1638797400.0, 0.924],
[1638883800.0, 0.9500000000000002],
[1638970200.0, 0.9260000000000002],
[1639056600.0, 0.9480000000000001],
[1639143000.0, 0.9],
[1639229400.0, 0.9339999999999999],
[1639315800.0, 0.898],
[1639402200.0, 0.9180000000000001],
[1639488600.0, 0.89],
[1639575000.0, 0.9339999999999999],
[1639661400.0, 0.9860000000000001],
[1639747800.0, 1.0459999999999998],
[1639834200.0, 0.9359999999999999],
[1639920600.0, 0.9680000000000002],
[1640007000.0, 0.982],
[1640093400.0, 0.984],
[1640179800.0, 0.9339999999999999],
[1640266200.0, 0.9359999999999999],
[1640352600.0, 0.962],
[1640439000.0, 0.96],
[1640525400.0, 0.994],
[1640611800.0, 1.006],
[1640698200.0, 1.052],
[1640784600.0, 0.9],
[1640871000.0, 0.9280000000000002],
[1640957400.0, 1.038],
[1641043800.0, 1.026],
[1641130200.0, 0.97],
[1641216600.0, 0.966],
[1641303000.0, 0.9840000000000002],
[1641389400.0, 1.0340000000000003],
[1641475800.0, 0.9999999999999998],
[1641562200.0, 1.03],
[1641648600.0, 1.016],
[1641735000.0, 0.99],
[1641821400.0, 0.99],
[1641907800.0, 1.012],
[1641994200.0, 0.998],
[1642080600.0, 1.0599999999999998],
[1642167000.0, 1.0799999999999998],
[1642253400.0, 1.044],
[1642339800.0, 1.062],
[1642426200.0, 1.048],
[1642512600.0, 1.1320000000000001],
[1642599000.0, 1.1440000000000001],
[1642685400.0, 1.124],
[1642771800.0, 1.092],
[1642858200.0, 1.032],
[1642944600.0, 1.056],
[1643031000.0, 1.098],
[1643117400.0, 1.036],
[1643203800.0, 1.028],
[1643290200.0, 1.0560000000000003],
[1643376600.0, 0.9799999999999999],
[1643463000.0, 1.014],
[1643549400.0, 0.984],
[1643635800.0, 0.984],
[1643722200.0, 0.984],
[1643808600.0, 0.9359999999999999],
[1643895000.0, 0.95],
[1643981400.0, 1.0139999999999998],
[1644067800.0, 0.9540000000000001],
[1644154200.0, 0.9720000000000002],
[1644240600.0, 0.9840000000000002],
[1644327000.0, 0.992],
[1644413400.0, 1.0260000000000002],
[1644499800.0, 1.046],
[1644586200.0, 1.056],
[1644672600.0, 0.96],
[1644759000.0, 1.0539999999999998],
[1644845400.0, 1],
[1644931800.0, 1.0779999999999998],
[1645018200.0, 1.014],
[1645104600.0, 0.982],
[1645191000.0, 1.032],
[1645277400.0, 1.02],
[1645363800.0, 1.072],
[1645450200.0, 1.076],
[1645536600.0, 1.0539999999999998],
[1645623000.0, 1.042],
[1645709400.0, 0.914],
[1645795800.0, 0.966],
[1645882200.0, 0.9960000000000001],
[1645968600.0, 1.04],
[1646055000.0, 0.966],
[1646141400.0, 1.0180000000000002],
[1646227800.0, 1.028],
[1646314200.0, 0.9899999999999999],
[1646400600.0, 0.992],
[1646487000.0, 0.968],
[1646573400.0, 0.9780000000000003],
[1646659800.0, 1.004],
[1646746200.0, 0.9880000000000001],
[1646832600.0, 1.03],
[1646919000.0, 1.046],
[1647005400.0, 0.9940000000000001],
[1647091800.0, 1.0100000000000002],
[1647178200.0, 0.978],
[1647264600.0, 1.016],
[1647351000.0, 1.02],
[1647437400.0, 1.124],
[1647523800.0, 1.116],
[1647610200.0, 1.072],
[1647696600.0, 1.084],
[1647783000.0, 1.0380000000000003],
[1647869400.0, 1.1179999999999999],
[1647955800.0, 1.082],
[1648042200.0, 1.044],
[1648128600.0, 1.0939999999999999],
[1648215000.0, 1.108],
[1648301400.0, 1.004],
[1648387800.0, 1.0340000000000003],
[1648474200.0, 1.124],
[1648560600.0, 1.1040000000000003],
[1648647000.0, 1.0820000000000003],
[1648733400.0, 1.094],
[1648819800.0, 1.0659999999999998],
[1648906200.0, 1.092],
[1648996200.0, 1.066],
[1649082600.0, 1.0859999999999999],
[1649169000.0, 1.044],
[1649255400.0, 1.1280000000000001],
[1649341800.0, 1.092],
[1649428200.0, 1.062],
[1649514600.0, 1.078],
[1649601000.0, 1.142],
[1649687400.0, 1.1400000000000001],
[1649773800.0, 1.1],
[1649860200.0, 1.1199999999999999],
[1649946600.0, 1.0879999999999999],
[1650033000.0, 1.1540000000000001],
[1650119400.0, 1.1340000000000001],
[1650205800.0, 1.05],
[1650292200.0, 1.062],
[1650378600.0, 1.0879999999999999],
[1650465000.0, 1.1960000000000002],
[1650551400.0, 1.1960000000000002],
[1650637800.0, 1.1960000000000002],
[1650724200.0, 1.136],
[1650810600.0, 1.158],
[1650897000.0, 1.096],
[1650983400.0, 1.086],
[1651069800.0, 1.088],
[1651156200.0, 1.1360000000000001],
[1651242600.0, 1.122],
[1651329000.0, 1.1099999999999999],
[1651415400.0, 1.09],
[1651501800.0, 1.05],
[1651588200.0, 1.1460000000000001],
[1651674600.0, 1.12],
[1651761000.0, 1.0719999999999998],
[1651847400.0, 1.036],
[1651933800.0, 1.098],
[1652020200.0, 1.0880000000000003],
[1652106600.0, 1.0399999999999998],
[1652193000.0, 1.0500000000000003],
[1652279400.0, 1.1320000000000001],
[1652365800.0, 1.062],
[1652452200.0, 1.078],
[1652538600.0, 1.072],
[1652625000.0, 1.078],
[1652711400.0, 1.092],
[1652797800.0, 1.1],
[1652884200.0, 1.062],
[1652970600.0, 0.8923529302246409],
[1653057000.0, 0.9060974973998361],
[1653143400.0, 0.978],
[1653229800.0, 1.0219999999999998],
[1653316200.0, 1.032],
[1653402600.0, 1.048],
[1653489000.0, 1.018],
[1653575400.0, 1.022],
[1653661800.0, 1.0079999999999998],
[1653748200.0, 1.0040000000000002],
[1653834600.0, 1.0479999999999998],
[1653921000.0, 1.068],
[1654007400.0, 1.046],
[1654093800.0, 1.058],
[1654180200.0, 1.1320000000000001],
[1654266600.0, 1.054],
[1654353000.0, 1.0539999999999998],
[1654439400.0, 1.0180000000000002],
[1654525800.0, 1.0559999999999998],
[1654612200.0, 1.0580000000000003],
[1654698600.0, 0.97],
[1654785000.0, 1.1],
[1654871400.0, 1.0260000000000002],
[1654957800.0, 1.0140000000000002],
[1655044200.0, 1.02],
[1655130600.0, 1.066],
[1655217000.0, 1.0899999999999999],
[1655303400.0, 1.0420000000000003],
[1655389800.0, 1.05],
[1655476200.0, 1.0740000000000003],
[1655562600.0, 1.1540000000000001],
[1655649000.0, 1.096],
[1655735400.0, 1.052],
[1655821800.0, 1.052],
[1655908200.0, 1.096],
[1655994600.0, 1.034],
[1656081000.0, 1.064],
[1656167400.0, 1.046],
[1656253800.0, 1.014],
[1656340200.0, 1.032],
[1656426600.0, 1.066],
[1656513000.0, 1.036],
[1656599400.0, 1.0020000000000002],
[1656685800.0, 1.064],
[1656772200.0, 1.038],
[1656858600.0, 1.072],
[1656945000.0, 1.048],
[1657031400.0, 1.058],
[1657117800.0, 0.966],
[1657204200.0, 1.012],
[1657290600.0, 1.036],
[1657377000.0, 1.0379999999999998],
[1657463400.0, 1.048],
[1657549800.0, 1.014],
[1657636200.0, 1.0100000000000002],
[1657722600.0, 1.14],
[1657809000.0, 1.058],
[1657895400.0, 1.048],
[1657981800.0, 1.0939999999999999],
[1658068200.0, 1.06],
[1658154600.0, 1.108],
[1658241000.0, 1.168],
[1658327400.0, 1.158],
[1658413800.0, 1.1060000000000003],
[1658500200.0, 1.11],
[1658586600.0, 1.116],
[1658673000.0, 1.1280000000000001],
[1658759400.0, 1.094],
[1658845800.0, 1.08],
[1658932200.0, 1.026],
[1659018600.0, 1.17],
[1659105000.0, 1.08],
[1659191400.0, 1.1480000000000001],
[1659277800.0, 1.178],
[1659364200.0, 1.1340000000000001],
[1659450600.0, 1.1960000000000002],
[1659537000.0, 1.232],
[1659623400.0, 1.0379999999999998],
[1659709800.0, 1.084],
[1659796200.0, 1.038],
[1659882600.0, 1.068],
[1659969000.0, 1.102],
[1660055400.0, 1.1039999999999999],
[1660141800.0, 1.0719999999999998],
[1660228200.0, 1.066],
[1660314600.0, 1.082],
[1660401000.0, 1.082],
[1660487400.0, 1.082],
[1660573800.0, 1.082],
[1660660200.0, 1.0020000000000002],
[1660746600.0, 1.012],
[1660833000.0, 0.992],
[1660919400.0, 0.9980000000000002],
[1661005800.0, 1.072],
[1661092200.0, 1.026],
[1661178600.0, 1.006],
[1661265000.0, 1],
[1661351400.0, 1.012],
[1661437800.0, 0.9960000000000001],
[1661524200.0, 1.058],
[1661610600.0, 1.0900000000000003],
[1661697000.0, 1.0939999999999999],
[1661783400.0, 1.016],
[1661869800.0, 1.062],
[1661956200.0, 1.036],
[1662042600.0, 1.074],
[1662129000.0, 1.052],
[1662215400.0, 1.1039999999999999],
[1662301800.0, 1.0719999999999998],
[1662388200.0, 1.068],
[1662474600.0, 1.072],
[1662561000.0, 1.1019999999999999],
[1662647400.0, 1.0500000000000003],
[1662733800.0, 1.174],
[1662820200.0, 1.19],
[1662906600.0, 1.2499999999999998],
[1662993000.0, 1.1620000000000001],
[1663079400.0, 0.9059999999999999],
[1663165800.0, 1.028],
[1663252200.0, 1.14],
[1663338600.0, 1.138],
[1663425000.0, 1.134],
[1663511400.0, 1.22],
[1663597800.0, 1.076],
[1663684200.0, 1.188],
[1663770600.0, 1.174],
[1663857000.0, 1.196],
[1663943400.0, 1.0979999999999999],
[1664029800.0, 1.12],
[1664116200.0, 1.1680000000000004],
[1664202600.0, 1.2220000000000002],
[1664289000.0, 1.1720000000000002],
[1664375400.0, 1.16],
[1664461800.0, 1.1960000000000002],
[1664548200.0, 1.158],
[1664634600.0, 1.1720000000000002],
[1664717400.0, 1.1860000000000002],
[1664803800.0, 1.186],
[1664890200.0, 1.1740000000000002],
[1664976600.0, 1.1820000000000002],
[1665063000.0, 1.1340000000000001],
[1665149400.0, 1.1099999999999999],
[1665235800.0, 1.1460000000000004],
[1665322200.0, 1.1400000000000001],
[1665408600.0, 1.184],
[1665495000.0, 1.152],
[1665581400.0, 1.1880000000000002],
[1665667800.0, 1.212],
[1665754200.0, 1.2060000000000002],
[1665840600.0, 1.064],
[1665927000.0, 1.028],
[1666013400.0, 1.068],
[1666099800.0, 1.216],
[1666186200.0, 1.126],
[1666272600.0, 1.2120000000000002],
[1666359000.0, 1.112],
[1666445400.0, 1.16],
[1666531800.0, 1.168],
[1666618200.0, 1.174],
[1666704600.0, 1.17],
[1666791000.0, 1.168],
[1666877400.0, 1.164],
[1666963800.0, 1.0799999999999998],
[1667050200.0, 1.078],
[1667136600.0, 1.056],
[1667223000.0, 1.076],
[1667309400.0, 1.168],
[1667395800.0, 1.014],
[1667482200.0, 1.062],
[1667568600.0, 1.13],
[1667655000.0, 1.126],
[1667741400.0, 1.058],
[1667827800.0, 1.176],
[1667914200.0, 1.094],
[1668000600.0, 1.118],
[1668087000.0, 1.182],
[1668173400.0, 1.1640000000000001],
[1668259800.0, 1.122],
[1668346200.0, 1.2600000000000002],
[1668432600.0, 1.182],
[1668519000.0, 1.16],
[1668605400.0, 1.2360000000000002],
[1668691800.0, 1.19],
[1668778200.0, 1.254],
[1668864600.0, 1.2479999999999998],
[1668951000.0, 1.2900000000000003],
[1669037400.0, 1.244],
[1669123800.0, 1.198],
[1669210200.0, 1.198],
[1669296600.0, 1.184],
[1669383000.0, 1.1880000000000002],
[1669469400.0, 1.2361547269317366],
[1669555800.0, 1.0080000000000002],
[1669642200.0, 1.25],
[1669728600.0, 1.238],
[1669815000.0, 1.2180000000000002],
[1669901400.0, 1.2340000000000002],
[1669987800.0, 1.076],
[1670074200.0, 1.1800000000000002],
[1670160600.0, 1.22],
[1670247000.0, 1.0619999999999998],
[1670333400.0, 1.2280000000000002],
[1670419800.0, 1.1760000000000002],
[1670506200.0, 1.286],
[1670592600.0, 1.2200000000000002],
[1670679000.0, 1.2580000000000002],
[1670765400.0, 1.262],
[1670851800.0, 1.248],
[1670938200.0, 1.2340000000000002],
[1671024600.0, 1.292],
[1671111000.0, 1.182],
[1671197400.0, 1.198],
[1671283800.0, 1.222],
[1671370200.0, 1.1620000000000001],
[1671456600.0, 1.2180000000000002],
[1671543000.0, 1.232],
[1671629400.0, 1.22],
[1671715800.0, 1.248],
[1671802200.0, 1.198],
[1671888600.0, 1.1960000000000002],
[1671975000.0, 1.1520000000000001],
[1672061400.0, 1.158],
[1672147800.0, 1.2400000000000002],
[1672234200.0, 1.2],
[1672320600.0, 1.22],
[1672407000.0, 1.1620000000000001],
[1672493400.0, 1.1540000000000001],
[1672579800.0, 1.158],
[1672666200.0, 0.9860000000000001],
[1672752600.0, 1.182],
[1672839000.0, 1.2],
[1672925400.0, 1.1600000000000001],
[1673011800.0, 1.208],
[1673098200.0, 1.2040000000000002],
[1673184600.0, 1.3039999999999998],
[1673271000.0, 1.2719999999999998],
[1673357400.0, 1.276],
[1673443800.0, 1.354],
[1673530200.0, 1.324],
[1673616600.0, 1.494],
[1673703000.0, 1.4300000000000002],
[1673789400.0, 1.258],
[1673875800.0, 1.398],
[1673962200.0, 1.6260000000000001],
[1674048600.0, 1.546],
[1674135000.0, 1.574],
[1674221400.0, 1.558],
[1674307800.0, 1.562],
[1674394200.0, 1.6780000000000002],
[1674480600.0, 1.6640000000000001],
[1674567000.0, 1.3820000000000003],
[1674653400.0, 1.3500000000000003],
[1674739800.0, 1.2240000000000002],
[1674826200.0, 1.248],
[1674912600.0, 1.2520000000000002],
[1674999000.0, 1.312],
[1675085400.0, 1.256],
[1675171800.0, 1.412],
[1675258200.0, 1.44],
[1675344600.0, 1.354],
[1675431000.0, 1.3980000000000001],
[1675517400.0, 1.3900000000000001],
[1675603800.0, 1.496],
[1675690200.0, 1.448],
[1675776600.0, 1.448],
[1675863000.0, 1.448],
[1675949400.0, 1.448],
