[1635773400.0, 0.8342948717948717],
[1635859800.0, 0.8310817498020586],
[1635946200.0, 0.8326062976333735],
[1636032600.0, 0.837449494949495],
[1636119000.0, 0.8721043460434605],
[1636205400.0, 0.9113598150483397],
[1636291800.0, 0.9212755754475704],
[1636378200.0, 0.914146289146289],
[1636464600.0, 0.917552620274914],
[1636551000.0, 0.9144451668833983],
[1636637400.0, 0.9189844760672704],
[1636723800.0, 0.8746635610766048],
[1636810200.0, 0.8559523809523812],
[1636896600.0, 0.834238006617039],
[1636983000.0, 0.8098069105691055],
[1637069400.0, 0.8084095528455283],
[1637155800.0, 0.8052414425427874],
[1637242200.0, 0.7972697636511819],
[1637328600.0, 0.8045403357903359],
[1637415000.0, 0.8050834363411619],
[1637501400.0, 0.8375882108758823],
[1637587800.0, 0.8464912280701756],
[1637674200.0, 0.8505089058524173],
[1637760600.0, 0.8651372676178123],
[1637847000.0, 0.8790180537208279],
[1637933400.0, 0.902143959435626],
[1638019800.0, 0.9117860330209727],
[1638106200.0, 0.9129934948407357],
[1638192600.0, 0.9061935411020777],
[1638279000.0, 0.9072229853479854],
[1638365400.0, 0.8806944444444444],
[1638451800.0, 0.8825100133511349],
[1638538200.0, 0.8834000890075657],
[1638624600.0, 0.884997765862377],
[1638711000.0, 0.8923750557786702],
[1638797400.0, 0.8857095046854082],
[1638883800.0, 0.8397130453197795],
[1638970200.0, 0.8335184010152284],
[1639056600.0, 0.8677559221658206],
[1639143000.0, 0.7893202502844141],
[1639229400.0, 0.8129261363636365],
[1639315800.0, 0.8258894596651446],
[1639402200.0, 0.8587936598329539],
[1639488600.0, 0.8613727168949772],
[1639575000.0, 0.865320585996956],
[1639661400.0, 0.9050587996755877],
[1639747800.0, 0.8057060053211708],
[1639834200.0, 0.8092692892436337],
[1639920600.0, 0.7644906879513494],
[1640007000.0, 0.773850247054352],
[1640093400.0, 0.7833998479665526],
[1640179800.0, 0.8181062333713416],
[1640266200.0, 0.809547619047619],
[1640352600.0, 0.7908818493150684],
[1640439000.0, 0.7830714285714286],
[1640525400.0, 0.7752518053971874],
[1640611800.0, 0.7748004561003421],
[1640698200.0, 0.7857619047619049],
[1640784600.0, 0.7870929118773945],
[1640871000.0, 0.7880986590038315],
[1640957400.0, 0.7988514033064206],
[1641043800.0, 0.7982329084588643],
[1641130200.0, 0.806468023255814],
[1641216600.0, 0.8412129195940672],
[1641303000.0, 0.8302460132244263],
[1641389400.0, 0.8185044729677168],
[1641475800.0, 0.8114789964994166],
[1641562200.0, 0.8231476079346558],
[1641648600.0, 0.8260161415791519],
[1641735000.0, 0.8297112018669778],
[1641821400.0, 0.8718333333333333],
[1641907800.0, 0.8627649325626204],
[1641994200.0, 0.8495028409090909],
[1642080600.0, 0.8495501893939393],
[1642167000.0, 0.8619020501138952],
[1642253400.0, 0.8546649582384208],
[1642339800.0, 0.8520147559591372],
[1642426200.0, 0.8471593053982635],
[1642512600.0, 0.8775481313703285],
[1642599000.0, 0.9771732788798133],
[1642685400.0, 0.780152495378928],
[1642771800.0, 0.7714302218114603],
[1642858200.0, 0.7378812636165576],
[1642944600.0, 0.7339713663243075],
[1643031000.0, 0.733298417132216],
[1643117400.0, 0.7196810986964619],
[1643203800.0, 0.689289481615431],
[1643290200.0, 0.59784048754637],
[1643376600.0, 0.6158771231422505],
[1643463000.0, 0.6148325358851676],
[1643549400.0, 0.6324885568120624],
[1643635800.0, 0.6324885568120624],
[1643722200.0, 0.6324885568120624],
[1643808600.0, 0.6250503626107978],
[1643895000.0, 0.6253693258125168],
[1643981400.0, 0.6573190556969184],
[1644067800.0, 0.6597812234494478],
[1644154200.0, 0.6665051679586563],
[1644240600.0, 0.664944013781223],
[1644327000.0, 0.6690097355419936],
[1644413400.0, 0.6636801957397813],
[1644499800.0, 0.6694552389176743],
[1644586200.0, 0.679019014693172],
[1644672600.0, 0.6726835790690951],
[1644759000.0, 0.6681831311380705],
[1644845400.0, 0.6615484429065746],
[1644931800.0, 0.6511945883707543],
[1645018200.0, 0.6474372837370244],
[1645104600.0, 0.6731545559400232],
[1645191000.0, 0.6936015831134564],
[1645277400.0, 0.7082965578111211],
[1645363800.0, 0.6974905715114592],
[1645450200.0, 0.6928540209790209],
[1645536600.0, 0.6856060606060606],
[1645623000.0, 0.6857366201279814],
[1645709400.0, 0.6978515043193328],
[1645795800.0, 0.7232700892857145],
[1645882200.0, 0.7225759606791778],
[1645968600.0, 0.7289615040286481],
[1646055000.0, 0.7235863095238093],
[1646141400.0, 0.7208705357142856],
[1646227800.0, 0.7185917485850462],
[1646314200.0, 0.7196157283288651],
[1646400600.0, 0.6968604312354312],
[1646487000.0, 0.6977252843394576],
[1646573400.0, 0.7121096030356101],
[1646659800.0, 0.7113901018922852],
[1646746200.0, 0.6898343162033137],
[1646832600.0, 0.6995928110081439],
[1646919000.0, 0.6951060989319843],
[1647005400.0, 0.7010187535250986],
[1647091800.0, 0.7051730225988699],
[1647178200.0, 0.6547526547526548],
[1647264600.0, 0.6423503110419907],
[1647351000.0, 0.6619686365992744],
[1647437400.0, 0.6521528316524439],
[1647523800.0, 0.6687322489026595],
[1647610200.0, 0.6912525879917183],
[1647696600.0, 0.6948062467599793],
[1647783000.0, 0.701890701890702],
[1647869400.0, 0.7066640481801519],
[1647955800.0, 0.7109702568134171],
[1648042200.0, 0.7170650730411687],
[1648128600.0, 0.711395101171459],
[1648215000.0, 0.7080668798294699],
[1648301400.0, 0.7176983173076924],
[1648387800.0, 0.7094730490748191],
[1648474200.0, 0.7126477303250067],
[1648560600.0, 0.715968851132686],
[1648647000.0, 0.7310039104638618],
[1648733400.0, 0.7481014374830487],
[1648819800.0, 0.8376736111111112],
[1648906200.0, 0.7807971014492754],
[1648996200.0, 0.8012017255546425],
[1649082600.0, 0.7996479354662291],
[1649169000.0, 0.7945625511038432],
[1649255400.0, 0.7917176870748301],
[1649341800.0, 0.7959533607681757],
[1649428200.0, 0.7956299972429006],
[1649514600.0, 0.8027754415475191],
[1649601000.0, 0.8027754415475191],
[1649687400.0, 0.8027754415475191],
[1649773800.0, 0.8027754415475191],
[1649860200.0, 0.8033459595959597],
[1649946600.0, 0.7926764455782311],
[1650033000.0, 0.8366872515616128],
[1650119400.0, 0.8340254116978989],
[1650205800.0, 0.8286662407722885],
[1650292200.0, 0.8149447278911564],
[1650378600.0, 0.823093820861678],
[1650465000.0, 0.72832250254842],
[1650551400.0, 0.72832250254842],
[1650637800.0, 0.72832250254842],
[1650724200.0, 0.8355048328108673],
[1650810600.0, 0.8147964578376948],
[1650897000.0, 0.8550033467202143],
[1650983400.0, 0.8544348350764279],
[1651069800.0, 0.8719715956558062],
[1651156200.0, 0.8430159395973152],
[1651242600.0, 0.8320553221288516],
[1651329000.0, 0.8219917012448131],
[1651415400.0, 0.8080157733109994],
[1651501800.0, 0.8034367141659683],
[1651588200.0, 0.80795581655481],
[1651674600.0, 0.7952291142777314],
[1651761000.0, 0.8333511396011396],
[1651847400.0, 0.8209162341407154],
[1651933800.0, 0.8169810638912983],
[1652020200.0, 0.8205686103858427],
[1652106600.0, 0.8057983682983683],
[1652193000.0, 0.8160719628964692],
[1652279400.0, 0.810592459605027],
[1652365800.0, 0.8420307443365698],
[1652452200.0, 0.8297936893203887],
[1652538600.0, 0.8289719246997729],
[1652625000.0, 0.8264160953313744],
[1652711400.0, 0.8122955511939811],
[1652797800.0, 0.8071999347684279],
[1652884200.0, 0.8242673542894564],
[1652970600.0, 0.772567838421215],
[1653057000.0, 0.7624415887850468],
[1653143400.0, 0.6601499189627229],
[1653229800.0, 0.6593564289573204],
[1653316200.0, 0.6578053537799303],
[1653402600.0, 0.6580424783549783],
[1653489000.0, 0.5708957441749881],
[1653575400.0, 0.4472593329543301],
[1653661800.0, 0.4622701486697966],
[1653748200.0, 0.5166026051676275],
[1653834600.0, 0.6024071998006976],
[1653921000.0, 0.6022811572700297],
[1654007400.0, 0.4530249529190208],
[1654093800.0, 0.5350582437275987],
[1654180200.0, 0.5578654970760234],
[1654266600.0, 0.592895924841386],
[1654353000.0, 0.6041666666666667],
[1654439400.0, 0.6054987608426272],
[1654525800.0, 0.6261918382913807],
[1654612200.0, 0.6312053343542623],
[1654698600.0, 0.6297348484848485],
[1654785000.0, 0.6664635797454643],
[1654871400.0, 0.6704173486088378],
[1654957800.0, 0.6724965706447189],
[1655044200.0, 0.6725330305532619],
[1655130600.0, 0.668436025534277],
[1655217000.0, 0.6767001114827201],
[1655303400.0, 0.6789032168607875],
[1655389800.0, 0.6976863662131518],
[1655476200.0, 0.699204319408923],
[1655562600.0, 0.7148960151250726],
[1655649000.0, 0.7236792310021192],
[1655735400.0, 0.7238402840737383],
[1655821800.0, 0.7312289948059882],
[1655908200.0, 0.7366443108233118],
[1655994600.0, 0.7696147798742138],
[1656081000.0, 0.7797960484384957],
[1656167400.0, 0.7687499999999998],
[1656253800.0, 0.7231473471741638],
[1656340200.0, 0.7166666666666666],
[1656426600.0, 0.7330253623188406],
[1656513000.0, 0.7406377254217569],
[1656599400.0, 0.6380620447123838],
[1656685800.0, 0.6390460030165913],
[1656772200.0, 0.6376572327044026],
[1656858600.0, 0.6352830188679244],
[1656945000.0, 0.6249214429361488],
[1657031400.0, 0.6179138321995467],
[1657117800.0, 0.6347340015420202],
[1657204200.0, 0.6601572327044024],
[1657290600.0, 0.6366823899371069],
[1657377000.0, 0.6449206948640485],
[1657463400.0, 0.5949841325811002],
[1657549800.0, 0.581816843345112],
[1657636200.0, 0.611612408586931],
[1657722600.0, 0.6477640757349278],
[1657809000.0, 0.6418419734535438],
[1657895400.0, 0.6529241967871487],
[1657981800.0, 0.6369339622641511],
[1658068200.0, 0.63437106918239],
[1658154600.0, 0.6361184708554127],
[1658241000.0, 0.6923490017690168],
[1658327400.0, 0.6381119989852866],
[1658413800.0, 0.6537218381976447],
[1658500200.0, 0.6533173076923078],
[1658586600.0, 0.6528742283950619],
[1658673000.0, 0.6557110682110682],
[1658759400.0, 0.655504234026174],
[1658845800.0, 0.6583365558133539],
[1658932200.0, 0.6622926386728876],
[1659018600.0, 0.664133541179527],
[1659105000.0, 0.6798014322916668],
[1659191400.0, 0.6842734538784068],
[1659277800.0, 0.6863681102362205],
[1659364200.0, 0.6788208168642953],
[1659450600.0, 0.6788070731063606],
[1659537000.0, 0.6784556878306879],
[1659623400.0, 0.6784009546539379],
[1659709800.0, 0.6757188498402555],
[1659796200.0, 0.6775928896017108],
[1659882600.0, 0.6868317294840952],
[1659969000.0, 0.6909861222311182],
[1660055400.0, 0.6835000000000002],
[1660141800.0, 0.6890833333333336],
[1660228200.0, 0.7237747061965814],
[1660314600.0, 0.7056678440607014],
[1660401000.0, 0.7056678440607014],
[1660487400.0, 0.7056678440607014],
[1660573800.0, 0.7056678440607014],
[1660660200.0, 0.6755095923261392],
[1660746600.0, 0.6736166666666669],
[1660833000.0, 0.6678666666666667],
[1660919400.0, 0.6974310021436226],
[1661005800.0, 0.6963659654800431],
[1661092200.0, 0.7134405339805824],
[1661178600.0, 0.7354741612554113],
[1661265000.0, 0.7226224296536796],
[1661351400.0, 0.7233333333333335],
[1661437800.0, 0.7311871773974464],
[1661524200.0, 0.7248192853246045],
[1661610600.0, 0.708196046128501],
[1661697000.0, 0.7137958367797077],
[1661783400.0, 0.7623840640809445],
[1661869800.0, 0.7688240270727581],
[1661956200.0, 0.7694409193457415],
[1662042600.0, 0.7486923946847611],
[1662129000.0, 0.7973694316436252],
[1662215400.0, 0.8132751937984496],
[1662301800.0, 0.8108675373134329],
[1662388200.0, 0.8203445285398928],
[1662474600.0, 0.9110100751366121],
[1662561000.0, 0.9369286216596343],
[1662647400.0, 0.9851907630522089],
[1662733800.0, 0.908726092896175],
[1662820200.0, 0.9073694984646877],
[1662906600.0, 0.9279532011134308],
[1662993000.0, 0.8783062054933874],
[1663079400.0, 0.8753517047335317],
[1663165800.0, 0.7634005145797597],
[1663252200.0, 0.773241389375365],
[1663338600.0, 0.780256183745583],
[1663425000.0, 0.7886535048802128],
[1663511400.0, 0.7803215983363043],
[1663597800.0, 0.7888778073286052],
[1663684200.0, 0.7959297153024911],
[1663770600.0, 0.7937799222022742],
[1663857000.0, 0.7924737237237238],
[1663943400.0, 0.7825733514821537],
[1664029800.0, 0.8025585462287105],
[1664116200.0, 0.8147682220189083],
[1664202600.0, 0.8223252442002442],
[1664289000.0, 0.8217741935483871],
[1664375400.0, 0.817674915979224],
[1664461800.0, 0.8112745098039217],
[1664548200.0, 0.8135713192531375],
[1664634600.0, 0.8261210590756046],
[1664717400.0, 0.8232038909313726],
[1664803800.0, 0.8437886518243662],
[1664890200.0, 0.831265318627451],
[1664976600.0, 0.8315668202764976],
[1665063000.0, 0.8326612903225804],
[1665149400.0, 0.8130760368663592],
[1665235800.0, 0.8212992914356131],
[1665322200.0, 0.8191103916127045],
[1665408600.0, 0.8199528884769848],
[1665495000.0, 0.813539741219963],
[1665581400.0, 0.8123843663274746],
[1665667800.0, 0.8067044054220579],
[1665754200.0, 0.8041936478569227],
[1665840600.0, 0.8032193468884782],
[1665927000.0, 0.7869800820152313],
[1666013400.0, 0.8177824733096085],
[1666099800.0, 0.8542222222222223],
[1666186200.0, 0.8452856719952635],
[1666272600.0, 0.8383281342840168],
[1666359000.0, 0.8451506381715643],
[1666445400.0, 0.8371026440879381],
[1666531800.0, 0.867213053820993],
[1666618200.0, 0.8607099879663057],
[1666704600.0, 0.8628549245785269],
[1666791000.0, 0.8550409226190476],
[1666877400.0, 0.8533999102333932],
[1666963800.0, 0.8515250299760191],
[1667050200.0, 0.8487626714370899],
[1667136600.0, 0.8616651556361439],
[1667223000.0, 0.8572447447447448],
[1667309400.0, 0.8643012936221423],
[1667395800.0, 0.8408679927667271],
[1667482200.0, 0.8160093582887702],
[1667568600.0, 0.8273703041144903],
[1667655000.0, 0.8188916219439478],
[1667741400.0, 0.8237815884476535],
[1667827800.0, 0.8452326987005139],
[1667914200.0, 0.8268274221453289],
[1668000600.0, 0.7573986058301649],
[1668087000.0, 0.7447759789156627],
[1668173400.0, 0.7506871564217891],
[1668259800.0, 0.759092649310873],
[1668346200.0, 0.7640579994763028],
[1668432600.0, 0.7259761182714176],
[1668519000.0, 0.7060397553516821],
[1668605400.0, 0.7378056628056628],
[1668691800.0, 0.8024129746835443],
[1668778200.0, 0.7977155854430381],
[1668864600.0, 0.8023644179894179],
[1668951000.0, 0.8061398237179488],
[1669037400.0, 0.7920515394912986],
[1669123800.0, 0.7952802660152009],
[1669210200.0, 0.7953341483292583],
[1669296600.0, 0.7915984165984165],
[1669383000.0, 0.7790812841530055],
[1669469400.0, 0.7916153108737332],
[1669555800.0, 0.8088698140200284],
[1669642200.0, 0.8076566951566951],
[1669728600.0, 0.7986992385786802],
[1669815000.0, 0.7285637217567911],
[1669901400.0, 0.8256456906392695],
[1669987800.0, 0.8229347198151358],
[1670074200.0, 0.7758033769063181],
[1670160600.0, 0.782399723374827],
[1670247000.0, 0.7867802709568165],
[1670333400.0, 0.7777443910256411],
[1670419800.0, 0.849387567261399],
[1670506200.0, 0.7891149610529143],
[1670592600.0, 0.8206662575013638],
[1670679000.0, 0.8280434185215717],
[1670765400.0, 0.8220277547638775],
[1670851800.0, 0.8157342416735481],
[1670938200.0, 0.845288624787776],
[1671024600.0, 0.8530881507046304],
[1671111000.0, 0.8680371840094062],
[1671197400.0, 0.8661922624301267],
[1671283800.0, 0.8395514455782312],
[1671370200.0, 0.8322695035460993],
[1671456600.0, 0.878891336270191],
[1671543000.0, 0.8784599528857479],
[1671629400.0, 0.8739868847627469],
[1671715800.0, 0.8820925767918087],
[1671802200.0, 0.8891388174807197],
[1671888600.0, 0.9344323998795543],
[1671975000.0, 0.9952485380116959],
[1672061400.0, 0.9887084960937499],
[1672147800.0, 0.9805147058823529],
[1672234200.0, 0.9722765818656232],
[1672320600.0, 0.8663458826847151],
[1672407000.0, 0.9166666666666667],
[1672493400.0, 0.8670794524414339],
[1672579800.0, 0.8561314075332765],
[1672666200.0, 0.8625648788927338],
[1672752600.0, 0.858153735632184],
[1672839000.0, 0.9638728323699421],
[1672925400.0, 0.96595625798212],
[1673011800.0, 0.9592911877394636],
[1673098200.0, 0.9623044380587484],
[1673184600.0, 0.962468344412789],
[1673271000.0, 0.9561111111111111],
[1673357400.0, 0.9445896704689479],
[1673443800.0, 0.8448422847399829],
[1673530200.0, 0.847451936669494],
[1673616600.0, 0.8534366096866098],
[1673703000.0, 0.9124180083482409],
[1673789400.0, 0.9228228228228229],
[1673875800.0, 0.9684471899224804],
[1673962200.0, 0.909678270042194],
[1674048600.0, 0.9572034570250556],
[1674135000.0, 0.9566387559808612],
[1674221400.0, 0.9613864942528736],
[1674307800.0, 0.9203564940962761],
[1674394200.0, 0.9378595216469878],
[1674480600.0, 0.9823056621880997],
[1674567000.0, 1.026750972762646],
[1674653400.0, 1.0311173685928827],
[1674739800.0, 0.817925536424385],
[1674826200.0, 0.837815040076315],
[1674912600.0, 0.835612797451752],
[1674999000.0, 0.8438205046696742],
[1675085400.0, 0.8277892947924665],
[1675171800.0, 0.9016876264816422],
[1675258200.0, 0.8997474747474746],
[1675344600.0, 0.8890706806282721],
[1675431000.0, 0.877654159394997],
[1675517400.0, 0.8925974403723094],
[1675603800.0, 0.8918529068068946],
[1675690200.0, 0.8892053754016943],
[1675776600.0, 0.9034223584354933],
[1675863000.0, 0.9165024810274373],
[1675949400.0, 0.9165024810274373],
