[1666445400.0, 3.6620068577641174],
[1666531800.0, 3.7302772468865735],
[1666618200.0, 3.6737348757206405],
[1666704600.0, 3.7178131359252222],
[1666791000.0, 3.639670083657359],
[1666877400.0, 3.6422955736922416],
[1666963800.0, 3.621303496525476],
[1667050200.0, 3.6746818584809287],
[1667136600.0, 3.823215554025811],
[1667223000.0, 4.444444444444445],
[1667309400.0, 5.192222222222222],
[1667395800.0, 4.476666666666667],
[1667482200.0, 4.73],
[1667568600.0, 4.986666666666667],
[1667655000.0, 4.65888888888889],
[1667741400.0, 5.263333333333334],
[1667827800.0, 4.995555555555556],
[1667914200.0, 4.337777777777777],
[1668000600.0, 4.992222222222223],
[1668087000.0, 3.677777777777777],
[1668173400.0, 4.067777777777777],
[1668259800.0, 3.3511111111111114],
[1668346200.0, 2.996666666666667],
[1668432600.0, 2.6988888888888893],
[1668519000.0, 2.578888888888889],
[1668605400.0, 2.482222222222222],
[1668691800.0, 2.39],
[1668778200.0, 2.3477777777777775],
[1668864600.0, 2.4522222222222227],
[1668951000.0, 2.713333333333333],
[1669037400.0, 2.7811111111111115],
[1669123800.0, 2.712222222222222],
[1669210200.0, 2.6044444444444443],
[1669296600.0, 2.4988888888888887],
[1669383000.0, 2.582222222222222],
[1669469400.0, 2.4166666666666665],
[1669555800.0, 2.394444444444445],
[1669642200.0, 2.466666666666667],
[1669728600.0, 2.527777777777778],
[1669815000.0, 2.5066666666666664],
[1669901400.0, 2.478888888888889],
[1669987800.0, 2.4033333333333338],
[1670074200.0, 2.5322222222222224],
[1670160600.0, 2.627777777777778],
[1670247000.0, 2.6366666666666667],
[1670333400.0, 2.5877777777777786],
[1670419800.0, 2.6588888888888897],
[1670506200.0, 2.6511111111111116],
[1670592600.0, 2.8344444444444448],
[1670679000.0, 2.9844444444444442],
[1670765400.0, 3.1100000000000003],
[1670851800.0, 3.117777777777778],
[1670938200.0, 2.596666666666667],
[1671024600.0, 2.5444444444444447],
[1671111000.0, 2.451111111111111],
[1671197400.0, 2.4788888888888887],
[1671283800.0, 2.55],
[1671370200.0, 2.5822222222222218],
[1671456600.0, 2.644444444444444],
[1671543000.0, 1.5499999999999998],
[1671629400.0, 1.347777777777778],
[1671715800.0, 1.19],
[1671802200.0, 1.2233333333333336],
[1671888600.0, 1.1888888888888889],
[1671975000.0, 1.281111111111111],
[1672061400.0, 1.2688888888888892],
[1672147800.0, 1.301111111111111],
[1672234200.0, 1.3622222222222222],
[1672320600.0, 1.3077777777777777],
[1672407000.0, 1.2866666666666666],
[1672493400.0, 1.2566666666666668],
[1672579800.0, 1.253333333333333],
[1672666200.0, 1.2666666666666666],
[1672752600.0, 1.3755555555555554],
[1672839000.0, 1.6099999999999999],
[1672925400.0, 1.8499999999999999],
[1673011800.0, 2.117777777777777],
[1673098200.0, 1.9955555555555557],
[1673184600.0, 1.757777777777778],
[1673271000.0, 1.7944444444444452],
[1673357400.0, 1.8233333333333333],
[1673443800.0, 1.7844444444444443],
[1673530200.0, 1.8933333333333333],
[1673616600.0, 1.788888888888889],
[1673703000.0, 1.7399999999999998],
[1673789400.0, 1.795555555555556],
[1673875800.0, 1.7755555555555558],
[1673962200.0, 1.8744444444444446],
[1674048600.0, 2.023333333333334],
[1674135000.0, 1.9233333333333336],
[1674221400.0, 2.097777777777778],
[1674307800.0, 2.1188888888888893],
[1674394200.0, 2.42],
[1674480600.0, 2.397777777777778],
[1674567000.0, 2.1388888888888884],
[1674653400.0, 2.1533333333333333],
[1674739800.0, 2.133333333333333],
[1674826200.0, 2.046666666666667],
[1674912600.0, 1.9166666666666663],
[1674999000.0, 1.9288888888888884],
[1675085400.0, 1.9422222222222223],
[1675171800.0, 2.0822222222222226],
[1675258200.0, 2.02],
[1675344600.0, 2.061111111111112],
[1675431000.0, 2.1133333333333337],
[1675517400.0, 2.094444444444445],
[1675603800.0, 2.091111111111111],
[1675690200.0, 1.9688888888888891],
[1675776600.0, 1.9955555555555557],
[1675863000.0, 1.9944444444444447],
[1675949400.0, 1.9944444444444447],
