[1635773400.0, 3.3259999999999996],
[1635859800.0, 3.3979999999999997],
[1635946200.0, 3.2760000000000007],
[1636032600.0, 3.3689999999999998],
[1636119000.0, 3.281999999999999],
[1636205400.0, 3.198],
[1636291800.0, 3.1300000000000003],
[1636378200.0, 3.103],
[1636464600.0, 3.1],
[1636551000.0, 3.081],
[1636637400.0, 3.1039999999999996],
[1636723800.0, 3.1019999999999994],
[1636810200.0, 3.0879999999999996],
[1636896600.0, 3.080999999999999],
[1636983000.0, 3.056],
[1637069400.0, 3.0460000000000003],
[1637155800.0, 3.081],
[1637242200.0, 3.0779999999999994],
[1637328600.0, 3.0589999999999997],
[1637415000.0, 3.08],
[1637501400.0, 3.0220000000000002],
[1637587800.0, 2.9969999999999994],
[1637674200.0, 3.0140000000000002],
[1637760600.0, 3.0390000000000006],
[1637847000.0, 3.0140000000000002],
[1637933400.0, 3.1420000000000003],
[1638019800.0, 3.1719999999999997],
[1638106200.0, 3.1160000000000005],
[1638192600.0, 3.113],
[1638279000.0, 3.117],
[1638365400.0, 3.0679999999999996],
[1638451800.0, 3.0689999999999995],
[1638538200.0, 3.032],
[1638624600.0, 3.133],
[1638711000.0, 3.2030000000000003],
[1638797400.0, 3.1819999999999995],
[1638883800.0, 3.2979999999999996],
[1638970200.0, 3.4229999999999996],
[1639056600.0, 3.3589999999999995],
[1639143000.0, 3.2999999999999994],
[1639229400.0, 3.274],
[1639315800.0, 3.2590000000000003],
[1639402200.0, 3.336],
[1639488600.0, 3.2560000000000002],
[1639575000.0, 3.1849999999999996],
[1639661400.0, 3.1769999999999996],
[1639747800.0, 3.1899999999999995],
[1639834200.0, 3.1239999999999997],
[1639920600.0, 3.1580000000000004],
[1640007000.0, 3.2009999999999996],
[1640093400.0, 3.106],
[1640179800.0, 3.1159999999999997],
[1640266200.0, 3.1390000000000002],
[1640352600.0, 3.1519999999999997],
[1640439000.0, 3.1869999999999994],
[1640525400.0, 3.1699999999999995],
[1640611800.0, 3.149],
[1640698200.0, 3.1790000000000003],
[1640784600.0, 3.220999999999999],
[1640871000.0, 3.193],
[1640957400.0, 3.154],
[1641043800.0, 3.0490000000000004],
[1641130200.0, 3.1739999999999995],
[1641216600.0, 3.1689999999999996],
[1641303000.0, 3.2349999999999994],
[1641389400.0, 3.21],
[1641475800.0, 3.191],
[1641562200.0, 3.1950000000000003],
[1641648600.0, 3.176],
[1641735000.0, 3.107],
[1641821400.0, 3.2059999999999995],
[1641907800.0, 3.1870000000000003],
[1641994200.0, 3.174000000000001],
[1642080600.0, 3.164],
[1642167000.0, 3.1830000000000003],
[1642253400.0, 3.1560000000000006],
[1642339800.0, 3.178],
[1642426200.0, 3.187],
[1642512600.0, 3.218],
[1642599000.0, 3.221000000000001],
[1642685400.0, 3.189000000000001],
[1642771800.0, 3.2359999999999998],
[1642858200.0, 3.25],
[1642944600.0, 3.2590000000000003],
[1643031000.0, 3.251],
[1643117400.0, 3.2640000000000002],
[1643203800.0, 3.3009999999999997],
[1643290200.0, 3.2409999999999988],
[1643376600.0, 3.245],
[1643463000.0, 3.475],
[1643549400.0, 3.472],
[1643635800.0, 3.472],
[1643722200.0, 3.472],
[1643808600.0, 3.321],
[1643895000.0, 3.2969999999999993],
[1643981400.0, 3.3099999999999996],
[1644067800.0, 3.3169999999999993],
[1644154200.0, 3.217],
[1644240600.0, 3.285],
[1644327000.0, 3.2909999999999995],
[1644413400.0, 3.25],
[1644499800.0, 3.2649999999999997],
[1644586200.0, 3.2449999999999997],
[1644672600.0, 3.2059999999999995],
[1644759000.0, 3.2139999999999995],
[1644845400.0, 3.214],
[1644931800.0, 3.134],
[1645018200.0, 3.1889999999999996],
[1645104600.0, 3.21],
[1645191000.0, 3.2090000000000005],
[1645277400.0, 3.2650000000000006],
[1645363800.0, 3.2690000000000006],
[1645450200.0, 3.2620000000000005],
[1645536600.0, 3.29],
[1645623000.0, 3.2870000000000004],
[1645709400.0, 3.2860000000000005],
[1645795800.0, 3.2969999999999997],
[1645882200.0, 3.279999999999999],
[1645968600.0, 3.2779999999999996],
[1646055000.0, 3.218],
[1646141400.0, 3.2649999999999997],
[1646227800.0, 3.2129999999999996],
[1646314200.0, 3.229],
[1646400600.0, 3.2560000000000002],
[1646487000.0, 3.3579999999999997],
[1646573400.0, 3.306],
[1646659800.0, 3.2630000000000003],
[1646746200.0, 3.2979999999999996],
[1646832600.0, 3.2689999999999997],
[1646919000.0, 3.261],
[1647005400.0, 3.1870000000000003],
[1647091800.0, 3.2349999999999994],
[1647178200.0, 3.1980000000000004],
[1647264600.0, 3.239],
[1647351000.0, 3.2],
[1647437400.0, 3.4029999999999996],
[1647523800.0, 3.4240000000000004],
[1647610200.0, 3.431000000000001],
[1647696600.0, 3.474],
[1647783000.0, 3.5510000000000006],
[1647869400.0, 3.689],
[1647955800.0, 3.752],
[1648042200.0, 3.6979999999999995],
[1648128600.0, 3.5970000000000004],
[1648215000.0, 3.588000000000001],
[1648301400.0, 3.5440000000000005],
[1648387800.0, 3.524],
[1648474200.0, 3.4170000000000003],
[1648560600.0, 3.5200000000000005],
[1648647000.0, 3.5189999999999997],
[1648733400.0, 3.4720000000000004],
[1648819800.0, 3.4739999999999993],
[1648906200.0, 3.5060000000000002],
[1648996200.0, 3.4989999999999997],
[1649082600.0, 3.496999999999999],
[1649169000.0, 3.5089999999999995],
[1649255400.0, 3.5080000000000005],
[1649341800.0, 3.569],
[1649428200.0, 3.5520000000000005],
[1649514600.0, 3.54],
[1649601000.0, 3.54],
[1649687400.0, 3.54],
[1649773800.0, 3.54],
[1649860200.0, 3.5380000000000003],
[1649946600.0, 3.6760000000000006],
[1650033000.0, 3.6480000000000006],
[1650119400.0, 3.63],
[1650205800.0, 3.6270000000000002],
[1650292200.0, 3.5380000000000003],
[1650378600.0, 3.5510000000000006],
[1650465000.0, 3.5220000000000007],
[1650551400.0, 3.5220000000000007],
[1650637800.0, 3.5220000000000007],
[1650724200.0, 3.4180000000000006],
[1650810600.0, 3.5420000000000003],
[1650897000.0, 3.554],
[1650983400.0, 3.4650000000000007],
[1651069800.0, 3.472],
[1651156200.0, 3.402],
[1651242600.0, 3.379999999999999],
[1651329000.0, 3.34],
[1651415400.0, 3.3260000000000005],
[1651501800.0, 3.304],
[1651588200.0, 3.2350000000000003],
[1651674600.0, 3.2090000000000005],
[1651761000.0, 3.207],
[1651847400.0, 3.2590000000000003],
[1651933800.0, 3.1839999999999997],
[1652020200.0, 3.1450000000000005],
[1652106600.0, 3.116],
[1652193000.0, 3.089],
[1652279400.0, 3.0880000000000005],
[1652365800.0, 2.950000000000001],
[1652452200.0, 2.9389999999999996],
[1652538600.0, 2.9240000000000004],
[1652625000.0, 2.9010000000000002],
[1652711400.0, 2.956],
[1652797800.0, 2.957],
[1652884200.0, 2.966],
[1652970600.0, 3.0300000000000002],
[1653057000.0, 2.9810000000000003],
[1653143400.0, 2.9609999999999994],
[1653229800.0, 2.9299999999999997],
[1653316200.0, 2.910000000000001],
[1653402600.0, 2.9210000000000007],
[1653489000.0, 2.8850000000000007],
[1653575400.0, 2.8820000000000006],
[1653661800.0, 2.8909999999999996],
[1653748200.0, 2.868],
[1653834600.0, 2.854],
[1653921000.0, 2.8480000000000003],
[1654007400.0, 2.8399999999999994],
[1654093800.0, 2.799],
[1654180200.0, 2.775],
[1654266600.0, 2.7969999999999997],
[1654353000.0, 2.7760000000000002],
[1654439400.0, 2.755],
[1654525800.0, 2.948],
[1654612200.0, 2.7910000000000004],
[1654698600.0, 2.7960000000000003],
[1654785000.0, 2.828],
[1654871400.0, 2.9270000000000005],
[1654957800.0, 2.8779999999999997],
[1655044200.0, 2.833],
[1655130600.0, 2.817999999999999],
[1655217000.0, 2.778],
[1655303400.0, 2.8589999999999995],
[1655389800.0, 2.806],
[1655476200.0, 2.8869999999999996],
[1655562600.0, 2.8199999999999994],
[1655649000.0, 2.8719999999999994],
[1655735400.0, 2.8589999999999995],
[1655821800.0, 2.8939999999999997],
[1655908200.0, 2.8069999999999995],
[1655994600.0, 2.79],
[1656081000.0, 2.8270000000000004],
[1656167400.0, 2.9490000000000003],
[1656253800.0, 2.977],
[1656340200.0, 2.9250000000000003],
[1656426600.0, 2.883],
[1656513000.0, 2.9520000000000004],
[1656599400.0, 2.934999999999999],
[1656685800.0, 2.8289999999999997],
[1656772200.0, 2.8549999999999995],
[1656858600.0, 2.8999999999999995],
[1656945000.0, 2.898],
[1657031400.0, 2.8569999999999998],
[1657117800.0, 2.943],
[1657204200.0, 3.005],
[1657290600.0, 2.9589999999999996],
[1657377000.0, 2.911],
[1657463400.0, 2.8549999999999995],
[1657549800.0, 2.806],
[1657636200.0, 2.7899999999999996],
[1657722600.0, 2.8299999999999996],
[1657809000.0, 2.852],
[1657895400.0, 2.789],
[1657981800.0, 2.7589999999999995],
[1658068200.0, 2.73],
[1658154600.0, 2.717],
[1658241000.0, 2.6970000000000005],
[1658327400.0, 2.677],
[1658413800.0, 2.7310000000000003],
[1658500200.0, 2.748],
[1658586600.0, 2.7620000000000005],
[1658673000.0, 2.7149999999999994],
[1658759400.0, 2.795],
[1658845800.0, 2.783],
[1658932200.0, 2.7029999999999994],
[1659018600.0, 2.7920000000000003],
[1659105000.0, 2.7740000000000005],
[1659191400.0, 2.7590000000000003],
[1659277800.0, 2.7190000000000003],
[1659364200.0, 2.708],
[1659450600.0, 2.6959999999999997],
[1659537000.0, 2.715],
[1659623400.0, 2.7109999999999994],
[1659709800.0, 2.712],
[1659796200.0, 2.7119999999999997],
[1659882600.0, 2.6189999999999998],
[1659969000.0, 2.623],
[1660055400.0, 2.652],
[1660141800.0, 2.6439999999999997],
[1660228200.0, 2.6959999999999997],
[1660314600.0, 2.673],
[1660401000.0, 2.673],
[1660487400.0, 2.673],
[1660573800.0, 2.673],
[1660660200.0, 2.593000000000001],
[1660746600.0, 2.5800000000000005],
[1660833000.0, 2.5660000000000003],
[1660919400.0, 2.542],
[1661005800.0, 2.584],
[1661092200.0, 2.6119999999999997],
[1661178600.0, 2.605],
[1661265000.0, 2.6180000000000008],
[1661351400.0, 2.607],
[1661437800.0, 2.608],
[1661524200.0, 2.592],
[1661610600.0, 2.567],
[1661697000.0, 2.548],
[1661783400.0, 2.533],
[1661869800.0, 2.562],
[1661956200.0, 2.5730000000000004],
[1662042600.0, 2.5630000000000006],
[1662129000.0, 2.5810000000000004],
[1662215400.0, 2.6270000000000002],
[1662301800.0, 2.6280000000000006],
[1662388200.0, 2.6650000000000005],
[1662474600.0, 2.598],
[1662561000.0, 2.5909999999999997],
[1662647400.0, 2.584],
[1662733800.0, 2.603],
[1662820200.0, 2.6],
[1662906600.0, 2.5919999999999996],
[1662993000.0, 2.662],
[1663079400.0, 2.6279999999999997],
[1663165800.0, 2.62],
[1663252200.0, 2.6599999999999997],
[1663338600.0, 2.641],
[1663425000.0, 2.6530000000000005],
[1663511400.0, 2.8079999999999994],
[1663597800.0, 2.773],
[1663684200.0, 2.7610000000000006],
[1663770600.0, 2.741],
[1663857000.0, 2.678],
[1663943400.0, 2.6550000000000002],
[1664029800.0, 2.6380000000000003],
[1664116200.0, 2.6249999999999996],
[1664202600.0, 2.616],
[1664289000.0, 2.6169999999999995],
[1664375400.0, 2.6229999999999998],
[1664461800.0, 2.643],
[1664548200.0, 2.656],
[1664634600.0, 2.646],
[1664717400.0, 2.6470000000000002],
[1664803800.0, 2.6550000000000002],
[1664890200.0, 2.7920000000000003],
[1664976600.0, 2.8660000000000005],
[1665063000.0, 2.8559999999999994],
[1665149400.0, 2.842],
[1665235800.0, 2.81],
[1665322200.0, 2.771],
[1665408600.0, 2.7840000000000003],
[1665495000.0, 2.783],
[1665581400.0, 2.7589999999999995],
[1665667800.0, 2.7680000000000007],
[1665754200.0, 2.816],
[1665840600.0, 2.808],
[1665927000.0, 2.8290000000000006],
[1666013400.0, 3.037],
[1666099800.0, 3.0150000000000006],
[1666186200.0, 3.0349999999999997],
[1666272600.0, 3.056],
[1666359000.0, 3.1050000000000004],
[1666445400.0, 3.1050000000000004],
[1666531800.0, 3.0330000000000004],
[1666618200.0, 2.9719999999999995],
[1666704600.0, 2.9960000000000004],
[1666791000.0, 2.9359999999999995],
[1666877400.0, 2.9499999999999997],
[1666963800.0, 2.996000000000001],
[1667050200.0, 2.956],
[1667136600.0, 2.966],
[1667223000.0, 2.952],
[1667309400.0, 2.953],
[1667395800.0, 2.9930000000000003],
[1667482200.0, 3.0950000000000006],
[1667568600.0, 3.0599999999999996],
[1667655000.0, 3.2019999999999995],
[1667741400.0, 3.625000000000001],
[1667827800.0, 3.4270000000000005],
[1667914200.0, 3.4810000000000008],
[1668000600.0, 3.765999999999999],
[1668087000.0, 3.9210000000000003],
[1668173400.0, 3.979],
[1668259800.0, 3.553000000000001],
[1668346200.0, 3.4869999999999997],
[1668432600.0, 3.3299999999999996],
[1668519000.0, 3.1929999999999996],
[1668605400.0, 3.1960000000000006],
[1668691800.0, 3.216],
[1668778200.0, 3.181],
[1668864600.0, 3.3200000000000003],
[1668951000.0, 3.3240000000000007],
[1669037400.0, 3.372],
[1669123800.0, 3.371],
[1669210200.0, 3.4550000000000005],
[1669296600.0, 3.3319999999999994],
[1669383000.0, 3.29],
[1669469400.0, 3.1969999999999996],
[1669555800.0, 3.1450000000000005],
[1669642200.0, 3.1750000000000003],
[1669728600.0, 3.225],
[1669815000.0, 3.1740000000000004],
[1669901400.0, 3.2359999999999998],
[1669987800.0, 3.274000000000001],
[1670074200.0, 3.220000000000001],
[1670160600.0, 3.2669999999999995],
[1670247000.0, 3.2330000000000005],
[1670333400.0, 3.2760000000000007],
[1670419800.0, 3.2560000000000002],
[1670506200.0, 3.258],
[1670592600.0, 3.2050000000000005],
[1670679000.0, 3.1769999999999996],
[1670765400.0, 3.1670000000000003],
[1670851800.0, 3.181],
[1670938200.0, 3.133],
[1671024600.0, 3.0840000000000005],
[1671111000.0, 3.0799999999999996],
[1671197400.0, 3.068],
[1671283800.0, 3.001],
[1671370200.0, 2.9499999999999997],
[1671456600.0, 2.988],
[1671543000.0, 2.9330000000000003],
[1671629400.0, 2.8760000000000003],
[1671715800.0, 2.846],
[1671802200.0, 2.8389999999999995],
[1671888600.0, 2.809],
[1671975000.0, 2.893],
[1672061400.0, 2.94],
[1672147800.0, 2.995],
[1672234200.0, 2.953],
[1672320600.0, 2.9100000000000006],
[1672407000.0, 2.901],
[1672493400.0, 2.877],
[1672579800.0, 2.846],
[1672666200.0, 2.859],
[1672752600.0, 2.8740000000000006],
[1672839000.0, 2.8649999999999998],
[1672925400.0, 2.8699999999999997],
[1673011800.0, 3.0309999999999997],
[1673098200.0, 3.0860000000000007],
[1673184600.0, 3.0639999999999996],
[1673271000.0, 3.0400000000000005],
[1673357400.0, 3.0999999999999996],
[1673443800.0, 3.15],
[1673530200.0, 3.128],
[1673616600.0, 3.1820000000000004],
[1673703000.0, 3.2039999999999997],
[1673789400.0, 3.1300000000000003],
[1673875800.0, 3.105],
[1673962200.0, 3.1679999999999997],
[1674048600.0, 3.174],
[1674135000.0, 3.2350000000000003],
[1674221400.0, 3.2619999999999996],
[1674307800.0, 3.3850000000000007],
[1674394200.0, 3.3520000000000003],
[1674480600.0, 3.3660000000000005],
[1674567000.0, 3.339],
[1674653400.0, 3.408],
[1674739800.0, 3.3659999999999997],
[1674826200.0, 3.4050000000000002],
[1674912600.0, 3.374],
[1674999000.0, 3.37],
[1675085400.0, 3.319],
[1675171800.0, 3.3289999999999997],
[1675258200.0, 3.343000000000001],
[1675344600.0, 3.308],
[1675431000.0, 3.630999999999999],
[1675517400.0, 3.607999999999999],
[1675603800.0, 3.5949999999999998],
[1675690200.0, 3.864],
[1675776600.0, 3.678],
[1675863000.0, 3.625],
[1675949400.0, 3.625],
