[1635773400.0, 0.256568],
[1635859800.0, 0.25508425],
[1635946200.0, 0.24978974999999998],
[1636032600.0, 0.26790225],
[1636119000.0, 0.24894575000000002],
[1636205400.0, 0.25255],
[1636291800.0, 0.25301850000000004],
[1636378200.0, 0.24592404744350413],
[1636464600.0, 0.21576925],
[1636551000.0, 0.1824945],
[1636637400.0, 0.21382975],
[1636723800.0, 0.2130205],
[1636810200.0, 0.20973375],
[1636896600.0, 0.19177425000000003],
[1636983000.0, 0.19771999999999998],
[1637069400.0, 0.20002450000000002],
[1637155800.0, 0.19903025000000002],
[1637242200.0, 0.18945175],
[1637328600.0, 0.1854655],
[1637415000.0, 0.19396375],
[1637501400.0, 0.20377175000000003],
[1637587800.0, 0.1943615],
[1637674200.0, 0.19776225],
[1637760600.0, 0.19638100000000003],
[1637847000.0, 0.19001575],
[1637933400.0, 0.18393025],
[1638019800.0, 0.17757925],
[1638106200.0, 0.1766985],
[1638192600.0, 0.18381074999999997],
[1638279000.0, 0.16769850000000003],
[1638365400.0, 0.16236374999999997],
[1638451800.0, 0.16555850000000003],
[1638538200.0, 0.16899925000000002],
[1638624600.0, 0.18320474999999997],
[1638711000.0, 0.178662],
[1638797400.0, 0.18565500000000001],
[1638883800.0, 0.18551475],
[1638970200.0, 0.18552624999999998],
[1639056600.0, 0.18798549999999997],
[1639143000.0, 0.19048374999999998],
[1639229400.0, 0.20556925],
[1639315800.0, 0.19585450000000004],
[1639402200.0, 0.19603025000000002],
[1639488600.0, 0.19373399999999996],
[1639575000.0, 0.196636],
[1639661400.0, 0.19442375],
[1639747800.0, 0.19837025000000003],
[1639834200.0, 0.1938425],
[1639920600.0, 0.17710225],
[1640007000.0, 0.17925850000000002],
[1640093400.0, 0.19115625000000003],
[1640179800.0, 0.18258000000000002],
[1640266200.0, 0.17676375],
[1640352600.0, 0.18113975],
[1640439000.0, 0.186325],
[1640525400.0, 0.18521299999999996],
[1640611800.0, 0.19286875000000003],
[1640698200.0, 0.21500075000000002],
[1640784600.0, 0.202536],
[1640871000.0, 0.1950145],
[1640957400.0, 0.18762875000000004],
[1641043800.0, 0.20309875000000002],
[1641130200.0, 0.20429125],
[1641216600.0, 0.19658975],
[1641303000.0, 0.20733325000000002],
[1641389400.0, 0.20084250000000003],
[1641475800.0, 0.18933450000000002],
[1641562200.0, 0.20793725000000002],
[1641648600.0, 0.21274475],
[1641735000.0, 0.20774825000000005],
[1641821400.0, 0.22251875],
[1641907800.0, 0.21131075000000002],
[1641994200.0, 0.20755200000000001],
[1642080600.0, 0.22001900000000002],
[1642167000.0, 0.20940025],
[1642253400.0, 0.20258800000000002],
[1642339800.0, 0.208923],
[1642426200.0, 0.21125549999999998],
[1642512600.0, 0.2168775],
[1642599000.0, 0.21447600000000003],
[1642685400.0, 0.21416575],
[1642771800.0, 0.2172145],
[1642858200.0, 0.21898225000000002],
[1642944600.0, 0.22248450000000003],
[1643031000.0, 0.21033400000000002],
[1643117400.0, 0.21427125000000002],
[1643203800.0, 0.21844200000000003],
[1643290200.0, 0.19936274999999998],
[1643376600.0, 0.20316725],
[1643463000.0, 0.204135],
[1643549400.0, 0.2010705],
[1643635800.0, 0.2010705],
[1643722200.0, 0.2010705],
[1643808600.0, 0.20267700000000002],
[1643895000.0, 0.20096550000000002],
[1643981400.0, 0.20185000000000003],
[1644067800.0, 0.19672699999999999],
[1644154200.0, 0.20706800000000003],
[1644240600.0, 0.212335],
[1644327000.0, 0.21305875],
[1644413400.0, 0.21809299999999998],
[1644499800.0, 0.22042725],
[1644586200.0, 0.22255925000000001],
[1644672600.0, 0.23645800000000003],
[1644759000.0, 0.23611775000000002],
[1644845400.0, 0.238385],
[1644931800.0, 0.24127175],
[1645018200.0, 0.24251649999999997],
[1645104600.0, 0.24209800000000004],
[1645191000.0, 0.24166800000000002],
[1645277400.0, 0.24628000000000003],
[1645363800.0, 0.2458825],
[1645450200.0, 0.24567825],
[1645536600.0, 0.24179675],
[1645623000.0, 0.24581125000000004],
[1645709400.0, 0.24669450000000004],
[1645795800.0, 0.24338425],
[1645882200.0, 0.24578350000000002],
[1645968600.0, 0.25052925],
[1646055000.0, 0.24861975000000003],
[1646141400.0, 0.24248225],
[1646227800.0, 0.24018775],
[1646314200.0, 0.23168925],
[1646400600.0, 0.22679650000000004],
[1646487000.0, 0.23816200000000004],
[1646573400.0, 0.22255425],
[1646659800.0, 0.24176500000000004],
[1646746200.0, 0.23269175],
[1646832600.0, 0.2326625],
[1646919000.0, 0.23584825000000004],
[1647005400.0, 0.24003800000000003],
[1647091800.0, 0.23419350000000003],
[1647178200.0, 0.24060475000000003],
[1647264600.0, 0.24161725000000003],
[1647351000.0, 0.24219450000000003],
[1647437400.0, 0.2449815],
[1647523800.0, 0.248766],
[1647610200.0, 0.2470935],
[1647696600.0, 0.24473725],
[1647783000.0, 0.24738],
[1647869400.0, 0.24485875000000001],
[1647955800.0, 0.24313900000000002],
[1648042200.0, 0.24663075],
[1648128600.0, 0.24658650000000004],
[1648215000.0, 0.24544875],
[1648301400.0, 0.24496425000000002],
[1648387800.0, 0.24465125],
[1648474200.0, 0.245062],
[1648560600.0, 0.2437615],
[1648647000.0, 0.24391025000000002],
[1648733400.0, 0.24631975],
[1648819800.0, 0.24967375],
[1648906200.0, 0.24996275],
[1648996200.0, 0.24998325000000002],
[1649082600.0, 0.2500132500000001],
[1649169000.0, 0.25867775000000004],
[1649255400.0, 0.28123750000000003],
[1649341800.0, 0.2765335],
[1649428200.0, 0.26628925],
[1649514600.0, 0.2648665],
[1649601000.0, 0.273227],
[1649687400.0, 0.28120425],
[1649773800.0, 0.2876335],
[1649860200.0, 0.28375675],
[1649946600.0, 0.28689],
[1650033000.0, 0.27704149999999994],
[1650119400.0, 0.282984],
[1650205800.0, 0.27957],
[1650292200.0, 0.27756875],
[1650378600.0, 0.2877295],
[1650465000.0, 0.29825525],
[1650551400.0, 0.29825525],
[1650637800.0, 0.29825525],
[1650724200.0, 0.27531375],
[1650810600.0, 0.28131675],
[1650897000.0, 0.28122949999999997],
[1650983400.0, 0.27879250000000005],
[1651069800.0, 0.26987750000000005],
[1651156200.0, 0.27265049999999996],
[1651242600.0, 0.2706655],
[1651329000.0, 0.28148725],
[1651415400.0, 0.28193675],
[1651501800.0, 0.2803865],
[1651588200.0, 0.2778205],
[1651674600.0, 0.248899],
[1651761000.0, 0.23730199999999999],
[1651847400.0, 0.22711175],
[1651933800.0, 0.23170275],
[1652020200.0, 0.23536875],
[1652106600.0, 0.23482450000000002],
[1652193000.0, 0.22316225],
[1652279400.0, 0.21883875],
[1652365800.0, 0.21825125],
[1652452200.0, 0.224426],
[1652538600.0, 0.22390849999999998],
[1652625000.0, 0.222424],
[1652711400.0, 0.2201305],
[1652797800.0, 0.2182895],
[1652884200.0, 0.21825125],
[1652970600.0, 0.19941175],
[1653057000.0, 0.20068575],
[1653143400.0, 0.18882600000000002],
[1653229800.0, 0.18837299999999996],
[1653316200.0, 0.1737345],
[1653402600.0, 0.16771375],
[1653489000.0, 0.16661325],
[1653575400.0, 0.17089425000000003],
[1653661800.0, 0.17069825],
[1653748200.0, 0.1670625],
[1653834600.0, 0.17052425000000002],
[1653921000.0, 0.16764625],
[1654007400.0, 0.15831125000000001],
[1654093800.0, 0.16561950000000003],
[1654180200.0, 0.17217175000000004],
[1654266600.0, 0.15531450000000002],
[1654353000.0, 0.15046725],
[1654439400.0, 0.14946700000000004],
[1654525800.0, 0.14954325000000002],
[1654612200.0, 0.14810325000000002],
[1654698600.0, 0.14911175000000002],
[1654785000.0, 0.14669975000000002],
[1654871400.0, 0.13964],
[1654957800.0, 0.13488525],
[1655044200.0, 0.14558975000000002],
[1655130600.0, 0.1467795],
[1655217000.0, 0.14477],
[1655303400.0, 0.13936775],
[1655389800.0, 0.13889175],
[1655476200.0, 0.134618],
[1655562600.0, 0.13855050000000002],
[1655649000.0, 0.13746075000000002],
[1655735400.0, 0.1356505],
[1655821800.0, 0.13328675],
[1655908200.0, 0.14097500000000002],
[1655994600.0, 0.13574350000000002],
[1656081000.0, 0.126788],
[1656167400.0, 0.12134825000000002],
[1656253800.0, 0.12484875000000002],
[1656340200.0, 0.1252975],
[1656426600.0, 0.121975],
[1656513000.0, 0.13182725],
[1656599400.0, 0.12778325],
[1656685800.0, 0.12213224999999998],
[1656772200.0, 0.125473],
[1656858600.0, 0.12961875],
[1656945000.0, 0.13024049999999998],
[1657031400.0, 0.1303515],
[1657117800.0, 0.13001225000000002],
[1657204200.0, 0.12717299999999998],
[1657290600.0, 0.13962000000000002],
[1657377000.0, 0.14876075],
[1657463400.0, 0.14964775],
[1657549800.0, 0.155677],
[1657636200.0, 0.15803625000000002],
[1657722600.0, 0.16321825],
[1657809000.0, 0.16007800000000003],
[1657895400.0, 0.16032274999999999],
[1657981800.0, 0.16014225000000004],
[1658068200.0, 0.16879325],
[1658154600.0, 0.16564075],
[1658241000.0, 0.17332225],
[1658327400.0, 0.17802275],
[1658413800.0, 0.176208],
[1658500200.0, 0.17100900000000002],
[1658586600.0, 0.17095575],
[1658673000.0, 0.1751785],
[1658759400.0, 0.17180250000000002],
[1658845800.0, 0.17720824999999998],
[1658932200.0, 0.16965924999999998],
[1659018600.0, 0.1756565],
[1659105000.0, 0.17675300000000002],
[1659191400.0, 0.17400875],
[1659277800.0, 0.17377900000000002],
[1659364200.0, 0.17778049999999998],
[1659450600.0, 0.17075275],
[1659537000.0, 0.1713795],
[1659623400.0, 0.178942],
[1659709800.0, 0.17528425],
[1659796200.0, 0.17721374999999998],
[1659882600.0, 0.178666],
[1659969000.0, 0.17985225000000002],
[1660055400.0, 0.18404600000000002],
[1660141800.0, 0.17922425],
[1660228200.0, 0.18145524999999998],
[1660314600.0, 0.18244625],
[1660401000.0, 0.18244625],
[1660487400.0, 0.18244625],
[1660573800.0, 0.18244625],
[1660660200.0, 0.1801875],
[1660746600.0, 0.173251],
[1660833000.0, 0.17939025000000003],
[1660919400.0, 0.17475675000000002],
[1661005800.0, 0.179551],
[1661092200.0, 0.17951725000000002],
[1661178600.0, 0.17745175000000002],
[1661265000.0, 0.17883675000000002],
[1661351400.0, 0.176183],
[1661437800.0, 0.17786549999999998],
[1661524200.0, 0.17712625],
[1661610600.0, 0.17719375],
[1661697000.0, 0.18060125],
[1661783400.0, 0.18163225000000002],
[1661869800.0, 0.18283950000000002],
[1661956200.0, 0.180096],
[1662042600.0, 0.17828675000000002],
[1662129000.0, 0.17150100000000001],
[1662215400.0, 0.1703685],
[1662301800.0, 0.17460024999999998],
[1662388200.0, 0.17585925000000002],
[1662474600.0, 0.1759335],
[1662561000.0, 0.17323025],
[1662647400.0, 0.17678425],
[1662733800.0, 0.17700925],
[1662820200.0, 0.17872725],
[1662906600.0, 0.18081275000000002],
[1662993000.0, 0.18214575],
[1663079400.0, 0.18276874999999998],
[1663165800.0, 0.177029],
[1663252200.0, 0.17761074999999998],
[1663338600.0, 0.18007674999999998],
[1663425000.0, 0.1844495],
[1663511400.0, 0.18765600000000002],
[1663597800.0, 0.19491650000000002],
[1663684200.0, 0.18547525],
[1663770600.0, 0.1929055],
[1663857000.0, 0.18032025000000002],
[1663943400.0, 0.18356925],
[1664029800.0, 0.184915],
[1664116200.0, 0.18473575],
[1664202600.0, 0.18583325],
[1664289000.0, 0.18241175],
[1664375400.0, 0.18242550000000002],
[1664461800.0, 0.1781395],
[1664548200.0, 0.18310824999999997],
[1664634600.0, 0.17839125],
[1664717400.0, 0.17690774999999997],
[1664803800.0, 0.178254],
[1664890200.0, 0.1823015],
[1664976600.0, 0.18265375],
[1665063000.0, 0.16834275],
[1665149400.0, 0.17738474999999998],
[1665235800.0, 0.18135199999999999],
[1665322200.0, 0.19012500000000002],
[1665408600.0, 0.18565575],
[1665495000.0, 0.18377],
[1665581400.0, 0.18456],
[1665667800.0, 0.183453],
[1665754200.0, 0.18288700000000002],
[1665840600.0, 0.18690400000000001],
[1665927000.0, 0.1868925],
[1666013400.0, 0.19036725000000002],
[1666099800.0, 0.19379000000000002],
[1666186200.0, 0.19793349999999998],
[1666272600.0, 0.19067850000000003],
[1666359000.0, 0.19128975],
[1666445400.0, 0.18968400000000002],
[1666531800.0, 0.1888685],
[1666618200.0, 0.19221075],
[1666704600.0, 0.19165100000000002],
[1666791000.0, 0.18667575],
[1666877400.0, 0.19211775000000003],
[1666963800.0, 0.18069700000000002],
[1667050200.0, 0.17788375],
[1667136600.0, 0.177421],
[1667223000.0, 0.1746235],
[1667309400.0, 0.17352825000000002],
[1667395800.0, 0.1685125],
[1667482200.0, 0.1731805],
[1667568600.0, 0.17187400000000003],
[1667655000.0, 0.17210325],
[1667741400.0, 0.170121],
[1667827800.0, 0.17503125],
[1667914200.0, 0.17291925],
[1668000600.0, 0.17240524999999998],
[1668087000.0, 0.17861675000000002],
[1668173400.0, 0.1727815],
[1668259800.0, 0.1737515],
[1668346200.0, 0.17054650000000002],
[1668432600.0, 0.173784],
[1668519000.0, 0.16585974999999997],
[1668605400.0, 0.1643725],
[1668691800.0, 0.16382850000000002],
[1668778200.0, 0.163414],
[1668864600.0, 0.15983875000000003],
[1668951000.0, 0.16254225000000003],
[1669037400.0, 0.15916025],
[1669123800.0, 0.16436225],
[1669210200.0, 0.153877],
[1669296600.0, 0.15098725000000005],
[1669383000.0, 0.1501775],
[1669469400.0, 0.14432325000000001],
[1669555800.0, 0.1460185],
[1669642200.0, 0.14353825],
[1669728600.0, 0.1429735],
[1669815000.0, 0.14332],
[1669901400.0, 0.14415625],
[1669987800.0, 0.14973825],
[1670074200.0, 0.14865175],
[1670160600.0, 0.15376475],
[1670247000.0, 0.15693975],
[1670333400.0, 0.1595065],
[1670419800.0, 0.15595275],
[1670506200.0, 0.1516775],
[1670592600.0, 0.1556775],
[1670679000.0, 0.15817150000000002],
[1670765400.0, 0.16259275],
[1670851800.0, 0.1551615],
[1670938200.0, 0.15615999999999997],
[1671024600.0, 0.15618725],
[1671111000.0, 0.15007549999999997],
[1671197400.0, 0.1517695],
[1671283800.0, 0.14882425000000002],
[1671370200.0, 0.14966275],
[1671456600.0, 0.1496485],
[1671543000.0, 0.153782],
[1671629400.0, 0.15589725],
[1671715800.0, 0.152343],
[1671802200.0, 0.15385275],
[1671888600.0, 0.15646875000000002],
[1671975000.0, 0.15329125],
[1672061400.0, 0.15361850000000002],
[1672147800.0, 0.15489675],
[1672234200.0, 0.16351025000000002],
[1672320600.0, 0.15513175],
[1672407000.0, 0.153368],
[1672493400.0, 0.15418175000000003],
[1672579800.0, 0.15803775],
[1672666200.0, 0.15436575000000002],
[1672752600.0, 0.15610975],
[1672839000.0, 0.15557225],
[1672925400.0, 0.15715875],
[1673011800.0, 0.16563375],
[1673098200.0, 0.16419675000000003],
[1673184600.0, 0.16248674999999999],
[1673271000.0, 0.16965075000000002],
[1673357400.0, 0.18127525],
[1673443800.0, 0.18246525000000002],
[1673530200.0, 0.17829425000000002],
[1673616600.0, 0.187085],
[1673703000.0, 0.18499050000000003],
[1673789400.0, 0.192752],
[1673875800.0, 0.19566699999999998],
[1673962200.0, 0.19448325],
[1674048600.0, 0.20410999999999999],
[1674135000.0, 0.2020295],
[1674221400.0, 0.19801549999999998],
[1674307800.0, 0.19959174999999998],
[1674394200.0, 0.19849175],
[1674480600.0, 0.198023],
[1674567000.0, 0.20090349999999998],
[1674653400.0, 0.19552699999999998],
[1674739800.0, 0.19675525000000002],
[1674826200.0, 0.194471],
[1674912600.0, 0.20339625],
[1674999000.0, 0.19822150000000002],
[1675085400.0, 0.2020115],
[1675171800.0, 0.20904699999999998],
[1675258200.0, 0.22076125000000002],
[1675344600.0, 0.222257],
[1675431000.0, 0.22270675],
[1675517400.0, 0.21947650000000002],
[1675603800.0, 0.223882],
[1675690200.0, 0.22526800000000002],
[1675776600.0, 0.2281725],
[1675863000.0, 0.2281725],
[1675949400.0, 0.2281725],
