[1635773400.0, 1.4957765],
[1635859800.0, 1.23063675],
[1635946200.0, 1.1474015],
[1636032600.0, 1.00156125],
[1636119000.0, 1.02581025],
[1636205400.0, 0.9091165000000001],
[1636291800.0, 0.78818175],
[1636378200.0, 0.7427524999999999],
[1636464600.0, 0.8786807500000001],
[1636551000.0, 0.7556510000000001],
[1636637400.0, 0.7955055],
[1636723800.0, 0.84706375],
[1636810200.0, 0.8708014999999999],
[1636896600.0, 0.80434825],
[1636983000.0, 0.7900682499999999],
[1637069400.0, 0.7996580000000002],
[1637155800.0, 0.86491025],
[1637242200.0, 0.793049],
[1637328600.0, 0.7963285000000001],
[1637415000.0, 0.8416832499999999],
[1637501400.0, 0.9038567500000001],
[1637587800.0, 0.85176175],
[1637674200.0, 0.849472],
[1637760600.0, 0.84084425],
[1637847000.0, 0.8896405000000001],
[1637933400.0, 0.95947225],
[1638019800.0, 0.9078200000000003],
[1638106200.0, 0.9521850000000001],
[1638192600.0, 0.9276575],
[1638279000.0, 0.95233825],
[1638365400.0, 0.9214947499999999],
[1638451800.0, 1.00466775],
[1638538200.0, 0.9380952499999999],
[1638624600.0, 0.90090325],
[1638711000.0, 0.9135365],
[1638797400.0, 0.9978407499999999],
[1638883800.0, 0.9228544999999999],
[1638970200.0, 0.9943685000000001],
[1639056600.0, 1.0415224999999997],
[1639143000.0, 0.99521325],
[1639229400.0, 0.9868399999999999],
[1639315800.0, 0.98324875],
[1639402200.0, 0.9740787499999999],
[1639488600.0, 1.02731175],
[1639575000.0, 1.04745525],
[1639661400.0, 1.0207235],
[1639747800.0, 0.975792],
[1639834200.0, 0.977058],
[1639920600.0, 0.9267657499999999],
[1640007000.0, 0.9835654999999999],
[1640093400.0, 1.006331],
[1640179800.0, 0.96909325],
[1640266200.0, 0.974361],
[1640352600.0, 0.9628785000000001],
[1640439000.0, 0.9641434999999999],
[1640525400.0, 0.95412125],
[1640611800.0, 0.9285167500000002],
[1640698200.0, 0.9158592500000001],
[1640784600.0, 0.98625425],
[1640871000.0, 0.9414235],
[1640957400.0, 0.8911962500000001],
[1641043800.0, 0.9428797499999999],
[1641130200.0, 0.9074262500000001],
[1641216600.0, 0.95569075],
[1641303000.0, 0.98309425],
[1641389400.0, 0.9359382500000001],
[1641475800.0, 0.96498325],
[1641562200.0, 0.9908860000000002],
[1641648600.0, 0.9487792500000001],
[1641735000.0, 0.96836425],
[1641821400.0, 0.9396275000000001],
[1641907800.0, 0.9642255000000001],
[1641994200.0, 0.9931210000000001],
[1642080600.0, 0.9372200000000002],
[1642167000.0, 1.00874475],
[1642253400.0, 0.9853909999999999],
[1642339800.0, 1.0212162500000002],
[1642426200.0, 0.99132225],
[1642512600.0, 0.9595845000000002],
[1642599000.0, 1.0235545000000001],
[1642685400.0, 0.9964682499999999],
[1642771800.0, 1.0581865],
[1642858200.0, 1.051496],
[1642944600.0, 1.06195125],
[1643031000.0, 1.05061525],
[1643117400.0, 1.05162825],
[1643203800.0, 1.051496],
[1643290200.0, 1.01829475],
[1643376600.0, 0.9920482499999999],
[1643463000.0, 1.03939075],
[1643549400.0, 1.0803355000000001],
[1643635800.0, 1.0803355000000001],
[1643722200.0, 1.0803355000000001],
[1643808600.0, 1.03419375],
[1643895000.0, 1.0499847500000001],
[1643981400.0, 1.06985025],
[1644067800.0, 1.0689915],
[1644154200.0, 1.068242],
[1644240600.0, 1.0473605000000001],
[1644327000.0, 1.0528752500000003],
[1644413400.0, 1.0631990000000002],
[1644499800.0, 1.103271],
[1644586200.0, 1.0434705000000002],
[1644672600.0, 1.09901775],
[1644759000.0, 1.104986],
[1644845400.0, 1.13205975],
[1644931800.0, 1.1329832499999999],
[1645018200.0, 1.1255905000000002],
[1645104600.0, 1.09039],
[1645191000.0, 1.0533430000000001],
[1645277400.0, 1.094956],
[1645363800.0, 1.12583675],
[1645450200.0, 1.09411125],
[1645536600.0, 1.09861675],
[1645623000.0, 1.09869625],
[1645709400.0, 1.1293387499999998],
[1645795800.0, 1.133502],
[1645882200.0, 1.0934177500000002],
[1645968600.0, 1.06283075],
[1646055000.0, 1.1241512500000002],
[1646141400.0, 1.1603335000000001],
[1646227800.0, 1.12128575],
[1646314200.0, 1.1579047500000001],
[1646400600.0, 1.163283],
[1646487000.0, 1.17419175],
[1646573400.0, 1.2086810000000001],
[1646659800.0, 1.1876475],
[1646746200.0, 1.11711175],
[1646832600.0, 1.1287642500000001],
[1646919000.0, 1.0208865],
[1647005400.0, 1.0844745],
[1647091800.0, 1.0635655000000002],
[1647178200.0, 1.10446375],
[1647264600.0, 1.11536175],
[1647351000.0, 1.10220975],
[1647437400.0, 1.100878],
[1647523800.0, 1.0838895],
[1647610200.0, 1.13304175],
[1647696600.0, 1.1297555000000001],
[1647783000.0, 1.1921395000000001],
[1647869400.0, 1.2023087500000003],
[1647955800.0, 1.17665],
[1648042200.0, 1.158017],
[1648128600.0, 1.16090625],
[1648215000.0, 1.09480275],
[1648301400.0, 1.1112564999999999],
[1648387800.0, 1.12413225],
[1648474200.0, 1.1561272500000002],
[1648560600.0, 1.17125975],
[1648647000.0, 1.1651785000000001],
[1648733400.0, 1.1570287500000003],
[1648819800.0, 1.173251],
[1648906200.0, 1.1844105],
[1648996200.0, 1.21716325],
[1649082600.0, 1.2466175000000002],
[1649169000.0, 1.2194597500000002],
[1649255400.0, 1.23720375],
[1649341800.0, 1.2468402500000002],
[1649428200.0, 1.27432325],
[1649514600.0, 1.2106484999999998],
[1649601000.0, 1.2106484999999998],
[1649687400.0, 1.2106484999999998],
[1649773800.0, 1.2106484999999998],
[1649860200.0, 1.2106484999999998],
[1649946600.0, 1.22719725],
[1650033000.0, 1.2488732500000002],
[1650119400.0, 1.2319245],
[1650205800.0, 1.1964162500000002],
[1650292200.0, 1.19041325],
[1650378600.0, 1.2095805],
[1650465000.0, 1.2208035000000002],
[1650551400.0, 1.2208035000000002],
[1650637800.0, 1.2208035000000002],
[1650724200.0, 1.251305],
[1650810600.0, 1.2650925],
[1650897000.0, 1.225634],
[1650983400.0, 1.193672],
[1651069800.0, 1.2273887500000003],
[1651156200.0, 1.16091025],
[1651242600.0, 1.1711832500000001],
[1651329000.0, 1.2633204999999998],
[1651415400.0, 1.1804627499999998],
[1651501800.0, 1.186912],
[1651588200.0, 1.178574],
[1651674600.0, 1.183081],
[1651761000.0, 1.1450317500000002],
[1651847400.0, 1.2099945],
[1651933800.0, 1.1606425],
[1652020200.0, 1.156012],
[1652106600.0, 1.0888467499999999],
[1652193000.0, 1.04072225],
[1652279400.0, 1.12098375],
[1652365800.0, 1.0817577500000002],
[1652452200.0, 1.054068],
[1652538600.0, 1.05652625],
[1652625000.0, 0.97824225],
[1652711400.0, 0.86977925],
[1652797800.0, 0.84700275],
[1652884200.0, 0.802176],
[1652970600.0, 0.7710332500000001],
[1653057000.0, 0.7550105],
[1653143400.0, 0.7272964999999999],
[1653229800.0, 0.7477995000000001],
[1653316200.0, 0.7085582500000001],
[1653402600.0, 0.6640345],
[1653489000.0, 0.7028495000000001],
[1653575400.0, 0.70748875],
[1653661800.0, 0.72547175],
[1653748200.0, 0.6927917500000002],
[1653834600.0, 0.72842275],
[1653921000.0, 0.6629275000000001],
[1654007400.0, 0.66675825],
[1654093800.0, 0.7340087500000001],
[1654180200.0, 0.76774475],
[1654266600.0, 0.7342944999999999],
[1654353000.0, 0.7157792500000001],
[1654439400.0, 0.6896070000000001],
[1654525800.0, 0.657297],
[1654612200.0, 0.688107],
[1654698600.0, 0.6875102499999999],
[1654785000.0, 0.70040725],
[1654871400.0, 0.7194050000000001],
[1654957800.0, 0.66496725],
[1655044200.0, 0.670511],
[1655130600.0, 0.66548025],
[1655217000.0, 0.6680557500000001],
[1655303400.0, 0.6273952500000001],
[1655389800.0, 0.68269975],
[1655476200.0, 0.6787394999999999],
[1655562600.0, 0.6308275],
[1655649000.0, 0.6340779999999999],
[1655735400.0, 0.6298285],
[1655821800.0, 0.65316275],
[1655908200.0, 0.657355],
[1655994600.0, 0.64436225],
[1656081000.0, 0.6974657499999999],
[1656167400.0, 0.65735525],
[1656253800.0, 0.7076322500000001],
[1656340200.0, 0.7343585],
[1656426600.0, 0.72016125],
[1656513000.0, 0.7103932500000001],
[1656599400.0, 0.71475375],
[1656685800.0, 0.7051990000000001],
[1656772200.0, 0.7605014999999999],
[1656858600.0, 0.78452575],
[1656945000.0, 0.75683275],
[1657031400.0, 0.69970375],
[1657117800.0, 0.75373],
[1657204200.0, 0.78415175],
[1657290600.0, 0.78519175],
[1657377000.0, 0.7263195000000001],
[1657463400.0, 0.8149442499999999],
[1657549800.0, 0.7322595],
[1657636200.0, 0.81140575],
[1657722600.0, 0.71007625],
[1657809000.0, 0.7915977500000001],
[1657895400.0, 0.7205525],
[1657981800.0, 0.7432017500000001],
[1658068200.0, 0.756],
[1658154600.0, 0.80007525],
[1658241000.0, 0.8081915],
[1658327400.0, 0.79612875],
[1658413800.0, 0.83787775],
[1658500200.0, 0.7751667499999999],
[1658586600.0, 0.8234395],
[1658673000.0, 0.78780425],
[1658759400.0, 0.8209257500000002],
[1658845800.0, 0.7976890000000001],
[1658932200.0, 0.85656125],
[1659018600.0, 0.8105849999999999],
[1659105000.0, 0.81986975],
[1659191400.0, 0.8811454999999999],
[1659277800.0, 0.8567515000000001],
[1659364200.0, 0.8691274999999998],
[1659450600.0, 0.8537242500000001],
[1659537000.0, 0.84450475],
[1659623400.0, 0.84872375],
[1659709800.0, 0.895926],
[1659796200.0, 0.8557720000000002],
[1659882600.0, 0.8306662499999999],
[1659969000.0, 0.81310675],
[1660055400.0, 0.88599425],
[1660141800.0, 0.9081232499999999],
[1660228200.0, 0.8889319999999998],
[1660314600.0, 0.8664782500000001],
[1660401000.0, 0.8664782500000001],
[1660487400.0, 0.8664782500000001],
[1660573800.0, 0.8664782500000001],
[1660660200.0, 0.887267],
[1660746600.0, 0.8888075],
[1660833000.0, 0.909755],
[1660919400.0, 0.90944775],
[1661005800.0, 0.877376],
[1661092200.0, 0.9460082499999999],
[1661178600.0, 0.96941575],
[1661265000.0, 0.934785],
[1661351400.0, 0.9618519999999999],
[1661437800.0, 0.9590552500000001],
[1661524200.0, 0.90916025],
[1661610600.0, 0.8363125000000001],
[1661697000.0, 0.91092675],
[1661783400.0, 0.863524],
[1661869800.0, 0.9294740000000001],
[1661956200.0, 0.9359635000000001],
[1662042600.0, 0.9159477500000001],
[1662129000.0, 0.90063125],
[1662215400.0, 0.91414475],
[1662301800.0, 0.8958489999999999],
[1662388200.0, 0.8975629999999999],
[1662474600.0, 0.86336075],
[1662561000.0, 0.9134767500000001],
[1662647400.0, 0.90416275],
[1662733800.0, 0.903659],
[1662820200.0, 0.8872294999999999],
[1662906600.0, 0.931835],
[1662993000.0, 0.94794175],
[1663079400.0, 0.89603225],
[1663165800.0, 0.9309852500000001],
[1663252200.0, 0.9092007500000001],
[1663338600.0, 0.9399577499999999],
[1663425000.0, 0.9546415],
[1663511400.0, 0.9151607499999999],
[1663597800.0, 0.9684512500000001],
[1663684200.0, 0.96291425],
[1663770600.0, 0.9301685],
[1663857000.0, 0.94071725],
[1663943400.0, 0.9308545],
[1664029800.0, 0.8797267500000001],
[1664116200.0, 0.8823852500000002],
[1664202600.0, 0.94225625],
[1664289000.0, 0.93582375],
[1664375400.0, 0.9117437500000001],
[1664461800.0, 0.87970025],
[1664548200.0, 0.924021],
[1664634600.0, 0.9360065000000001],
[1664717400.0, 0.9810712500000001],
[1664803800.0, 0.988425],
[1664890200.0, 0.9387460000000001],
[1664976600.0, 0.98907875],
[1665063000.0, 0.9679305],
[1665149400.0, 0.9883525000000001],
[1665235800.0, 0.94226875],
[1665322200.0, 0.95115425],
[1665408600.0, 0.9136205000000001],
[1665495000.0, 0.945828],
[1665581400.0, 0.93075475],
[1665667800.0, 0.9592269999999998],
[1665754200.0, 0.9575695],
[1665840600.0, 0.94628025],
[1665927000.0, 0.96701875],
[1666013400.0, 0.9789247500000002],
[1666099800.0, 1.0043792500000002],
[1666186200.0, 0.9805725000000002],
[1666272600.0, 0.99830075],
[1666359000.0, 0.9945219999999999],
[1666445400.0, 0.9888040000000001],
[1666531800.0, 0.9869700000000001],
[1666618200.0, 0.97287725],
[1666704600.0, 0.98728625],
[1666791000.0, 0.99812375],
[1666877400.0, 1.02864775],
[1666963800.0, 0.9744045],
[1667050200.0, 0.94798775],
[1667136600.0, 0.9552134999999998],
[1667223000.0, 0.9595742500000002],
[1667309400.0, 0.959314],
[1667395800.0, 0.9794544999999999],
[1667482200.0, 0.9826100000000001],
[1667568600.0, 0.99136625],
[1667655000.0, 0.9827815],
[1667741400.0, 1.023376],
[1667827800.0, 0.96243375],
[1667914200.0, 0.9752535],
[1668000600.0, 0.9482805],
[1668087000.0, 1.0287600000000001],
[1668173400.0, 0.9512737499999999],
[1668259800.0, 0.9623757500000002],
[1668346200.0, 0.95961925],
[1668432600.0, 0.9898542500000002],
[1668519000.0, 0.97864225],
[1668605400.0, 0.9494677499999998],
[1668691800.0, 0.9398169999999999],
[1668778200.0, 0.9316260000000001],
[1668864600.0, 0.9574587499999999],
[1668951000.0, 0.9494250000000001],
[1669037400.0, 0.941479],
[1669123800.0, 0.9410695],
[1669210200.0, 0.9604824999999999],
[1669296600.0, 0.94323125],
[1669383000.0, 0.9403792500000001],
[1669469400.0, 0.9132642499999999],
[1669555800.0, 0.8855737499999998],
[1669642200.0, 0.9281620000000002],
[1669728600.0, 0.9651350000000001],
[1669815000.0, 0.968318],
[1669901400.0, 0.9317960000000001],
[1669987800.0, 0.9483362499999999],
[1670074200.0, 0.95629125],
[1670160600.0, 1.0377610000000002],
[1670247000.0, 0.9908937499999999],
[1670333400.0, 1.0006345],
[1670419800.0, 1.00708075],
[1670506200.0, 1.0057809999999998],
[1670592600.0, 0.97565875],
[1670679000.0, 0.9404520000000001],
[1670765400.0, 0.926871],
[1670851800.0, 0.9571414999999999],
[1670938200.0, 0.9077989999999999],
[1671024600.0, 0.9666410000000001],
[1671111000.0, 0.9692320000000001],
[1671197400.0, 0.9576822500000001],
[1671283800.0, 0.9266795000000001],
[1671370200.0, 0.97740675],
[1671456600.0, 0.9436525],
[1671543000.0, 0.8966817500000002],
[1671629400.0, 0.9577007499999999],
[1671715800.0, 0.9669957499999999],
[1671802200.0, 0.9277605],
[1671888600.0, 0.8644687500000002],
[1671975000.0, 0.933749],
[1672061400.0, 0.958379],
[1672147800.0, 0.9320137500000001],
[1672234200.0, 0.9124645000000001],
[1672320600.0, 0.8940342499999999],
[1672407000.0, 0.894124],
[1672493400.0, 0.9057602499999999],
[1672579800.0, 0.8885740000000001],
[1672666200.0, 0.913497],
[1672752600.0, 0.9188880000000001],
[1672839000.0, 0.8949505],
[1672925400.0, 0.91047875],
[1673011800.0, 0.9018655],
[1673098200.0, 0.9260807500000001],
[1673184600.0, 0.9204205000000001],
[1673271000.0, 0.9666064999999999],
[1673357400.0, 0.9674112500000001],
[1673443800.0, 1.0035877500000001],
[1673530200.0, 1.0169899999999998],
[1673616600.0, 1.0348997500000001],
[1673703000.0, 1.01368075],
[1673789400.0, 1.0507315],
[1673875800.0, 1.09203425],
[1673962200.0, 1.06338125],
[1674048600.0, 1.0738045],
[1674135000.0, 1.089628],
[1674221400.0, 1.11076525],
[1674307800.0, 1.1105575],
[1674394200.0, 1.1880259999999998],
[1674480600.0, 1.1676065],
[1674567000.0, 1.1960575],
[1674653400.0, 1.17607925],
[1674739800.0, 1.14689625],
[1674826200.0, 1.17508525],
[1674912600.0, 1.1071225],
[1674999000.0, 1.1825635],
[1675085400.0, 1.07277525],
[1675171800.0, 1.1238955000000002],
[1675258200.0, 1.1790357500000002],
[1675344600.0, 1.23262775],
[1675431000.0, 1.1735817499999999],
[1675517400.0, 1.16877025],
[1675603800.0, 1.1467685],
[1675690200.0, 1.1318955],
[1675776600.0, 1.12218575],
[1675863000.0, 1.1403245000000002],
[1675949400.0, 1.1403245000000002],
