[1635773400.0, 35.093333333333334],
[1635859800.0, 34.57333333333333],
[1635946200.0, 34.22666666666666],
[1636032600.0, 35.614444444444445],
[1636119000.0, 32.95777777777778],
[1636205400.0, 33.16333333333333],
[1636291800.0, 34.230000000000004],
[1636378200.0, 34.23111111111112],
[1636464600.0, 32.49222222222222],
[1636551000.0, 32.92333333333333],
[1636637400.0, 32.45444444444445],
[1636723800.0, 32.196666666666665],
[1636810200.0, 32.95],
[1636896600.0, 30.163333333333338],
[1636983000.0, 30.803333333333335],
[1637069400.0, 30.007777777777775],
[1637155800.0, 30.2411111111111],
[1637242200.0, 30.38444444444444],
[1637328600.0, 30.259999999999998],
[1637415000.0, 28.52111111111111],
[1637501400.0, 28.735555555555564],
[1637587800.0, 30.564444444444444],
[1637674200.0, 29.771111111111118],
[1637760600.0, 30.102222222222217],
[1637847000.0, 29.496666666666663],
[1637933400.0, 29.489999999999995],
[1638019800.0, 28.85111111111111],
[1638106200.0, 31.240000000000002],
[1638192600.0, 29.743333333333332],
[1638279000.0, 30.082222222222224],
[1638365400.0, 30.757777777777775],
[1638451800.0, 30.413333333333338],
[1638538200.0, 28.77777777777778],
[1638624600.0, 29.14222222222222],
[1638711000.0, 32.27222222222222],
[1638797400.0, 30.66666666666667],
[1638883800.0, 30.090000000000007],
[1638970200.0, 30.54111111111111],
[1639056600.0, 30.191111111111113],
[1639143000.0, 29.974444444444448],
[1639229400.0, 30.69111111111111],
[1639315800.0, 29.86888888888889],
[1639402200.0, 30.54222222222223],
[1639488600.0, 31.186666666666675],
[1639575000.0, 30.914444444444445],
[1639661400.0, 31.57333333333333],
[1639747800.0, 29.70444444444444],
[1639834200.0, 30.70777777777778],
[1639920600.0, 30.556666666666665],
[1640007000.0, 31.659999999999993],
[1640093400.0, 29.425555555555555],
[1640179800.0, 30.719999999999995],
[1640266200.0, 30.20888888888889],
[1640352600.0, 30.20111111111111],
[1640439000.0, 30.27444444444445],
[1640525400.0, 30.27777777777777],
[1640611800.0, 29.95777777777777],
[1640698200.0, 30.765555555555554],
[1640784600.0, 30.893333333333334],
[1640871000.0, 30.779999999999998],
[1640957400.0, 29.957777777777785],
[1641043800.0, 29.97555555555556],
[1641130200.0, 30.86888888888889],
[1641216600.0, 31.061111111111114],
[1641303000.0, 31.263333333333335],
[1641389400.0, 32.718888888888884],
[1641475800.0, 32.24888888888889],
[1641562200.0, 32.21333333333333],
[1641648600.0, 32.117777777777775],
[1641735000.0, 32.49888888888889],
[1641821400.0, 32.80555555555556],
[1641907800.0, 33.138888888888886],
[1641994200.0, 33.17333333333334],
[1642080600.0, 34.35333333333333],
[1642167000.0, 34.16777777777777],
[1642253400.0, 35.416666666666664],
[1642339800.0, 34.2],
[1642426200.0, 34.58111111111112],
[1642512600.0, 34.78555555555556],
[1642599000.0, 34.49111111111111],
[1642685400.0, 32.71111111111111],
[1642771800.0, 33.56777777777778],
[1642858200.0, 32.462222222222216],
[1642944600.0, 32.64666666666667],
[1643031000.0, 32.37111111111111],
[1643117400.0, 32.06666666666667],
[1643203800.0, 32.05222222222222],
[1643290200.0, 33.12],
[1643376600.0, 33.24],
[1643463000.0, 34.37777777777777],
[1643549400.0, 33.73],
[1643635800.0, 33.73],
[1643722200.0, 33.73],
[1643808600.0, 31.39888888888889],
[1643895000.0, 32.58222222222222],
[1643981400.0, 33.67777777777778],
[1644067800.0, 31.114444444444448],
[1644154200.0, 33.10333333333333],
[1644240600.0, 32.864444444444445],
[1644327000.0, 32.47555555555555],
[1644413400.0, 32.57666666666667],
[1644499800.0, 33.85555555555556],
[1644586200.0, 33.51222222222222],
[1644672600.0, 34.30111111111111],
[1644759000.0, 34.49111111111111],
[1644845400.0, 34.20444444444444],
[1644931800.0, 34.306666666666665],
[1645018200.0, 34.38444444444445],
[1645104600.0, 34.488888888888894],
[1645191000.0, 34.69111111111111],
[1645277400.0, 34.88333333333333],
[1645363800.0, 32.95777777777778],
[1645450200.0, 33.400000000000006],
[1645536600.0, 33.78333333333333],
[1645623000.0, 33.25888888888889],
[1645709400.0, 32.772222222222226],
[1645795800.0, 33.31111111111112],
[1645882200.0, 33.23555555555555],
[1645968600.0, 31.679999999999993],
[1646055000.0, 32.18222222222222],
[1646141400.0, 31.263333333333335],
[1646227800.0, 31.964444444444446],
[1646314200.0, 32.34777777777778],
[1646400600.0, 32.30666666666667],
[1646487000.0, 32.94111111111111],
[1646573400.0, 32.71333333333334],
[1646659800.0, 32.09444444444445],
[1646746200.0, 33.39111111111111],
[1646832600.0, 34.417777777777786],
[1646919000.0, 34.79555555555556],
[1647005400.0, 33.28666666666667],
[1647091800.0, 34.464444444444446],
[1647178200.0, 35.175555555555555],
[1647264600.0, 36.54111111111112],
[1647351000.0, 35.839999999999996],
[1647437400.0, 35.75666666666667],
[1647523800.0, 35.70777777777778],
[1647610200.0, 35.861111111111114],
[1647696600.0, 37.49666666666666],
[1647783000.0, 37.45333333333333],
[1647869400.0, 34.24666666666667],
[1647955800.0, 35.01222222222222],
[1648042200.0, 36.54888888888889],
[1648128600.0, 34.73222222222222],
[1648215000.0, 35.86333333333333],
[1648301400.0, 36.853333333333325],
[1648387800.0, 37.25888888888889],
[1648474200.0, 36.05888888888889],
[1648560600.0, 37.50666666666667],
[1648647000.0, 37.72333333333333],
[1648733400.0, 37.40555555555555],
[1648819800.0, 39.35222222222223],
[1648906200.0, 37.42111111111112],
[1648996200.0, 37.43777777777778],
[1649082600.0, 37.52],
[1649169000.0, 39.01888888888889],
[1649255400.0, 39.00333333333334],
[1649341800.0, 36.74666666666666],
[1649428200.0, 37.72666666666666],
[1649514600.0, 38.77444444444445],
[1649601000.0, 38.29888888888888],
[1649687400.0, 38.57555555555555],
[1649773800.0, 37.82],
[1649860200.0, 38.70444444444444],
[1649946600.0, 39.081111111111106],
[1650033000.0, 40.058888888888895],
[1650119400.0, 42.75222222222222],
[1650205800.0, 41.02444444444444],
[1650292200.0, 39.35222222222222],
[1650378600.0, 40.402222222222214],
[1650465000.0, 39.38111111111111],
[1650551400.0, 39.38111111111111],
[1650637800.0, 39.38111111111111],
[1650724200.0, 39.52777777777777],
[1650810600.0, 42.1],
[1650897000.0, 41.80333333333333],
[1650983400.0, 40.07444444444444],
[1651069800.0, 40.114444444444445],
[1651156200.0, 39.672222222222224],
[1651242600.0, 41.598888888888894],
[1651329000.0, 41.54222222222222],
[1651415400.0, 40.379999999999995],
[1651501800.0, 39.833333333333336],
[1651588200.0, 41.07444444444444],
[1651674600.0, 39.553333333333335],
[1651761000.0, 38.34555555555555],
[1651847400.0, 39.21000000000001],
[1651933800.0, 37.437777777777775],
[1652020200.0, 39.11666666666667],
[1652106600.0, 40.41555555555556],
[1652193000.0, 39.35444444444445],
[1652279400.0, 37.86222222222222],
[1652365800.0, 38.67666666666667],
[1652452200.0, 39.461111111111116],
[1652538600.0, 40.42888888888889],
[1652625000.0, 37.92333333333333],
[1652711400.0, 37.79666666666665],
[1652797800.0, 37.623333333333335],
[1652884200.0, 38.730000000000004],
[1652970600.0, 36.742222222222225],
[1653057000.0, 37.03],
[1653143400.0, 36.22],
[1653229800.0, 36.120000000000005],
[1653316200.0, 35.21555555555556],
[1653402600.0, 35.00555555555555],
[1653489000.0, 35.10333333333333],
[1653575400.0, 35.82777777777778],
[1653661800.0, 35.09222222222222],
[1653748200.0, 34.845555555555556],
[1653834600.0, 36.78666666666667],
[1653921000.0, 36.726666666666674],
[1654007400.0, 36.75555555555556],
[1654093800.0, 36.82333333333333],
[1654180200.0, 35.04333333333333],
[1654266600.0, 33.84444444444445],
[1654353000.0, 33.702222222222225],
[1654439400.0, 33.84777777777778],
[1654525800.0, 33.48111111111112],
[1654612200.0, 33.04333333333333],
[1654698600.0, 32.68111111111111],
[1654785000.0, 34.07222222222222],
[1654871400.0, 33.882222222222225],
[1654957800.0, 33.02111111111111],
[1655044200.0, 33.55222222222222],
[1655130600.0, 33.93888888888889],
[1655217000.0, 34.01777777777778],
[1655303400.0, 33.16444444444445],
[1655389800.0, 34.49777777777778],
[1655476200.0, 33.33333333333334],
[1655562600.0, 32.63999999999999],
[1655649000.0, 30.496666666666663],
[1655735400.0, 31.801111111111116],
[1655821800.0, 30.991111111111113],
[1655908200.0, 31.13555555555556],
[1655994600.0, 32.54666666666666],
[1656081000.0, 32.022222222222226],
[1656167400.0, 31.64222222222222],
[1656253800.0, 35.74777777777777],
[1656340200.0, 30.59777777777777],
[1656426600.0, 34.19444444444444],
[1656513000.0, 33.21111111111111],
[1656599400.0, 33.38666666666667],
[1656685800.0, 34.05333333333333],
[1656772200.0, 33.29777777777778],
[1656858600.0, 32.10333333333333],
[1656945000.0, 33.52777777777778],
[1657031400.0, 31.307777777777776],
[1657117800.0, 31.81555555555555],
[1657204200.0, 32.40444444444445],
[1657290600.0, 30.998888888888885],
[1657377000.0, 30.667777777777783],
[1657463400.0, 31.352222222222224],
[1657549800.0, 31.300000000000004],
[1657636200.0, 31.463333333333335],
[1657722600.0, 30.535555555555554],
[1657809000.0, 31.239999999999995],
[1657895400.0, 32.94222222222223],
[1657981800.0, 32.86666666666667],
[1658068200.0, 33.471111111111114],
[1658154600.0, 33.99],
[1658241000.0, 32.026666666666664],
[1658327400.0, 33.18888888888888],
[1658413800.0, 31.943333333333342],
[1658500200.0, 31.90222222222222],
[1658586600.0, 32.107777777777784],
[1658673000.0, 31.028888888888883],
[1658759400.0, 31.438888888888886],
[1658845800.0, 32.36999999999999],
[1658932200.0, 32.28222222222222],
[1659018600.0, 33.13444444444444],
[1659105000.0, 31.80555555555556],
[1659191400.0, 32.23777777777778],
[1659277800.0, 33.22888888888888],
[1659364200.0, 32.91222222222222],
[1659450600.0, 33.43111111111111],
[1659537000.0, 35.98444444444445],
[1659623400.0, 35.71333333333334],
[1659709800.0, 34.67111111111111],
[1659796200.0, 35.50111111111111],
[1659882600.0, 34.52666666666667],
[1659969000.0, 35.50888888888888],
[1660055400.0, 33.89111111111111],
[1660141800.0, 34.124444444444435],
[1660228200.0, 34.99111111111111],
[1660314600.0, 32.18222222222223],
[1660401000.0, 32.18222222222223],
[1660487400.0, 32.18222222222223],
[1660573800.0, 32.18222222222223],
[1660660200.0, 32.31666666666666],
[1660746600.0, 32.88777777777778],
[1660833000.0, 31.736666666666665],
[1660919400.0, 32.87555555555555],
[1661005800.0, 33.23888888888889],
[1661092200.0, 32.03777777777778],
[1661178600.0, 32.596666666666664],
[1661265000.0, 33.423333333333325],
[1661351400.0, 33.38777777777778],
[1661437800.0, 33.597777777777786],
[1661524200.0, 30.413333333333338],
[1661610600.0, 30.737777777777776],
[1661697000.0, 30.914444444444445],
[1661783400.0, 29.959999999999994],
[1661869800.0, 30.536666666666672],
[1661956200.0, 31.290000000000006],
[1662042600.0, 31.84111111111112],
[1662129000.0, 31.413333333333338],
[1662215400.0, 30.83777777777778],
[1662301800.0, 30.603333333333335],
[1662388200.0, 31.893333333333334],
[1662474600.0, 31.568888888888896],
[1662561000.0, 30.04111111111111],
[1662647400.0, 29.831111111111106],
[1662733800.0, 28.444444444444443],
[1662820200.0, 29.68666666666666],
[1662906600.0, 30.535555555555547],
[1662993000.0, 30.64444444444444],
[1663079400.0, 30.326666666666668],
[1663165800.0, 28.651111111111113],
[1663252200.0, 29.58888888888889],
[1663338600.0, 30.79888888888889],
[1663425000.0, 30.247777777777774],
[1663511400.0, 31.333333333333332],
[1663597800.0, 31.00333333333333],
[1663684200.0, 29.432222222222222],
[1663770600.0, 30.15555555555555],
[1663857000.0, 30.826666666666668],
[1663943400.0, 30.715555555555554],
[1664029800.0, 30.79555555555556],
[1664116200.0, 30.830000000000002],
[1664202600.0, 30.26666666666667],
[1664289000.0, 30.373333333333335],
[1664375400.0, 30.276666666666667],
[1664461800.0, 30.34111111111111],
[1664548200.0, 30.314444444444447],
[1664634600.0, 32.041111111111114],
[1664717400.0, 31.02],
[1664803800.0, 31.756666666666668],
[1664890200.0, 32.61222222222222],
[1664976600.0, 32.84777777777778],
[1665063000.0, 33.16777777777778],
[1665149400.0, 32.47555555555556],
[1665235800.0, 33.74666666666667],
[1665322200.0, 33.18111111111111],
[1665408600.0, 33.254444444444445],
[1665495000.0, 33.25111111111111],
[1665581400.0, 31.79888888888889],
[1665667800.0, 31.77444444444445],
[1665754200.0, 31.85555555555556],
[1665840600.0, 32.906666666666666],
[1665927000.0, 33.02111111111111],
[1666013400.0, 32.86555555555556],
[1666099800.0, 31.99666666666667],
[1666186200.0, 33.132222222222225],
[1666272600.0, 33.156666666666666],
[1666359000.0, 32.71555555555555],
[1666445400.0, 32.28888888888889],
[1666531800.0, 32.47222222222223],
[1666618200.0, 31.500000000000007],
[1666704600.0, 31.575555555555557],
[1666791000.0, 32],
[1666877400.0, 32.29666666666666],
[1666963800.0, 31.32666666666666],
[1667050200.0, 31.753333333333337],
[1667136600.0, 32.46333333333334],
[1667223000.0, 31.67777777777778],
[1667309400.0, 33.02333333333333],
[1667395800.0, 32.74444444444444],
[1667482200.0, 33.306666666666665],
[1667568600.0, 34.49222222222222],
[1667655000.0, 34.0611111111111],
[1667741400.0, 34.50666666666667],
[1667827800.0, 34.27444444444445],
[1667914200.0, 34.276666666666664],
[1668000600.0, 34.82555555555555],
[1668087000.0, 34.82555555555555],
[1668173400.0, 35.10222222222222],
[1668259800.0, 35.392222222222216],
[1668346200.0, 34.288888888888884],
[1668432600.0, 34.294444444444444],
[1668519000.0, 34.436666666666675],
[1668605400.0, 34.21444444444444],
[1668691800.0, 34.385555555555555],
[1668778200.0, 35.614444444444445],
[1668864600.0, 35.02666666666667],
[1668951000.0, 35.01777777777778],
[1669037400.0, 35.431111111111115],
[1669123800.0, 35.428888888888885],
[1669210200.0, 34.394444444444446],
[1669296600.0, 33.11333333333333],
[1669383000.0, 34.23111111111112],
[1669469400.0, 32.52444444444445],
[1669555800.0, 31.96888888888889],
[1669642200.0, 30.462222222222223],
[1669728600.0, 31.531111111111116],
[1669815000.0, 30.543333333333337],
[1669901400.0, 31.772222222222222],
[1669987800.0, 31.647777777777783],
[1670074200.0, 32.20555555555555],
[1670160600.0, 32.10333333333333],
[1670247000.0, 32.89111111111111],
[1670333400.0, 32.667777777777786],
[1670419800.0, 33.06333333333333],
[1670506200.0, 32.91555555555556],
[1670592600.0, 31.748888888888896],
[1670679000.0, 31.754444444444445],
[1670765400.0, 32.646666666666675],
[1670851800.0, 33.378888888888895],
[1670938200.0, 32.742222222222225],
[1671024600.0, 33.00666666666667],
[1671111000.0, 33.278888888888886],
[1671197400.0, 33.05555555555556],
[1671283800.0, 32.68222222222223],
[1671370200.0, 32.544444444444444],
[1671456600.0, 31.491111111111113],
[1671543000.0, 31.286666666666665],
[1671629400.0, 32.687777777777775],
[1671715800.0, 31.757777777777775],
[1671802200.0, 33.38333333333334],
[1671888600.0, 30.82],
[1671975000.0, 31.44888888888889],
[1672061400.0, 32.42666666666666],
[1672147800.0, 30.542222222222215],
[1672234200.0, 31.542222222222215],
[1672320600.0, 31.61333333333333],
[1672407000.0, 30.101111111111113],
[1672493400.0, 30.759999999999998],
[1672579800.0, 29.772222222222222],
[1672666200.0, 29.549999999999997],
[1672752600.0, 30.50555555555555],
[1672839000.0, 30.663333333333338],
[1672925400.0, 30.731111111111108],
[1673011800.0, 31.903333333333332],
[1673098200.0, 33.519999999999996],
[1673184600.0, 34.266666666666666],
[1673271000.0, 34.04444444444445],
[1673357400.0, 33.55222222222223],
[1673443800.0, 33.73222222222223],
[1673530200.0, 33.93777777777778],
[1673616600.0, 33.55444444444444],
[1673703000.0, 33.5388888888889],
[1673789400.0, 33.238888888888894],
[1673875800.0, 33.77555555555555],
[1673962200.0, 34.71222222222222],
[1674048600.0, 35.18444444444444],
[1674135000.0, 34.044444444444444],
[1674221400.0, 33.96999999999999],
[1674307800.0, 33.96],
[1674394200.0, 34.129999999999995],
[1674480600.0, 34.15666666666666],
[1674567000.0, 34.010000000000005],
[1674653400.0, 34.617777777777775],
[1674739800.0, 33.080000000000005],
[1674826200.0, 33.361111111111114],
[1674912600.0, 34.21555555555556],
[1674999000.0, 33.95777777777778],
[1675085400.0, 33.95],
[1675171800.0, 34.153333333333336],
[1675258200.0, 34.14444444444445],
[1675344600.0, 34.12111111111111],
[1675431000.0, 35.041111111111114],
[1675517400.0, 35.75222222222222],
[1675603800.0, 36.525555555555556],
[1675690200.0, 34.18000000000001],
[1675776600.0, 34.83555555555555],
[1675863000.0, 34.83555555555555],
[1675949400.0, 34.83555555555555],
