[1635773400.0, 0.6548015752802182],
[1635859800.0, 0.6981787920301873],
[1635946200.0, 0.6998502267821194],
[1636032600.0, 0.6806501566011154],
[1636119000.0, 0.6217486994797918],
[1636205400.0, 0.6242580365479523],
[1636291800.0, 0.6897442366141686],
[1636378200.0, 0.6837213887544586],
[1636464600.0, 0.6564717190832356],
[1636551000.0, 0.670760265931887],
[1636637400.0, 0.6479553396099929],
[1636723800.0, 0.639944333345028],
[1636810200.0, 0.6578621960644432],
[1636896600.0, 0.6626482276267684],
[1636983000.0, 0.6402292826333166],
[1637069400.0, 0.6640573975790548],
[1637155800.0, 0.6071890667960534],
[1637242200.0, 0.6131847692983063],
[1637328600.0, 0.6724207457038277],
[1637415000.0, 0.6482815311123519],
[1637501400.0, 0.6788722742641402],
[1637587800.0, 0.6881659056316591],
[1637674200.0, 0.6760651153374079],
[1637760600.0, 0.670512724457431],
[1637847000.0, 0.6669210419210418],
[1637933400.0, 0.6673153235653234],
[1638019800.0, 0.6858217803106853],
[1638106200.0, 0.6331458795997804],
[1638192600.0, 0.6388179485281418],
[1638279000.0, 0.7045034055098099],
[1638365400.0, 0.7009113086957398],
[1638451800.0, 0.6215456477117457],
[1638538200.0, 0.6741205556229202],
[1638624600.0, 0.6203086419753086],
[1638711000.0, 0.6653148148148148],
[1638797400.0, 0.6795654792296716],
[1638883800.0, 0.6839683013362514],
[1638970200.0, 0.6817700732326221],
[1639056600.0, 0.7260061705336266],
[1639143000.0, 0.6764410537297862],
[1639229400.0, 0.6943041276255753],
[1639315800.0, 0.6828158458244111],
[1639402200.0, 0.6277649073026478],
[1639488600.0, 0.6419723135718608],
[1639575000.0, 0.6872932195316624],
[1639661400.0, 0.6649170566774192],
[1639747800.0, 0.6295224090923016],
[1639834200.0, 0.6485436053337288],
[1639920600.0, 0.6448201914579355],
[1640007000.0, 0.6872245704102573],
[1640093400.0, 0.6430390767675521],
[1640179800.0, 0.7265703778474184],
[1640266200.0, 0.7174363088521363],
[1640352600.0, 0.5983595364247126],
[1640439000.0, 0.64376222763779],
[1640525400.0, 0.6321354033598567],
[1640611800.0, 0.627106226359552],
[1640698200.0, 0.6505560202164845],
[1640784600.0, 0.6472142518876821],
[1640871000.0, 0.6325225886911593],
[1640957400.0, 0.634517940035175],
[1641043800.0, 0.636626794793022],
[1641130200.0, 0.6521168689807346],
[1641216600.0, 0.6590210584797549],
[1641303000.0, 0.6532211450449936],
[1641389400.0, 0.6789605215134321],
[1641475800.0, 0.6739600344710465],
[1641562200.0, 0.6755326930442458],
[1641648600.0, 0.7231881954180281],
[1641735000.0, 0.7427671155645978],
[1641821400.0, 0.6485723025770374],
[1641907800.0, 0.7233252351789582],
[1641994200.0, 0.7240607801831382],
[1642080600.0, 0.6530030141177633],
[1642167000.0, 0.6496620498049809],
[1642253400.0, 0.6979590508640351],
[1642339800.0, 0.6409409906332073],
[1642426200.0, 0.6693459051907964],
[1642512600.0, 0.6567027045248042],
[1642599000.0, 0.6652302136911655],
[1642685400.0, 0.6172698593502602],
[1642771800.0, 0.6658292520534034],
[1642858200.0, 0.6115642579085877],
[1642944600.0, 0.617565586240688],
[1643031000.0, 0.5742152513574674],
[1643117400.0, 0.5763279612107032],
[1643203800.0, 0.599795739743834],
[1643290200.0, 0.6325078729318108],
[1643376600.0, 0.6186510263061603],
[1643463000.0, 0.607892324227943],
[1643549400.0, 0.6698604968088605],
[1643635800.0, 0.6698604968088605],
[1643722200.0, 0.6698604968088605],
[1643808600.0, 0.6558209459345984],
[1643895000.0, 0.6861268783507996],
[1643981400.0, 0.6985572187869018],
[1644067800.0, 0.7011429917129166],
[1644154200.0, 0.6484320054185857],
[1644240600.0, 0.6420252919840583],
[1644327000.0, 0.6908123249631618],
[1644413400.0, 0.6832634052015168],
[1644499800.0, 0.5799610421232043],
[1644586200.0, 0.6087883909988846],
[1644672600.0, 0.6371534239615274],
[1644759000.0, 0.6767972567938778],
[1644845400.0, 0.631868748633783],
[1644931800.0, 0.5993900370870796],
[1645018200.0, 0.6189088345541456],
[1645104600.0, 0.6308950326386709],
[1645191000.0, 0.6437672967084732],
[1645277400.0, 0.6618029794500382],
[1645363800.0, 0.5999175593099492],
[1645450200.0, 0.606798007624454],
[1645536600.0, 0.610008188365836],
[1645623000.0, 0.6034017925279769],
[1645709400.0, 0.69566878232252],
[1645795800.0, 0.6790195497264522],
[1645882200.0, 0.6755383864771891],
[1645968600.0, 0.6530076394288323],
[1646055000.0, 0.6306581097123783],
[1646141400.0, 0.6168272114604283],
[1646227800.0, 0.6545030864197531],
[1646314200.0, 0.6764958955903504],
[1646400600.0, 0.6320556758056759],
[1646487000.0, 0.612401242179294],
[1646573400.0, 0.6547206165703275],
[1646659800.0, 0.6526007217726539],
[1646746200.0, 0.6809635907093534],
[1646832600.0, 0.6611146930295869],
[1646919000.0, 0.6450170940170941],
[1647005400.0, 0.5886113950959868],
[1647091800.0, 0.6632974987201924],
[1647178200.0, 0.5911773647409085],
[1647264600.0, 0.6277654034045669],
[1647351000.0, 0.6199184367400521],
[1647437400.0, 0.6223856997373639],
[1647523800.0, 0.6177480805102434],
[1647610200.0, 0.6077956821351989],
[1647696600.0, 0.6465786005849644],
[1647783000.0, 0.646551585579504],
[1647869400.0, 0.6051658047176984],
[1647955800.0, 0.6853015412706084],
[1648042200.0, 0.6411373132214433],
[1648128600.0, 0.6151361679721637],
[1648215000.0, 0.58099847683181],
[1648301400.0, 0.6448835099316288],
[1648387800.0, 0.5881829559231883],
[1648474200.0, 0.5773988509962108],
[1648560600.0, 0.5920815851499771],
[1648647000.0, 0.6172713478416486],
[1648733400.0, 0.5988271851950656],
[1648819800.0, 0.6143454345434544],
[1648906200.0, 0.6683847949755024],
[1648996200.0, 0.6295391819394053],
[1649082600.0, 0.6946452064858955],
[1649169000.0, 0.6564160971905847],
[1649255400.0, 0.6900257506026735],
[1649341800.0, 0.703237118182345],
[1649428200.0, 0.6789166141984512],
[1649514600.0, 0.6864820002074905],
[1649601000.0, 0.680260486307136],
[1649687400.0, 0.6858586854151608],
[1649773800.0, 0.6381250779398928],
[1649860200.0, 0.6859040590405903],
[1649946600.0, 0.6911678791887125],
[1650033000.0, 0.6633523613450621],
[1650119400.0, 0.7050601388226567],
[1650205800.0, 0.7786537350093916],
[1650292200.0, 0.6742050593746126],
[1650378600.0, 0.8099782655395072],
[1650465000.0, 0.7414766729997889],
[1650551400.0, 0.7414766729997889],
[1650637800.0, 0.7414766729997889],
[1650724200.0, 0.6159087564385576],
[1650810600.0, 0.7140019513036542],
[1650897000.0, 0.6396476871061934],
[1650983400.0, 0.6959643057273659],
[1651069800.0, 0.7266371009628829],
[1651156200.0, 0.6146756400336745],
[1651242600.0, 0.610751231353289],
[1651329000.0, 0.5647178763282752],
[1651415400.0, 0.5298875477148457],
[1651501800.0, 0.6956832360093389],
[1651588200.0, 0.6891158883443058],
[1651674600.0, 0.640121799652001],
[1651761000.0, 0.5719030951890742],
[1651847400.0, 0.5801913215514201],
[1651933800.0, 0.5798631190877382],
[1652020200.0, 0.6356217643990273],
[1652106600.0, 0.6516554539050696],
[1652193000.0, 0.6383290294651488],
[1652279400.0, 0.7780368166905951],
[1652365800.0, 0.7899455830743047],
[1652452200.0, 0.8038285251643275],
[1652538600.0, 0.7908819456069724],
[1652625000.0, 0.7569076875421581],
[1652711400.0, 0.751669744456101],
[1652797800.0, 0.7494123681831478],
[1652884200.0, 0.6793127390049936],
[1652970600.0, 0.6913934948309876],
[1653057000.0, 0.7005983717197611],
[1653143400.0, 0.6761920005924495],
[1653229800.0, 0.6756557152576878],
[1653316200.0, 0.6385226214681468],
[1653402600.0, 0.6270428239282276],
[1653489000.0, 0.7426083473052614],
[1653575400.0, 0.6445768677615733],
[1653661800.0, 0.6553004427141188],
[1653748200.0, 0.7276372836062864],
[1653834600.0, 0.7019276503665806],
[1653921000.0, 0.7098019390432408],
[1654007400.0, 0.7777984944365554],
[1654093800.0, 0.7632208797896785],
[1654180200.0, 0.7338486374244377],
[1654266600.0, 0.7637952067125136],
[1654353000.0, 0.653836145806903],
[1654439400.0, 0.6877882667760511],
[1654525800.0, 0.6803421307742821],
[1654612200.0, 0.6674628827076206],
[1654698600.0, 0.62829238026565],
[1654785000.0, 0.7270975497891426],
[1654871400.0, 0.6579974265772784],
[1654957800.0, 0.6556824563922095],
[1655044200.0, 0.6608792293145349],
[1655130600.0, 0.6594736750373207],
[1655217000.0, 0.6510960062249003],
[1655303400.0, 0.6492176688275304],
[1655389800.0, 0.6044874014210253],
[1655476200.0, 0.6753960252412681],
[1655562600.0, 0.5810904009820975],
[1655649000.0, 0.5484269037768664],
[1655735400.0, 0.6048891424257526],
[1655821800.0, 0.5837390005368],
[1655908200.0, 0.6497759045332581],
[1655994600.0, 0.7396142145785461],
[1656081000.0, 0.6552782836338802],
[1656167400.0, 0.6702940383722359],
[1656253800.0, 0.7348387540751836],
[1656340200.0, 0.6018044307079607],
[1656426600.0, 0.7226875663420204],
[1656513000.0, 0.7277486983144544],
[1656599400.0, 0.6748557380269231],
[1656685800.0, 0.7299853001760239],
[1656772200.0, 0.7034010446441721],
[1656858600.0, 0.6845700128467304],
[1656945000.0, 0.6951652135349864],
[1657031400.0, 0.740998953483493],
[1657117800.0, 0.7455518812559135],
[1657204200.0, 0.7214435430526146],
[1657290600.0, 0.7108075676265498],
[1657377000.0, 0.7053569742437716],
[1657463400.0, 0.64075369561318],
[1657549800.0, 0.7077386513328865],
[1657636200.0, 0.7025339660160935],
[1657722600.0, 0.6586046389605683],
[1657809000.0, 0.6520028971986368],
[1657895400.0, 0.6687150581522276],
[1657981800.0, 0.6584139337562895],
[1658068200.0, 0.6792653355492396],
[1658154600.0, 0.6869177020545991],
[1658241000.0, 0.6607686154636447],
[1658327400.0, 0.6791889857879222],
[1658413800.0, 0.700390976282535],
[1658500200.0, 0.6797587961614199],
[1658586600.0, 0.6911013405634837],
[1658673000.0, 0.6765339672080561],
[1658759400.0, 0.6964972736275962],
[1658845800.0, 0.6897094138965002],
[1658932200.0, 0.714737317433909],
[1659018600.0, 0.702929850404328],
[1659105000.0, 0.6650346402123091],
[1659191400.0, 0.747826179171747],
[1659277800.0, 0.755528104740328],
[1659364200.0, 0.7405444171881715],
[1659450600.0, 0.7638940283761921],
[1659537000.0, 0.8013290107458413],
[1659623400.0, 0.7961299966658643],
[1659709800.0, 0.7399060595916911],
[1659796200.0, 0.7719570393314078],
[1659882600.0, 0.7834750175713256],
[1659969000.0, 0.7915379072995743],
[1660055400.0, 0.7599804438406635],
[1660141800.0, 0.7654172680535699],
[1660228200.0, 0.78925014232438],
[1660314600.0, 0.6855367168882545],
[1660401000.0, 0.6855367168882545],
[1660487400.0, 0.6855367168882545],
[1660573800.0, 0.6855367168882545],
[1660660200.0, 0.6816735975866683],
[1660746600.0, 0.679318929813848],
[1660833000.0, 0.6486213043526086],
[1660919400.0, 0.6561529625802422],
[1661005800.0, 0.680698378338088],
[1661092200.0, 0.6570513334595884],
[1661178600.0, 0.6997972293943046],
[1661265000.0, 0.7153014611749451],
[1661351400.0, 0.8064438041493853],
[1661437800.0, 0.7145543227056299],
[1661524200.0, 0.6677732872732268],
[1661610600.0, 0.673814886485402],
[1661697000.0, 0.6547119657649867],
[1661783400.0, 0.6537000681313249],
[1661869800.0, 0.6771317113864143],
[1661956200.0, 0.6657854454073887],
[1662042600.0, 0.6579268800358952],
[1662129000.0, 0.6491691884429039],
[1662215400.0, 0.6388922000342264],
[1662301800.0, 0.6442407629773381],
[1662388200.0, 0.6617645455812589],
[1662474600.0, 0.655319488007348],
[1662561000.0, 0.6613127237639674],
[1662647400.0, 0.6532736315403661],
[1662733800.0, 0.6471026681545363],
[1662820200.0, 0.6828886111784432],
[1662906600.0, 0.6938863388427421],
[1662993000.0, 0.6786789504787474],
[1663079400.0, 0.6679597616068614],
[1663165800.0, 0.6541049454269863],
[1663252200.0, 0.6654533954265673],
[1663338600.0, 0.6860643674140374],
[1663425000.0, 0.6779527233513885],
[1663511400.0, 0.6946602217905012],
[1663597800.0, 0.6914594877973166],
[1663684200.0, 0.6657221854530241],
[1663770600.0, 0.6559713738882756],
[1663857000.0, 0.8756671969851858],
[1663943400.0, 0.8746799511431546],
[1664029800.0, 0.7790179709688415],
[1664116200.0, 0.7420662075559562],
[1664202600.0, 0.7878457734294739],
[1664289000.0, 0.7385475434763568],
[1664375400.0, 0.7331041154802485],
[1664461800.0, 0.7486950353316608],
[1664548200.0, 0.7521351697345275],
[1664634600.0, 0.7646188047205911],
[1664717400.0, 0.753185885804964],
[1664803800.0, 0.7648519507622169],
[1664890200.0, 0.7722084475765034],
[1664976600.0, 0.7796706385522371],
[1665063000.0, 0.7887903840016726],
[1665149400.0, 0.7803487709245883],
[1665235800.0, 0.7996880856540066],
[1665322200.0, 0.793989212903736],
[1665408600.0, 0.7855917712192663],
[1665495000.0, 0.7914073283354925],
[1665581400.0, 0.7596631151562049],
[1665667800.0, 0.7269717661658255],
[1665754200.0, 0.7466398193942463],
[1665840600.0, 0.7470676640429256],
[1665927000.0, 0.7529978090506702],
[1666013400.0, 0.7395345416530384],
[1666099800.0, 0.6493389196254513],
[1666186200.0, 0.7136350449666377],
[1666272600.0, 0.7105920022586689],
[1666359000.0, 0.7042234542234541],
[1666445400.0, 0.6729951932891635],
[1666531800.0, 0.6742510006248106],
[1666618200.0, 0.6748670072945014],
[1666704600.0, 0.647332278233407],
[1666791000.0, 0.6940922948408885],
[1666877400.0, 0.6983323981845253],
[1666963800.0, 0.626547517214977],
[1667050200.0, 0.6291594262365984],
[1667136600.0, 0.6425934471619751],
[1667223000.0, 0.628635480581335],
[1667309400.0, 0.6398348638360837],
[1667395800.0, 0.6367315012481222],
[1667482200.0, 0.6438531395073025],
[1667568600.0, 0.659503628513164],
[1667655000.0, 0.697579637250419],
[1667741400.0, 0.650897782280761],
[1667827800.0, 0.6822491409241692],
[1667914200.0, 0.6822789182493314],
[1668000600.0, 0.6589802715859595],
[1668087000.0, 0.6573719095571573],
[1668173400.0, 0.6604011305206524],
[1668259800.0, 0.7612496585099323],
[1668346200.0, 0.685295681102809],
[1668432600.0, 0.6880341880341881],
[1668519000.0, 0.6610556013368128],
[1668605400.0, 0.7299547807274075],
[1668691800.0, 0.6595073915249763],
[1668778200.0, 0.7104539470454915],
[1668864600.0, 0.6724583543507586],
[1668951000.0, 0.6979588206537937],
[1669037400.0, 0.7031304111061081],
[1669123800.0, 0.6970579679041523],
[1669210200.0, 0.6791881321069559],
[1669296600.0, 0.8148694002237443],
[1669383000.0, 0.7656501248831724],
[1669469400.0, 0.8087426348856227],
[1669555800.0, 0.7279908466860752],
[1669642200.0, 0.7266835952260019],
[1669728600.0, 0.675576565262903],
[1669815000.0, 0.694500423313851],
[1669901400.0, 0.6983367849113501],
[1669987800.0, 0.6946698966083709],
[1670074200.0, 0.7025682779399227],
[1670160600.0, 0.6850927959597811],
[1670247000.0, 0.6966102955594002],
[1670333400.0, 0.6755188823933941],
[1670419800.0, 0.716665938589749],
[1670506200.0, 0.7147785546400021],
[1670592600.0, 0.692803532993078],
[1670679000.0, 0.6722997924466542],
[1670765400.0, 0.6922141728141579],
[1670851800.0, 0.7774166920777434],
[1670938200.0, 0.6922823971897477],
[1671024600.0, 0.6997480422661487],
[1671111000.0, 0.6850224269758151],
[1671197400.0, 0.6973416240565142],
[1671283800.0, 0.7170164681623492],
[1671370200.0, 0.6530329248848813],
[1671456600.0, 0.6783260216075084],
[1671543000.0, 0.6761979628507074],
[1671629400.0, 0.7016140894240318],
[1671715800.0, 0.7196133482438863],
[1671802200.0, 0.7395443175977088],
[1671888600.0, 0.6371145421919245],
[1671975000.0, 0.6899900356563063],
[1672061400.0, 0.7797720528697699],
[1672147800.0, 0.6857581663914696],
[1672234200.0, 0.7723190652946413],
[1672320600.0, 0.7035833604864034],
[1672407000.0, 0.6769529904928928],
[1672493400.0, 0.6967810070004815],
[1672579800.0, 0.6116103491005941],
[1672666200.0, 0.6638014092552426],
[1672752600.0, 0.7519600532785782],
[1672839000.0, 0.6973339238997537],
[1672925400.0, 0.6872108649324195],
[1673011800.0, 0.7190826529675239],
[1673098200.0, 0.8103503941511175],
[1673184600.0, 0.8229435419991784],
[1673271000.0, 0.824082483259091],
[1673357400.0, 0.6624831729311675],
[1673443800.0, 0.6737723064301759],
[1673530200.0, 0.7297613402306179],
[1673616600.0, 0.7271550730695743],
[1673703000.0, 0.6674165664892096],
[1673789400.0, 0.66355257885397],
[1673875800.0, 0.6702959528307286],
[1673962200.0, 0.6931418657998178],
[1674048600.0, 0.6685332579482518],
[1674135000.0, 0.6540073854097946],
[1674221400.0, 0.6528170984355718],
[1674307800.0, 0.6576563814282624],
[1674394200.0, 0.6592165167644908],
[1674480600.0, 0.6603630434975502],
[1674567000.0, 0.6601500789889416],
[1674653400.0, 0.6587897138845007],
[1674739800.0, 0.6406187312108073],
[1674826200.0, 0.6439993405868778],
[1674912600.0, 0.6556337136661108],
[1674999000.0, 0.67243403256265],
[1675085400.0, 0.6396545878010685],
[1675171800.0, 0.6424394528101568],
[1675258200.0, 0.6495492478160151],
[1675344600.0, 0.6582736464837216],
[1675431000.0, 0.666292383334184],
[1675517400.0, 0.6753318929095993],
[1675603800.0, 0.7132669807199612],
[1675690200.0, 0.658212682379349],
[1675776600.0, 0.6827796215630689],
[1675863000.0, 0.6827796215630689],
[1675949400.0, 0.6827796215630689],
