[1635773400.0, 0.8446351931330471],
[1635859800.0, 0.8518358531317495],
[1635946200.0, 0.846351931330472],
[1636032600.0, 0.8364806866952789],
[1636119000.0, 0.830901287553648],
[1636205400.0, 0.8309012875536482],
[1636291800.0, 0.8313978494623658],
[1636378200.0, 0.830967741935484],
[1636464600.0, 0.829677419354839],
[1636551000.0, 0.8275268817204302],
[1636637400.0, 0.8253763440860216],
[1636723800.0, 0.818924731182796],
[1636810200.0, 0.8206451612903227],
[1636896600.0, 0.8137634408602152],
[1636983000.0, 0.8141935483870969],
[1637069400.0, 0.8107526881720432],
[1637155800.0, 0.8012875536480687],
[1637242200.0, 0.8],
[1637328600.0, 0.8021551724137931],
[1637415000.0, 0.8162280701754385],
[1637501400.0, 0.8708624708624708],
[1637587800.0, 0.8755868544600939],
[1637674200.0, 0.8726840855106888],
[1637760600.0, 0.916826923076923],
[1637847000.0, 0.9210653753026636],
[1637933400.0, 0.9156097560975608],
[1638019800.0, 0.9136585365853658],
[1638106200.0, 0.9234567901234569],
[1638192600.0, 0.9283582089552238],
[1638279000.0, 0.9263157894736839],
[1638365400.0, 0.9318181818181818],
[1638451800.0, 0.7660944206008584],
[1638538200.0, 0.8759656652360512],
[1638624600.0, 0.8716738197424891],
[1638711000.0, 0.8830835117773019],
[1638797400.0, 0.8822269807280513],
[1638883800.0, 1.0553846153846154],
[1638970200.0, 1.0849104859335037],
[1639056600.0, 1.0772378516624042],
[1639143000.0, 0.901498929336188],
[1639229400.0, 0.9006423982869378],
[1639315800.0, 0.9186295503211992],
[1639402200.0, 0.9186295503211992],
[1639488600.0, 0.9186295503211992],
[1639575000.0, 0.9203426124197001],
[1639661400.0, 0.8692307692307694],
[1639747800.0, 0.9102564102564102],
[1639834200.0, 0.8653846153846154],
[1639920600.0, 0.864102564102564],
[1640007000.0, 1.3072649572649575],
[1640093400.0, 1.3623126338329763],
[1640179800.0, 1.3627408993576013],
[1640266200.0, 1.122250639386189],
[1640352600.0, 0.9391862955032121],
[1640439000.0, 1.0295774647887326],
[1640525400.0, 1.023943661971831],
[1640611800.0, 1.023943661971831],
[1640698200.0, 0.9596244131455398],
[1640784600.0, 0.9591549295774647],
[1640871000.0, 0.9544600938967136],
[1640957400.0, 0.8685224839400427],
[1641043800.0, 0.8675213675213677],
[1641130200.0, 0.8538461538461539],
[1641216600.0, 0.8547008547008548],
[1641303000.0, 0.8581196581196582],
[1641389400.0, 0.855982905982906],
[1641475800.0, 0.9282051282051283],
[1641562200.0, 1.3495726495726499],
[1641648600.0, 0.8978632478632479],
[1641735000.0, 0.8974358974358977],
[1641821400.0, 0.8935897435897437],
[1641907800.0, 0.8860813704496786],
[1641994200.0, 0.8826552462526764],
[1642080600.0, 0.8171306209850107],
[1642167000.0, 0.8141327623126338],
[1642253400.0, 0.8123931623931624],
[1642339800.0, 0.8094017094017095],
[1642426200.0, 0.8068230277185501],
[1642512600.0, 0.8046908315565031],
[1642599000.0, 0.802558635394456],
[1642685400.0, 0.8012765957446809],
[1642771800.0, 0.8017021276595744],
[1642858200.0, 0.8021321961620469],
[1642944600.0, 0.8149253731343284],
[1643031000.0, 0.8878980891719747],
[1643117400.0, 0.8874734607218683],
[1643203800.0, 0.8878980891719747],
[1643290200.0, 0.8912579957356077],
[1643376600.0, 0.8266409266409267],
[1643463000.0, 0.7945841392649902],
[1643549400.0, 0.8073500967117986],
[1643635800.0, 0.8073500967117986],
[1643722200.0, 0.8073500967117986],
[1643808600.0, 0.8034682080924854],
[1643895000.0, 0.8030828516377649],
[1643981400.0, 0.8023121387283236],
[1644067800.0, 0.8184971098265894],
[1644154200.0, 0.8146718146718147],
[1644240600.0, 0.8142581888246629],
[1644327000.0, 0.9886363636363634],
[1644413400.0, 0.9677272727272727],
[1644499800.0, 0.968181818181818],
[1644586200.0, 0.9672727272727271],
[1644672600.0, 0.9681093394077448],
[1644759000.0, 1.0223234624145785],
[1644845400.0, 1.0227272727272727],
[1644931800.0, 1.0226757369614512],
[1645018200.0, 1.0199095022624431],
[1645104600.0, 0.9868778280542985],
[1645191000.0, 0.983710407239819],
[1645277400.0, 1.0149321266968323],
[1645363800.0, 1.0343891402714933],
[1645450200.0, 1.010859728506787],
[1645536600.0, 1.0063205417607224],
[1645623000.0, 1.0067720090293453],
[1645709400.0, 1.0045146726862304],
[1645795800.0, 0.9855530474040634],
[1645882200.0, 0.9846501128668173],
[1645968600.0, 0.9850678733031673],
[1646055000.0, 1.0144144144144145],
[1646141400.0, 1.0203160270880363],
[1646227800.0, 1.019864559819413],
[1646314200.0, 1.019864559819413],
[1646400600.0, 1.018058690744921],
[1646487000.0, 1.0515837104072396],
[1646573400.0, 1.050678733031674],
[1646659800.0, 1.558465011286682],
[1646746200.0, 1.3176245210727968],
[1646832600.0, 1.2643678160919538],
[1646919000.0, 1.4812641083521447],
[1647005400.0, 1.4825396825396824],
[1647091800.0, 1.1505668934240363],
[1647178200.0, 1.15],
[1647264600.0, 1.1504545454545454],
[1647351000.0, 1.1243735763097948],
[1647437400.0, 1.140909090909091],
[1647523800.0, 1.2643990929705213],
[1647610200.0, 1.2518181818181817],
[1647696600.0, 1.2391799544419133],
[1647783000.0, 1.2405466970387242],
[1647869400.0, 1.2419134396355354],
[1647955800.0, 1.1986813186813188],
[1648042200.0, 1.2521739130434781],
[1648128600.0, 1.254712643678161],
[1648215000.0, 1.248259860788863],
[1648301400.0, 1.2266666666666668],
[1648387800.0, 1.213364055299539],
[1648474200.0, 1.2213457076566125],
[1648560600.0, 1.2162790697674417],
[1648647000.0, 1.2041763341067282],
[1648733400.0, 1.2027906976744185],
[1648819800.0, 1.1592592592592594],
[1648906200.0, 1.170754716981132],
[1648996200.0, 0.6272959183673469],
[1649082600.0, 1.1196347031963472],
[1649169000.0, 0.6219108280254778],
[1649255400.0, 1.1141552511415527],
[1649341800.0, 0.6180661577608142],
[1649428200.0, 1.0922374429223747],
[1649514600.0, 0.6078980891719746],
[1649601000.0, 0.6078980891719746],
[1649687400.0, 0.6078980891719746],
[1649773800.0, 0.6078980891719746],
[1649860200.0, 0.6076433121019109],
[1649946600.0, 0.5961734693877551],
[1650033000.0, 0.5936224489795919],
[1650119400.0, 0.7872413793103449],
[1650205800.0, 0.798961937716263],
[1650292200.0, 0.8041594454072789],
[1650378600.0, 0.8010398613518197],
[1650465000.0, 0.7926701570680628],
[1650551400.0, 0.7926701570680628],
[1650637800.0, 0.7926701570680628],
[1650724200.0, 0.796028880866426],
[1650810600.0, 0.7898916967509025],
[1650897000.0, 0.7833935018050543],
[1650983400.0, 0.782608695652174],
[1651069800.0, 0.7938294010889293],
[1651156200.0, 0.7962476547842403],
[1651242600.0, 0.9386313465783663],
[1651329000.0, 0.9353982300884957],
[1651415400.0, 0.9552106430155213],
[1651501800.0, 0.947787610619469],
[1651588200.0, 0.4047348484848485],
[1651674600.0, 0.5664021164021165],
[1651761000.0, 0.5889196675900278],
[1651847400.0, 0.6050139275766017],
[1651933800.0, 0.604469273743017],
[1652020200.0, 0.6050420168067226],
[1652106600.0, 0.5960618846694796],
[1652193000.0, 0.6036568213783403],
[1652279400.0, 0.723310810810811],
[1652365800.0, 0.7189097103918229],
[1652452200.0, 0.7304647160068847],
[1652538600.0, 0.7299999999999999],
[1652625000.0, 0.7673835125448029],
[1652711400.0, 0.7667262969588551],
[1652797800.0, 0.7640569395017792],
[1652884200.0, 0.8270270270270272],
[1652970600.0, 0.8188461538461538],
[1653057000.0, 0.8061302681992336],
[1653143400.0, 0.7953934740882918],
[1653229800.0, 0.9658536585365853],
[1653316200.0, 1.053658536585366],
[1653402600.0, 1.0443458980044344],
[1653489000.0, 1.0638392857142855],
[1653575400.0, 1.0624719101123596],
[1653661800.0, 1.0514541387024607],
[1653748200.0, 0.7162087912087912],
[1653834600.0, 0.8769747899159666],
[1653921000.0, 0.8777963272120202],
[1654007400.0, 1.1046979865771813],
[1654093800.0, 1.128716216216216],
[1654180200.0, 1.1449572649572646],
[1654266600.0, 1.1678632478632478],
[1654353000.0, 1.1634188034188033],
[1654439400.0, 1.0590443686006825],
[1654525800.0, 1.065529010238908],
[1654612200.0, 1.0639316239316237],
[1654698600.0, 1.115951972555746],
[1654785000.0, 1.1365351629502571],
[1654871400.0, 1.1287435456110155],
[1654957800.0, 0.5669803250641573],
[1655044200.0, 0.5675536480686695],
[1655130600.0, 0.7664864864864865],
[1655217000.0, 0.7743243243243243],
[1655303400.0, 0.7379032258064516],
[1655389800.0, 0.7393530997304582],
[1655476200.0, 0.7382949932341001],
[1655562600.0, 0.7500678426051561],
[1655649000.0, 0.7444897959183673],
[1655735400.0, 0.7459239130434783],
[1655821800.0, 0.7295081967213113],
[1655908200.0, 0.7269230769230769],
[1655994600.0, 0.760385144429161],
[1656081000.0, 0.7312154696132595],
[1656167400.0, 0.7872023809523812],
[1656253800.0, 0.775558867362146],
[1656340200.0, 0.8445765230312036],
[1656426600.0, 0.8455357142857144],
[1656513000.0, 0.7648809523809523],
[1656599400.0, 0.7651785714285715],
[1656685800.0, 0.7657228017883755],
[1656772200.0, 0.7648286140089418],
[1656858600.0, 0.7645305514157972],
[1656945000.0, 0.7645833333333334],
[1657031400.0, 0.7609538002980625],
[1657117800.0, 0.7594634873323398],
[1657204200.0, 0.7851190476190477],
[1657290600.0, 0.7782738095238096],
[1657377000.0, 0.7705357142857144],
[1657463400.0, 0.7758928571428573],
[1657549800.0, 0.7743283582089553],
[1657636200.0, 0.7718983557548581],
[1657722600.0, 0.7704035874439462],
[1657809000.0, 0.7684684684684684],
[1657895400.0, 0.7687218045112781],
[1657981800.0, 0.7654135338345865],
[1658068200.0, 0.8285714285714285],
[1658154600.0, 0.8284857571214393],
[1658241000.0, 0.8287856071964019],
[1658327400.0, 0.8264264264264264],
[1658413800.0, 0.8087218045112782],
[1658500200.0, 0.807218045112782],
[1658586600.0, 0.8118003025718609],
[1658673000.0, 0.9293706293706292],
[1658759400.0, 0.934622144112478],
[1658845800.0, 0.9431616341030195],
[1658932200.0, 0.9459074733096087],
[1659018600.0, 0.9524150268336318],
[1659105000.0, 0.9526881720430108],
[1659191400.0, 0.9602169981916816],
[1659277800.0, 0.9669090909090908],
[1659364200.0, 0.9700182815356487],
[1659450600.0, 0.9739449541284403],
[1659537000.0, 0.9684403669724772],
[1659623400.0, 0.9709023941068141],
[1659709800.0, 0.9776536312849162],
[1659796200.0, 0.9820224719101125],
[1659882600.0, 0.9857142857142858],
[1659969000.0, 1.0030131826741995],
[1660055400.0, 1.0045283018867923],
[1660141800.0, 1.0098298676748583],
[1660228200.0, 1.0182857142857142],
[1660314600.0, 1.0163809523809522],
[1660401000.0, 1.0163809523809522],
[1660487400.0, 1.0163809523809522],
[1660573800.0, 1.0163809523809522],
[1660660200.0, 0.8042553191489361],
[1660746600.0, 0.7966514459665144],
[1660833000.0, 0.7993883792048929],
[1660919400.0, 0.8],
[1661005800.0, 0.836055469953775],
[1661092200.0, 0.836055469953775],
[1661178600.0, 0.8364760432766616],
[1661265000.0, 0.9113013698630137],
[1661351400.0, 0.9101200686106345],
[1661437800.0, 0.9101200686106345],
[1661524200.0, 0.9122203098106715],
[1661610600.0, 0.8201863354037267],
[1661697000.0, 0.8211180124223603],
[1661783400.0, 0.81993769470405],
[1661869800.0, 0.8261682242990654],
[1661956200.0, 0.8245723172628305],
[1662042600.0, 0.8252336448598131],
[1662129000.0, 0.8717041800643087],
[1662215400.0, 0.9575757575757575],
[1662301800.0, 0.9551601423487545],
[1662388200.0, 0.9625899280575541],
[1662474600.0, 0.9634719710669077],
[1662561000.0, 0.9638336347197106],
[1662647400.0, 0.9641952983725133],
[1662733800.0, 0.9628828828828827],
[1662820200.0, 0.9631768953068592],
[1662906600.0, 0.9562724014336917],
[1662993000.0, 0.9535714285714286],
[1663079400.0, 0.9547576301615799],
[1663165800.0, 0.9714285714285713],
[1663252200.0, 0.9698529411764705],
[1663338600.0, 0.9683241252302026],
[1663425000.0, 0.9671586715867159],
[1663511400.0, 0.966420664206642],
[1663597800.0, 0.9406998158379374],
[1663684200.0, 0.9398523985239852],
[1663770600.0, 1.181447124304267],
[1663857000.0, 0.8067892503536067],
[1663943400.0, 0.8158273381294964],
[1664029800.0, 0.8224163027656478],
[1664116200.0, 0.8218658892128279],
[1664202600.0, 0.821021897810219],
[1664289000.0, 0.819298245614035],
[1664375400.0, 0.8177842565597667],
[1664461800.0, 0.8690962099125363],
[1664548200.0, 0.8072674418604651],
[1664634600.0, 0.8069767441860466],
[1664717400.0, 0.805232558139535],
[1664803800.0, 0.8049418604651162],
[1664890200.0, 0.8043604651162789],
[1664976600.0, 0.851453488372093],
[1665063000.0, 0.8485465116279068],
[1665149400.0, 0.8476744186046511],
[1665235800.0, 0.8395348837209302],
[1665322200.0, 0.8389534883720929],
[1665408600.0, 0.8377906976744187],
[1665495000.0, 0.8718181818181817],
[1665581400.0, 0.9085443037974683],
[1665667800.0, 0.9079113924050634],
[1665754200.0, 0.9080824088748021],
[1665840600.0, 0.9106518282988872],
[1665927000.0, 1.0703821656050954],
[1666013400.0, 1.183252818035427],
[1666099800.0, 1.2009708737864075],
[1666186200.0, 1.2404929577464787],
[1666272600.0, 1.2402826855123676],
[1666359000.0, 1.2402826855123676],
[1666445400.0, 1.7381625441696111],
[1666531800.0, 1.7381625441696111],
[1666618200.0, 1.8396226415094337],
[1666704600.0, 1.3754646840148699],
[1666791000.0, 1.371641791044776],
[1666877400.0, 1.3722846441947567],
[1666963800.0, 1.1812734082397005],
[1667050200.0, 1.1871939736346515],
[1667136600.0, 1.1825426944971535],
[1667223000.0, 1.1726235741444868],
[1667309400.0, 1.1442748091603054],
[1667395800.0, 1.2346555323590813],
[1667482200.0, 1.1347014925373133],
[1667568600.0, 1.045233644859813],
[1667655000.0, 0.9715887850467287],
[1667741400.0, 1.0003780718336484],
[1667827800.0, 0.9882575757575759],
[1667914200.0, 1.0669187145557657],
[1668000600.0, 1.0582560296846009],
[1668087000.0, 1.1169117647058824],
[1668173400.0, 1.0906422018348623],
[1668259800.0, 1.0587155963302752],
[1668346200.0, 1.0179159049360145],
[1668432600.0, 0.8921135646687697],
[1668519000.0, 0.9199999999999999],
[1668605400.0, 0.9067307692307692],
[1668691800.0, 0.8902711323763953],
[1668778200.0, 0.9032258064516128],
[1668864600.0, 0.9070967741935483],
[1668951000.0, 0.9228714524207012],
[1669037400.0, 0.9407534246575344],
[1669123800.0, 0.9312390924956369],
[1669210200.0, 0.9520572450805009],
[1669296600.0, 1.0191176470588235],
[1669383000.0, 0.8416666666666668],
[1669469400.0, 0.9169871794871796],
[1669555800.0, 1.13],
[1669642200.0, 1.1115384615384611],
[1669728600.0, 0.9847649918962724],
[1669815000.0, 0.9577557755775579],
[1669901400.0, 1.000986842105263],
[1669987800.0, 0.977814569536424],
[1670074200.0, 1.0688288288288288],
[1670160600.0, 1.0623423423423421],
[1670247000.0, 1.0910780669144982],
[1670333400.0, 0.9786184210526314],
[1670419800.0, 0.9708126036484245],
[1670506200.0, 0.957377049180328],
[1670592600.0, 0.9150078988941548],
[1670679000.0, 1.1431952662721894],
[1670765400.0, 0.9084375000000001],
[1670851800.0, 0.9038880248833592],
[1670938200.0, 0.9060653188180404],
[1671024600.0, 0.9017160686427456],
[1671111000.0, 0.9160063391442155],
[1671197400.0, 0.9071315372424722],
[1671283800.0, 0.911568938193344],
[1671370200.0, 1.0138297872340425],
[1671456600.0, 1.0212765957446808],
[1671543000.0, 1.0128342245989306],
[1671629400.0, 1.0179211469534049],
[1671715800.0, 1.0197841726618706],
[1671802200.0, 1.019424460431655],
[1671888600.0, 1.0212612612612613],
[1671975000.0, 1.0469314079422385],
[1672061400.0, 1.00508166969147],
[1672147800.0, 0.9955963302752293],
[1672234200.0, 1.0003683241252304],
[1672320600.0, 0.9376146788990828],
[1672407000.0, 0.9376146788990828],
[1672493400.0, 0.9393382352941178],
[1672579800.0, 1.0536489151873767],
[1672666200.0, 0.9645569620253165],
[1672752600.0, 0.9585585585585585],
[1672839000.0, 0.9589189189189188],
[1672925400.0, 0.9584973166368517],
[1673011800.0, 0.9584973166368517],
[1673098200.0, 0.8930000000000001],
[1673184600.0, 0.8920792079207922],
[1673271000.0, 0.8922314049586777],
[1673357400.0, 0.8914191419141917],
[1673443800.0, 0.8916256157635469],
[1673530200.0, 0.8519607843137256],
[1673616600.0, 0.8336601307189543],
[1673703000.0, 0.8562091503267975],
[1673789400.0, 0.8495081967213115],
[1673875800.0, 0.84983498349835],
[1673962200.0, 0.8496710526315787],
[1674048600.0, 0.8481848184818483],
[1674135000.0, 0.8479338842975207],
[1674221400.0, 0.8717355371900827],
[1674307800.0, 0.8124430955993932],
[1674394200.0, 0.8166919575113808],
[1674480600.0, 0.8157814871016693],
[1674567000.0, 0.813960546282246],
[1674653400.0, 0.8133535660091048],
[1674739800.0, 0.9948406676783005],
[1674826200.0, 0.9077625570776255],
[1674912600.0, 0.9059360730593609],
[1674999000.0, 0.996969696969697],
[1675085400.0, 0.971212121212121],
[1675171800.0, 0.9721633888048411],
[1675258200.0, 0.9918429003021149],
[1675344600.0, 0.99],
[1675431000.0, 0.9881818181818182],
[1675517400.0, 0.9881818181818182],
[1675603800.0, 0.9884498480243161],
[1675690200.0, 1.0124620060790275],
[1675776600.0, 1.276899696048632],
[1675863000.0, 1.276899696048632],
[1675949400.0, 1.276899696048632],
