[1635773400.0, 5.255000000000001],
[1635859800.0, 5.526666666666666],
[1635946200.0, 5.068333333333333],
[1636032600.0, 5.14],
[1636119000.0, 5.071666666666666],
[1636205400.0, 5.048333333333333],
[1636291800.0, 5.128333333333334],
[1636378200.0, 5.133333333333333],
[1636464600.0, 4.971666666666667],
[1636551000.0, 4.54],
[1636637400.0, 4.78],
[1636723800.0, 4.851666666666667],
[1636810200.0, 4.761666666666667],
[1636896600.0, 4.863333333333333],
[1636983000.0, 4.791666666666667],
[1637069400.0, 4.771666666666667],
[1637155800.0, 4.616666666666666],
[1637242200.0, 4.87],
[1637328600.0, 5.011666666666667],
[1637415000.0, 5.1066666666666665],
[1637501400.0, 5.125],
[1637587800.0, 5.031666666666667],
[1637674200.0, 4.998333333333333],
[1637760600.0, 4.788333333333333],
[1637847000.0, 4.701666666666667],
[1637933400.0, 4.5633333333333335],
[1638019800.0, 4.8549999999999995],
[1638106200.0, 4.638333333333334],
[1638192600.0, 4.678333333333334],
[1638279000.0, 4.593333333333333],
[1638365400.0, 4.786666666666666],
[1638451800.0, 4.738333333333333],
[1638538200.0, 4.6433333333333335],
[1638624600.0, 5.013333333333333],
[1638711000.0, 5.206666666666667],
[1638797400.0, 5.158333333333333],
[1638883800.0, 5.196666666666666],
[1638970200.0, 5.213333333333334],
[1639056600.0, 5.19],
[1639143000.0, 5.678333333333334],
[1639229400.0, 5.826666666666667],
[1639315800.0, 5.828333333333333],
[1639402200.0, 5.8133333333333335],
[1639488600.0, 5.833333333333333],
[1639575000.0, 5.936666666666667],
[1639661400.0, 5.628333333333334],
[1639747800.0, 5.543333333333334],
[1639834200.0, 5.591666666666666],
[1639920600.0, 5.656666666666666],
[1640007000.0, 5.646666666666666],
[1640093400.0, 5.578333333333333],
[1640179800.0, 5.493333333333332],
[1640266200.0, 5.361666666666667],
[1640352600.0, 5.2749999999999995],
[1640439000.0, 5.3],
[1640525400.0, 5.378333333333333],
[1640611800.0, 5.456666666666666],
[1640698200.0, 5.428333333333334],
[1640784600.0, 5.561666666666667],
[1640871000.0, 5.543333333333333],
[1640957400.0, 5.613333333333333],
[1641043800.0, 5.7299999999999995],
[1641130200.0, 5.921666666666667],
[1641216600.0, 5.841666666666666],
[1641303000.0, 5.816666666666666],
[1641389400.0, 5.786666666666666],
[1641475800.0, 5.828333333333333],
[1641562200.0, 5.836666666666667],
[1641648600.0, 5.858333333333333],
[1641735000.0, 5.704999999999999],
[1641821400.0, 6.026666666666666],
[1641907800.0, 5.718333333333334],
[1641994200.0, 5.925],
[1642080600.0, 5.871666666666667],
[1642167000.0, 5.8999999999999995],
[1642253400.0, 6.046666666666667],
[1642339800.0, 5.97],
[1642426200.0, 5.928333333333334],
[1642512600.0, 6.001666666666666],
[1642599000.0, 5.935],
[1642685400.0, 5.888333333333333],
[1642771800.0, 5.921666666666667],
[1642858200.0, 5.921666666666667],
[1642944600.0, 5.826666666666667],
[1643031000.0, 5.680000000000001],
[1643117400.0, 5.875],
[1643203800.0, 5.973333333333334],
[1643290200.0, 5.835000000000001],
[1643376600.0, 5.723333333333334],
[1643463000.0, 5.883333333333333],
[1643549400.0, 5.695],
[1643635800.0, 5.695],
[1643722200.0, 5.695],
[1643808600.0, 5.783333333333334],
[1643895000.0, 5.868333333333333],
[1643981400.0, 6.033333333333334],
[1644067800.0, 6.295000000000001],
[1644154200.0, 5.801666666666667],
[1644240600.0, 6.198333333333333],
[1644327000.0, 6.108333333333333],
[1644413400.0, 6.031666666666666],
[1644499800.0, 6.228333333333333],
[1644586200.0, 6.365000000000001],
[1644672600.0, 6.425],
[1644759000.0, 6.5683333333333325],
[1644845400.0, 6.533333333333334],
[1644931800.0, 6.543333333333334],
[1645018200.0, 6.59],
[1645104600.0, 6.696666666666666],
[1645191000.0, 6.84],
[1645277400.0, 6.631666666666667],
[1645363800.0, 6.733333333333334],
[1645450200.0, 6.803333333333334],
[1645536600.0, 6.933333333333334],
[1645623000.0, 6.866666666666667],
[1645709400.0, 6.77],
[1645795800.0, 6.878333333333333],
[1645882200.0, 6.753333333333334],
[1645968600.0, 6.6816666666666675],
[1646055000.0, 6.8549999999999995],
[1646141400.0, 6.818333333333334],
[1646227800.0, 7.080000000000001],
[1646314200.0, 6.728333333333333],
[1646400600.0, 6.986666666666667],
[1646487000.0, 7.171666666666667],
[1646573400.0, 7.178333333333335],
[1646659800.0, 7.241666666666667],
[1646746200.0, 7.09],
[1646832600.0, 7.291666666666667],
[1646919000.0, 7.343333333333334],
[1647005400.0, 7.093333333333334],
[1647091800.0, 6.8566666666666665],
[1647178200.0, 6.971666666666667],
[1647264600.0, 7.135000000000001],
[1647351000.0, 7.150000000000001],
[1647437400.0, 6.988333333333333],
[1647523800.0, 7.058333333333334],
[1647610200.0, 6.951666666666667],
[1647696600.0, 6.833333333333333],
[1647783000.0, 6.963333333333334],
[1647869400.0, 6.949999999999999],
[1647955800.0, 7.0683333333333325],
[1648042200.0, 7.126666666666668],
[1648128600.0, 7.093333333333334],
[1648215000.0, 7.224999999999999],
[1648301400.0, 7.188333333333333],
[1648387800.0, 7.175],
[1648474200.0, 7.151666666666666],
[1648560600.0, 7.141666666666666],
[1648647000.0, 7.11],
[1648733400.0, 7.05],
[1648819800.0, 6.876666666666666],
[1648906200.0, 7.126666666666666],
[1648996200.0, 7.155],
[1649082600.0, 7.081666666666667],
[1649169000.0, 7.159999999999999],
[1649255400.0, 7.033333333333335],
[1649341800.0, 7.141666666666666],
[1649428200.0, 7.1049999999999995],
[1649514600.0, 7.098333333333333],
[1649601000.0, 7.03],
[1649687400.0, 7.181666666666666],
[1649773800.0, 7.2200000000000015],
[1649860200.0, 7.253333333333333],
[1649946600.0, 7.213333333333334],
[1650033000.0, 7.3066666666666675],
[1650119400.0, 7.34],
[1650205800.0, 6.955000000000001],
[1650292200.0, 7.265000000000001],
[1650378600.0, 7.185],
[1650465000.0, 7.078333333333333],
[1650551400.0, 7.078333333333333],
[1650637800.0, 7.078333333333333],
[1650724200.0, 7.118333333333333],
[1650810600.0, 7.1066666666666665],
[1650897000.0, 7.156666666666666],
[1650983400.0, 7.256666666666668],
[1651069800.0, 7.12],
[1651156200.0, 6.908333333333332],
[1651242600.0, 7.118333333333333],
[1651329000.0, 6.965000000000001],
[1651415400.0, 6.896666666666666],
[1651501800.0, 6.795000000000001],
[1651588200.0, 6.813333333333333],
[1651674600.0, 6.260000000000001],
[1651761000.0, 6.22],
[1651847400.0, 6.241666666666667],
[1651933800.0, 6.173333333333333],
[1652020200.0, 6.359999999999999],
[1652106600.0, 6.508333333333333],
[1652193000.0, 6.73],
[1652279400.0, 6.403333333333333],
[1652365800.0, 6.533333333333334],
[1652452200.0, 6.43],
[1652538600.0, 6.473333333333334],
[1652625000.0, 6.513333333333333],
[1652711400.0, 6.513333333333333],
[1652797800.0, 6.4433333333333325],
[1652884200.0, 6.533333333333334],
[1652970600.0, 6.126666666666666],
[1653057000.0, 6.338333333333334],
[1653143400.0, 6.205000000000001],
[1653229800.0, 6.081666666666667],
[1653316200.0, 6.271666666666667],
[1653402600.0, 6.381666666666667],
[1653489000.0, 6.548333333333335],
[1653575400.0, 6.378333333333333],
[1653661800.0, 6.19],
[1653748200.0, 6.3183333333333325],
[1653834600.0, 6.275000000000001],
[1653921000.0, 6.253333333333334],
[1654007400.0, 6.281666666666666],
[1654093800.0, 6.388333333333333],
[1654180200.0, 6.5],
[1654266600.0, 6.501666666666666],
[1654353000.0, 6.611666666666667],
[1654439400.0, 7.035000000000001],
[1654525800.0, 6.716666666666666],
[1654612200.0, 7.081666666666666],
[1654698600.0, 6.815],
[1654785000.0, 6.760000000000001],
[1654871400.0, 7.088333333333334],
[1654957800.0, 6.911666666666666],
[1655044200.0, 6.941666666666667],
[1655130600.0, 6.833333333333333],
[1655217000.0, 6.571666666666666],
[1655303400.0, 6.656666666666666],
[1655389800.0, 6.746666666666666],
[1655476200.0, 6.571666666666666],
[1655562600.0, 6.574999999999999],
[1655649000.0, 6.656666666666666],
[1655735400.0, 6.548333333333333],
[1655821800.0, 6.633333333333334],
[1655908200.0, 6.239999999999999],
[1655994600.0, 6.206666666666667],
[1656081000.0, 5.933333333333334],
[1656167400.0, 5.971666666666667],
[1656253800.0, 6.023333333333334],
[1656340200.0, 6.053333333333334],
[1656426600.0, 6.125],
[1656513000.0, 6.206666666666666],
[1656599400.0, 6.420000000000001],
[1656685800.0, 6.335],
[1656772200.0, 6.371666666666666],
[1656858600.0, 6.609999999999999],
[1656945000.0, 6.493333333333333],
[1657031400.0, 6.5],
[1657117800.0, 6.161666666666666],
[1657204200.0, 6.3999999999999995],
[1657290600.0, 6.348333333333334],
[1657377000.0, 6.383333333333333],
[1657463400.0, 6.313333333333333],
[1657549800.0, 6.635000000000001],
[1657636200.0, 6.751666666666666],
[1657722600.0, 6.816666666666666],
[1657809000.0, 6.765000000000001],
[1657895400.0, 6.8066666666666675],
[1657981800.0, 6.796666666666667],
[1658068200.0, 6.859999999999999],
[1658154600.0, 7.010000000000001],
[1658241000.0, 7.165],
[1658327400.0, 7.6000000000000005],
[1658413800.0, 6.993333333333333],
[1658500200.0, 6.983333333333333],
[1658586600.0, 7.048333333333333],
[1658673000.0, 7.1066666666666665],
[1658759400.0, 7.089999999999999],
[1658845800.0, 7.050000000000001],
[1658932200.0, 7.033333333333332],
[1659018600.0, 6.535],
[1659105000.0, 7.1000000000000005],
[1659191400.0, 6.948333333333333],
[1659277800.0, 6.971666666666667],
[1659364200.0, 7.203333333333333],
[1659450600.0, 6.936666666666667],
[1659537000.0, 7.073333333333333],
[1659623400.0, 6.94],
[1659709800.0, 7.0633333333333335],
[1659796200.0, 7.128333333333333],
[1659882600.0, 7.203333333333333],
[1659969000.0, 7.4049999999999985],
[1660055400.0, 7.311666666666667],
[1660141800.0, 7.188333333333333],
[1660228200.0, 7.401666666666666],
[1660314600.0, 7.489999999999999],
[1660401000.0, 7.489999999999999],
[1660487400.0, 7.489999999999999],
[1660573800.0, 7.489999999999999],
[1660660200.0, 7.368333333333335],
[1660746600.0, 7.069999999999999],
[1660833000.0, 7.443333333333334],
[1660919400.0, 7.311666666666667],
[1661005800.0, 7.003333333333334],
[1661092200.0, 7.1816666666666675],
[1661178600.0, 7.216666666666665],
[1661265000.0, 7.146666666666667],
[1661351400.0, 6.588333333333334],
[1661437800.0, 7.086666666666666],
[1661524200.0, 6.503333333333334],
[1661610600.0, 6.555],
[1661697000.0, 6.6049999999999995],
[1661783400.0, 6.204999999999999],
[1661869800.0, 6.359999999999999],
[1661956200.0, 6.195],
[1662042600.0, 6.168333333333333],
[1662129000.0, 5.82],
[1662215400.0, 5.813333333333333],
[1662301800.0, 5.921666666666667],
[1662388200.0, 6.053333333333334],
[1662474600.0, 5.998333333333334],
[1662561000.0, 5.785000000000001],
[1662647400.0, 6.016666666666667],
[1662733800.0, 5.79],
[1662820200.0, 5.945],
[1662906600.0, 6.0183333333333335],
[1662993000.0, 5.851666666666667],
[1663079400.0, 5.846666666666667],
[1663165800.0, 5.396666666666667],
[1663252200.0, 5.513333333333333],
[1663338600.0, 5.478333333333334],
[1663425000.0, 5.653333333333333],
[1663511400.0, 5.516666666666667],
[1663597800.0, 5.598333333333334],
[1663684200.0, 5.460000000000001],
[1663770600.0, 5.364999999999999],
[1663857000.0, 5.403333333333333],
[1663943400.0, 5.138333333333334],
[1664029800.0, 5.154999999999999],
[1664116200.0, 5.151666666666667],
[1664202600.0, 4.973333333333334],
[1664289000.0, 5.323333333333333],
[1664375400.0, 5.201666666666667],
[1664461800.0, 4.9816666666666665],
[1664548200.0, 5.108333333333333],
[1664634600.0, 5.236666666666666],
[1664717400.0, 4.865],
[1664803800.0, 5.041666666666667],
[1664890200.0, 4.888333333333333],
[1664976600.0, 5.026666666666666],
[1665063000.0, 5.208333333333333],
[1665149400.0, 5.243333333333333],
[1665235800.0, 5.26],
[1665322200.0, 5.306666666666666],
[1665408600.0, 5.276666666666666],
[1665495000.0, 5.623333333333334],
[1665581400.0, 5.528333333333332],
[1665667800.0, 5.521666666666667],
[1665754200.0, 5.458333333333333],
[1665840600.0, 5.536666666666666],
[1665927000.0, 5.486666666666667],
[1666013400.0, 5.611666666666667],
[1666099800.0, 5.575],
[1666186200.0, 5.428333333333334],
[1666272600.0, 5.453333333333333],
[1666359000.0, 5.401666666666666],
[1666445400.0, 5.118333333333333],
[1666531800.0, 5.19],
[1666618200.0, 4.97],
[1666704600.0, 5.2],
[1666791000.0, 5.038333333333333],
[1666877400.0, 5.221666666666667],
[1666963800.0, 4.98],
[1667050200.0, 5.158333333333334],
[1667136600.0, 5.06],
[1667223000.0, 5.0200000000000005],
[1667309400.0, 4.995],
[1667395800.0, 5.185],
[1667482200.0, 5.19],
[1667568600.0, 5.155],
[1667655000.0, 5.433333333333333],
[1667741400.0, 5.410000000000001],
[1667827800.0, 5.566666666666666],
[1667914200.0, 5.353333333333334],
[1668000600.0, 5.5566666666666675],
[1668087000.0, 5.471666666666667],
[1668173400.0, 5.618333333333333],
[1668259800.0, 5.55],
[1668346200.0, 5.386666666666667],
[1668432600.0, 5.493333333333333],
[1668519000.0, 5.538333333333333],
[1668605400.0, 5.48],
[1668691800.0, 5.34],
[1668778200.0, 5.171666666666667],
[1668864600.0, 4.941666666666666],
[1668951000.0, 5.461666666666667],
[1669037400.0, 5.683333333333334],
[1669123800.0, 5.359999999999999],
[1669210200.0, 5.158333333333334],
[1669296600.0, 4.935],
[1669383000.0, 5.066666666666666],
[1669469400.0, 5.023333333333334],
[1669555800.0, 5.015000000000001],
[1669642200.0, 5.208333333333334],
[1669728600.0, 5.023333333333333],
[1669815000.0, 5.363333333333333],
[1669901400.0, 5.38],
[1669987800.0, 5.131666666666667],
[1670074200.0, 5.59],
[1670160600.0, 5.4816666666666665],
[1670247000.0, 5.863333333333333],
[1670333400.0, 5.448333333333333],
[1670419800.0, 5.028333333333333],
[1670506200.0, 5.611666666666667],
[1670592600.0, 5.113333333333333],
[1670679000.0, 5.4383333333333335],
[1670765400.0, 5.423333333333333],
[1670851800.0, 5.758333333333333],
[1670938200.0, 5.555],
[1671024600.0, 5.6000000000000005],
[1671111000.0, 5.685],
[1671197400.0, 5.421666666666667],
[1671283800.0, 5.443333333333334],
[1671370200.0, 5.420000000000001],
[1671456600.0, 5.501666666666668],
[1671543000.0, 5.5133333333333345],
[1671629400.0, 5.2749999999999995],
[1671715800.0, 5.510000000000001],
[1671802200.0, 5.324999999999999],
[1671888600.0, 5.553333333333334],
[1671975000.0, 5.426666666666667],
[1672061400.0, 5.386666666666667],
[1672147800.0, 5.614999999999999],
[1672234200.0, 5.48],
[1672320600.0, 5.541666666666667],
[1672407000.0, 5.821666666666666],
[1672493400.0, 5.673333333333333],
[1672579800.0, 5.576666666666667],
[1672666200.0, 5.546666666666667],
[1672752600.0, 5.638333333333333],
[1672839000.0, 5.800000000000001],
[1672925400.0, 5.63],
[1673011800.0, 6.061666666666667],
[1673098200.0, 5.935],
[1673184600.0, 6.101666666666667],
[1673271000.0, 5.923333333333335],
[1673357400.0, 6.236666666666667],
[1673443800.0, 6.38],
[1673530200.0, 6.543333333333333],
[1673616600.0, 6.118333333333333],
[1673703000.0, 6.195],
[1673789400.0, 6.5616666666666665],
[1673875800.0, 6.483333333333333],
[1673962200.0, 6.591666666666668],
[1674048600.0, 6.294999999999999],
[1674135000.0, 6.228333333333334],
[1674221400.0, 6.646666666666666],
[1674307800.0, 6.716666666666668],
[1674394200.0, 6.571666666666666],
[1674480600.0, 6.664999999999999],
[1674567000.0, 6.3933333333333335],
[1674653400.0, 6.658333333333332],
[1674739800.0, 6.798333333333332],
[1674826200.0, 6.626666666666666],
[1674912600.0, 6.7366666666666655],
[1674999000.0, 6.878333333333334],
[1675085400.0, 6.941666666666667],
[1675171800.0, 6.918333333333334],
[1675258200.0, 6.871666666666667],
[1675344600.0, 6.931666666666666],
[1675431000.0, 6.7316666666666665],
[1675517400.0, 7.203333333333333],
[1675603800.0, 7.208333333333333],
[1675690200.0, 7.255],
[1675776600.0, 7.271666666666666],
[1675863000.0, 7.271666666666666],
[1675949400.0, 7.271666666666666],
