[1635773400.0, 1.0509688000000001],
[1635859800.0, 1.0276076],
[1635946200.0, 1.0297290000000001],
[1636032600.0, 0.9879892],
[1636119000.0, 1.0641981999999999],
[1636205400.0, 1.0504688],
[1636291800.0, 1.0116132],
[1636378200.0, 1.0107478],
[1636464600.0, 1.0420871999999999],
[1636551000.0, 1.0575246],
[1636637400.0, 1.0633462],
[1636723800.0, 1.0020218],
[1636810200.0, 1.0022090000000001],
[1636896600.0, 1.0537192],
[1636983000.0, 1.0665206],
[1637069400.0, 1.1059284],
[1637155800.0, 1.0369674],
[1637242200.0, 1.0817014],
[1637328600.0, 0.9696022],
[1637415000.0, 1.0569204],
[1637501400.0, 1.0778582],
[1637587800.0, 1.0702314],
[1637674200.0, 1.0996114000000001],
[1637760600.0, 1.0309716000000002],
[1637847000.0, 1.077122],
[1637933400.0, 1.0560528000000002],
[1638019800.0, 1.0227026000000001],
[1638106200.0, 1.1222142000000002],
[1638192600.0, 1.090624],
[1638279000.0, 1.000764],
[1638365400.0, 1.0647634000000001],
[1638451800.0, 1.0351188],
[1638538200.0, 1.0548454],
[1638624600.0, 1.0705108],
[1638711000.0, 1.0847786],
[1638797400.0, 1.1013898000000002],
[1638883800.0, 1.0872378000000003],
[1638970200.0, 1.123572],
[1639056600.0, 1.1498042000000002],
[1639143000.0, 1.146036],
[1639229400.0, 1.1585031999999997],
[1639315800.0, 1.1519588000000003],
[1639402200.0, 1.1752808],
[1639488600.0, 1.2037328],
[1639575000.0, 1.1917726000000002],
[1639661400.0, 1.1836376],
[1639747800.0, 1.1664606],
[1639834200.0, 1.1787112],
[1639920600.0, 1.2016606],
[1640007000.0, 1.1686358000000001],
[1640093400.0, 1.1779156],
[1640179800.0, 1.1959880000000003],
[1640266200.0, 1.2190106],
[1640352600.0, 1.2450189999999999],
[1640439000.0, 1.2262822000000002],
[1640525400.0, 1.2563204000000003],
[1640611800.0, 1.246898],
[1640698200.0, 2.245336],
[1640784600.0, 1.2470538000000002],
[1640871000.0, 1.2346314],
[1640957400.0, 1.1710302000000001],
[1641043800.0, 1.6498978000000002],
[1641130200.0, 1.6399696],
[1641216600.0, 2.2339134],
[1641303000.0, 1.1357694],
[1641389400.0, 1.1591076],
[1641475800.0, 1.4048973999999999],
[1641562200.0, 1.1685624000000001],
[1641648600.0, 1.203649],
[1641735000.0, 1.1995962000000002],
[1641821400.0, 1.1739092000000002],
[1641907800.0, 1.16462],
[1641994200.0, 1.1812896000000002],
[1642080600.0, 1.1636506],
[1642167000.0, 1.4895276000000002],
[1642253400.0, 1.5709742],
[1642339800.0, 1.319099],
[1642426200.0, 1.3208318000000001],
[1642512600.0, 1.3041386000000001],
[1642599000.0, 1.3682188],
[1642685400.0, 1.3495633999999999],
[1642771800.0, 1.5677274],
[1642858200.0, 1.5076222000000001],
[1642944600.0, 1.7128232],
[1643031000.0, 1.4546478000000003],
[1643117400.0, 1.4260788],
[1643203800.0, 1.155928],
[1643290200.0, 1.2085228000000001],
[1643376600.0, 1.1688738],
[1643463000.0, 1.5292682],
[1643549400.0, 1.0854916000000001],
[1643635800.0, 1.0854916000000001],
[1643722200.0, 1.0854916000000001],
[1643808600.0, 1.1271624],
[1643895000.0, 1.4286189999999999],
[1643981400.0, 1.4063012000000001],
[1644067800.0, 1.5923437999999999],
[1644154200.0, 1.3059454000000001],
[1644240600.0, 1.2950104000000002],
[1644327000.0, 1.3381206000000003],
[1644413400.0, 1.3517978000000002],
[1644499800.0, 1.3043102000000002],
[1644586200.0, 1.2720276000000001],
[1644672600.0, 1.1608092],
[1644759000.0, 1.2276066],
[1644845400.0, 1.2132936],
[1644931800.0, 1.287814],
[1645018200.0, 1.2463950000000001],
[1645104600.0, 1.2336026],
[1645191000.0, 1.266362],
[1645277400.0, 1.2636873999999998],
[1645363800.0, 1.2742476000000003],
[1645450200.0, 1.2676760000000002],
[1645536600.0, 1.169634],
[1645623000.0, 1.25302],
[1645709400.0, 1.256624],
[1645795800.0, 1.2991492],
[1645882200.0, 1.2578154000000001],
[1645968600.0, 1.2701160000000002],
[1646055000.0, 1.2633406],
[1646141400.0, 1.2394284],
[1646227800.0, 1.2453498],
[1646314200.0, 1.219327],
[1646400600.0, 1.2274498],
[1646487000.0, 1.2582608000000002],
[1646573400.0, 1.20951],
[1646659800.0, 1.2394950000000002],
[1646746200.0, 1.1514362],
[1646832600.0, 1.1909064],
[1646919000.0, 1.172007],
[1647005400.0, 1.2015762],
[1647091800.0, 1.1675438000000002],
[1647178200.0, 1.230845],
[1647264600.0, 1.2204492],
[1647351000.0, 1.2430624],
[1647437400.0, 1.219757],
[1647523800.0, 1.269014],
[1647610200.0, 1.3140348000000002],
[1647696600.0, 1.2662048],
[1647783000.0, 1.3373292000000003],
[1647869400.0, 1.4206678000000001],
[1647955800.0, 1.2826506000000002],
[1648042200.0, 1.3183158],
[1648128600.0, 1.3775526],
[1648215000.0, 1.4411838000000003],
[1648301400.0, 1.4341506000000002],
[1648387800.0, 1.4886984],
[1648474200.0, 1.381031],
[1648560600.0, 1.468937],
[1648647000.0, 1.4665382],
[1648733400.0, 1.4186334000000003],
[1648819800.0, 1.4356820000000001],
[1648906200.0, 1.4435498],
[1648996200.0, 1.460801],
[1649082600.0, 1.333575],
[1649169000.0, 1.5940169999999998],
[1649255400.0, 1.4498586000000002],
[1649341800.0, 1.4563006],
[1649428200.0, 1.4611462000000002],
[1649514600.0, 1.5376162],
[1649601000.0, 1.5006599999999999],
[1649687400.0, 1.5391356],
[1649773800.0, 1.5295032],
[1649860200.0, 1.5279510000000003],
[1649946600.0, 1.5140474000000002],
[1650033000.0, 1.5089728],
[1650119400.0, 1.4967504000000003],
[1650205800.0, 1.5398814],
[1650292200.0, 1.4315668000000001],
[1650378600.0, 1.4595980000000002],
[1650465000.0, 1.5275808000000002],
[1650551400.0, 1.5275808000000002],
[1650637800.0, 1.5275808000000002],
[1650724200.0, 1.5597454000000002],
[1650810600.0, 1.6289562000000004],
[1650897000.0, 1.5916452000000003],
[1650983400.0, 1.6020522],
[1651069800.0, 1.7488314000000003],
[1651156200.0, 1.5815224],
[1651242600.0, 1.572511],
[1651329000.0, 1.6117447999999999],
[1651415400.0, 1.6583426],
[1651501800.0, 1.6924414000000003],
[1651588200.0, 1.7056816000000001],
[1651674600.0, 1.7052935999999999],
[1651761000.0, 1.5214714],
[1651847400.0, 1.5501436],
[1651933800.0, 1.597148],
[1652020200.0, 1.6097622],
[1652106600.0, 1.6505582],
[1652193000.0, 1.7033868],
[1652279400.0, 1.6442413999999999],
[1652365800.0, 1.7241665999999998],
[1652452200.0, 1.6916152],
[1652538600.0, 1.7125398],
[1652625000.0, 1.6757156000000002],
[1652711400.0, 1.6795526000000003],
[1652797800.0, 1.6643008000000001],
[1652884200.0, 1.7126598000000002],
[1652970600.0, 1.6936366],
[1653057000.0, 1.6505584],
[1653143400.0, 1.6216528000000001],
[1653229800.0, 1.6574380000000002],
[1653316200.0, 1.656495],
[1653402600.0, 1.6389006],
[1653489000.0, 1.6615844000000002],
[1653575400.0, 1.6883004000000004],
[1653661800.0, 1.6187196],
[1653748200.0, 1.6404096000000004],
[1653834600.0, 1.7515600000000002],
[1653921000.0, 1.6470986000000003],
[1654007400.0, 1.657162],
[1654093800.0, 1.6669758000000001],
[1654180200.0, 1.7751766000000004],
[1654266600.0, 1.7055812000000004],
[1654353000.0, 1.6221936],
[1654439400.0, 1.6411762000000003],
[1654525800.0, 1.6478594000000002],
[1654612200.0, 1.6911969999999996],
[1654698600.0, 1.6890642],
[1654785000.0, 1.7050872000000001],
[1654871400.0, 1.6578810000000002],
[1654957800.0, 1.7120802000000002],
[1655044200.0, 1.7225190000000001],
[1655130600.0, 1.6163332000000004],
[1655217000.0, 1.6809966000000003],
[1655303400.0, 1.6755808],
[1655389800.0, 1.6584674],
[1655476200.0, 1.5465052000000001],
[1655562600.0, 1.5882628],
[1655649000.0, 1.4619528000000002],
[1655735400.0, 1.577421],
[1655821800.0, 1.6469273999999998],
[1655908200.0, 1.5420478000000002],
[1655994600.0, 1.5148454],
[1656081000.0, 1.4495980000000002],
[1656167400.0, 1.4285466000000002],
[1656253800.0, 1.2995658000000003],
[1656340200.0, 1.4263336],
[1656426600.0, 1.3705394],
[1656513000.0, 1.4037824],
[1656599400.0, 1.4155840000000002],
[1656685800.0, 1.4084308],
[1656772200.0, 1.3488138000000003],
[1656858600.0, 1.4194868000000003],
[1656945000.0, 1.4760377999999998],
[1657031400.0, 1.4554966],
[1657117800.0, 1.4015718],
[1657204200.0, 1.4160854],
[1657290600.0, 1.4276642000000002],
[1657377000.0, 1.4132798000000002],
[1657463400.0, 1.4202898],
[1657549800.0, 1.4022254],
[1657636200.0, 1.4023898000000001],
[1657722600.0, 1.449559],
[1657809000.0, 1.3989218000000003],
[1657895400.0, 1.3984754000000001],
[1657981800.0, 1.4504040000000002],
[1658068200.0, 1.4121382],
[1658154600.0, 1.3944334],
[1658241000.0, 1.4018896],
[1658327400.0, 1.4071334],
[1658413800.0, 1.3702112],
[1658500200.0, 1.3763527999999998],
[1658586600.0, 1.3642104000000002],
[1658673000.0, 1.3759194000000001],
[1658759400.0, 1.4126856],
[1658845800.0, 1.3967636000000003],
[1658932200.0, 1.4263106],
[1659018600.0, 1.4634449999999999],
[1659105000.0, 1.5472992],
[1659191400.0, 1.4860925999999999],
[1659277800.0, 1.4966616],
[1659364200.0, 1.4327722],
[1659450600.0, 1.4964673999999998],
[1659537000.0, 1.4358656],
[1659623400.0, 1.4179722],
[1659709800.0, 1.4731042000000003],
[1659796200.0, 1.4279306],
[1659882600.0, 1.4235228],
[1659969000.0, 1.4424134],
[1660055400.0, 1.4273344],
[1660141800.0, 1.4262067999999999],
[1660228200.0, 1.4813508000000002],
[1660314600.0, 1.4903012],
[1660401000.0, 1.4903012],
[1660487400.0, 1.4903012],
[1660573800.0, 1.4903012],
[1660660200.0, 1.4556528000000002],
[1660746600.0, 1.4154902],
[1660833000.0, 1.4317456000000002],
[1660919400.0, 1.427025],
[1661005800.0, 1.4263624000000001],
[1661092200.0, 1.4010614000000001],
[1661178600.0, 1.3948376],
[1661265000.0, 1.3927684],
[1661351400.0, 1.4234243999999998],
[1661437800.0, 1.3901954],
[1661524200.0, 1.2856488000000001],
[1661610600.0, 1.496534],
[1661697000.0, 1.4016356],
[1661783400.0, 1.4222172],
[1661869800.0, 1.4924702],
[1661956200.0, 1.4043976000000002],
[1662042600.0, 1.5148972],
[1662129000.0, 1.5463902],
[1662215400.0, 1.5312990000000002],
[1662301800.0, 1.5890584000000003],
[1662388200.0, 1.5328845999999998],
[1662474600.0, 1.5476552000000001],
[1662561000.0, 1.6406374],
[1662647400.0, 1.7191006000000002],
[1662733800.0, 1.6319952],
[1662820200.0, 1.6716778],
[1662906600.0, 1.6448100000000003],
[1662993000.0, 1.6231900000000004],
[1663079400.0, 1.6184974000000003],
[1663165800.0, 1.6754951999999999],
[1663252200.0, 1.6066278000000005],
[1663338600.0, 1.6064590000000003],
[1663425000.0, 1.6468676000000002],
[1663511400.0, 1.6002408],
[1663597800.0, 1.6316108],
[1663684200.0, 1.5881686],
[1663770600.0, 1.5646816],
[1663857000.0, 1.575414],
[1663943400.0, 1.5342320000000003],
[1664029800.0, 1.5752640000000002],
[1664116200.0, 1.5876976000000003],
[1664202600.0, 1.5275758000000002],
[1664289000.0, 1.521887],
[1664375400.0, 1.6016376],
[1664461800.0, 1.4960348],
[1664548200.0, 1.5043252000000003],
[1664634600.0, 1.5918856],
[1664717400.0, 1.5682792],
[1664803800.0, 1.5031814],
[1664890200.0, 1.5663582000000003],
[1664976600.0, 1.5413903999999998],
[1665063000.0, 1.5321962],
[1665149400.0, 1.5630186000000001],
[1665235800.0, 1.4600276],
[1665322200.0, 1.520135],
[1665408600.0, 1.5901522],
[1665495000.0, 1.5528116],
[1665581400.0, 1.5362867999999998],
[1665667800.0, 1.5397876000000001],
[1665754200.0, 1.4701868000000002],
[1665840600.0, 1.4653056000000002],
[1665927000.0, 1.4771806],
[1666013400.0, 1.503678],
[1666099800.0, 1.4853992000000003],
[1666186200.0, 1.4921118],
[1666272600.0, 1.5206442],
[1666359000.0, 1.5372712000000002],
[1666445400.0, 1.4526496],
[1666531800.0, 1.4768067999999999],
[1666618200.0, 1.4738826],
[1666704600.0, 1.5264278],
[1666791000.0, 1.4793456],
[1666877400.0, 1.5372354000000001],
[1666963800.0, 1.5750906],
[1667050200.0, 1.5144432],
[1667136600.0, 1.6096352000000003],
[1667223000.0, 1.5000988],
[1667309400.0, 1.5011178],
[1667395800.0, 1.5258498],
[1667482200.0, 1.5444428],
[1667568600.0, 1.5053138],
[1667655000.0, 1.5490949999999999],
[1667741400.0, 1.5111962],
[1667827800.0, 1.5324183999999998],
[1667914200.0, 1.5283234],
[1668000600.0, 1.4778768],
[1668087000.0, 1.5187572],
[1668173400.0, 1.5673990000000002],
[1668259800.0, 1.5637893999999999],
[1668346200.0, 1.524691],
[1668432600.0, 1.5290196000000003],
[1668519000.0, 1.599337],
[1668605400.0, 1.5869422000000004],
[1668691800.0, 1.5924253999999998],
[1668778200.0, 1.6346646],
[1668864600.0, 1.5911328],
[1668951000.0, 1.587569],
[1669037400.0, 1.614817],
[1669123800.0, 1.6570346],
[1669210200.0, 1.5801030000000003],
[1669296600.0, 1.6138894000000001],
[1669383000.0, 1.5551204000000003],
[1669469400.0, 1.5205144000000002],
[1669555800.0, 1.522084],
[1669642200.0, 1.5156787999999999],
[1669728600.0, 1.5125366],
[1669815000.0, 1.48149],
[1669901400.0, 1.4847506],
[1669987800.0, 1.5415328000000001],
[1670074200.0, 1.5283294],
[1670160600.0, 1.5518396],
[1670247000.0, 1.5554484],
[1670333400.0, 1.5746232],
[1670419800.0, 1.5677515999999998],
[1670506200.0, 1.5670362],
[1670592600.0, 1.5610541999999998],
[1670679000.0, 1.5555346],
[1670765400.0, 1.619658],
[1670851800.0, 1.6269040000000001],
[1670938200.0, 1.6051652],
[1671024600.0, 1.5483704],
[1671111000.0, 1.5780456],
[1671197400.0, 1.6502849999999998],
[1671283800.0, 1.61247],
[1671370200.0, 1.6627977999999999],
[1671456600.0, 1.6426769999999997],
[1671543000.0, 1.5770682],
[1671629400.0, 1.5795182],
[1671715800.0, 1.5449632],
[1671802200.0, 1.5552275999999998],
[1671888600.0, 1.5679886],
[1671975000.0, 1.5698279999999998],
[1672061400.0, 1.5615684],
[1672147800.0, 1.4940206],
[1672234200.0, 1.5542706000000002],
[1672320600.0, 1.6168952],
[1672407000.0, 1.5521372000000002],
[1672493400.0, 1.499666],
[1672579800.0, 1.4822802000000002],
[1672666200.0, 1.5110386],
[1672752600.0, 1.5448860000000002],
[1672839000.0, 1.4869656],
[1672925400.0, 1.5279924],
[1673011800.0, 1.5358316],
[1673098200.0, 1.546648],
[1673184600.0, 1.5453664000000003],
[1673271000.0, 1.5298466000000002],
[1673357400.0, 1.5593590000000002],
[1673443800.0, 1.558659],
[1673530200.0, 1.5762782000000002],
[1673616600.0, 1.5881754000000001],
[1673703000.0, 1.5983380000000003],
[1673789400.0, 1.5872064000000001],
[1673875800.0, 1.6401302000000002],
[1673962200.0, 1.5985946000000002],
[1674048600.0, 1.5898033999999999],
[1674135000.0, 1.5532514000000002],
[1674221400.0, 1.639928],
[1674307800.0, 1.5587005999999999],
[1674394200.0, 1.5800414000000003],
[1674480600.0, 1.522308],
[1674567000.0, 1.4978778],
[1674653400.0, 1.5139204000000002],
[1674739800.0, 1.5605774000000001],
[1674826200.0, 1.5017514],
[1674912600.0, 1.538126],
[1674999000.0, 1.5174045999999999],
[1675085400.0, 1.5806038],
[1675171800.0, 1.6388875999999999],
[1675258200.0, 1.6089244],
[1675344600.0, 1.5457401999999998],
[1675431000.0, 1.5512932000000001],
[1675517400.0, 1.6057074],
[1675603800.0, 1.6767432000000002],
[1675690200.0, 1.619058],
[1675776600.0, 1.6519232000000001],
[1675863000.0, 1.6519232000000001],
[1675949400.0, 1.6519232000000001],
