[1635773400.0, 0.6764331210191081],
[1635859800.0, 0.6550161812297735],
[1635946200.0, 0.6928327645051195],
[1636032600.0, 0.7064846416382251],
[1636119000.0, 0.6777070063694267],
[1636205400.0, 0.6777070063694267],
[1636291800.0, 0.6834394904458598],
[1636378200.0, 0.68],
[1636464600.0, 0.7900763358778625],
[1636551000.0, 0.7900763358778625],
[1636637400.0, 0.7211072664359861],
[1636723800.0, 0.7211072664359861],
[1636810200.0, 0.7717557251908398],
[1636896600.0, 0.8441064638783269],
[1636983000.0, 0.7291390728476821],
[1637069400.0, 0.8051094890510951],
[1637155800.0, 0.7161716171617163],
[1637242200.0, 0.7386138613861386],
[1637328600.0, 0.7093851132686084],
[1637415000.0, 0.8573584905660375],
[1637501400.0, 0.8192691029900331],
[1637587800.0, 0.7827242524916944],
[1637674200.0, 0.8292358803986711],
[1637760600.0, 0.9642023346303502],
[1637847000.0, 0.8520833333333334],
[1637933400.0, 0.9846153846153846],
[1638019800.0, 0.8887372013651877],
[1638106200.0, 0.8775086505190312],
[1638192600.0, 0.7869863013698629],
[1638279000.0, 0.7153153153153152],
[1638365400.0, 0.7222929936305732],
[1638451800.0, 0.8057971014492754],
[1638538200.0, 0.7050167224080266],
[1638624600.0, 0.7933110367892976],
[1638711000.0, 0.6822429906542056],
[1638797400.0, 0.6404984423676012],
[1638883800.0, 0.6675078864353314],
[1638970200.0, 0.6813880126182966],
[1639056600.0, 0.6658753709198812],
[1639143000.0, 0.6789317507418396],
[1639229400.0, 0.7304054054054054],
[1639315800.0, 0.802962962962963],
[1639402200.0, 0.6646341463414632],
[1639488600.0, 0.7504531722054381],
[1639575000.0, 0.7264516129032259],
[1639661400.0, 0.7254437869822487],
[1639747800.0, 0.7825545171339565],
[1639834200.0, 0.7778461538461539],
[1639920600.0, 0.6993975903614459],
[1640007000.0, 0.7305389221556887],
[1640093400.0, 0.6820359281437126],
[1640179800.0, 0.8553956834532375],
[1640266200.0, 0.7119205298013245],
[1640352600.0, 0.6860465116279069],
[1640439000.0, 0.7183279742765273],
[1640525400.0, 0.7389067524115753],
[1640611800.0, 0.8605363984674328],
[1640698200.0, 2.4212765957446813],
[1640784600.0, 1.2876404494382023],
[1640871000.0, 1.2943820224719103],
[1640957400.0, 2.3425531914893623],
[1641043800.0, 2.431914893617022],
[1641130200.0, 2.563829787234043],
[1641216600.0, 2.604255319148937],
[1641303000.0, 0.9415929203539822],
[1641389400.0, 1.0053097345132742],
[1641475800.0, 0.9929203539823007],
[1641562200.0, 0.7745819397993311],
[1641648600.0, 0.7100628930817611],
[1641735000.0, 0.7045751633986929],
[1641821400.0, 0.7223300970873786],
[1641907800.0, 0.7275080906148867],
[1641994200.0, 0.8006472491909385],
[1642080600.0, 0.7792880258899675],
[1642167000.0, 0.7424999999999999],
[1642253400.0, 0.8395833333333332],
[1642339800.0, 0.7329268292682926],
[1642426200.0, 0.8006644518272426],
[1642512600.0, 0.7218934911242603],
[1642599000.0, 0.6622641509433964],
[1642685400.0, 0.6842767295597485],
[1642771800.0, 0.7322784810126582],
[1642858200.0, 0.7268882175226586],
[1642944600.0, 0.6483383685800603],
[1643031000.0, 0.725],
[1643117400.0, 0.7480597014925373],
[1643203800.0, 0.7441717791411044],
[1643290200.0, 0.741717791411043],
[1643376600.0, 0.741141141141141],
[1643463000.0, 0.7391304347826088],
[1643549400.0, 0.8498245614035086],
[1643635800.0, 0.8498245614035086],
[1643722200.0, 0.8498245614035086],
[1643808600.0, 0.9780487804878046],
[1643895000.0, 0.8382352941176471],
[1643981400.0, 0.7798780487804879],
[1644067800.0, 0.8136518771331058],
[1644154200.0, 0.8260586319218243],
[1644240600.0, 0.7141993957703927],
[1644327000.0, 0.757051282051282],
[1644413400.0, 0.7743589743589745],
[1644499800.0, 0.7235820895522389],
[1644586200.0, 0.7269461077844311],
[1644672600.0, 0.7293413173652694],
[1644759000.0, 0.7538922155688624],
[1644845400.0, 0.7349253731343285],
[1644931800.0, 0.7188059701492538],
[1645018200.0, 0.6429411764705882],
[1645104600.0, 0.6331395348837209],
[1645191000.0, 0.6841176470588234],
[1645277400.0, 0.7280701754385965],
[1645363800.0, 0.6813559322033897],
[1645450200.0, 0.6898550724637681],
[1645536600.0, 0.9491935483870968],
[1645623000.0, 0.8277966101694914],
[1645709400.0, 0.9669354838709678],
[1645795800.0, 0.9669354838709678],
[1645882200.0, 0.9314516129032259],
[1645968600.0, 0.720625],
[1646055000.0, 0.8084507042253523],
[1646141400.0, 0.6831250000000001],
[1646227800.0, 0.6949999999999998],
[1646314200.0, 0.693125],
[1646400600.0, 0.6949999999999998],
[1646487000.0, 0.7678321678321678],
[1646573400.0, 0.827777777777778],
[1646659800.0, 0.7491039426523298],
[1646746200.0, 0.8156133828996283],
[1646832600.0, 0.8619926199261992],
[1646919000.0, 0.8283687943262411],
[1647005400.0, 0.8468401486988848],
[1647091800.0, 0.8511278195488722],
[1647178200.0, 0.7435736677115986],
[1647264600.0, 0.7096385542168676],
[1647351000.0, 0.6339425587467362],
[1647437400.0, 0.6014563106796117],
[1647523800.0, 0.5652928416485902],
[1647610200.0, 0.6615789473684212],
[1647696600.0, 0.5144086021505377],
[1647783000.0, 0.4081433224755701],
[1647869400.0, 0.5313929313929313],
[1647955800.0, 0.5765237020316029],
[1648042200.0, 0.5644251626898048],
[1648128600.0, 0.5270329670329672],
[1648215000.0, 0.43421052631578944],
[1648301400.0, 0.5621181262729125],
[1648387800.0, 0.5608961303462322],
[1648474200.0, 0.43386454183266926],
[1648560600.0, 0.41752988047808764],
[1648647000.0, 0.46502057613168724],
[1648733400.0, 0.4732510288065843],
[1648819800.0, 0.47136752136752147],
[1648906200.0, 0.5346153846153847],
[1648996200.0, 0.5240938166311302],
[1649082600.0, 0.5582089552238805],
[1649169000.0, 0.644811320754717],
[1649255400.0, 0.5937219730941704],
[1649341800.0, 0.5739910313901345],
[1649428200.0, 0.5915094339622641],
[1649514600.0, 0.6407124681933841],
[1649601000.0, 0.5569844789356984],
[1649687400.0, 0.5995215311004786],
[1649773800.0, 0.6118811881188119],
[1649860200.0, 0.6425742574257425],
[1649946600.0, 0.6396039603960396],
[1650033000.0, 0.6492682926829269],
[1650119400.0, 0.6577114427860697],
[1650205800.0, 0.6358353510895884],
[1650292200.0, 0.6631840796019901],
[1650378600.0, 0.6855721393034826],
[1650465000.0, 0.6756218905472638],
[1650551400.0, 0.6756218905472638],
[1650637800.0, 0.6756218905472638],
[1650724200.0, 0.6530413625304136],
[1650810600.0, 0.4734348561759729],
[1650897000.0, 0.4802721088435374],
[1650983400.0, 0.4935875216637781],
[1651069800.0, 0.5024221453287198],
[1651156200.0, 0.4816326530612244],
[1651242600.0, 0.5346642468239565],
[1651329000.0, 0.5295825771324865],
[1651415400.0, 0.5151202749140894],
[1651501800.0, 0.5307958477508651],
[1651588200.0, 0.6466522678185747],
[1651674600.0, 0.6465408805031447],
[1651761000.0, 0.6357588357588358],
[1651847400.0, 0.6474012474012473],
[1651933800.0, 0.5970893970893971],
[1652020200.0, 0.6162271805273835],
[1652106600.0, 0.5576208178438662],
[1652193000.0, 0.5531598513011152],
[1652279400.0, 0.553903345724907],
[1652365800.0, 0.5490706319702603],
[1652452200.0, 0.5394052044609666],
[1652538600.0, 0.5531598513011152],
[1652625000.0, 0.5828125000000001],
[1652711400.0, 0.5713740458015266],
[1652797800.0, 0.5736641221374046],
[1652884200.0, 0.566412213740458],
[1652970600.0, 0.8254452926208651],
[1653057000.0, 0.811704834605598],
[1653143400.0, 0.6914163090128755],
[1653229800.0, 0.6838574423480084],
[1653316200.0, 0.7588100686498856],
[1653402600.0, 0.7510297482837528],
[1653489000.0, 0.7157894736842105],
[1653575400.0, 0.6185454545454544],
[1653661800.0, 0.6600405679513186],
[1653748200.0, 0.7844393592677346],
[1653834600.0, 0.737299771167048],
[1653921000.0, 0.5854545454545454],
[1654007400.0, 0.8316784869976358],
[1654093800.0, 0.6273224043715847],
[1654180200.0, 0.8260047281323876],
[1654266600.0, 0.843498817966903],
[1654353000.0, 0.7427230046948355],
[1654439400.0, 0.7976470588235296],
[1654525800.0, 0.7887058823529413],
[1654612200.0, 0.7657276995305162],
[1654698600.0, 0.7657276995305162],
[1654785000.0, 0.7694835680751173],
[1654871400.0, 0.7792592592592592],
[1654957800.0, 0.8158024691358027],
[1655044200.0, 0.7846913580246914],
[1655130600.0, 0.7681710213776723],
[1655217000.0, 0.7672897196261682],
[1655303400.0, 0.7661097852028639],
[1655389800.0, 0.7474940334128878],
[1655476200.0, 0.757377049180328],
[1655562600.0, 0.7480093676814988],
[1655649000.0, 0.7610451306413303],
[1655735400.0, 0.7507042253521127],
[1655821800.0, 0.7440758293838863],
[1655908200.0, 0.7667458432304038],
[1655994600.0, 0.7629453681710213],
[1656081000.0, 0.8754820936639117],
[1656167400.0, 0.7885572139303482],
[1656253800.0, 0.8086734693877549],
[1656340200.0, 0.7831632653061222],
[1656426600.0, 0.8027548209366392],
[1656513000.0, 0.815426997245179],
[1656599400.0, 0.7785123966942148],
[1656685800.0, 0.6785542168674698],
[1656772200.0, 0.6703614457831325],
[1656858600.0, 0.7704735376044568],
[1656945000.0, 0.7454038997214485],
[1657031400.0, 0.762116991643454],
[1657117800.0, 0.7487465181058495],
[1657204200.0, 0.7871866295264623],
[1657290600.0, 0.7883008356545961],
[1657377000.0, 0.8005571030640668],
[1657463400.0, 0.8547008547008547],
[1657549800.0, 0.8376068376068375],
[1657636200.0, 0.8358974358974359],
[1657722600.0, 0.8122562674094707],
[1657809000.0, 0.8122562674094708],
[1657895400.0, 0.7637883008356545],
[1657981800.0, 0.762116991643454],
[1658068200.0, 0.732608695652174],
[1658154600.0, 0.7105263157894738],
[1658241000.0, 0.7505376344086022],
[1658327400.0, 0.7505376344086022],
[1658413800.0, 0.7761111111111111],
[1658500200.0, 0.7777777777777778],
[1658586600.0, 0.7777777777777778],
[1658673000.0, 0.7799442896935933],
[1658759400.0, 0.7724517906336088],
[1658845800.0, 0.749862258953168],
[1658932200.0, 0.749862258953168],
[1659018600.0, 0.8546666666666667],
[1659105000.0, 0.7457142857142858],
[1659191400.0, 0.8594059405940595],
[1659277800.0, 0.8594059405940595],
[1659364200.0, 0.9353135313531356],
[1659450600.0, 1.0229166666666667],
[1659537000.0, 0.94185303514377],
[1659623400.0, 0.8729344729344729],
[1659709800.0, 0.9182857142857143],
[1659796200.0, 0.9622857142857143],
[1659882600.0, 0.9382857142857144],
[1659969000.0, 0.9229411764705884],
[1660055400.0, 0.9148809523809525],
[1660141800.0, 0.8833333333333333],
[1660228200.0, 0.8640449438202247],
[1660314600.0, 0.8294797687861272],
[1660401000.0, 0.8294797687861272],
[1660487400.0, 0.8294797687861272],
[1660573800.0, 0.8294797687861272],
[1660660200.0, 0.8704545454545455],
[1660746600.0, 0.8715909090909091],
[1660833000.0, 0.8944606413994168],
[1660919400.0, 0.9883381924198252],
[1661005800.0, 0.9498542274052479],
[1661092200.0, 0.9261363636363636],
[1661178600.0, 1.266396761133603],
[1661265000.0, 0.9142857142857143],
[1661351400.0, 1.0012698412698413],
[1661437800.0, 0.9822222222222222],
[1661524200.0, 0.9796825396825395],
[1661610600.0, 0.9037249283667621],
[1661697000.0, 0.9161904761904761],
[1661783400.0, 0.8394285714285715],
[1661869800.0, 0.8326647564469913],
[1661956200.0, 1.0492857142857142],
[1662042600.0, 1.052142857142857],
[1662129000.0, 0.9244444444444444],
[1662215400.0, 1.020714285714286],
[1662301800.0, 0.8466472303206998],
[1662388200.0, 0.9639871382636656],
[1662474600.0, 0.9517684887459806],
[1662561000.0, 0.9800643086816719],
[1662647400.0, 0.8886297376093294],
[1662733800.0, 0.8886297376093294],
[1662820200.0, 0.8485714285714286],
[1662906600.0, 0.8737752161383286],
[1662993000.0, 0.8651428571428571],
[1663079400.0, 0.8810344827586205],
[1663165800.0, 0.9178160919540229],
[1663252200.0, 0.9340974212034384],
[1663338600.0, 0.9507163323782235],
[1663425000.0, 0.8962750716332378],
[1663511400.0, 0.8968481375358165],
[1663597800.0, 0.8732954545454547],
[1663684200.0, 0.8808022922636104],
[1663770600.0, 0.8681948424068768],
[1663857000.0, 0.8255681818181818],
[1663943400.0, 0.7698863636363636],
[1664029800.0, 0.7646739130434782],
[1664116200.0, 0.7566666666666666],
[1664202600.0, 0.7423913043478261],
[1664289000.0, 0.7581521739130435],
[1664375400.0, 0.7152173913043478],
[1664461800.0, 0.7124999999999999],
[1664548200.0, 0.7358695652173912],
[1664634600.0, 0.7994186046511627],
[1664717400.0, 0.7634285714285713],
[1664803800.0, 0.8023255813953486],
[1664890200.0, 0.8029069767441861],
[1664976600.0, 0.8284883720930233],
[1665063000.0, 0.8075581395348838],
[1665149400.0, 0.7720930232558137],
[1665235800.0, 0.7354285714285715],
[1665322200.0, 0.5316973415132925],
[1665408600.0, 0.5775051124744376],
[1665495000.0, 0.5411042944785275],
[1665581400.0, 0.5411042944785275],
[1665667800.0, 0.5574642126789366],
[1665754200.0, 0.5705521472392638],
[1665840600.0, 0.56359918200409],
[1665927000.0, 0.5848979591836736],
[1666013400.0, 0.5869387755102042],
[1666099800.0, 0.8968553459119498],
[1666186200.0, 0.8937106918238995],
[1666272600.0, 0.8937106918238995],
[1666359000.0, 0.89874213836478],
[1666445400.0, 0.89811320754717],
[1666531800.0, 0.5481765834932822],
[1666618200.0, 0.6747619047619049],
[1666704600.0, 0.543953934740883],
[1666791000.0, 0.543953934740883],
[1666877400.0, 0.7285714285714285],
[1666963800.0, 0.7285714285714285],
[1667050200.0, 0.713265306122449],
[1667136600.0, 0.7418367346938775],
[1667223000.0, 0.7967123287671233],
[1667309400.0, 0.7387862796833773],
[1667395800.0, 0.7414248021108178],
[1667482200.0, 0.7147286821705425],
[1667568600.0, 0.7404255319148936],
[1667655000.0, 0.750531914893617],
[1667741400.0, 0.7627659574468085],
[1667827800.0, 0.7162790697674419],
[1667914200.0, 0.7173126614987081],
[1668000600.0, 0.7173126614987081],
[1668087000.0, 0.7923497267759563],
[1668173400.0, 0.7726775956284153],
[1668259800.0, 0.5622266401590458],
[1668346200.0, 0.5765407554671967],
[1668432600.0, 0.5765407554671967],
[1668519000.0, 0.5773359840954275],
[1668605400.0, 0.5809145129224652],
[1668691800.0, 0.5685884691848907],
[1668778200.0, 0.5923232323232324],
[1668864600.0, 0.5975757575757575],
[1668951000.0, 0.5866666666666667],
[1669037400.0, 0.585050505050505],
[1669123800.0, 0.8405714285714286],
[1669210200.0, 0.6381165919282511],
[1669296600.0, 0.6426008968609866],
[1669383000.0, 0.8182857142857143],
[1669469400.0, 0.8171428571428573],
[1669555800.0, 0.8171428571428573],
[1669642200.0, 0.7948571428571428],
[1669728600.0, 0.7591280653950953],
[1669815000.0, 0.6343387470997679],
[1669901400.0, 0.8284810126582278],
[1669987800.0, 0.7886075949367088],
[1670074200.0, 0.8468354430379746],
[1670160600.0, 0.8791139240506329],
[1670247000.0, 0.8632911392405064],
[1670333400.0, 0.8645569620253165],
[1670419800.0, 0.6447300771208226],
[1670506200.0, 0.67146529562982],
[1670592600.0, 0.7007712082262211],
[1670679000.0, 0.8287425149700599],
[1670765400.0, 0.7136842105263159],
[1670851800.0, 0.7126315789473685],
[1670938200.0, 0.7126315789473685],
[1671024600.0, 0.8068376068376067],
[1671111000.0, 0.8174927113702622],
[1671197400.0, 0.8274052478134111],
[1671283800.0, 0.7954415954415954],
[1671370200.0, 0.7960113960113958],
[1671456600.0, 0.7971509971509971],
[1671543000.0, 0.8010755169332775],
[1671629400.0, 0.8183241414798861],
[1671715800.0, 0.8204180577177612],
[1671802200.0, 0.8236316456099544],
[1671888600.0, 0.7885869565217392],
[1671975000.0, 0.802446483180428],
[1672061400.0, 0.8532110091743119],
[1672147800.0, 0.8532110091743119],
[1672234200.0, 0.7810397553516819],
[1672320600.0, 0.7810397553516819],
[1672407000.0, 0.7963302752293578],
[1672493400.0, 0.7715151515151514],
[1672579800.0, 0.750581395348837],
[1672666200.0, 0.7405882352941177],
[1672752600.0, 0.7405882352941177],
[1672839000.0, 0.778235294117647],
[1672925400.0, 0.7741176470588236],
[1673011800.0, 0.7511627906976742],
[1673098200.0, 0.7552325581395347],
[1673184600.0, 0.7827893175074182],
[1673271000.0, 0.8265927977839335],
[1673357400.0, 0.7961218836565096],
[1673443800.0, 0.8249307479224376],
[1673530200.0, 0.8670360110803325],
[1673616600.0, 0.8670360110803325],
[1673703000.0, 0.8670360110803325],
[1673789400.0, 0.8670360110803325],
[1673875800.0, 0.8272463768115942],
[1673962200.0, 0.8510144927536232],
[1674048600.0, 0.8515942028985506],
[1674135000.0, 0.8910144927536231],
[1674221400.0, 0.8005208333333332],
[1674307800.0, 0.8338541666666665],
[1674394200.0, 0.8328125],
[1674480600.0, 0.8354166666666666],
[1674567000.0, 0.8437499999999999],
[1674653400.0, 0.8447916666666665],
[1674739800.0, 0.7781250000000001],
[1674826200.0, 0.8392265193370164],
[1674912600.0, 0.8353591160220993],
[1674999000.0, 0.6988399071925753],
[1675085400.0, 0.6988399071925753],
[1675171800.0, 0.6988399071925753],
[1675258200.0, 0.7095127610208816],
[1675344600.0, 0.7470997679814385],
[1675431000.0, 0.7044083526682133],
[1675517400.0, 0.803248259860789],
[1675603800.0, 0.8721052631578948],
[1675690200.0, 0.8721052631578948],
[1675776600.0, 0.9922155688622754],
[1675863000.0, 0.9922155688622754],
[1675949400.0, 0.9922155688622754],
