[1635773400.0, 22.607321976926613],
[1635859800.0, 22.933679514153056],
[1635946200.0, 22.712878474652197],
[1636032600.0, 23.47580275792484],
[1636119000.0, 23.771788924348886],
[1636205400.0, 23.665169445825086],
[1636291800.0, 23.384015112273726],
[1636378200.0, 23.323908720820366],
[1636464600.0, 22.272283884716842],
[1636551000.0, 22.339334947699726],
[1636637400.0, 23.073046316726202],
[1636723800.0, 23.23638274820551],
[1636810200.0, 22.96151393890553],
[1636896600.0, 22.20455892996469],
[1636983000.0, 21.945891727028368],
[1637069400.0, 22.136283167994122],
[1637155800.0, 22.901857524642214],
[1637242200.0, 23.301893135502215],
[1637328600.0, 23.021456034584943],
[1637415000.0, 23.160109429493517],
[1637501400.0, 22.798924348593534],
[1637587800.0, 23.02685438118817],
[1637674200.0, 23.09163445358152],
[1637760600.0, 22.90910901737811],
[1637847000.0, 22.750951973484558],
[1637933400.0, 22.03041625907983],
[1638019800.0, 22.263543763792274],
[1638106200.0, 22.211301519999854],
[1638192600.0, 22.86815511280167],
[1638279000.0, 22.824211086205253],
[1638365400.0, 22.371706520405088],
[1638451800.0, 24.45836003333333],
[1638538200.0, 23.9100811],
[1638624600.0, 23.821668399999997],
[1638711000.0, 24.302286199999998],
[1638797400.0, 24.673483866666672],
[1638883800.0, 25.561624666666663],
[1638970200.0, 24.606517800000002],
[1639056600.0, 25.303408766666667],
[1639143000.0, 25.901695264564932],
[1639229400.0, 24.9707362],
[1639315800.0, 26.0978929],
[1639402200.0, 25.486921300000002],
[1639488600.0, 25.800433899999998],
[1639575000.0, 26.037308866666667],
[1639661400.0, 26.11300196666667],
[1639747800.0, 25.821575066666668],
[1639834200.0, 25.64372906666667],
[1639920600.0, 26.790350433333334],
[1640007000.0, 26.576873199999998],
[1640093400.0, 26.378540700000002],
[1640179800.0, 26.931387133333335],
[1640266200.0, 26.790456966666667],
[1640352600.0, 27.685413800000003],
[1640439000.0, 27.32225443333333],
[1640525400.0, 26.807526766666665],
[1640611800.0, 27.004683866666664],
[1640698200.0, 28.01042716666667],
[1640784600.0, 27.437681800000004],
[1640871000.0, 27.964686833333335],
[1640957400.0, 28.620472566666667],
[1641043800.0, 28.218449699999997],
[1641130200.0, 27.992302166666672],
[1641216600.0, 27.836018],
[1641303000.0, 26.699374233333334],
[1641389400.0, 27.8877983],
[1641475800.0, 28.487114766666668],
[1641562200.0, 28.4535238],
[1641648600.0, 29.036227799999995],
[1641735000.0, 29.23396873333333],
[1641821400.0, 25.77985963333333],
[1641907800.0, 29.1046087],
[1641994200.0, 29.933429999999998],
[1642080600.0, 29.615334000000004],
[1642167000.0, 29.698994000000003],
[1642253400.0, 29.462133366666666],
[1642339800.0, 29.35507633333333],
[1642426200.0, 30.135076433333335],
[1642512600.0, 29.818425933333334],
[1642599000.0, 29.1020406],
[1642685400.0, 29.063979966666665],
[1642771800.0, 28.549160866666668],
[1642858200.0, 28.219687066666665],
[1642944600.0, 27.6885724],
[1643031000.0, 28.5064777],
[1643117400.0, 28.900295733333337],
[1643203800.0, 28.438910166666663],
[1643290200.0, 30.124665033333333],
[1643376600.0, 29.3614267],
[1643463000.0, 28.265809833333332],
[1643549400.0, 28.703013499999997],
[1643635800.0, 28.703013499999997],
[1643722200.0, 28.703013499999997],
[1643808600.0, 28.287405833333334],
[1643895000.0, 28.239206566666667],
[1643981400.0, 28.361626833333332],
[1644067800.0, 27.825691666666668],
[1644154200.0, 28.525861226942666],
[1644240600.0, 30.390918056749246],
[1644327000.0, 29.292356454144713],
[1644413400.0, 28.67721469306407],
[1644499800.0, 28.811888866666667],
[1644586200.0, 28.40857563333334],
[1644672600.0, 28.984684400000003],
[1644759000.0, 27.96123233333333],
[1644845400.0, 27.9855567],
[1644931800.0, 29.13234576666667],
[1645018200.0, 29.0700851],
[1645104600.0, 28.696505066666663],
[1645191000.0, 28.67239326666667],
[1645277400.0, 29.376386433333337],
[1645363800.0, 28.92093776666667],
[1645450200.0, 29.354121699999997],
[1645536600.0, 30.070997433333336],
[1645623000.0, 29.301033633333333],
[1645709400.0, 29.89801483333333],
[1645795800.0, 30.412063033333336],
[1645882200.0, 30.1409355],
[1645968600.0, 30.804830066666664],
[1646055000.0, 31.273685266666664],
[1646141400.0, 30.2305837],
[1646227800.0, 29.80026673333333],
[1646314200.0, 30.76680113333333],
[1646400600.0, 30.577044133333334],
[1646487000.0, 31.28516913333333],
[1646573400.0, 30.740092533333335],
[1646659800.0, 30.863310366666667],
[1646746200.0, 31.183658566666665],
[1646832600.0, 30.91434316666667],
[1646919000.0, 31.150124233333333],
[1647005400.0, 31.241189166666672],
[1647091800.0, 30.970856700000002],
[1647178200.0, 31.97383413333333],
[1647264600.0, 32.23292396666667],
[1647351000.0, 32.85996453333333],
[1647437400.0, 32.30581936666667],
[1647523800.0, 32.7590854],
[1647610200.0, 32.76578263333334],
[1647696600.0, 33.36358486666666],
[1647783000.0, 33.3508196],
[1647869400.0, 33.3981657],
[1647955800.0, 33.73190581577941],
[1648042200.0, 34.69317850448541],
[1648128600.0, 35.20615203333333],
[1648215000.0, 35.07388644021689],
[1648301400.0, 35.0539252],
[1648387800.0, 34.412064666666666],
[1648474200.0, 35.668433900000004],
[1648560600.0, 35.23757473333333],
[1648647000.0, 34.651889100000005],
[1648733400.0, 34.4265481774274],
[1648819800.0, 35.36794993299612],
[1648906200.0, 34.83575245669204],
[1648996200.0, 35.21034647728799],
[1649082600.0, 36.20139854465341],
[1649169000.0, 35.99351207576195],
[1649255400.0, 35.89591129968546],
[1649341800.0, 35.62420690367545],
[1649428200.0, 35.50625045380223],
[1649514600.0, 36.74882123920185],
[1649601000.0, 37.03882082012267],
[1649687400.0, 37.41641698251602],
[1649773800.0, 38.05437275799894],
[1649860200.0, 37.44312828201487],
[1649946600.0, 37.428061863337184],
[1650033000.0, 37.96683545238926],
[1650119400.0, 38.1865519614958],
[1650205800.0, 39.637660161825124],
[1650292200.0, 38.47792615271025],
[1650378600.0, 38.31246110920189],
[1650465000.0, 39.52924372120132],
[1650551400.0, 39.52924372120132],
[1650637800.0, 39.52924372120132],
[1650724200.0, 40.27480742635935],
[1650810600.0, 39.89807642414703],
[1650897000.0, 39.33039875903754],
[1650983400.0, 39.67233090645664],
[1651069800.0, 41.32212080198064],
[1651156200.0, 39.84685622264831],
[1651242600.0, 40.234578163287686],
[1651329000.0, 40.176146304366284],
[1651415400.0, 40.73894899511469],
[1651501800.0, 39.9709195549087],
[1651588200.0, 40.193463975446605],
[1651674600.0, 39.39402990533523],
[1651761000.0, 38.28675946271306],
[1651847400.0, 37.43487455903975],
[1651933800.0, 38.20419947468767],
[1652020200.0, 39.6886203625242],
[1652106600.0, 39.20705660283739],
[1652193000.0, 38.02288408143328],
[1652279400.0, 37.12653958222975],
[1652365800.0, 37.97492903602679],
[1652452200.0, 37.91031186374635],
[1652538600.0, 37.827693269425765],
[1652625000.0, 37.75599147953223],
[1652711400.0, 37.84735731902832],
[1652797800.0, 37.69246479781111],
[1652884200.0, 38.024529136471806],
[1652970600.0, 37.868816459541115],
[1653057000.0, 37.95350271734111],
[1653143400.0, 38.09051746477501],
[1653229800.0, 36.72731365923576],
[1653316200.0, 37.05682455833917],
[1653402600.0, 37.1151796726902],
[1653489000.0, 39.09229286532885],
[1653575400.0, 37.075927397059075],
[1653661800.0, 36.89186832850191],
[1653748200.0, 36.76411995314519],
[1653834600.0, 36.45685327018263],
[1653921000.0, 36.20657988180067],
[1654007400.0, 37.64320194661451],
[1654093800.0, 37.28630485050614],
[1654180200.0, 38.25878538511927],
[1654266600.0, 37.80391416488937],
[1654353000.0, 38.709710277306236],
[1654439400.0, 38.854780675597816],
[1654525800.0, 38.109194869836635],
[1654612200.0, 38.318566758214885],
[1654698600.0, 38.64319748635425],
[1654785000.0, 38.51977919550411],
[1654871400.0, 38.54893698522519],
[1654957800.0, 37.78469521154493],
[1655044200.0, 38.06147269415283],
[1655130600.0, 37.260136053133316],
[1655217000.0, 38.05162849042438],
[1655303400.0, 37.45276886788246],
[1655389800.0, 39.20583829374465],
[1655476200.0, 41.14384115452394],
[1655562600.0, 39.261107871475986],
[1655649000.0, 41.10241208232308],
[1655735400.0, 40.310814702780924],
[1655821800.0, 40.533791227040645],
[1655908200.0, 38.94258158439131],
[1655994600.0, 40.108020131639925],
[1656081000.0, 37.8429947223377],
[1656167400.0, 37.21372022572663],
[1656253800.0, 37.18170164598047],
[1656340200.0, 37.69448068240468],
[1656426600.0, 37.830015592243456],
[1656513000.0, 37.808881881033585],
[1656599400.0, 37.12844776037313],
[1656685800.0, 37.96256122564744],
[1656772200.0, 35.83843057149283],
[1656858600.0, 37.15293190604259],
[1656945000.0, 36.57449316142831],
[1657031400.0, 36.15068329917335],
[1657117800.0, 35.60564631198158],
[1657204200.0, 36.04513608268392],
[1657290600.0, 36.638892718099605],
[1657377000.0, 36.564127026879845],
[1657463400.0, 37.33764064433037],
[1657549800.0, 37.38893500984269],
[1657636200.0, 38.13837026297016],
[1657722600.0, 37.773123159221484],
[1657809000.0, 38.8209526373635],
[1657895400.0, 38.11976577903613],
[1657981800.0, 38.58574676958106],
[1658068200.0, 38.30523425949738],
[1658154600.0, 38.70961920615549],
[1658241000.0, 38.89360122240714],
[1658327400.0, 39.19381142420732],
[1658413800.0, 38.98096540225785],
[1658500200.0, 38.85169903176475],
[1658586600.0, 38.970228649603065],
[1658673000.0, 38.75308777409523],
[1658759400.0, 38.5323016936601],
[1658845800.0, 39.207585197393094],
[1658932200.0, 39.285375839365805],
[1659018600.0, 38.99360047437414],
[1659105000.0, 39.20575756082605],
[1659191400.0, 39.06883728218095],
[1659277800.0, 39.938637131039734],
[1659364200.0, 38.92164888875163],
[1659450600.0, 40.30190039743938],
[1659537000.0, 40.80812801527204],
[1659623400.0, 39.529314261680135],
[1659709800.0, 40.28959045804833],
[1659796200.0, 40.09637158580456],
[1659882600.0, 38.72388678411951],
[1659969000.0, 41.16199400878691],
[1660055400.0, 40.163381468148266],
[1660141800.0, 40.088337796597045],
[1660228200.0, 40.51822886440697],
[1660314600.0, 40.104357350701754],
[1660401000.0, 40.104357350701754],
[1660487400.0, 40.104357350701754],
[1660573800.0, 40.104357350701754],
[1660660200.0, 39.97366355607036],
[1660746600.0, 40.00088383266214],
[1660833000.0, 40.204862749743434],
[1660919400.0, 38.212423933738954],
[1661005800.0, 38.83796509384131],
[1661092200.0, 39.657459379468044],
[1661178600.0, 39.18847324435351],
[1661265000.0, 38.99611162834286],
[1661351400.0, 37.93097990150992],
[1661437800.0, 38.10422582540076],
[1661524200.0, 38.51014703840711],
[1661610600.0, 37.93359211733275],
[1661697000.0, 38.98686891554098],
[1661783400.0, 38.472683545811385],
[1661869800.0, 39.37451150549493],
[1661956200.0, 38.81677602317183],
[1662042600.0, 38.820929428844174],
[1662129000.0, 37.97903803195424],
[1662215400.0, 37.95179335278252],
[1662301800.0, 37.72240128580651],
[1662388200.0, 37.82283010933359],
[1662474600.0, 38.03840812711433],
[1662561000.0, 38.23400524898103],
[1662647400.0, 37.97651893774206],
[1662733800.0, 37.856895748172455],
[1662820200.0, 38.07606393875664],
[1662906600.0, 37.986275880119194],
[1662993000.0, 38.128168754339264],
[1663079400.0, 38.23957774300553],
[1663165800.0, 37.5702460387983],
[1663252200.0, 37.34776991322011],
[1663338600.0, 36.946079918514286],
[1663425000.0, 36.99630200754216],
[1663511400.0, 36.044547321765684],
[1663597800.0, 36.917257502054746],
[1663684200.0, 36.99304571773107],
[1663770600.0, 36.57400638611919],
[1663857000.0, 35.92388311193381],
[1663943400.0, 36.64754619132169],
[1664029800.0, 37.081488541489975],
[1664116200.0, 36.554701094729836],
[1664202600.0, 37.674986273182526],
[1664289000.0, 36.97606758501383],
[1664375400.0, 36.620831707120246],
[1664461800.0, 36.80161020019647],
[1664548200.0, 37.11174643841583],
[1664634600.0, 36.99831417516063],
[1664717400.0, 36.42415348886856],
[1664803800.0, 35.60513812218767],
[1664890200.0, 37.37403219829904],
[1664976600.0, 36.88836941677137],
[1665063000.0, 37.15657604246298],
[1665149400.0, 37.759294557989726],
[1665235800.0, 37.911359397971594],
[1665322200.0, 37.84130120967802],
[1665408600.0, 37.14997917076795],
[1665495000.0, 37.81497103128462],
[1665581400.0, 38.08848644383951],
[1665667800.0, 37.756132345366034],
[1665754200.0, 37.26923887024906],
[1665840600.0, 38.59355448384272],
[1665927000.0, 37.089709484673385],
[1666013400.0, 37.429088198232975],
[1666099800.0, 37.28165033333334],
[1666186200.0, 37.54246236666667],
[1666272600.0, 36.96103266666667],
[1666359000.0, 37.823036333333334],
[1666445400.0, 37.0783944],
[1666531800.0, 35.791298000000005],
[1666618200.0, 36.09010203333333],
[1666704600.0, 36.1936297],
[1666791000.0, 36.1042524],
[1666877400.0, 36.71703603333333],
[1666963800.0, 36.842665399999994],
[1667050200.0, 35.793533133333334],
[1667136600.0, 35.97170756666667],
[1667223000.0, 36.61913216666667],
[1667309400.0, 37.15548543333333],
[1667395800.0, 36.760537066666664],
[1667482200.0, 35.949645633333326],
[1667568600.0, 36.9687653],
[1667655000.0, 36.9890612],
[1667741400.0, 37.26070193333334],
[1667827800.0, 36.818144066666676],
[1667914200.0, 37.77864903333333],
[1668000600.0, 37.7377652],
[1668087000.0, 37.5952887],
[1668173400.0, 38.664749400000005],
[1668259800.0, 38.831405700000005],
[1668346200.0, 38.128029033333334],
[1668432600.0, 39.145202633333334],
[1668519000.0, 38.03386866666667],
[1668605400.0, 38.268418133333334],
[1668691800.0, 37.374107333333335],
[1668778200.0, 38.358637300000005],
[1668864600.0, 39.783193133333334],
[1668951000.0, 39.457352],
[1669037400.0, 40.976709298371],
[1669123800.0, 42.69517408533404],
[1669210200.0, 43.04002015273763],
[1669296600.0, 40.64718917589882],
[1669383000.0, 39.32241986529484],
[1669469400.0, 39.17066150136813],
[1669555800.0, 38.559498887598714],
[1669642200.0, 38.90432062087453],
[1669728600.0, 40.37230837227759],
[1669815000.0, 39.63285124790075],
[1669901400.0, 40.6434095507251],
[1669987800.0, 40.77674999944588],
[1670074200.0, 42.379207844598284],
[1670160600.0, 41.61377805806105],
[1670247000.0, 42.00663005677555],
[1670333400.0, 41.69655157054283],
[1670419800.0, 42.93886267780426],
[1670506200.0, 41.31162617401467],
[1670592600.0, 44.518132324928985],
[1670679000.0, 42.78562222641316],
[1670765400.0, 43.888128397124],
[1670851800.0, 43.739883190530826],
[1670938200.0, 44.17858377011516],
[1671024600.0, 44.265281469080044],
[1671111000.0, 44.9093035923224],
[1671197400.0, 44.47662215498928],
[1671283800.0, 44.57723769995605],
[1671370200.0, 44.338040360059104],
[1671456600.0, 44.574951888049846],
[1671543000.0, 44.955234475506835],
[1671629400.0, 46.011148135443854],
[1671715800.0, 45.62995364017747],
[1671802200.0, 44.95236682868869],
[1671888600.0, 44.34496964955205],
[1671975000.0, 44.889121697285454],
[1672061400.0, 43.34674100000001],
[1672147800.0, 44.1579084],
[1672234200.0, 44.038498233333335],
[1672320600.0, 44.313816252175165],
[1672407000.0, 43.33815306666667],
[1672493400.0, 43.6558986],
[1672579800.0, 42.76029583333334],
[1672666200.0, 43.0316589],
[1672752600.0, 42.740443],
[1672839000.0, 43.11557376666667],
[1672925400.0, 43.172595900000005],
[1673011800.0, 44.18604260000001],
[1673098200.0, 43.28431810000001],
[1673184600.0, 44.72493453333334],
[1673271000.0, 43.63422516666666],
[1673357400.0, 44.441611766666675],
[1673443800.0, 44.562577866666665],
[1673530200.0, 45.763553433333335],
[1673616600.0, 46.386099433333335],
[1673703000.0, 45.80814586666667],
[1673789400.0, 46.640308766666664],
[1673875800.0, 46.6076587],
[1673962200.0, 45.439807333333334],
[1674048600.0, 46.592465833333335],
[1674135000.0, 47.141633033333335],
[1674221400.0, 46.39186573333334],
[1674307800.0, 46.3756898],
[1674394200.0, 47.239806566666665],
[1674480600.0, 45.10299993333334],
[1674567000.0, 46.61893605233488],
[1674653400.0, 45.07761482347224],
[1674739800.0, 46.807246305436784],
[1674826200.0, 45.77865926950873],
[1674912600.0, 46.608423843021484],
[1674999000.0, 46.4484577887638],
[1675085400.0, 46.356863930168494],
[1675171800.0, 46.403319074887435],
[1675258200.0, 46.86924018267181],
[1675344600.0, 47.497284650490265],
[1675431000.0, 46.776808985566454],
[1675517400.0, 47.94050116630685],
[1675603800.0, 48.760451048335916],
[1675690200.0, 47.720936001658345],
[1675776600.0, 48.42880447753627],
[1675863000.0, 48.428144889316265],
[1675949400.0, 48.428144889316265],
