[1635773400.0, 0.4558356677973259],
[1635859800.0, 0.4556368462911093],
[1635946200.0, 0.4534869468119366],
[1636032600.0, 0.46693270889347266],
[1636119000.0, 0.477410909522317],
[1636205400.0, 0.4653736690822447],
[1636291800.0, 0.46064751286502686],
[1636378200.0, 0.46200974458516186],
[1636464600.0, 0.47364719737146965],
[1636551000.0, 0.4794856277607733],
[1636637400.0, 0.4670195128647566],
[1636723800.0, 0.4685261976225144],
[1636810200.0, 0.4686513204933054],
[1636896600.0, 0.47167413753574783],
[1636983000.0, 0.46472006703543545],
[1637069400.0, 0.47463224995813624],
[1637155800.0, 0.4857753417759396],
[1637242200.0, 0.481534043734528],
[1637328600.0, 0.46913675511234504],
[1637415000.0, 0.4768769136925497],
[1637501400.0, 0.4876810519448602],
[1637587800.0, 0.46906177760839496],
[1637674200.0, 0.4931142474019513],
[1637760600.0, 0.486762731682522],
[1637847000.0, 0.479186295377679],
[1637933400.0, 0.4707680783090322],
[1638019800.0, 0.4683583710813901],
[1638106200.0, 0.47044998322365045],
[1638192600.0, 0.4678879085717771],
[1638279000.0, 0.4771912121422941],
[1638365400.0, 0.46615827874235344],
[1638451800.0, 0.49470289448159627],
[1638538200.0, 0.4808302312403582],
[1638624600.0, 0.47999221664139863],
[1638711000.0, 0.48303372627868135],
[1638797400.0, 0.5057871340699166],
[1638883800.0, 0.49817256325755027],
[1638970200.0, 0.5045650269185326],
[1639056600.0, 0.4876930535301938],
[1639143000.0, 0.4727123721811172],
[1639229400.0, 0.5154399236009888],
[1639315800.0, 0.4836076597596701],
[1639402200.0, 0.4832772501031908],
[1639488600.0, 0.46363276768301565],
[1639575000.0, 0.4740080483235654],
[1639661400.0, 0.4789665029512567],
[1639747800.0, 0.47690060846497256],
[1639834200.0, 0.47177044972794124],
[1639920600.0, 0.47837005687634837],
[1640007000.0, 0.5039964605348068],
[1640093400.0, 0.49046519973146463],
[1640179800.0, 0.47775237555470773],
[1640266200.0, 0.47558994021446416],
[1640352600.0, 0.48052748087042935],
[1640439000.0, 0.4670611193197737],
[1640525400.0, 0.47460612040011946],
[1640611800.0, 0.4644398568897712],
[1640698200.0, 0.4849533758531123],
[1640784600.0, 0.4828576758299039],
[1640871000.0, 0.4674053766904086],
[1640957400.0, 0.4900763698611078],
[1641043800.0, 0.4924713082009691],
[1641130200.0, 0.47964072070865554],
[1641216600.0, 0.48894699166027045],
[1641303000.0, 0.4918075611679525],
[1641389400.0, 0.48337081913761504],
[1641475800.0, 0.4816648289956701],
[1641562200.0, 0.47674841167217286],
[1641648600.0, 0.46065543208179466],
[1641735000.0, 0.471725318634763],
[1641821400.0, 0.4629993540785749],
[1641907800.0, 0.4674364010584451],
[1641994200.0, 0.4797125003193949],
[1642080600.0, 0.48710105350942057],
[1642167000.0, 0.4929577408751129],
[1642253400.0, 0.48552923973406137],
[1642339800.0, 0.47797985644520047],
[1642426200.0, 0.4791909008194622],
[1642512600.0, 0.4905491681750356],
[1642599000.0, 0.48170722351164325],
[1642685400.0, 0.48205290290683256],
[1642771800.0, 0.5094977204258397],
[1642858200.0, 0.530576436501702],
[1642944600.0, 0.5165181248156029],
[1643031000.0, 0.5080502196712186],
[1643117400.0, 0.4983620790488122],
[1643203800.0, 0.5001895130562203],
[1643290200.0, 0.5248139257071229],
[1643376600.0, 0.5197025493637542],
[1643463000.0, 0.5227373160899949],
[1643549400.0, 0.5170439061711852],
[1643635800.0, 0.5170439061711852],
[1643722200.0, 0.5170439061711852],
[1643808600.0, 0.5144271237094207],
[1643895000.0, 0.5235445683147051],
[1643981400.0, 0.5382082232764511],
[1644067800.0, 0.5268465386211179],
[1644154200.0, 0.5378224048792747],
[1644240600.0, 0.5251294547212753],
[1644327000.0, 0.5203961261550173],
[1644413400.0, 0.5187873723760816],
[1644499800.0, 0.5159412622189201],
[1644586200.0, 0.515628016902286],
[1644672600.0, 0.5216530216766341],
[1644759000.0, 0.5133011324316261],
[1644845400.0, 0.49627585775871635],
[1644931800.0, 0.51510190885839],
[1645018200.0, 0.5248822924336055],
[1645104600.0, 0.5150496800600411],
[1645191000.0, 0.4966361113328626],
[1645277400.0, 0.4982665811283093],
[1645363800.0, 0.4978746781564537],
[1645450200.0, 0.5115636754940073],
[1645536600.0, 0.48465458394764566],
[1645623000.0, 0.5022377677411551],
[1645709400.0, 0.49533254516043507],
[1645795800.0, 0.5188625159841155],
[1645882200.0, 0.5045718367645295],
[1645968600.0, 0.4954380607747739],
[1646055000.0, 0.4914887270040114],
[1646141400.0, 0.49850972040418134],
[1646227800.0, 0.5251945540348196],
[1646314200.0, 0.4847921645815965],
[1646400600.0, 0.486986219890201],
[1646487000.0, 0.4645568248820317],
[1646573400.0, 0.48704973335929297],
[1646659800.0, 0.5048122827800012],
[1646746200.0, 0.48179824600399357],
[1646832600.0, 0.47818248410528147],
[1646919000.0, 0.48188026262378353],
[1647005400.0, 0.48106461792712896],
[1647091800.0, 0.4792978393203299],
[1647178200.0, 0.4764851997268233],
[1647264600.0, 0.473497234622478],
[1647351000.0, 0.47687026135980043],
[1647437400.0, 0.4874263995378265],
[1647523800.0, 0.5213474104560526],
[1647610200.0, 0.5244429064516039],
[1647696600.0, 0.5152647371906833],
[1647783000.0, 0.5118101404329667],
[1647869400.0, 0.511171419961161],
[1647955800.0, 0.5150021483031498],
[1648042200.0, 0.4924162165316466],
[1648128600.0, 0.49634804112163766],
[1648215000.0, 0.507446496975378],
[1648301400.0, 0.5125465696239065],
[1648387800.0, 0.5161081582369397],
[1648474200.0, 0.513989623678603],
[1648560600.0, 0.5111160574540006],
[1648647000.0, 0.5090083182972477],
[1648733400.0, 0.49950009908021964],
[1648819800.0, 0.4953702814739562],
[1648906200.0, 0.46894237096229235],
[1648996200.0, 0.47174333401343366],
[1649082600.0, 0.4814815487470442],
[1649169000.0, 0.47680902370041583],
[1649255400.0, 0.4930588483457726],
[1649341800.0, 0.47954640707315627],
[1649428200.0, 0.4769862598612265],
[1649514600.0, 0.4869911124543961],
[1649601000.0, 0.48684583118958263],
[1649687400.0, 0.4879793568544979],
[1649773800.0, 0.4892752603309723],
[1649860200.0, 0.483497121823429],
[1649946600.0, 0.46378085112282],
[1650033000.0, 0.4734601822964669],
[1650119400.0, 0.4784177074526666],
[1650205800.0, 0.46528024597779755],
[1650292200.0, 0.47773039841876874],
[1650378600.0, 0.4733982684252939],
[1650465000.0, 0.4597491767368779],
[1650551400.0, 0.4597491767368779],
[1650637800.0, 0.4597491767368779],
[1650724200.0, 0.4630266803908735],
[1650810600.0, 0.46205139913389565],
[1650897000.0, 0.45565774207671755],
[1650983400.0, 0.45702891081332775],
[1651069800.0, 0.4851551877829553],
[1651156200.0, 0.4847310545465318],
[1651242600.0, 0.4720438894019453],
[1651329000.0, 0.48779183937223236],
[1651415400.0, 0.4781916184881775],
[1651501800.0, 0.47979963546599225],
[1651588200.0, 0.4849444669221229],
[1651674600.0, 0.4832197727799845],
[1651761000.0, 0.4735193794287315],
[1651847400.0, 0.45674519756157744],
[1651933800.0, 0.4407829103208283],
[1652020200.0, 0.4546269758352526],
[1652106600.0, 0.44295072851584805],
[1652193000.0, 0.43044793509678375],
[1652279400.0, 0.4431034897912503],
[1652365800.0, 0.42698756153322703],
[1652452200.0, 0.43617618595217156],
[1652538600.0, 0.43557086006743656],
[1652625000.0, 0.4320660556088836],
[1652711400.0, 0.42786189207338887],
[1652797800.0, 0.43284374701005984],
[1652884200.0, 0.42785228742621895],
[1652970600.0, 0.42474880926033126],
[1653057000.0, 0.4388172196243661],
[1653143400.0, 0.43336806454477167],
[1653229800.0, 0.42325708505875254],
[1653316200.0, 0.4252930460852709],
[1653402600.0, 0.41503294744776076],
[1653489000.0, 0.41845085825316203],
[1653575400.0, 0.402105004697046],
[1653661800.0, 0.4149903333100133],
[1653748200.0, 0.4170405365147763],
[1653834600.0, 0.42069361500199076],
[1653921000.0, 0.4179119916499634],
[1654007400.0, 0.4182896753998434],
[1654093800.0, 0.4218547569920977],
[1654180200.0, 0.4253079399377975],
[1654266600.0, 0.41840462057951566],
[1654353000.0, 0.4320745335881564],
[1654439400.0, 0.43292214217585273],
[1654525800.0, 0.42462493705448523],
[1654612200.0, 0.42961064125784854],
[1654698600.0, 0.4397301474868787],
[1654785000.0, 0.4285277646658064],
[1654871400.0, 0.4335639489956336],
[1654957800.0, 0.43136395741985495],
[1655044200.0, 0.43537547000542925],
[1655130600.0, 0.4320105163024469],
[1655217000.0, 0.4385208761215563],
[1655303400.0, 0.42596998383329254],
[1655389800.0, 0.4312474863995061],
[1655476200.0, 0.45866979568677885],
[1655562600.0, 0.4372128445475021],
[1655649000.0, 0.46477189823104226],
[1655735400.0, 0.4562703318951664],
[1655821800.0, 0.4700996939480805],
[1655908200.0, 0.4542824008843082],
[1655994600.0, 0.4491051872956034],
[1656081000.0, 0.44421485787307197],
[1656167400.0, 0.43871710059975944],
[1656253800.0, 0.43029283584836403],
[1656340200.0, 0.4396903235237948],
[1656426600.0, 0.4385939460495479],
[1656513000.0, 0.4351593349136872],
[1656599400.0, 0.43769451451156],
[1656685800.0, 0.42853473305579065],
[1656772200.0, 0.4363852783145312],
[1656858600.0, 0.4427131836989942],
[1656945000.0, 0.44721738453029397],
[1657031400.0, 0.46166087294478286],
[1657117800.0, 0.45882796522060315],
[1657204200.0, 0.4453548802082884],
[1657290600.0, 0.466322166718141],
[1657377000.0, 0.4511683189624623],
[1657463400.0, 0.44468597925703535],
[1657549800.0, 0.4576497767165382],
[1657636200.0, 0.4586022472053735],
[1657722600.0, 0.4472119650512861],
[1657809000.0, 0.4714140412046052],
[1657895400.0, 0.46530278729675106],
[1657981800.0, 0.4884592360091635],
[1658068200.0, 0.48498893003974086],
[1658154600.0, 0.48113356301393656],
[1658241000.0, 0.4864078633198025],
[1658327400.0, 0.48812659053122043],
[1658413800.0, 0.4886045645338358],
[1658500200.0, 0.4854216502889076],
[1658586600.0, 0.48619894644877526],
[1658673000.0, 0.4859988660106874],
[1658759400.0, 0.48881169914337835],
[1658845800.0, 0.4624714622047465],
[1658932200.0, 0.4710871316110185],
[1659018600.0, 0.4613266454441435],
[1659105000.0, 0.46567133629053487],
[1659191400.0, 0.45376362617132104],
[1659277800.0, 0.4649173848429836],
[1659364200.0, 0.47049514655144914],
[1659450600.0, 0.4796607858245171],
[1659537000.0, 0.4795476190684331],
[1659623400.0, 0.46746341815679404],
[1659709800.0, 0.4600201875516164],
[1659796200.0, 0.4744573350787714],
[1659882600.0, 0.46778087935688667],
[1659969000.0, 0.4608638213404025],
[1660055400.0, 0.47800824938611486],
[1660141800.0, 0.4679329485648574],
[1660228200.0, 0.4910406054245211],
[1660314600.0, 0.46885533602210977],
[1660401000.0, 0.46885533602210977],
[1660487400.0, 0.46885533602210977],
[1660573800.0, 0.46885533602210977],
[1660660200.0, 0.473294989998942],
[1660746600.0, 0.4731410362159368],
[1660833000.0, 0.4704876764740237],
[1660919400.0, 0.4833908231731138],
[1661005800.0, 0.4757367760350285],
[1661092200.0, 0.47708424098642327],
[1661178600.0, 0.47685119809351845],
[1661265000.0, 0.47960635950499264],
[1661351400.0, 0.4740150417500291],
[1661437800.0, 0.4684383536681624],
[1661524200.0, 0.4540649440047165],
[1661610600.0, 0.4457639129169894],
[1661697000.0, 0.4694092172654601],
[1661783400.0, 0.48515144313432257],
[1661869800.0, 0.4655653362617484],
[1661956200.0, 0.4673173101261988],
[1662042600.0, 0.4644859071210495],
[1662129000.0, 0.4651706131034555],
[1662215400.0, 0.4663205525223349],
[1662301800.0, 0.45058476509381706],
[1662388200.0, 0.457383185886289],
[1662474600.0, 0.45869487762776273],
[1662561000.0, 0.46238534935473724],
[1662647400.0, 0.46866495188170465],
[1662733800.0, 0.4599158573992495],
[1662820200.0, 0.4475521984061352],
[1662906600.0, 0.44196783613188806],
[1662993000.0, 0.4475862752873315],
[1663079400.0, 0.4526883994627465],
[1663165800.0, 0.4477726085722181],
[1663252200.0, 0.44466262106548293],
[1663338600.0, 0.4469106587408905],
[1663425000.0, 0.4670268463585684],
[1663511400.0, 0.46598308536042166],
[1663597800.0, 0.4798260630645726],
[1663684200.0, 0.4585406149791874],
[1663770600.0, 0.47161520740453977],
[1663857000.0, 0.44507349376783806],
[1663943400.0, 0.44142947901045565],
[1664029800.0, 0.4564003051006527],
[1664116200.0, 0.4574167973452165],
[1664202600.0, 0.46553010345395773],
[1664289000.0, 0.46333144261039744],
[1664375400.0, 0.4436968593541224],
[1664461800.0, 0.42764544947096816],
[1664548200.0, 0.42766543730601353],
[1664634600.0, 0.43899114008286316],
[1664717400.0, 0.4590463877655195],
[1664803800.0, 0.4478257076261813],
[1664890200.0, 0.46305296839500387],
[1664976600.0, 0.4630052651927827],
[1665063000.0, 0.4465666959763367],
[1665149400.0, 0.44589662604897],
[1665235800.0, 0.4493605074127536],
[1665322200.0, 0.45807333052961685],
[1665408600.0, 0.45098854072209166],
[1665495000.0, 0.4423954083629009],
[1665581400.0, 0.4575642084420465],
[1665667800.0, 0.45715149646216685],
[1665754200.0, 0.46470478237852586],
[1665840600.0, 0.45393681253034796],
[1665927000.0, 0.4493378959279935],
[1666013400.0, 0.4476737468794992],
[1666099800.0, 0.4472628708544292],
[1666186200.0, 0.44437286520647906],
[1666272600.0, 0.44710678371391005],
[1666359000.0, 0.44495198275546943],
[1666445400.0, 0.4391872172823296],
[1666531800.0, 0.4308340140082903],
[1666618200.0, 0.42189079506970906],
[1666704600.0, 0.4382396170034024],
[1666791000.0, 0.4523585056125699],
[1666877400.0, 0.3982574061878393],
[1666963800.0, 0.40585240163495223],
[1667050200.0, 0.43596540372487536],
[1667136600.0, 0.43528137491197094],
[1667223000.0, 0.43185408008788984],
[1667309400.0, 0.4383729819278096],
[1667395800.0, 0.44350638488968336],
[1667482200.0, 0.42970645839612204],
[1667568600.0, 0.43411906863237687],
[1667655000.0, 0.4353935588994805],
[1667741400.0, 0.4299175858365919],
[1667827800.0, 0.4231377301726127],
[1667914200.0, 0.4278955635061828],
[1668000600.0, 0.4397603835034162],
[1668087000.0, 0.4366572382858453],
[1668173400.0, 0.4167370697667477],
[1668259800.0, 0.43072701590407664],
[1668346200.0, 0.4310561751350641],
[1668432600.0, 0.42535529433881764],
[1668519000.0, 0.42801460290138904],
[1668605400.0, 0.434756329180461],
[1668691800.0, 0.4271647192107749],
[1668778200.0, 0.4358839690988279],
[1668864600.0, 0.4449644193936426],
[1668951000.0, 0.44149743257582036],
[1669037400.0, 0.4479727819986044],
[1669123800.0, 0.45104633609601835],
[1669210200.0, 0.4397757457261328],
[1669296600.0, 0.430561497455108],
[1669383000.0, 0.4305026602506936],
[1669469400.0, 0.44584755326079434],
[1669555800.0, 0.4669218484436674],
[1669642200.0, 0.46252082680766887],
[1669728600.0, 0.4642056604833845],
[1669815000.0, 0.44729895661744634],
[1669901400.0, 0.44349287102492535],
[1669987800.0, 0.4404335533426685],
[1670074200.0, 0.46167646913484145],
[1670160600.0, 0.4431227954750957],
[1670247000.0, 0.46003855569052493],
[1670333400.0, 0.4572274451952083],
[1670419800.0, 0.45479458144972285],
[1670506200.0, 0.4715663916826138],
[1670592600.0, 0.48765867439455535],
[1670679000.0, 0.4760668220770688],
[1670765400.0, 0.47023306685906446],
[1670851800.0, 0.46980278134642095],
[1670938200.0, 0.47170570950398444],
[1671024600.0, 0.48339716715972825],
[1671111000.0, 0.47965122815175365],
[1671197400.0, 0.47187126371055],
[1671283800.0, 0.4794175067553608],
[1671370200.0, 0.4791945493165414],
[1671456600.0, 0.4579433638947868],
[1671543000.0, 0.46935703299386794],
[1671629400.0, 0.4744154643816022],
[1671715800.0, 0.47153789333412427],
[1671802200.0, 0.49105309429603444],
[1671888600.0, 0.49203254495260784],
[1671975000.0, 0.4817397883464653],
[1672061400.0, 0.478207287627327],
[1672147800.0, 0.4999132047550301],
[1672234200.0, 0.49101451349907227],
[1672320600.0, 0.5002421170413524],
[1672407000.0, 0.49582040308216735],
[1672493400.0, 0.470040925019315],
[1672579800.0, 0.4760884495945413],
[1672666200.0, 0.47325745649124973],
[1672752600.0, 0.47583591100366873],
[1672839000.0, 0.4815177805187275],
[1672925400.0, 0.47633554175352083],
[1673011800.0, 0.4726356074875248],
[1673098200.0, 0.45964007283257463],
[1673184600.0, 0.46866335220728417],
[1673271000.0, 0.4797735719579616],
[1673357400.0, 0.4681971727709494],
[1673443800.0, 0.47150328141650616],
[1673530200.0, 0.47727758793673275],
[1673616600.0, 0.4816920725975699],
[1673703000.0, 0.46470968677518376],
[1673789400.0, 0.4726102837389664],
[1673875800.0, 0.4820792205912272],
[1673962200.0, 0.4767187543807257],
[1674048600.0, 0.47657988795014844],
[1674135000.0, 0.47603596535877224],
[1674221400.0, 0.4714966690864555],
[1674307800.0, 0.47161154219491386],
[1674394200.0, 0.480164235810998],
[1674480600.0, 0.47685470496869187],
[1674567000.0, 0.4657805744859159],
[1674653400.0, 0.48449367292578904],
[1674739800.0, 0.4733440901353425],
[1674826200.0, 0.4732984110041194],
[1674912600.0, 0.4797219010398393],
[1674999000.0, 0.48131421468661967],
[1675085400.0, 0.48875052005952463],
[1675171800.0, 0.4850070967786958],
[1675258200.0, 0.4836275249530003],
[1675344600.0, 0.48229120358811645],
[1675431000.0, 0.4656094806656802],
[1675517400.0, 0.4625781608364957],
[1675603800.0, 0.47128001528109303],
[1675690200.0, 0.46641715442815346],
[1675776600.0, 0.45783112648730223],
[1675863000.0, 0.4578284761177172],
[1675949400.0, 0.4578284761177172],
