[1635773400.0, 101.64909899999998],
[1635859800.0, 89.79642100000001],
[1635946200.0, 115.12172385400967],
[1636032600.0, 125.52053725824348],
[1636119000.0, 105.7754948725748],
[1636205400.0, 103.49921011881028],
[1636291800.0, 167.9417104483635],
[1636378200.0, 168.53646637721218],
[1636464600.0, 138.56547849832677],
[1636551000.0, 74.7965265],
[1636637400.0, 126.61884610933757],
[1636723800.0, 107.97868189495435],
[1636810200.0, 87.77579766799597],
[1636896600.0, 81.1033845],
[1636983000.0, 76.4493745],
[1637069400.0, 71.231385],
[1637155800.0, 74.7202345],
[1637242200.0, 70.407818],
[1637328600.0, 66.861985],
[1637415000.0, 72.476822],
[1637501400.0, 75.383972],
[1637587800.0, 74.2249425],
[1637674200.0, 69.309497],
[1637760600.0, 70.777378],
[1637847000.0, 66.72097],
[1637933400.0, 72.6500155],
[1638019800.0, 72.782977],
[1638106200.0, 69.467895],
[1638192600.0, 66.672522],
[1638279000.0, 69.105839],
[1638365400.0, 70.4582895],
[1638451800.0, 70.6136345],
[1638538200.0, 69.73959550000001],
[1638624600.0, 77.83754350000001],
[1638711000.0, 70.6531895],
[1638797400.0, 77.5392695],
[1638883800.0, 77.44393699999999],
[1638970200.0, 82.157263],
[1639056600.0, 86.2366025],
[1639143000.0, 80.041332],
[1639229400.0, 87.74211549999998],
[1639315800.0, 80.45070499999999],
[1639402200.0, 83.112516],
[1639488600.0, 90.33898199999999],
[1639575000.0, 81.848075],
[1639661400.0, 80.7701495],
[1639747800.0, 76.3084375],
[1639834200.0, 80.45158649999999],
[1639920600.0, 81.72379049999998],
[1640007000.0, 81.6612925],
[1640093400.0, 83.135218],
[1640179800.0, 83.367223],
[1640266200.0, 82.500879],
[1640352600.0, 90.70491899999999],
[1640439000.0, 84.515288],
[1640525400.0, 83.65301649999999],
[1640611800.0, 82.54722899999999],
[1640698200.0, 80.625992],
[1640784600.0, 87.4776695],
[1640871000.0, 85.2037545],
[1640957400.0, 89.46216199999999],
[1641043800.0, 86.31734549999999],
[1641130200.0, 88.62202949999998],
[1641216600.0, 92.760082],
[1641303000.0, 94.7376935],
[1641389400.0, 90.13394199999999],
[1641475800.0, 91.421245],
[1641562200.0, 96.046384],
[1641648600.0, 95.0635925],
[1641735000.0, 88.44028850000001],
[1641821400.0, 94.769081],
[1641907800.0, 92.33814899999999],
[1641994200.0, 95.78584249999999],
[1642080600.0, 91.36952],
[1642167000.0, 104.29805999999999],
[1642253400.0, 102.31103949999999],
[1642339800.0, 97.64840149999999],
[1642426200.0, 102.024617],
[1642512600.0, 98.67749649999999],
[1642599000.0, 107.96715949999998],
[1642685400.0, 98.693444],
[1642771800.0, 93.9690065],
[1642858200.0, 94.46875449999999],
[1642944600.0, 88.771309],
[1643031000.0, 89.72873099999998],
[1643117400.0, 82.3892385],
[1643203800.0, 90.0891345],
[1643290200.0, 84.8738725],
[1643376600.0, 87.41463],
[1643463000.0, 88.3896585],
[1643549400.0, 89.6583415],
[1643635800.0, 89.6583415],
[1643722200.0, 89.6583415],
[1643808600.0, 97.33597999999999],
[1643895000.0, 88.7575265],
[1643981400.0, 97.5208045],
[1644067800.0, 95.085087],
[1644154200.0, 94.40470350000001],
[1644240600.0, 95.36711349999999],
[1644327000.0, 93.471251],
[1644413400.0, 92.8780845],
[1644499800.0, 91.55998499999998],
[1644586200.0, 92.40677149999999],
[1644672600.0, 93.82153249999999],
[1644759000.0, 93.37899049999999],
[1644845400.0, 89.0315535],
[1644931800.0, 86.19901049999999],
[1645018200.0, 96.66807449999999],
[1645104600.0, 92.24801099999999],
[1645191000.0, 87.27686],
[1645277400.0, 88.414036],
[1645363800.0, 86.39551288327971],
[1645450200.0, 90.13080433276973],
[1645536600.0, 87.4542632334143],
[1645623000.0, 85.40354395368895],
[1645709400.0, 82.58690026947096],
[1645795800.0, 86.73643299999999],
[1645882200.0, 86.268741],
[1645968600.0, 87.262245],
[1646055000.0, 92.4043435],
[1646141400.0, 93.73418749999999],
[1646227800.0, 81.653399],
[1646314200.0, 83.96489],
[1646400600.0, 94.61336549999999],
[1646487000.0, 100.03715449999999],
[1646573400.0, 88.99353049999999],
[1646659800.0, 91.442966],
[1646746200.0, 100.3375465],
[1646832600.0, 91.59886849999998],
[1646919000.0, 93.42387249999999],
[1647005400.0, 93.70761649999999],
[1647091800.0, 94.31530899999998],
[1647178200.0, 96.6419535],
[1647264600.0, 97.93600749999999],
[1647351000.0, 90.4915565],
[1647437400.0, 92.23323549999999],
[1647523800.0, 95.9292575],
[1647610200.0, 88.294569],
[1647696600.0, 94.502938],
[1647783000.0, 86.1215105],
[1647869400.0, 88.42226149999999],
[1647955800.0, 97.8387765],
[1648042200.0, 90.974012],
[1648128600.0, 90.97318899999998],
[1648215000.0, 85.48687349999999],
[1648301400.0, 91.9293675],
[1648387800.0, 89.94466810869747],
[1648474200.0, 89.78328666864984],
[1648560600.0, 89.4793215059317],
[1648647000.0, 92.74605512241624],
[1648733400.0, 91.60145847713609],
[1648819800.0, 91.77143833381791],
[1648906200.0, 94.54918550067752],
[1648996200.0, 93.39911798935103],
[1649082600.0, 95.04968381871272],
[1649169000.0, 94.29568301923094],
[1649255400.0, 93.58674108447377],
[1649341800.0, 104.79883675946735],
[1649428200.0, 97.18354013943907],
[1649514600.0, 87.61120966420802],
[1649601000.0, 97.55497827393744],
[1649687400.0, 90.45962120074063],
[1649773800.0, 92.85299203119351],
[1649860200.0, 94.02410135294116],
[1649946600.0, 94.9418054161953],
[1650033000.0, 108.98472797623536],
[1650119400.0, 108.76824150544155],
[1650205800.0, 91.85225938959454],
[1650292200.0, 89.61052339117603],
[1650378600.0, 98.29412561208244],
[1650465000.0, 88.629548036458],
[1650551400.0, 88.629548036458],
[1650637800.0, 88.629548036458],
[1650724200.0, 93.9517853050707],
[1650810600.0, 96.50965529438217],
[1650897000.0, 98.42204915633039],
[1650983400.0, 96.78977978448874],
[1651069800.0, 98.82577270771742],
[1651156200.0, 94.59582795588601],
[1651242600.0, 85.71176930052465],
[1651329000.0, 94.29984332749703],
[1651415400.0, 95.60495188563786],
[1651501800.0, 88.4956418361095],
[1651588200.0, 84.71856993456157],
[1651674600.0, 88.39226441778433],
[1651761000.0, 89.56738100716257],
[1651847400.0, 96.9439714866622],
[1651933800.0, 89.01322860303826],
[1652020200.0, 91.06218381116267],
[1652106600.0, 73.69787579118776],
[1652193000.0, 82.1520728082437],
[1652279400.0, 81.62102234148887],
[1652365800.0, 82.34219068523026],
[1652452200.0, 80.58541879670688],
[1652538600.0, 78.69920227812989],
[1652625000.0, 79.19816955594402],
[1652711400.0, 80.21823249899097],
[1652797800.0, 80.63097140178772],
[1652884200.0, 81.29224654382578],
[1652970600.0, 79.01892731298952],
[1653057000.0, 80.01326079050258],
[1653143400.0, 78.63505559412468],
[1653229800.0, 72.75942910536826],
[1653316200.0, 71.21615148563976],
[1653402600.0, 75.34014982529227],
[1653489000.0, 70.18957250455476],
[1653575400.0, 71.35628299325383],
[1653661800.0, 67.90501527405291],
[1653748200.0, 68.64629591793317],
[1653834600.0, 72.69035110927433],
[1653921000.0, 71.18141721080949],
[1654007400.0, 70.53989928785626],
[1654093800.0, 66.86922488654895],
[1654180200.0, 71.55981993053892],
[1654266600.0, 67.66272551350116],
[1654353000.0, 68.46492382608268],
[1654439400.0, 65.93633110916694],
[1654525800.0, 64.51888465599633],
[1654612200.0, 72.4999640697634],
[1654698600.0, 70.7703306652564],
[1654785000.0, 64.83624017682372],
[1654871400.0, 65.47338361340657],
[1654957800.0, 65.80055756608078],
[1655044200.0, 69.01061892897428],
[1655130600.0, 65.66774442225739],
[1655217000.0, 68.14075378226747],
[1655303400.0, 66.80242078292605],
[1655389800.0, 65.85440341898874],
[1655476200.0, 67.89074118717943],
[1655562600.0, 65.52595963068748],
[1655649000.0, 70.42562294546084],
[1655735400.0, 66.57875985321652],
[1655821800.0, 65.44725793715634],
[1655908200.0, 65.68578510860259],
[1655994600.0, 64.11743072234403],
[1656081000.0, 68.75545187438624],
[1656167400.0, 60.96275092731766],
[1656253800.0, 68.52127701185093],
[1656340200.0, 65.28625114815603],
[1656426600.0, 65.76196892503182],
[1656513000.0, 60.2043485860488],
[1656599400.0, 68.31943443449221],
[1656685800.0, 47.6670106359285],
[1656772200.0, 62.42740518464445],
[1656858600.0, 66.38000712634017],
[1656945000.0, 66.22080372043928],
[1657031400.0, 64.91675764734293],
[1657117800.0, 66.28381092731047],
[1657204200.0, 64.95783605836756],
[1657290600.0, 63.495310932788314],
[1657377000.0, 67.70792230480654],
[1657463400.0, 64.5793027420726],
[1657549800.0, 69.4219942922326],
[1657636200.0, 66.74581968273098],
[1657722600.0, 69.89386830130924],
[1657809000.0, 69.39489178885177],
[1657895400.0, 69.33471095592276],
[1657981800.0, 71.22702395469737],
[1658068200.0, 71.85155355240909],
[1658154600.0, 69.55443129917391],
[1658241000.0, 82.35679263420462],
[1658327400.0, 80.10023104115247],
[1658413800.0, 78.3822964377782],
[1658500200.0, 73.70182347658667],
[1658586600.0, 74.58694493904073],
[1658673000.0, 77.40311653920483],
[1658759400.0, 72.41890052905731],
[1658845800.0, 72.62189194756708],
[1658932200.0, 73.63354519912693],
[1659018600.0, 73.454155858817],
[1659105000.0, 68.80419358830362],
[1659191400.0, 72.09742410317452],
[1659277800.0, 78.69401089502466],
[1659364200.0, 72.85592462807163],
[1659450600.0, 77.40497106228216],
[1659537000.0, 85.81242885828821],
[1659623400.0, 76.06859074373381],
[1659709800.0, 76.7568538625212],
[1659796200.0, 73.87213773316549],
[1659882600.0, 81.6738675634935],
[1659969000.0, 78.22653912953551],
[1660055400.0, 77.94538377334786],
[1660141800.0, 76.81391154808824],
[1660228200.0, 70.87962347521675],
[1660314600.0, 77.87754122177046],
[1660401000.0, 77.87754122177046],
[1660487400.0, 77.87754122177046],
[1660573800.0, 77.87754122177046],
[1660660200.0, 71.13131458957882],
[1660746600.0, 70.78370520513138],
[1660833000.0, 73.20010713172985],
[1660919400.0, 75.76625576884118],
[1661005800.0, 76.93066242998599],
[1661092200.0, 73.8877234041525],
[1661178600.0, 73.40149215810317],
[1661265000.0, 73.64762855759002],
[1661351400.0, 69.84683278846302],
[1661437800.0, 71.70366853622096],
[1661524200.0, 72.72157888224567],
[1661610600.0, 74.54516404639949],
[1661697000.0, 73.08802709810061],
[1661783400.0, 71.10865933513091],
[1661869800.0, 73.80261973534485],
[1661956200.0, 70.47881132487245],
[1662042600.0, 73.35172551096713],
[1662129000.0, 72.1820635],
[1662215400.0, 67.7761545],
[1662301800.0, 71.2206955],
[1662388200.0, 70.42629249999999],
[1662474600.0, 68.4206085],
[1662561000.0, 66.64235749999999],
[1662647400.0, 69.30803800000001],
[1662733800.0, 77.6001145],
[1662820200.0, 69.28576899999999],
[1662906600.0, 72.9693695],
[1662993000.0, 74.880254],
[1663079400.0, 67.86550249999999],
[1663165800.0, 72.91226549999999],
[1663252200.0, 67.816577],
[1663338600.0, 69.0461745],
[1663425000.0, 67.75108350000001],
[1663511400.0, 64.15728849999999],
[1663597800.0, 67.75337300000001],
[1663684200.0, 66.0949175],
[1663770600.0, 67.6780325],
[1663857000.0, 68.42569499999999],
[1663943400.0, 68.8833495],
[1664029800.0, 68.47939050000001],
[1664116200.0, 68.7152275],
[1664202600.0, 68.476057],
[1664289000.0, 66.64895449999999],
[1664375400.0, 69.5970485],
[1664461800.0, 69.33780449999999],
[1664548200.0, 69.604896],
[1664634600.0, 70.9087565],
[1664717400.0, 70.82319799999999],
[1664803800.0, 71.3792935],
[1664890200.0, 71.3946745],
[1664976600.0, 73.7677315],
[1665063000.0, 72.6785815],
[1665149400.0, 70.8461815],
[1665235800.0, 63.476590582995655],
[1665322200.0, 65.21534545091725],
[1665408600.0, 65.60182893761785],
[1665495000.0, 64.57443338597676],
[1665581400.0, 66.96087686943599],
[1665667800.0, 68.47209802141782],
[1665754200.0, 65.63839390509506],
[1665840600.0, 79.50878632350235],
[1665927000.0, 70.91502775856867],
[1666013400.0, 68.12176963912195],
[1666099800.0, 67.34245991558095],
[1666186200.0, 68.74091060110077],
[1666272600.0, 69.39408312717603],
[1666359000.0, 68.77607435033158],
[1666445400.0, 66.0886677086413],
[1666531800.0, 67.14280927252058],
[1666618200.0, 67.35418250000001],
[1666704600.0, 67.6463035],
[1666791000.0, 60.852315],
[1666877400.0, 60.852315],
[1666963800.0, 64.168128],
[1667050200.0, 65.7305255],
[1667136600.0, 65.4270885],
[1667223000.0, 67.4872215],
[1667309400.0, 61.9033365],
[1667395800.0, 64.1988585],
[1667482200.0, 66.7875655],
[1667568600.0, 63.102617499999994],
[1667655000.0, 59.5427725],
[1667741400.0, 63.155187],
[1667827800.0, 60.548970999999995],
[1667914200.0, 60.97342599999999],
[1668000600.0, 61.386056999999994],
[1668087000.0, 65.547629],
[1668173400.0, 65.6701545],
[1668259800.0, 69.7699575],
[1668346200.0, 54.379853499999996],
[1668432600.0, 60.5670655],
[1668519000.0, 61.816048499999994],
[1668605400.0, 65.7535665],
[1668691800.0, 56.3454985],
[1668778200.0, 73.7720215],
[1668864600.0, 75.410285],
[1668951000.0, 73.0350325],
[1669037400.0, 79.169484],
[1669123800.0, 80.63060200000001],
[1669210200.0, 76.43965299999999],
[1669296600.0, 72.42783299999999],
[1669383000.0, 72.2753185],
[1669469400.0, 64.277654],
[1669555800.0, 68.399349],
[1669642200.0, 71.21627000000001],
[1669728600.0, 70.240764],
[1669815000.0, 68.4426455],
[1669901400.0, 68.80397350000001],
[1669987800.0, 65.8318265],
[1670074200.0, 68.8353715],
[1670160600.0, 72.1072175],
[1670247000.0, 70.74892849999999],
[1670333400.0, 71.7959285],
[1670419800.0, 79.97729449999999],
[1670506200.0, 74.0535735],
[1670592600.0, 73.6927305],
[1670679000.0, 77.78943849999999],
[1670765400.0, 80.65987249999999],
[1670851800.0, 74.0231005],
[1670938200.0, 78.311461],
[1671024600.0, 72.818363],
[1671111000.0, 72.76787850000001],
[1671197400.0, 68.971961],
[1671283800.0, 71.600151],
[1671370200.0, 68.762157],
[1671456600.0, 65.16893723196677],
[1671543000.0, 64.67625996761998],
[1671629400.0, 63.36461347676868],
[1671715800.0, 68.81822988752762],
[1671802200.0, 62.02910224002133],
[1671888600.0, 68.37182317277725],
[1671975000.0, 66.46435159978738],
[1672061400.0, 63.235701056493596],
[1672147800.0, 61.93315188178941],
[1672234200.0, 64.83903989806795],
[1672320600.0, 67.58810600000001],
[1672407000.0, 66.828215],
[1672493400.0, 65.0964575],
[1672579800.0, 62.60513400000001],
[1672666200.0, 61.250335500000006],
[1672752600.0, 60.485146],
[1672839000.0, 62.513757999999996],
[1672925400.0, 62.703714999999995],
[1673011800.0, 62.437850499999996],
[1673098200.0, 63.3358915],
[1673184600.0, 62.657574000000004],
[1673271000.0, 55.917639],
[1673357400.0, 61.52740850000001],
[1673443800.0, 60.8917975],
[1673530200.0, 61.6338745],
[1673616600.0, 61.2943215],
[1673703000.0, 63.11717850000001],
[1673789400.0, 63.4522215],
[1673875800.0, 64.0011905],
[1673962200.0, 62.9358955],
[1674048600.0, 64.4653885],
[1674135000.0, 61.126563000000004],
[1674221400.0, 64.12491100000001],
[1674307800.0, 66.2529565],
[1674394200.0, 62.297801500000006],
[1674480600.0, 67.4373035],
[1674567000.0, 68.911505],
[1674653400.0, 63.500314],
[1674739800.0, 65.222564],
[1674826200.0, 63.637517],
[1674912600.0, 58.56397215940956],
[1674999000.0, 61.94245298997778],
[1675085400.0, 62.29563977711096],
[1675171800.0, 57.039933999999995],
[1675258200.0, 58.938286000000005],
[1675344600.0, 58.49249399999999],
[1675431000.0, 62.1379735],
[1675517400.0, 58.786778],
[1675603800.0, 60.71426100000001],
[1675690200.0, 60.16068849999999],
[1675776600.0, 60.18126050000001],
[1675863000.0, 60.18126050000001],
[1675949400.0, 60.18126050000001],
