[1635773400.0, 13.797765333333336],
[1635859800.0, 15.782583333333333],
[1635946200.0, 13.937375445750602],
[1636032600.0, 15.428362999999997],
[1636119000.0, 14.516482000000002],
[1636205400.0, 13.872080000000002],
[1636291800.0, 14.394813333333333],
[1636378200.0, 14.548181999999997],
[1636464600.0, 12.373493333333334],
[1636551000.0, 11.443503333333334],
[1636637400.0, 12.600813666666665],
[1636723800.0, 12.559451666666668],
[1636810200.0, 12.319777333333333],
[1636896600.0, 11.177047000000002],
[1636983000.0, 11.513258333333333],
[1637069400.0, 11.301643],
[1637155800.0, 11.189650666666665],
[1637242200.0, 10.980504666666667],
[1637328600.0, 10.695432666666667],
[1637415000.0, 10.880747333333334],
[1637501400.0, 10.982726666666666],
[1637587800.0, 11.624075666666664],
[1637674200.0, 11.189537333333334],
[1637760600.0, 10.819064666666668],
[1637847000.0, 11.187427],
[1637933400.0, 10.778208],
[1638019800.0, 10.790242333333332],
[1638106200.0, 10.947914666666668],
[1638192600.0, 11.077057666666667],
[1638279000.0, 10.586412333333334],
[1638365400.0, 10.556047999999999],
[1638451800.0, 10.532360333333331],
[1638538200.0, 11.046304666666666],
[1638624600.0, 11.445109],
[1638711000.0, 11.147434666666667],
[1638797400.0, 12.108829333333333],
[1638883800.0, 11.868342666666669],
[1638970200.0, 11.810979000000001],
[1639056600.0, 12.585900666666667],
[1639143000.0, 12.347162000000003],
[1639229400.0, 12.636566333333334],
[1639315800.0, 12.726036333333333],
[1639402200.0, 12.433074333333336],
[1639488600.0, 12.631351666666665],
[1639575000.0, 12.149147666666666],
[1639661400.0, 12.775585333333334],
[1639747800.0, 11.784372333333335],
[1639834200.0, 12.222340333333333],
[1639920600.0, 11.942259],
[1640007000.0, 12.588174333333333],
[1640093400.0, 12.634521],
[1640179800.0, 12.348267666666667],
[1640266200.0, 12.071047666666667],
[1640352600.0, 13.149522],
[1640439000.0, 12.537165333333334],
[1640525400.0, 12.567564666666668],
[1640611800.0, 14.201797],
[1640698200.0, 12.690153666666667],
[1640784600.0, 12.333439333333333],
[1640871000.0, 12.509981333333334],
[1640957400.0, 12.499705666666665],
[1641043800.0, 12.467528999999999],
[1641130200.0, 13.053088666666667],
[1641216600.0, 13.090363333333334],
[1641303000.0, 13.062959999999999],
[1641389400.0, 12.94755366666667],
[1641475800.0, 13.226479666666668],
[1641562200.0, 13.079604333333334],
[1641648600.0, 12.622168666666667],
[1641735000.0, 13.965963666666667],
[1641821400.0, 13.922149000000003],
[1641907800.0, 14.517793],
[1641994200.0, 14.113532],
[1642080600.0, 14.380572],
[1642167000.0, 14.077991333333332],
[1642253400.0, 13.382977666666667],
[1642339800.0, 13.382814000000002],
[1642426200.0, 13.707433333333334],
[1642512600.0, 13.610399333333334],
[1642599000.0, 13.417004999999998],
[1642685400.0, 13.753977999999998],
[1642771800.0, 13.37180966666667],
[1642858200.0, 13.288935],
[1642944600.0, 12.779402],
[1643031000.0, 12.607042999999999],
[1643117400.0, 12.136263999999999],
[1643203800.0, 12.733824666666669],
[1643290200.0, 12.564384666666669],
[1643376600.0, 12.705709333333333],
[1643463000.0, 12.440224333333333],
[1643549400.0, 11.739087666666668],
[1643635800.0, 11.739087666666668],
[1643722200.0, 11.739087666666668],
[1643808600.0, 11.581569],
[1643895000.0, 11.446379],
[1643981400.0, 11.961170333333335],
[1644067800.0, 12.257299666666666],
[1644154200.0, 11.356214999999999],
[1644240600.0, 11.687921000000001],
[1644327000.0, 12.172415666666666],
[1644413400.0, 11.622031333333332],
[1644499800.0, 11.995260333333334],
[1644586200.0, 11.689974666666666],
[1644672600.0, 11.559167333333333],
[1644759000.0, 11.968240666666667],
[1644845400.0, 11.580021666666667],
[1644931800.0, 12.044889666666668],
[1645018200.0, 12.18766],
[1645104600.0, 11.826074333333333],
[1645191000.0, 11.794305333333334],
[1645277400.0, 11.856914666666668],
[1645363800.0, 11.883578],
[1645450200.0, 12.681747000000001],
[1645536600.0, 12.018817],
[1645623000.0, 13.137201333333332],
[1645709400.0, 11.650717666666665],
[1645795800.0, 12.160308666666666],
[1645882200.0, 11.873998666666667],
[1645968600.0, 11.140929999999999],
[1646055000.0, 11.737232333333333],
[1646141400.0, 11.784302666666667],
[1646227800.0, 11.735937],
[1646314200.0, 11.657282666666667],
[1646400600.0, 11.874178666666666],
[1646487000.0, 11.577677333333334],
[1646573400.0, 12.053852],
[1646659800.0, 11.766966000000002],
[1646746200.0, 11.027732666666665],
[1646832600.0, 11.423377666666667],
[1646919000.0, 11.186817999999997],
[1647005400.0, 11.263696333333334],
[1647091800.0, 11.592960666666665],
[1647178200.0, 11.604903],
[1647264600.0, 12.005375],
[1647351000.0, 11.467537666666667],
[1647437400.0, 11.780266],
[1647523800.0, 11.721752666666667],
[1647610200.0, 11.547791666666667],
[1647696600.0, 11.824096333333332],
[1647783000.0, 11.932073],
[1647869400.0, 11.919445000000001],
[1647955800.0, 12.054105666666667],
[1648042200.0, 11.827885333333334],
[1648128600.0, 12.097102999999999],
[1648215000.0, 11.889413333333335],
[1648301400.0, 12.644458333333333],
[1648387800.0, 12.220418333333335],
[1648474200.0, 11.879636333333332],
[1648560600.0, 11.572674333333334],
[1648647000.0, 12.031061333333334],
[1648733400.0, 12.121061000000003],
[1648819800.0, 11.964157333333333],
[1648906200.0, 12.216202000000001],
[1648996200.0, 11.882475],
[1649082600.0, 12.094915333333333],
[1649169000.0, 12.399919666666667],
[1649255400.0, 12.096398],
[1649341800.0, 12.973162],
[1649428200.0, 12.326122666666668],
[1649514600.0, 12.529391333333331],
[1649601000.0, 12.153333333333334],
[1649687400.0, 12.521786333333333],
[1649773800.0, 11.913746000000002],
[1649860200.0, 12.523794666666667],
[1649946600.0, 11.581350333333333],
[1650033000.0, 12.250750333333334],
[1650119400.0, 11.649000333333333],
[1650205800.0, 12.71291],
[1650292200.0, 12.334150333333335],
[1650378600.0, 12.248153],
[1650465000.0, 12.299665333333335],
[1650551400.0, 12.299665333333335],
[1650637800.0, 12.299665333333335],
[1650724200.0, 12.597392000000001],
[1650810600.0, 12.194189666666668],
[1650897000.0, 12.219381666666665],
[1650983400.0, 12.143767666666667],
[1651069800.0, 12.089018999999999],
[1651156200.0, 12.205459333333332],
[1651242600.0, 11.489975333333334],
[1651329000.0, 11.925329999999997],
[1651415400.0, 12.189158666666666],
[1651501800.0, 12.062516666666665],
[1651588200.0, 11.677372],
[1651674600.0, 10.618934333333332],
[1651761000.0, 10.629008],
[1651847400.0, 10.666183],
[1651933800.0, 10.464847999999998],
[1652020200.0, 10.173729666666668],
[1652106600.0, 10.127364333333333],
[1652193000.0, 9.689964666666668],
[1652279400.0, 9.746915999999999],
[1652365800.0, 9.692010999999999],
[1652452200.0, 9.881513666666669],
[1652538600.0, 9.811805],
[1652625000.0, 9.749668333333334],
[1652711400.0, 9.715882333333335],
[1652797800.0, 9.747034333333334],
[1652884200.0, 9.692010999999999],
[1652970600.0, 9.163840333333335],
[1653057000.0, 9.030101],
[1653143400.0, 8.676048333333334],
[1653229800.0, 8.618756666666668],
[1653316200.0, 8.558537666666668],
[1653402600.0, 8.589719666666667],
[1653489000.0, 8.477939666666666],
[1653575400.0, 8.337986],
[1653661800.0, 8.453249333333334],
[1653748200.0, 8.676121666666667],
[1653834600.0, 8.376166333333334],
[1653921000.0, 8.505258],
[1654007400.0, 8.276423000000001],
[1654093800.0, 8.603288333333333],
[1654180200.0, 8.389956],
[1654266600.0, 8.090750666666667],
[1654353000.0, 7.849161333333334],
[1654439400.0, 7.997682],
[1654525800.0, 7.923691333333333],
[1654612200.0, 7.917800000000001],
[1654698600.0, 8.095288666666667],
[1654785000.0, 8.079722666666667],
[1654871400.0, 7.895676666666667],
[1654957800.0, 8.577428666666668],
[1655044200.0, 8.047375333333333],
[1655130600.0, 8.317543],
[1655217000.0, 7.989612999999999],
[1655303400.0, 8.143552333333332],
[1655389800.0, 8.592254666666667],
[1655476200.0, 8.848577],
[1655562600.0, 8.850440666666666],
[1655649000.0, 8.459922333333333],
[1655735400.0, 8.543441333333332],
[1655821800.0, 7.994499],
[1655908200.0, 7.877021666666667],
[1655994600.0, 8.094873000000002],
[1656081000.0, 7.725486000000001],
[1656167400.0, 7.362538333333332],
[1656253800.0, 7.585901333333333],
[1656340200.0, 7.298087],
[1656426600.0, 7.5827333333333335],
[1656513000.0, 7.827143333333335],
[1656599400.0, 7.944857333333332],
[1656685800.0, 7.674198666666666],
[1656772200.0, 7.932314333333333],
[1656858600.0, 7.7344100000000005],
[1656945000.0, 7.919591999999999],
[1657031400.0, 7.943376333333333],
[1657117800.0, 7.739500333333332],
[1657204200.0, 7.798911666666666],
[1657290600.0, 7.96047],
[1657377000.0, 8.255184666666667],
[1657463400.0, 8.183919999999999],
[1657549800.0, 8.328375],
[1657636200.0, 8.285429666666666],
[1657722600.0, 8.902909666666668],
[1657809000.0, 8.411338],
[1657895400.0, 8.607756333333334],
[1657981800.0, 8.608839],
[1658068200.0, 8.328961666666666],
[1658154600.0, 8.543229666666667],
[1658241000.0, 8.552702],
[1658327400.0, 8.902280000000001],
[1658413800.0, 8.888428333333334],
[1658500200.0, 8.677653],
[1658586600.0, 8.618523666666666],
[1658673000.0, 8.693094333333333],
[1658759400.0, 8.559059],
[1658845800.0, 8.605064666666665],
[1658932200.0, 8.522205666666666],
[1659018600.0, 8.608074],
[1659105000.0, 8.589316000000002],
[1659191400.0, 8.506580333333334],
[1659277800.0, 8.773148666666666],
[1659364200.0, 8.363692333333335],
[1659450600.0, 8.566134],
[1659537000.0, 8.791999],
[1659623400.0, 8.550340666666665],
[1659709800.0, 8.481339666666667],
[1659796200.0, 8.804799],
[1659882600.0, 8.525844000000001],
[1659969000.0, 8.600176],
[1660055400.0, 9.011307333333333],
[1660141800.0, 8.712347666666668],
[1660228200.0, 9.458836333333332],
[1660314600.0, 9.023437666666666],
[1660401000.0, 9.023437666666666],
[1660487400.0, 9.023437666666666],
[1660573800.0, 9.023437666666666],
[1660660200.0, 9.299338],
[1660746600.0, 8.440437],
[1660833000.0, 8.627239333333334],
[1660919400.0, 8.753807333333333],
[1661005800.0, 8.662938666666667],
[1661092200.0, 8.686224333333334],
[1661178600.0, 8.655476333333333],
[1661265000.0, 8.648761333333335],
[1661351400.0, 8.333173666666667],
[1661437800.0, 8.57507],
[1661524200.0, 7.9488460000000005],
[1661610600.0, 8.144247666666667],
[1661697000.0, 8.257973666666667],
[1661783400.0, 8.310108],
[1661869800.0, 8.448356333333335],
[1661956200.0, 8.553441999999999],
[1662042600.0, 8.624267333333334],
[1662129000.0, 8.176989666666667],
[1662215400.0, 8.387242666666667],
[1662301800.0, 8.457357666666665],
[1662388200.0, 8.447925666666666],
[1662474600.0, 8.462228333333334],
[1662561000.0, 8.622064666666667],
[1662647400.0, 8.656726],
[1662733800.0, 8.625839333333333],
[1662820200.0, 8.518653333333335],
[1662906600.0, 7.754431],
[1662993000.0, 8.105175333333332],
[1663079400.0, 8.444924666666667],
[1663165800.0, 8.424684666666666],
[1663252200.0, 8.396539333333333],
[1663338600.0, 8.546423666666666],
[1663425000.0, 8.037943],
[1663511400.0, 8.309152666666666],
[1663597800.0, 8.19476],
[1663684200.0, 8.218960333333333],
[1663770600.0, 7.860841666666668],
[1663857000.0, 8.003332666666667],
[1663943400.0, 8.128121666666667],
[1664029800.0, 8.217731333333333],
[1664116200.0, 7.848228666666667],
[1664202600.0, 8.199615666666666],
[1664289000.0, 7.827397666666665],
[1664375400.0, 7.9136093333333335],
[1664461800.0, 7.666018],
[1664548200.0, 7.807170333333334],
[1664634600.0, 7.838986666666667],
[1664717400.0, 7.764364],
[1664803800.0, 7.874659666666667],
[1664890200.0, 7.719873],
[1664976600.0, 7.758408333333333],
[1665063000.0, 7.725086],
[1665149400.0, 7.825585],
[1665235800.0, 8.179147],
[1665322200.0, 7.483702999999999],
[1665408600.0, 7.9429316666666665],
[1665495000.0, 8.508089333333333],
[1665581400.0, 8.502801666666667],
[1665667800.0, 8.243995],
[1665754200.0, 7.9883809999999995],
[1665840600.0, 8.220186333333332],
[1665927000.0, 8.287068],
[1666013400.0, 8.426646],
[1666099800.0, 8.260067000000001],
[1666186200.0, 8.249670333333334],
[1666272600.0, 8.193769000000001],
[1666359000.0, 8.306454],
[1666445400.0, 7.527227333333333],
[1666531800.0, 7.544302333333333],
[1666618200.0, 7.674616666666666],
[1666704600.0, 7.661050666666667],
[1666791000.0, 7.598693999999999],
[1666877400.0, 7.759003000000001],
[1666963800.0, 7.420493666666668],
[1667050200.0, 7.2620803333333335],
[1667136600.0, 7.3857159999999995],
[1667223000.0, 7.761642666666666],
[1667309400.0, 7.506939],
[1667395800.0, 7.561756000000002],
[1667482200.0, 7.9206546666666675],
[1667568600.0, 7.827885333333334],
[1667655000.0, 7.928595333333334],
[1667741400.0, 7.84555],
[1667827800.0, 7.953281333333334],
[1667914200.0, 8.166828666666667],
[1668000600.0, 8.206361666666668],
[1668087000.0, 8.138779333333334],
[1668173400.0, 8.153557333333334],
[1668259800.0, 8.198428666666665],
[1668346200.0, 8.175305333333334],
[1668432600.0, 8.143251333333334],
[1668519000.0, 8.144604333333332],
[1668605400.0, 8.069512666666668],
[1668691800.0, 7.785915666666668],
[1668778200.0, 8.945020666666666],
[1668864600.0, 10.008552],
[1668951000.0, 9.617158000000002],
[1669037400.0, 10.041338333333334],
[1669123800.0, 10.264854000000001],
[1669210200.0, 10.600065333333335],
[1669296600.0, 9.87643],
[1669383000.0, 9.200937333333334],
[1669469400.0, 8.854301666666666],
[1669555800.0, 8.383689666666667],
[1669642200.0, 8.799193666666666],
[1669728600.0, 8.709382333333336],
[1669815000.0, 9.045556666666664],
[1669901400.0, 8.775555666666667],
[1669987800.0, 8.731342333333334],
[1670074200.0, 8.859055666666668],
[1670160600.0, 8.720448333333332],
[1670247000.0, 9.198522333333335],
[1670333400.0, 9.226740999999999],
[1670419800.0, 9.048094666666666],
[1670506200.0, 9.235926000000001],
[1670592600.0, 9.149416666666667],
[1670679000.0, 9.324115333333333],
[1670765400.0, 9.136777],
[1670851800.0, 8.831938333333333],
[1670938200.0, 8.806185333333334],
[1671024600.0, 8.868806666666666],
[1671111000.0, 8.946206],
[1671197400.0, 8.936108666666666],
[1671283800.0, 9.063691],
[1671370200.0, 9.302765],
[1671456600.0, 8.775005666666667],
[1671543000.0, 9.203376333333333],
[1671629400.0, 8.822594],
[1671715800.0, 8.922682],
[1671802200.0, 9.057483],
[1671888600.0, 8.840033333333333],
[1671975000.0, 8.785195],
[1672061400.0, 8.547554333333332],
[1672147800.0, 8.388937333333333],
[1672234200.0, 8.475714],
[1672320600.0, 8.416548333333333],
[1672407000.0, 8.734346666666667],
[1672493400.0, 8.340051333333333],
[1672579800.0, 8.322885],
[1672666200.0, 8.286688],
[1672752600.0, 8.13804],
[1672839000.0, 8.308348],
[1672925400.0, 8.536734999999998],
[1673011800.0, 8.769386666666668],
[1673098200.0, 8.277818666666667],
[1673184600.0, 8.710748333333333],
[1673271000.0, 8.990324333333334],
[1673357400.0, 8.658368333333334],
[1673443800.0, 8.773808333333333],
[1673530200.0, 8.831006666666667],
[1673616600.0, 9.016116666666667],
[1673703000.0, 8.724005],
[1673789400.0, 9.107094666666667],
[1673875800.0, 9.128413],
[1673962200.0, 9.587161666666667],
[1674048600.0, 9.192680000000001],
[1674135000.0, 9.24121066666667],
[1674221400.0, 9.338019666666666],
[1674307800.0, 9.354995],
[1674394200.0, 9.428311666666668],
[1674480600.0, 9.198798],
[1674567000.0, 9.286094666666669],
[1674653400.0, 9.695807],
[1674739800.0, 9.067010333333334],
[1674826200.0, 9.247979666666668],
[1674912600.0, 9.316012],
[1674999000.0, 9.47396],
[1675085400.0, 9.306273],
[1675171800.0, 9.548139],
[1675258200.0, 9.557140333333335],
[1675344600.0, 9.368104333333333],
[1675431000.0, 9.499637666666667],
[1675517400.0, 9.201916666666667],
[1675603800.0, 9.254551666666666],
[1675690200.0, 8.778769666666667],
[1675776600.0, 9.527273],
[1675863000.0, 9.527273],
[1675949400.0, 9.527273],
