[1635773400.0, 0.7701657458563536],
[1635859800.0, 0.7072916666666667],
[1635946200.0, 0.6953367875647669],
[1636032600.0, 0.6795918367346938],
[1636119000.0, 0.6938775510204082],
[1636205400.0, 0.7083333333333334],
[1636291800.0, 0.7251336898395723],
[1636378200.0, 0.7593582887700535],
[1636464600.0, 0.6869565217391305],
[1636551000.0, 0.6529411764705881],
[1636637400.0, 0.6594059405940594],
[1636723800.0, 0.6584158415841582],
[1636810200.0, 0.6517412935323385],
[1636896600.0, 0.8506493506493507],
[1636983000.0, 0.7564705882352941],
[1637069400.0, 0.7211764705882354],
[1637155800.0, 0.7502958579881658],
[1637242200.0, 0.7372781065088757],
[1637328600.0, 0.7821428571428573],
[1637415000.0, 0.7542857142857143],
[1637501400.0, 0.9549668874172187],
[1637587800.0, 0.755952380952381],
[1637674200.0, 0.6666666666666666],
[1637760600.0, 0.703448275862069],
[1637847000.0, 0.672],
[1637933400.0, 0.6784090909090909],
[1638019800.0, 0.78625],
[1638106200.0, 0.64],
[1638192600.0, 0.646808510638298],
[1638279000.0, 0.678021978021978],
[1638365400.0, 0.6705263157894739],
[1638451800.0, 0.7295454545454546],
[1638538200.0, 0.7325714285714285],
[1638624600.0, 0.7577142857142858],
[1638711000.0, 0.7420454545454546],
[1638797400.0, 0.641],
[1638883800.0, 0.6973544973544974],
[1638970200.0, 0.6378109452736319],
[1639056600.0, 0.6581632653061226],
[1639143000.0, 0.623469387755102],
[1639229400.0, 0.5771144278606967],
[1639315800.0, 0.6069306930693068],
[1639402200.0, 0.6039603960396039],
[1639488600.0, 0.5779904306220096],
[1639575000.0, 0.5700483091787439],
[1639661400.0, 0.5673076923076924],
[1639747800.0, 0.6096153846153846],
[1639834200.0, 0.5673076923076924],
[1639920600.0, 0.5349282296650717],
[1640007000.0, 0.550753768844221],
[1640093400.0, 0.6391304347826087],
[1640179800.0, 0.633695652173913],
[1640266200.0, 0.6695652173913043],
[1640352600.0, 0.621105527638191],
[1640439000.0, 0.6592592592592592],
[1640525400.0, 0.6300000000000001],
[1640611800.0, 0.6676923076923077],
[1640698200.0, 0.633],
[1640784600.0, 0.6460000000000001],
[1640871000.0, 0.6430000000000001],
[1640957400.0, 0.6140000000000001],
[1641043800.0, 0.641],
[1641130200.0, 0.6413793103448275],
[1641216600.0, 0.638423645320197],
[1641303000.0, 0.6218905472636816],
[1641389400.0, 0.6650246305418719],
[1641475800.0, 0.6768472906403941],
[1641562200.0, 0.6834170854271358],
[1641648600.0, 0.7095744680851065],
[1641735000.0, 0.7065989847715736],
[1641821400.0, 0.6974874371859299],
[1641907800.0, 0.7045685279187817],
[1641994200.0, 0.686734693877551],
[1642080600.0, 0.7160000000000001],
[1642167000.0, 0.6796019900497514],
[1642253400.0, 0.6705314009661835],
[1642339800.0, 0.700990099009901],
[1642426200.0, 0.6990099009900991],
[1642512600.0, 0.691089108910891],
[1642599000.0, 0.639814814814815],
[1642685400.0, 0.6368421052631579],
[1642771800.0, 0.4980988593155894],
[1642858200.0, 0.632],
[1642944600.0, 0.530597014925373],
[1643031000.0, 0.6303030303030301],
[1643117400.0, 0.6387665198237886],
[1643203800.0, 0.6379310344827586],
[1643290200.0, 0.6051502145922746],
[1643376600.0, 0.5676113360323887],
[1643463000.0, 0.5230769230769231],
[1643549400.0, 0.6784140969162996],
[1643635800.0, 0.6784140969162996],
[1643722200.0, 0.6784140969162996],
[1643808600.0, 0.6647302904564316],
[1643895000.0, 0.5966804979253112],
[1643981400.0, 0.5598290598290598],
[1644067800.0, 0.5905982905982907],
[1644154200.0, 0.5845493562231759],
[1644240600.0, 0.673076923076923],
[1644327000.0, 0.573568281938326],
[1644413400.0, 0.6035242290748898],
[1644499800.0, 0.586784140969163],
[1644586200.0, 0.5619909502262443],
[1644672600.0, 0.6027149321266968],
[1644759000.0, 0.6218181818181818],
[1644845400.0, 0.6292035398230088],
[1644931800.0, 0.7227513227513228],
[1645018200.0, 0.692929292929293],
[1645104600.0, 0.6577777777777778],
[1645191000.0, 0.620657276995305],
[1645277400.0, 0.6552995391705068],
[1645363800.0, 0.6657142857142857],
[1645450200.0, 0.6828571428571428],
[1645536600.0, 0.677294685990338],
[1645623000.0, 0.666350710900474],
[1645709400.0, 0.6849056603773584],
[1645795800.0, 0.6325581395348838],
[1645882200.0, 0.6446601941747573],
[1645968600.0, 0.8125000000000001],
[1646055000.0, 0.7043010752688172],
[1646141400.0, 0.7147368421052632],
[1646227800.0, 0.7258064516129032],
[1646314200.0, 0.7419354838709677],
[1646400600.0, 0.7728813559322033],
[1646487000.0, 0.6878787878787879],
[1646573400.0, 0.6514851485148514],
[1646659800.0, 0.6326923076923077],
[1646746200.0, 0.6676616915422887],
[1646832600.0, 0.691089108910891],
[1646919000.0, 0.6790243902439026],
[1647005400.0, 0.6594059405940593],
[1647091800.0, 0.6561576354679802],
[1647178200.0, 0.6283018867924528],
[1647264600.0, 0.6162895927601807],
[1647351000.0, 0.6163636363636364],
[1647437400.0, 0.6682464454976305],
[1647523800.0, 0.6372727272727272],
[1647610200.0, 0.6697247706422018],
[1647696600.0, 0.6554545454545455],
[1647783000.0, 0.6618181818181817],
[1647869400.0, 0.6681818181818182],
[1647955800.0, 0.6645454545454546],
[1648042200.0, 0.7037037037037039],
[1648128600.0, 0.6389140271493212],
[1648215000.0, 0.7137614678899082],
[1648301400.0, 0.6977375565610857],
[1648387800.0, 0.7023041474654377],
[1648474200.0, 0.7138755980861246],
[1648560600.0, 0.7083333333333335],
[1648647000.0, 0.7108108108108108],
[1648733400.0, 0.7311627906976745],
[1648819800.0, 0.7296296296296297],
[1648906200.0, 0.7425925925925928],
[1648996200.0, 0.7044247787610619],
[1649082600.0, 0.6633928571428571],
[1649169000.0, 0.6951541850220264],
[1649255400.0, 0.8005040171307054],
[1649341800.0, 0.694468085106383],
[1649428200.0, 0.7056768558951966],
[1649514600.0, 0.6946502057613168],
[1649601000.0, 0.7133333333333335],
[1649687400.0, 0.6701195219123505],
[1649773800.0, 0.6946502057613168],
[1649860200.0, 0.6818565400843882],
[1649946600.0, 0.6760784313725491],
[1650033000.0, 0.6784313725490195],
[1650119400.0, 0.6196850393700788],
[1650205800.0, 0.6478431372549018],
[1650292200.0, 0.7126637554585155],
[1650378600.0, 0.7065502183406115],
[1650465000.0, 0.660392156862745],
[1650551400.0, 0.660392156862745],
[1650637800.0, 0.660392156862745],
[1650724200.0, 0.7372549019607842],
[1650810600.0, 0.7103174603174605],
[1650897000.0, 0.7279352226720648],
[1650983400.0, 0.6747169811320755],
[1651069800.0, 0.7268482490272372],
[1651156200.0, 0.7626459143968871],
[1651242600.0, 0.7007462686567164],
[1651329000.0, 0.7195402298850574],
[1651415400.0, 0.6992592592592591],
[1651501800.0, 0.7210332103321032],
[1651588200.0, 0.760919540229885],
[1651674600.0, 0.6551236749116607],
[1651761000.0, 0.6051470588235294],
[1651847400.0, 0.5697594501718213],
[1651933800.0, 0.6079710144927535],
[1652020200.0, 0.6021660649819495],
[1652106600.0, 0.5678082191780822],
[1652193000.0, 0.5825783972125436],
[1652279400.0, 0.5601374570446735],
[1652365800.0, 0.5733333333333333],
[1652452200.0, 0.5715277777777779],
[1652538600.0, 0.5722222222222223],
[1652625000.0, 0.5777003484320558],
[1652711400.0, 0.5810526315789474],
[1652797800.0, 0.5817543859649122],
[1652884200.0, 0.5768421052631579],
[1652970600.0, 0.7154185022026431],
[1653057000.0, 0.6569169960474307],
[1653143400.0, 0.6674796747967479],
[1653229800.0, 0.640495867768595],
[1653316200.0, 0.6885245901639345],
[1653402600.0, 0.6366300366300367],
[1653489000.0, 0.7316872427983538],
[1653575400.0, 0.6526717557251909],
[1653661800.0, 0.6194029850746269],
[1653748200.0, 0.6837209302325581],
[1653834600.0, 0.6203007518796991],
[1653921000.0, 0.6683453237410072],
[1654007400.0, 0.6764505119453924],
[1654093800.0, 0.8902325581395351],
[1654180200.0, 0.7246153846153846],
[1654266600.0, 0.889423076923077],
[1654353000.0, 0.7435294117647059],
[1654439400.0, 0.7325301204819277],
[1654525800.0, 0.6684014869888476],
[1654612200.0, 0.7532467532467529],
[1654698600.0, 0.7640167364016737],
[1654785000.0, 0.7539748953974895],
[1654871400.0, 0.6557620817843867],
[1654957800.0, 0.7264462809917354],
[1655044200.0, 0.7065637065637066],
[1655130600.0, 0.68984375],
[1655217000.0, 0.7187500000000001],
[1655303400.0, 0.6988142292490118],
[1655389800.0, 0.7154150197628458],
[1655476200.0, 0.6874015748031496],
[1655562600.0, 0.7035019455252919],
[1655649000.0, 0.6953125],
[1655735400.0, 0.7707964601769912],
[1655821800.0, 0.7920353982300883],
[1655908200.0, 0.7654867256637167],
[1655994600.0, 0.7743362831858406],
[1656081000.0, 0.7699115044247786],
[1656167400.0, 0.718032786885246],
[1656253800.0, 0.7220779220779219],
[1656340200.0, 0.6496124031007753],
[1656426600.0, 0.6051470588235294],
[1656513000.0, 0.6109890109890109],
[1656599400.0, 0.7120000000000002],
[1656685800.0, 0.5883268482490271],
[1656772200.0, 0.5080459770114942],
[1656858600.0, 0.515953307392996],
[1656945000.0, 0.6093385214007782],
[1657031400.0, 0.6412280701754386],
[1657117800.0, 0.5040293040293041],
[1657204200.0, 0.5528000000000001],
[1657290600.0, 0.552],
[1657377000.0, 0.5968000000000001],
[1657463400.0, 0.5848000000000001],
[1657549800.0, 0.5784],
[1657636200.0, 0.5377289377289379],
[1657722600.0, 0.586610878661088],
[1657809000.0, 0.5880952380952381],
[1657895400.0, 0.5874015748031496],
[1657981800.0, 0.592741935483871],
[1658068200.0, 0.6138775510204082],
[1658154600.0, 0.6342857142857143],
[1658241000.0, 0.6063241106719367],
[1658327400.0, 0.6142292490118577],
[1658413800.0, 0.5992125984251968],
[1658500200.0, 0.6095238095238096],
[1658586600.0, 0.6174603174603176],
[1658673000.0, 0.592857142857143],
[1658759400.0, 0.5944664031620552],
[1658845800.0, 0.5898039215686274],
[1658932200.0, 0.5858823529411764],
[1659018600.0, 0.59453125],
[1659105000.0, 0.6336206896551724],
[1659191400.0, 0.5543071161048689],
[1659277800.0, 0.5976190476190475],
[1659364200.0, 0.5865079365079365],
[1659450600.0, 0.5523809523809524],
[1659537000.0, 0.6251012145748988],
[1659623400.0, 0.5831999999999999],
[1659709800.0, 0.5813229571984436],
[1659796200.0, 0.5959016393442624],
[1659882600.0, 0.5308823529411765],
[1659969000.0, 0.5544117647058823],
[1660055400.0, 0.5952755905511811],
[1660141800.0, 0.5703125000000001],
[1660228200.0, 0.6090909090909089],
[1660314600.0, 0.6589743589743591],
[1660401000.0, 0.6589743589743591],
[1660487400.0, 0.6589743589743591],
[1660573800.0, 0.6589743589743591],
[1660660200.0, 0.619672131147541],
[1660746600.0, 0.6165289256198345],
[1660833000.0, 0.622857142857143],
[1660919400.0, 0.6142259414225942],
[1661005800.0, 0.6051282051282051],
[1661092200.0, 0.6127659574468085],
[1661178600.0, 0.5854251012145749],
[1661265000.0, 0.6000000000000001],
[1661351400.0, 0.5992094861660079],
[1661437800.0, 0.6066115702479338],
[1661524200.0, 0.5368421052631578],
[1661610600.0, 0.5294545454545454],
[1661697000.0, 0.6007874015748031],
[1661783400.0, 0.6737777777777779],
[1661869800.0, 0.5808764940239042],
[1661956200.0, 0.5477941176470588],
[1662042600.0, 0.5645756457564575],
[1662129000.0, 0.5876447876447876],
[1662215400.0, 0.575],
[1662301800.0, 0.545054945054945],
[1662388200.0, 0.5485294117647058],
[1662474600.0, 0.5544117647058824],
[1662561000.0, 0.6045977011494252],
[1662647400.0, 0.5655677655677656],
[1662733800.0, 0.5992248062015503],
[1662820200.0, 0.6139534883720931],
[1662906600.0, 0.6279999999999999],
[1662993000.0, 0.5384615384615384],
[1663079400.0, 0.5501831501831502],
[1663165800.0, 0.5595667870036101],
[1663252200.0, 0.5092150170648465],
[1663338600.0, 0.5340425531914894],
[1663425000.0, 0.5340425531914894],
[1663511400.0, 0.5290780141843971],
[1663597800.0, 0.5418439716312057],
[1663684200.0, 0.5390070921985816],
[1663770600.0, 0.5215017064846417],
[1663857000.0, 0.5984674329501916],
[1663943400.0, 0.5977099236641221],
[1664029800.0, 0.5924242424242424],
[1664116200.0, 0.6],
[1664202600.0, 0.5779467680608366],
[1664289000.0, 0.5386861313868614],
[1664375400.0, 0.5547445255474454],
[1664461800.0, 0.5605839416058395],
[1664548200.0, 0.5547445255474454],
[1664634600.0, 0.5559566787003609],
[1664717400.0, 0.5501805054151625],
[1664803800.0, 0.6178988326848248],
[1664890200.0, 0.5673003802281369],
[1664976600.0, 0.649792531120332],
[1665063000.0, 0.6366412213740459],
[1665149400.0, 0.6541984732824427],
[1665235800.0, 0.6261538461538462],
[1665322200.0, 0.5786206896551724],
[1665408600.0, 0.5828767123287673],
[1665495000.0, 0.6288406169899721],
[1665581400.0, 0.5482014388489208],
[1665667800.0, 0.6152777777777777],
[1665754200.0, 0.6020618556701031],
[1665840600.0, 0.6173010380622838],
[1665927000.0, 0.6408304498269897],
[1666013400.0, 0.6173611111111111],
[1666099800.0, 0.6213333333333334],
[1666186200.0, 0.6498293515358363],
[1666272600.0, 0.6395904436860068],
[1666359000.0, 0.6419999999999999],
[1666445400.0, 0.6872340425531914],
[1666531800.0, 0.6972222222222223],
[1666618200.0, 0.7062499999999999],
[1666704600.0, 0.6624113475177306],
[1666791000.0, 0.6709219858156028],
[1666877400.0, 0.8122137404580153],
[1666963800.0, 0.7671755725190841],
[1667050200.0, 0.7297709923664122],
[1667136600.0, 0.7106870229007634],
[1667223000.0, 0.6196078431372549],
[1667309400.0, 0.6887323943661973],
[1667395800.0, 0.7056338028169016],
[1667482200.0, 0.6549019607843137],
[1667568600.0, 0.6555555555555554],
[1667655000.0, 0.6601307189542484],
[1667741400.0, 0.6866894197952219],
[1667827800.0, 0.6638888888888889],
[1667914200.0, 0.6975265017667845],
[1668000600.0, 0.6508591065292095],
[1668087000.0, 0.6570446735395189],
[1668173400.0, 0.6845360824742267],
[1668259800.0, 0.6804123711340205],
[1668346200.0, 0.6587030716723551],
[1668432600.0, 0.6736111111111112],
[1668519000.0, 0.6648464163822526],
[1668605400.0, 0.673037542662116],
[1668691800.0, 0.6567741935483873],
[1668778200.0, 0.6301282051282051],
[1668864600.0, 0.6301282051282051],
[1668951000.0, 0.6308681672025723],
[1669037400.0, 0.6218649517684887],
[1669123800.0, 2.15764705882353],
[1669210200.0, 2.2141176470588237],
[1669296600.0, 2.2000000000000006],
[1669383000.0, 0.5755485893416927],
[1669469400.0, 0.9376884422110553],
[1669555800.0, 0.9055276381909549],
[1669642200.0, 0.9005025125628142],
[1669728600.0, 2.0847058823529414],
[1669815000.0, 0.6342857142857143],
[1669901400.0, 0.5625377643504532],
[1669987800.0, 0.6202614379084967],
[1670074200.0, 0.5790849673202614],
[1670160600.0, 0.7058823529411764],
[1670247000.0, 0.6637362637362637],
[1670333400.0, 0.6959706959706959],
[1670419800.0, 0.7088235294117647],
[1670506200.0, 0.7147058823529412],
[1670592600.0, 0.7169117647058822],
[1670679000.0, 0.7330882352941175],
[1670765400.0, 0.6963235294117647],
[1670851800.0, 0.7095588235294119],
[1670938200.0, 0.6338235294117648],
[1671024600.0, 0.6865671641791044],
[1671111000.0, 0.698507462686567],
[1671197400.0, 0.6877323420074349],
[1671283800.0, 0.675836431226766],
[1671370200.0, 0.6877323420074349],
[1671456600.0, 0.6684014869888476],
[1671543000.0, 0.679553903345725],
[1671629400.0, 0.6111842105263158],
[1671715800.0, 0.6459930313588851],
[1671802200.0, 0.6132450331125828],
[1671888600.0, 0.6290429042904291],
[1671975000.0, 0.5947194719471948],
[1672061400.0, 0.6951672862453532],
[1672147800.0, 0.6111888111888111],
[1672234200.0, 0.6006993006993008],
[1672320600.0, 0.5986013986013987],
[1672407000.0, 0.6091549295774649],
[1672493400.0, 0.5704225352112676],
[1672579800.0, 0.5864768683274022],
[1672666200.0, 0.6],
[1672752600.0, 0.604225352112676],
[1672839000.0, 0.725311203319502],
[1672925400.0, 0.6237037037037036],
[1673011800.0, 0.6593155893536122],
[1673098200.0, 0.6749034749034749],
[1673184600.0, 0.6944],
[1673271000.0, 0.7056],
[1673357400.0, 0.6555160142348755],
[1673443800.0, 0.6306569343065693],
[1673530200.0, 0.6416058394160584],
[1673616600.0, 0.6583941605839416],
[1673703000.0, 0.6361774744027304],
[1673789400.0, 0.6442105263157895],
[1673875800.0, 0.688421052631579],
[1673962200.0, 0.5993506493506494],
[1674048600.0, 0.6550819672131148],
[1674135000.0, 0.6072131147540984],
[1674221400.0, 0.5542372881355933],
[1674307800.0, 0.6306748466257669],
[1674394200.0, 0.6603278688524591],
[1674480600.0, 0.5715942028985507],
[1674567000.0, 0.5564469914040114],
[1674653400.0, 0.5610315186246417],
[1674739800.0, 0.5679083094555873],
[1674826200.0, 0.5015151515151515],
[1674912600.0, 0.46372549019607845],
[1674999000.0, 0.4450116009280742],
[1675085400.0, 0.526111111111111],
[1675171800.0, 0.5277777777777779],
[1675258200.0, 0.5233333333333334],
[1675344600.0, 0.565],
[1675431000.0, 0.489974293059126],
[1675517400.0, 0.5076517150395778],
[1675603800.0, 0.5071240105540897],
[1675690200.0, 0.5110539845758355],
[1675776600.0, 0.5151670951156813],
[1675863000.0, 0.5151670951156813],
[1675949400.0, 0.5151670951156813],
