[1635773400.0, 4.738571428571428],
[1635859800.0, 4.692857142857143],
[1635946200.0, 4.742857142857143],
[1636032600.0, 4.831428571428572],
[1636119000.0, 4.8028571428571425],
[1636205400.0, 4.742857142857143],
[1636291800.0, 4.757142857142857],
[1636378200.0, 4.725714285714285],
[1636464600.0, 4.648571428571429],
[1636551000.0, 4.614285714285714],
[1636637400.0, 4.725714285714285],
[1636723800.0, 4.772857142857142],
[1636810200.0, 4.6499999999999995],
[1636896600.0, 4.694285714285714],
[1636983000.0, 4.648571428571429],
[1637069400.0, 4.628571428571429],
[1637155800.0, 4.707142857142857],
[1637242200.0, 4.778571428571429],
[1637328600.0, 4.828571428571428],
[1637415000.0, 4.7942857142857145],
[1637501400.0, 4.7542857142857144],
[1637587800.0, 4.711428571428571],
[1637674200.0, 4.658571428571428],
[1637760600.0, 4.635714285714285],
[1637847000.0, 4.755714285714285],
[1637933400.0, 4.784285714285715],
[1638019800.0, 4.778571428571429],
[1638106200.0, 4.768571428571429],
[1638192600.0, 4.824285714285714],
[1638279000.0, 4.814285714285714],
[1638365400.0, 4.937142857142857],
[1638451800.0, 5.034285714285714],
[1638538200.0, 4.971428571428571],
[1638624600.0, 4.898571428571429],
[1638711000.0, 4.942857142857142],
[1638797400.0, 4.76],
[1638883800.0, 4.8500000000000005],
[1638970200.0, 4.8585714285714285],
[1639056600.0, 4.848571428571428],
[1639143000.0, 4.901428571428572],
[1639229400.0, 4.914285714285714],
[1639315800.0, 4.942857142857143],
[1639402200.0, 4.924285714285714],
[1639488600.0, 4.917142857142857],
[1639575000.0, 4.947142857142857],
[1639661400.0, 4.994285714285715],
[1639747800.0, 5.021428571428571],
[1639834200.0, 4.952857142857142],
[1639920600.0, 4.92],
[1640007000.0, 4.922857142857143],
[1640093400.0, 4.934285714285714],
[1640179800.0, 4.941428571428571],
[1640266200.0, 4.96],
[1640352600.0, 5.01],
[1640439000.0, 4.878571428571428],
[1640525400.0, 4.86],
[1640611800.0, 4.812857142857142],
[1640698200.0, 4.812857142857142],
[1640784600.0, 4.761428571428572],
[1640871000.0, 4.878571428571428],
[1640957400.0, 4.932857142857143],
[1641043800.0, 4.951428571428571],
[1641130200.0, 4.882857142857143],
[1641216600.0, 4.8428571428571425],
[1641303000.0, 4.82],
[1641389400.0, 4.868571428571428],
[1641475800.0, 4.814285714285714],
[1641562200.0, 4.838571428571429],
[1641648600.0, 4.865714285714285],
[1641735000.0, 4.859999999999999],
[1641821400.0, 4.864285714285714],
[1641907800.0, 4.901428571428572],
[1641994200.0, 4.877142857142857],
[1642080600.0, 4.895714285714286],
[1642167000.0, 4.9314285714285715],
[1642253400.0, 4.932857142857143],
[1642339800.0, 4.930000000000001],
[1642426200.0, 4.9399999999999995],
[1642512600.0, 4.975714285714285],
[1642599000.0, 4.941428571428572],
[1642685400.0, 5.005714285714285],
[1642771800.0, 5.008571428571429],
[1642858200.0, 4.9957142857142856],
[1642944600.0, 5.0128571428571425],
[1643031000.0, 5.041428571428571],
[1643117400.0, 5.0442857142857145],
[1643203800.0, 5.035714285714286],
[1643290200.0, 5.062857142857142],
[1643376600.0, 5.008571428571429],
[1643463000.0, 5.118571428571428],
[1643549400.0, 5.251428571428571],
[1643635800.0, 5.251428571428571],
[1643722200.0, 5.251428571428571],
[1643808600.0, 5.312857142857142],
[1643895000.0, 5.418571428571427],
[1643981400.0, 5.3185714285714285],
[1644067800.0, 5.338571428571429],
[1644154200.0, 5.32],
[1644240600.0, 5.261428571428572],
[1644327000.0, 5.241428571428571],
[1644413400.0, 5.162857142857143],
[1644499800.0, 5.275714285714286],
[1644586200.0, 5.312857142857142],
[1644672600.0, 5.24],
[1644759000.0, 5.331428571428573],
[1644845400.0, 5.3342857142857145],
[1644931800.0, 5.312857142857143],
[1645018200.0, 5.36],
[1645104600.0, 5.401428571428572],
[1645191000.0, 5.532857142857144],
[1645277400.0, 5.445714285714287],
[1645363800.0, 5.464285714285714],
[1645450200.0, 5.465714285714285],
[1645536600.0, 5.497142857142856],
[1645623000.0, 5.372857142857143],
[1645709400.0, 5.444285714285714],
[1645795800.0, 5.524285714285715],
[1645882200.0, 5.542857142857143],
[1645968600.0, 5.535714285714286],
[1646055000.0, 5.437142857142858],
[1646141400.0, 5.6000000000000005],
[1646227800.0, 5.572857142857144],
[1646314200.0, 5.582857142857143],
[1646400600.0, 5.707142857142857],
[1646487000.0, 5.6571428571428575],
[1646573400.0, 5.6257142857142854],
[1646659800.0, 5.562857142857142],
[1646746200.0, 5.521428571428572],
[1646832600.0, 5.547142857142857],
[1646919000.0, 5.638571428571429],
[1647005400.0, 5.607142857142857],
[1647091800.0, 5.617142857142857],
[1647178200.0, 5.551428571428572],
[1647264600.0, 5.577142857142857],
[1647351000.0, 5.498571428571429],
[1647437400.0, 5.497142857142857],
[1647523800.0, 5.564285714285715],
[1647610200.0, 5.525714285714285],
[1647696600.0, 5.452857142857143],
[1647783000.0, 5.775714285714286],
[1647869400.0, 5.798571428571429],
[1647955800.0, 5.631428571428572],
[1648042200.0, 5.562857142857142],
[1648128600.0, 5.545714285714285],
[1648215000.0, 5.524285714285715],
[1648301400.0, 5.532857142857142],
[1648387800.0, 5.424285714285714],
[1648474200.0, 5.437142857142858],
[1648560600.0, 5.412857142857143],
[1648647000.0, 5.514285714285715],
[1648733400.0, 5.507142857142857],
[1648819800.0, 5.532857142857144],
[1648906200.0, 5.508571428571429],
[1648996200.0, 5.5600000000000005],
[1649082600.0, 5.541428571428573],
[1649169000.0, 5.448571428571428],
[1649255400.0, 5.497142857142857],
[1649341800.0, 5.517142857142858],
[1649428200.0, 5.471428571428571],
[1649514600.0, 5.641428571428571],
[1649601000.0, 5.641428571428571],
[1649687400.0, 5.641428571428571],
[1649773800.0, 5.641428571428571],
[1649860200.0, 5.641428571428571],
[1649946600.0, 5.414285714285714],
[1650033000.0, 5.43],
[1650119400.0, 5.452857142857143],
[1650205800.0, 5.308571428571429],
[1650292200.0, 5.397142857142858],
[1650378600.0, 5.394285714285714],
[1650465000.0, 5.315714285714286],
[1650551400.0, 5.315714285714286],
[1650637800.0, 5.315714285714286],
[1650724200.0, 5.33],
[1650810600.0, 5.357142857142857],
[1650897000.0, 5.287142857142858],
[1650983400.0, 5.264285714285714],
[1651069800.0, 5.298571428571429],
[1651156200.0, 5.228571428571429],
[1651242600.0, 5.237142857142857],
[1651329000.0, 5.151428571428572],
[1651415400.0, 5.1657142857142855],
[1651501800.0, 5.152857142857143],
[1651588200.0, 5.085714285714286],
[1651674600.0, 5.094285714285713],
[1651761000.0, 5.07],
[1651847400.0, 5.051428571428572],
[1651933800.0, 4.982857142857143],
[1652020200.0, 4.884285714285714],
[1652106600.0, 4.878571428571428],
[1652193000.0, 4.78],
[1652279400.0, 4.741428571428571],
[1652365800.0, 4.660000000000001],
[1652452200.0, 4.695714285714286],
[1652538600.0, 4.635714285714286],
[1652625000.0, 4.594285714285713],
[1652711400.0, 4.625714285714286],
[1652797800.0, 4.651428571428572],
[1652884200.0, 4.591428571428572],
[1652970600.0, 4.648571428571429],
[1653057000.0, 4.642857142857143],
[1653143400.0, 4.577142857142857],
[1653229800.0, 4.632857142857143],
[1653316200.0, 4.61],
[1653402600.0, 4.672857142857143],
[1653489000.0, 4.651428571428572],
[1653575400.0, 4.628571428571428],
[1653661800.0, 4.6814285714285715],
[1653748200.0, 4.5528571428571425],
[1653834600.0, 4.662857142857143],
[1653921000.0, 4.644285714285714],
[1654007400.0, 4.688571428571429],
[1654093800.0, 4.718571428571429],
[1654180200.0, 4.734285714285714],
[1654266600.0, 4.755714285714285],
[1654353000.0, 4.692857142857143],
[1654439400.0, 4.75],
[1654525800.0, 4.7542857142857144],
[1654612200.0, 4.784285714285714],
[1654698600.0, 4.731428571428571],
[1654785000.0, 4.7542857142857144],
[1654871400.0, 4.758571428571429],
[1654957800.0, 4.697142857142857],
[1655044200.0, 4.619999999999999],
[1655130600.0, 4.625714285714286],
[1655217000.0, 4.694285714285714],
[1655303400.0, 4.685714285714285],
[1655389800.0, 4.651428571428572],
[1655476200.0, 4.648571428571429],
[1655562600.0, 4.661428571428572],
[1655649000.0, 4.7128571428571435],
[1655735400.0, 4.6814285714285715],
[1655821800.0, 4.702857142857143],
[1655908200.0, 4.705714285714286],
[1655994600.0, 4.791428571428571],
[1656081000.0, 4.807142857142858],
[1656167400.0, 4.782857142857144],
[1656253800.0, 4.744285714285714],
[1656340200.0, 4.808571428571428],
[1656426600.0, 4.732857142857142],
[1656513000.0, 4.804285714285713],
[1656599400.0, 4.762857142857143],
[1656685800.0, 4.821428571428571],
[1656772200.0, 4.705714285714286],
[1656858600.0, 4.744285714285715],
[1656945000.0, 4.757142857142858],
[1657031400.0, 4.747142857142856],
[1657117800.0, 4.725714285714285],
[1657204200.0, 4.7457142857142856],
[1657290600.0, 4.79],
[1657377000.0, 4.748571428571429],
[1657463400.0, 4.708571428571429],
[1657549800.0, 4.777142857142857],
[1657636200.0, 4.767142857142857],
[1657722600.0, 4.777142857142858],
[1657809000.0, 4.757142857142857],
[1657895400.0, 4.774285714285715],
[1657981800.0, 4.728571428571429],
[1658068200.0, 4.727142857142858],
[1658154600.0, 4.845714285714286],
[1658241000.0, 4.805714285714286],
[1658327400.0, 4.872857142857143],
[1658413800.0, 4.805714285714286],
[1658500200.0, 4.87],
[1658586600.0, 4.8742857142857146],
[1658673000.0, 4.877142857142857],
[1658759400.0, 4.857142857142857],
[1658845800.0, 4.838571428571428],
[1658932200.0, 4.935714285714285],
[1659018600.0, 4.887142857142857],
[1659105000.0, 4.895714285714286],
[1659191400.0, 4.885714285714286],
[1659277800.0, 5.005714285714285],
[1659364200.0, 4.972857142857143],
[1659450600.0, 4.910000000000001],
[1659537000.0, 5.005714285714285],
[1659623400.0, 5.042857142857143],
[1659709800.0, 4.931428571428571],
[1659796200.0, 4.957142857142856],
[1659882600.0, 4.942857142857143],
[1659969000.0, 4.905714285714285],
[1660055400.0, 4.972857142857142],
[1660141800.0, 4.922857142857143],
[1660228200.0, 4.941428571428572],
[1660314600.0, 4.95],
[1660401000.0, 4.95],
[1660487400.0, 4.95],
[1660573800.0, 4.95],
[1660660200.0, 5.094285714285715],
[1660746600.0, 5.112857142857143],
[1660833000.0, 5.125714285714286],
[1660919400.0, 5.121428571428572],
[1661005800.0, 5.067142857142858],
[1661092200.0, 5.175714285714285],
[1661178600.0, 5.198571428571428],
[1661265000.0, 5.041428571428571],
[1661351400.0, 4.9957142857142856],
[1661437800.0, 4.982857142857143],
[1661524200.0, 4.8914285714285715],
[1661610600.0, 4.914285714285714],
[1661697000.0, 4.8742857142857146],
[1661783400.0, 4.902857142857143],
[1661869800.0, 4.832857142857143],
[1661956200.0, 4.800000000000002],
[1662042600.0, 4.799999999999999],
[1662129000.0, 4.804285714285713],
[1662215400.0, 4.778571428571428],
[1662301800.0, 4.761428571428572],
[1662388200.0, 4.717142857142858],
[1662474600.0, 4.700000000000001],
[1662561000.0, 4.672857142857143],
[1662647400.0, 4.704285714285715],
[1662733800.0, 4.72],
[1662820200.0, 4.755714285714285],
[1662906600.0, 4.707142857142857],
[1662993000.0, 4.75],
[1663079400.0, 4.6085714285714285],
[1663165800.0, 4.634285714285714],
[1663252200.0, 4.6242857142857146],
[1663338600.0, 4.6571428571428575],
[1663425000.0, 4.5685714285714285],
[1663511400.0, 4.578571428571428],
[1663597800.0, 4.588571428571428],
[1663684200.0, 4.5200000000000005],
[1663770600.0, 4.502857142857143],
[1663857000.0, 4.49],
[1663943400.0, 4.482857142857143],
[1664029800.0, 4.411428571428572],
[1664116200.0, 4.395714285714286],
[1664202600.0, 4.344285714285715],
[1664289000.0, 4.385714285714285],
[1664375400.0, 4.428571428571429],
[1664461800.0, 4.441428571428572],
[1664548200.0, 4.541428571428572],
[1664634600.0, 4.6000000000000005],
[1664717400.0, 4.642857142857143],
[1664803800.0, 4.685714285714285],
[1664890200.0, 4.651428571428572],
[1664976600.0, 4.748571428571429],
[1665063000.0, 4.744285714285715],
[1665149400.0, 4.825714285714286],
[1665235800.0, 4.662857142857143],
[1665322200.0, 4.727142857142858],
[1665408600.0, 4.7057142857142855],
[1665495000.0, 4.735714285714287],
[1665581400.0, 4.741428571428571],
[1665667800.0, 4.808571428571428],
[1665754200.0, 4.844285714285713],
[1665840600.0, 4.885714285714286],
[1665927000.0, 4.958571428571427],
[1666013400.0, 4.888571428571429],
[1666099800.0, 4.75],
[1666186200.0, 4.840000000000001],
[1666272600.0, 4.904285714285714],
[1666359000.0, 4.887142857142857],
[1666445400.0, 4.857142857142857],
[1666531800.0, 4.854285714285715],
[1666618200.0, 4.8],
[1666704600.0, 4.7957142857142845],
[1666791000.0, 4.852857142857142],
[1666877400.0, 4.9399999999999995],
[1666963800.0, 4.875714285714286],
[1667050200.0, 4.8585714285714285],
[1667136600.0, 4.8357142857142845],
[1667223000.0, 4.857142857142857],
[1667309400.0, 4.76],
[1667395800.0, 4.82],
[1667482200.0, 5.002857142857144],
[1667568600.0, 4.987142857142857],
[1667655000.0, 4.927142857142857],
[1667741400.0, 4.807142857142858],
[1667827800.0, 4.8514285714285705],
[1667914200.0, 4.859999999999999],
[1668000600.0, 4.848571428571428],
[1668087000.0, 4.974285714285715],
[1668173400.0, 5.037142857142858],
[1668259800.0, 5.0442857142857145],
[1668346200.0, 5.078571428571428],
[1668432600.0, 5.128571428571428],
[1668519000.0, 5.131428571428572],
[1668605400.0, 5.0600000000000005],
[1668691800.0, 5.224285714285714],
[1668778200.0, 5.095714285714286],
[1668864600.0, 5.227142857142857],
[1668951000.0, 5.191428571428572],
[1669037400.0, 5.278571428571429],
[1669123800.0, 5.159999999999999],
[1669210200.0, 5.112857142857144],
[1669296600.0, 5.081428571428572],
[1669383000.0, 5.048571428571429],
[1669469400.0, 5.108571428571429],
[1669555800.0, 5.047142857142857],
[1669642200.0, 5.180000000000001],
[1669728600.0, 5.2957142857142845],
[1669815000.0, 5.411428571428571],
[1669901400.0, 5.569999999999999],
[1669987800.0, 5.552857142857143],
[1670074200.0, 5.517142857142858],
[1670160600.0, 5.57],
[1670247000.0, 5.551428571428572],
[1670333400.0, 5.602857142857142],
[1670419800.0, 5.5442857142857145],
[1670506200.0, 5.537142857142858],
[1670592600.0, 5.475714285714285],
[1670679000.0, 5.4557142857142855],
[1670765400.0, 5.5],
[1670851800.0, 5.4557142857142855],
[1670938200.0, 5.381428571428572],
[1671024600.0, 5.508571428571429],
[1671111000.0, 5.482857142857143],
[1671197400.0, 5.532857142857144],
[1671283800.0, 5.512857142857143],
[1671370200.0, 5.418571428571428],
[1671456600.0, 5.4957142857142856],
[1671543000.0, 5.471428571428571],
[1671629400.0, 5.335714285714286],
[1671715800.0, 5.325714285714286],
[1671802200.0, 5.237142857142857],
[1671888600.0, 5.111428571428571],
[1671975000.0, 5.175714285714286],
[1672061400.0, 5.211428571428572],
[1672147800.0, 5.174285714285714],
[1672234200.0, 5.082857142857143],
[1672320600.0, 5.132857142857143],
[1672407000.0, 5.1257142857142854],
[1672493400.0, 5.047142857142857],
[1672579800.0, 4.971428571428571],
[1672666200.0, 5.011428571428572],
[1672752600.0, 5.0200000000000005],
[1672839000.0, 5.158571428571428],
[1672925400.0, 5.1899999999999995],
[1673011800.0, 5.174285714285714],
[1673098200.0, 5.221428571428571],
[1673184600.0, 5.298571428571429],
[1673271000.0, 5.339999999999999],
[1673357400.0, 5.424285714285714],
[1673443800.0, 5.418571428571427],
[1673530200.0, 5.557142857142857],
[1673616600.0, 5.568571428571429],
[1673703000.0, 5.731428571428571],
[1673789400.0, 5.67],
[1673875800.0, 5.732857142857143],
[1673962200.0, 5.691428571428572],
[1674048600.0, 5.782857142857144],
[1674135000.0, 5.762857142857143],
[1674221400.0, 5.928571428571429],
[1674307800.0, 6.185714285714285],
[1674394200.0, 6.154285714285714],
[1674480600.0, 6.108571428571429],
[1674567000.0, 6.094285714285713],
[1674653400.0, 6.1657142857142855],
[1674739800.0, 6.121428571428573],
[1674826200.0, 6.058571428571428],
[1674912600.0, 5.948571428571428],
[1674999000.0, 6.0200000000000005],
[1675085400.0, 6.200000000000001],
[1675171800.0, 6.332857142857143],
[1675258200.0, 6.2542857142857144],
[1675344600.0, 6.2],
[1675431000.0, 6.304285714285714],
[1675517400.0, 6.22],
[1675603800.0, 6.187142857142858],
[1675690200.0, 6.181428571428571],
[1675776600.0, 6.17],
[1675863000.0, 6.118571428571429],
[1675949400.0, 6.118571428571429],
