[1635773400.0, 715.37],
[1635859800.0, 700.2562499999999],
[1635946200.0, 712.33],
[1636032600.0, 713.8449999999999],
[1636119000.0, 711],
[1636205400.0, 711.18625],
[1636291800.0, 709.9737499999999],
[1636378200.0, 700.375],
[1636464600.0, 695.4300000000001],
[1636551000.0, 694.38375],
[1636637400.0, 694.1287499999999],
[1636723800.0, 693.865],
[1636810200.0, 692.76],
[1636896600.0, 703.1987499999999],
[1636983000.0, 743.25875],
[1637069400.0, 746.5625],
[1637155800.0, 734.4649999999999],
[1637242200.0, 735.1399999999999],
[1637328600.0, 735.3349999999998],
[1637415000.0, 741.0637499999998],
[1637501400.0, 747.9975],
[1637587800.0, 743.1462499999998],
[1637674200.0, 747.4299999999998],
[1637760600.0, 733.9824999999998],
[1637847000.0, 732.92625],
[1637933400.0, 734.87375],
[1638019800.0, 738.67],
[1638106200.0, 738.2974999999999],
[1638192600.0, 809.99375],
[1638279000.0, 811.7624999999999],
[1638365400.0, 923.9549999999999],
[1638451800.0, 862.8899999999999],
[1638538200.0, 864.905],
[1638624600.0, 853.69625],
[1638711000.0, 815.7924999999998],
[1638797400.0, 852.7537499999999],
[1638883800.0, 850.5799999999999],
[1638970200.0, 813.4762499999999],
[1639056600.0, 807.1412499999999],
[1639143000.0, 807.4962499999999],
[1639229400.0, 813.1025],
[1639315800.0, 806.77125],
[1639402200.0, 791.0387499999999],
[1639488600.0, 814.8862499999999],
[1639575000.0, 812.9062499999999],
[1639661400.0, 843.8325],
[1639747800.0, 815.51125],
[1639834200.0, 822.0725],
[1639920600.0, 813.53125],
[1640007000.0, 824.6637499999999],
[1640093400.0, 830.2875],
[1640179800.0, 833.6999999999999],
[1640266200.0, 819.9725],
[1640352600.0, 855.5799999999999],
[1640439000.0, 835.9724999999999],
[1640525400.0, 829.9224999999999],
[1640611800.0, 836.6187499999999],
[1640698200.0, 827.2375],
[1640784600.0, 828.9525],
[1640871000.0, 828.16875],
[1640957400.0, 828.1087499999999],
[1641043800.0, 828.35875],
[1641130200.0, 821.4537499999999],
[1641216600.0, 815.75],
[1641303000.0, 818.8237499999999],
[1641389400.0, 816.8512499999999],
[1641475800.0, 823.7524999999999],
[1641562200.0, 825.5699999999999],
[1641648600.0, 835.5949999999999],
[1641735000.0, 870.2262499999998],
[1641821400.0, 851.7874999999999],
[1641907800.0, 853.1199999999999],
[1641994200.0, 862.40375],
[1642080600.0, 865.99],
[1642167000.0, 860.2349999999999],
[1642253400.0, 866.68],
[1642339800.0, 870.8812499999999],
[1642426200.0, 846.5312499999999],
[1642512600.0, 840.645],
[1642599000.0, 839.2524999999999],
[1642685400.0, 844.45875],
[1642771800.0, 838.62625],
[1642858200.0, 832.62],
[1642944600.0, 824.4087499999999],
[1643031000.0, 818.18625],
[1643117400.0, 835.5674999999999],
[1643203800.0, 836.01875],
[1643290200.0, 829.8975],
[1643376600.0, 831.4925],
[1643463000.0, 827.1587499999998],
[1643549400.0, 829.9287499999998],
[1643635800.0, 829.9287499999998],
[1643722200.0, 829.9287499999998],
[1643808600.0, 843.6924999999999],
[1643895000.0, 843.78375],
[1643981400.0, 840.5450000000001],
[1644067800.0, 842.8762499999999],
[1644154200.0, 843.05],
[1644240600.0, 846.9612499999998],
[1644327000.0, 844.14375],
[1644413400.0, 844.43],
[1644499800.0, 841.26875],
[1644586200.0, 843.5725],
[1644672600.0, 844.80875],
[1644759000.0, 844.675],
[1644845400.0, 845.9512499999998],
[1644931800.0, 834.5825],
[1645018200.0, 838.5874999999999],
[1645104600.0, 838.7974999999999],
[1645191000.0, 844.66625],
[1645277400.0, 843.5962499999999],
[1645363800.0, 841.8812499999999],
[1645450200.0, 847.4287499999999],
[1645536600.0, 847.18875],
[1645623000.0, 849.01375],
[1645709400.0, 846.7525],
[1645795800.0, 845.14625],
[1645882200.0, 841.4549999999999],
[1645968600.0, 834.5349999999999],
[1646055000.0, 893.0662499999999],
[1646141400.0, 906.6025],
[1646227800.0, 901.7887499999999],
[1646314200.0, 900.4174999999999],
[1646400600.0, 898.7024999999999],
[1646487000.0, 893.6012499999999],
[1646573400.0, 892.5412499999999],
[1646659800.0, 894.5625],
[1646746200.0, 892.6449999999999],
[1646832600.0, 901.1199999999999],
[1646919000.0, 900.5162499999999],
[1647005400.0, 894.44625],
[1647091800.0, 899.9212499999999],
[1647178200.0, 896.5449999999998],
[1647264600.0, 899.89875],
[1647351000.0, 898.4774999999998],
[1647437400.0, 900.82625],
[1647523800.0, 900.2],
[1647610200.0, 897.2724999999998],
[1647696600.0, 897.9962499999999],
[1647783000.0, 899.06125],
[1647869400.0, 902.52125],
[1647955800.0, 910.1187499999999],
[1648042200.0, 909.6274999999999],
[1648128600.0, 913.1287499999999],
[1648215000.0, 947.7875],
[1648301400.0, 932.74],
[1648387800.0, 930.9549999999999],
[1648474200.0, 932.14375],
[1648560600.0, 961.94875],
[1648647000.0, 948.57125],
[1648733400.0, 947.6087499999999],
[1648819800.0, 946.1262499999999],
[1648906200.0, 944.365],
[1648996200.0, 944.26875],
[1649082600.0, 936.7437499999999],
[1649169000.0, 952.6837499999999],
[1649255400.0, 1012.6287499999999],
[1649341800.0, 980.8725],
[1649428200.0, 981.57125],
[1649514600.0, 980.9962499999999],
[1649601000.0, 980.9962499999999],
[1649687400.0, 980.9962499999999],
[1649773800.0, 980.9962499999999],
[1649860200.0, 980.84375],
[1649946600.0, 989.20625],
[1650033000.0, 974.8774999999999],
[1650119400.0, 1042.6399999999999],
[1650205800.0, 1045.51125],
[1650292200.0, 1032.2024999999999],
[1650378600.0, 977.785],
[1650465000.0, 964.9375],
[1650551400.0, 964.9375],
[1650637800.0, 964.9375],
[1650724200.0, 1002.2299999999999],
[1650810600.0, 961.5699999999999],
[1650897000.0, 959.6274999999999],
[1650983400.0, 957.00125],
[1651069800.0, 934.7662499999999],
[1651156200.0, 904.6524999999999],
[1651242600.0, 905.6599999999999],
[1651329000.0, 906.6549999999999],
[1651415400.0, 903.2124999999999],
[1651501800.0, 894.4825],
[1651588200.0, 895.5762499999998],
[1651674600.0, 896.63625],
[1651761000.0, 892.385],
[1651847400.0, 875.56125],
[1651933800.0, 860.4975],
[1652020200.0, 854.9275],
[1652106600.0, 850.2825],
[1652193000.0, 868.1025],
[1652279400.0, 868.9812499999999],
[1652365800.0, 862.1349999999999],
[1652452200.0, 861.56375],
[1652538600.0, 858.7725],
[1652625000.0, 858.1774999999999],
[1652711400.0, 852.8262499999998],
[1652797800.0, 858.1387499999998],
[1652884200.0, 856.8699999999999],
[1652970600.0, 853.02375],
[1653057000.0, 858.54375],
[1653143400.0, 857.3799999999999],
[1653229800.0, 855.33125],
[1653316200.0, 856.0774999999999],
[1653402600.0, 855.4825],
[1653489000.0, 850.98875],
[1653575400.0, 844.4449999999999],
[1653661800.0, 846.3124999999999],
[1653748200.0, 839.42875],
[1653834600.0, 830.625],
[1653921000.0, 825.625],
[1654007400.0, 826.2049999999999],
[1654093800.0, 832.1324999999999],
[1654180200.0, 833.165],
[1654266600.0, 840.59125],
[1654353000.0, 842.3224999999999],
[1654439400.0, 843.0762499999998],
[1654525800.0, 840.0074999999999],
[1654612200.0, 827.8287499999999],
[1654698600.0, 840.33125],
[1654785000.0, 833.1774999999999],
[1654871400.0, 824.1875],
[1654957800.0, 811.00375],
[1655044200.0, 818.2950000000001],
[1655130600.0, 813.6112499999999],
[1655217000.0, 823.75875],
[1655303400.0, 843.0249999999999],
[1655389800.0, 825.7462499999999],
[1655476200.0, 822.6149999999999],
[1655562600.0, 819.9237499999999],
[1655649000.0, 847.2850000000001],
[1655735400.0, 824.4699999999999],
[1655821800.0, 843.0899999999999],
[1655908200.0, 844.73375],
[1655994600.0, 836.9487499999999],
[1656081000.0, 831.84375],
[1656167400.0, 829.0725],
[1656253800.0, 806.9712499999998],
[1656340200.0, 816.2325],
[1656426600.0, 810.15625],
[1656513000.0, 798.2562499999999],
[1656599400.0, 845.9399999999998],
[1656685800.0, 865.34625],
[1656772200.0, 1043.70375],
[1656858600.0, 1025.9762499999997],
[1656945000.0, 904.1112499999999],
[1657031400.0, 866.7362499999999],
[1657117800.0, 847.7137499999999],
[1657204200.0, 873.60375],
[1657290600.0, 840.00375],
[1657377000.0, 851.6187499999999],
[1657463400.0, 850.6412499999999],
[1657549800.0, 844.3387499999999],
[1657636200.0, 839.655],
[1657722600.0, 841.75875],
[1657809000.0, 837.3762499999999],
[1657895400.0, 836.1812499999999],
[1657981800.0, 833.3874999999999],
[1658068200.0, 836.49375],
[1658154600.0, 837.5975],
[1658241000.0, 837.22875],
[1658327400.0, 836.7762499999999],
[1658413800.0, 835.84875],
[1658500200.0, 867.3087499999999],
[1658586600.0, 834.4337499999999],
[1658673000.0, 833.18625],
[1658759400.0, 820.8924999999999],
[1658845800.0, 832.89375],
[1658932200.0, 833.6949999999999],
[1659018600.0, 834.44875],
[1659105000.0, 860.88875],
[1659191400.0, 829.57125],
[1659277800.0, 832.2662499999999],
[1659364200.0, 826.7612499999999],
[1659450600.0, 831.8812499999999],
[1659537000.0, 833.8199999999999],
[1659623400.0, 834.3299999999999],
[1659709800.0, 830.9524999999999],
[1659796200.0, 829.8299999999999],
[1659882600.0, 828.18125],
[1659969000.0, 828.49],
[1660055400.0, 828.51875],
[1660141800.0, 832.1887499999999],
[1660228200.0, 835.7762499999999],
[1660314600.0, 852.1175],
[1660401000.0, 852.1175],
[1660487400.0, 852.1175],
[1660573800.0, 852.1175],
[1660660200.0, 877.2037499999999],
[1660746600.0, 881.4175],
[1660833000.0, 878.425],
[1660919400.0, 882.5087499999998],
[1661005800.0, 880.7937499999999],
[1661092200.0, 879.2262499999999],
[1661178600.0, 841.69625],
[1661265000.0, 850.4749999999999],
[1661351400.0, 839.79],
[1661437800.0, 839.7175],
[1661524200.0, 842.1824999999999],
[1661610600.0, 838.185],
[1661697000.0, 835.2824999999998],
[1661783400.0, 829.35375],
[1661869800.0, 860.2312499999998],
[1661956200.0, 848.4274999999999],
[1662042600.0, 834.93625],
[1662129000.0, 864.91625],
[1662215400.0, 843.2774999999999],
[1662301800.0, 843.41625],
[1662388200.0, 845.62],
[1662474600.0, 836.665],
[1662561000.0, 827.81125],
[1662647400.0, 833.4224999999999],
[1662733800.0, 831.42],
[1662820200.0, 828.9624999999999],
[1662906600.0, 830.3287499999999],
[1662993000.0, 837.8387499999999],
[1663079400.0, 842.6612499999999],
[1663165800.0, 843.61375],
[1663252200.0, 823.8099999999998],
[1663338600.0, 831.3225],
[1663425000.0, 811.43625],
[1663511400.0, 820.97875],
[1663597800.0, 810.2974999999999],
[1663684200.0, 828.9124999999999],
[1663770600.0, 828.0574999999999],
[1663857000.0, 826.1362499999999],
[1663943400.0, 826.2124999999999],
[1664029800.0, 822.34125],
[1664116200.0, 814.04],
[1664202600.0, 815.0799999999999],
[1664289000.0, 813.9187499999998],
[1664375400.0, 818.23375],
[1664461800.0, 824.32125],
[1664548200.0, 834.7249999999999],
[1664634600.0, 830.685],
[1664717400.0, 832.11625],
[1664803800.0, 827.7137499999999],
[1664890200.0, 828.39875],
[1664976600.0, 832.7562499999999],
[1665063000.0, 834.4949999999999],
[1665149400.0, 835.9512499999998],
[1665235800.0, 832.1924999999999],
[1665322200.0, 828.4962499999999],
[1665408600.0, 830.5974999999999],
[1665495000.0, 828.6199999999999],
[1665581400.0, 827.0012499999999],
[1665667800.0, 821.5062499999999],
[1665754200.0, 821.8587499999999],
[1665840600.0, 817.39375],
[1665927000.0, 810.1012499999999],
[1666013400.0, 803.0949999999999],
[1666099800.0, 804.1624999999999],
[1666186200.0, 801.43625],
[1666272600.0, 794.4337499999999],
[1666359000.0, 792.6762499999999],
[1666445400.0, 793.33625],
[1666531800.0, 794.6562499999999],
[1666618200.0, 789.92875],
[1666704600.0, 802.4012499999999],
[1666791000.0, 808.2249999999999],
[1666877400.0, 784.0762499999998],
[1666963800.0, 798.2112500000001],
[1667050200.0, 797.5749999999999],
[1667136600.0, 790.69625],
[1667223000.0, 795.74625],
[1667309400.0, 788.84875],
[1667395800.0, 787.6299999999999],
[1667482200.0, 802.6999999999999],
[1667568600.0, 802.06],
[1667655000.0, 804.3424999999999],
[1667741400.0, 800.865],
[1667827800.0, 790.2074999999999],
[1667914200.0, 799.58625],
[1668000600.0, 797.26875],
[1668087000.0, 805.5012499999999],
[1668173400.0, 808.1375],
[1668259800.0, 805.9962499999999],
[1668346200.0, 809.9962499999999],
[1668432600.0, 854.4937499999999],
[1668519000.0, 846.6675],
[1668605400.0, 834.8562499999998],
[1668691800.0, 823.4449999999999],
[1668778200.0, 845.3649999999999],
[1668864600.0, 822.43125],
[1668951000.0, 822.0262499999999],
[1669037400.0, 825.6999999999998],
[1669123800.0, 824.0250000000001],
[1669210200.0, 821.27375],
[1669296600.0, 801.6637499999999],
[1669383000.0, 802.9725],
[1669469400.0, 806.8599999999999],
[1669555800.0, 814.97],
[1669642200.0, 809.6737499999999],
[1669728600.0, 815.77125],
[1669815000.0, 813.7099999999999],
[1669901400.0, 813.04375],
[1669987800.0, 811.08375],
[1670074200.0, 804.87],
[1670160600.0, 799.72],
[1670247000.0, 796.7212499999999],
[1670333400.0, 797.1099999999999],
[1670419800.0, 796.84375],
[1670506200.0, 846.3899999999999],
[1670592600.0, 843.46625],
[1670679000.0, 846.3637499999999],
[1670765400.0, 842.27375],
[1670851800.0, 844.2312499999998],
[1670938200.0, 840.6362499999998],
[1671024600.0, 829.7337499999999],
[1671111000.0, 828.5112499999998],
[1671197400.0, 828.4375],
[1671283800.0, 827.7224999999999],
[1671370200.0, 857.48125],
[1671456600.0, 839.0887499999999],
[1671543000.0, 841.7099999999999],
[1671629400.0, 849.6762499999999],
[1671715800.0, 848.1175000000001],
[1671802200.0, 846.96125],
[1671888600.0, 847.3125],
[1671975000.0, 839.42625],
[1672061400.0, 837.44],
[1672147800.0, 822.9924999999998],
[1672234200.0, 816.52375],
[1672320600.0, 821.92],
[1672407000.0, 814.8749999999998],
[1672493400.0, 810.0774999999999],
[1672579800.0, 801.8474999999999],
[1672666200.0, 801.3399999999999],
[1672752600.0, 802.99875],
[1672839000.0, 810.1662499999999],
[1672925400.0, 811.6487500000001],
[1673011800.0, 805.8399999999999],
[1673098200.0, 801.4875],
[1673184600.0, 795.375],
[1673271000.0, 802.5699999999999],
[1673357400.0, 802.8074999999999],
[1673443800.0, 798.845],
[1673530200.0, 799.32375],
[1673616600.0, 794.58375],
[1673703000.0, 794.82625],
[1673789400.0, 788.47875],
[1673875800.0, 806.595],
[1673962200.0, 806.8337499999999],
[1674048600.0, 804.5374999999999],
[1674135000.0, 804.9],
[1674221400.0, 806.4099999999999],
[1674307800.0, 786.3662499999999],
[1674394200.0, 785.88625],
[1674480600.0, 787.07125],
[1674567000.0, 783.2549999999999],
[1674653400.0, 785.5849999999998],
[1674739800.0, 798.8425],
[1674826200.0, 797.19625],
[1674912600.0, 796.4875],
[1674999000.0, 799.3462499999999],
[1675085400.0, 799.8887500000001],
[1675171800.0, 811.2412499999999],
[1675258200.0, 808.07125],
[1675344600.0, 807.96625],
[1675431000.0, 799.5574999999999],
[1675517400.0, 797.5725],
[1675603800.0, 792.4324999999999],
[1675690200.0, 791.89625],
[1675776600.0, 791.7649999999999],
[1675863000.0, 791.8125],
[1675949400.0, 791.8125],
