[1635773400.0, 0.44053333333333344],
[1635859800.0, 0.44053333333333344],
[1635946200.0, 0.44053333333333344],
[1636032600.0, 0.40266666666666673],
[1636119000.0, 0.38400000000000006],
[1636205400.0, 0.38560000000000005],
[1636291800.0, 0.38560000000000005],
[1636378200.0, 0.38560000000000005],
[1636464600.0, 0.38133333333333336],
[1636551000.0, 0.37920000000000004],
[1636637400.0, 0.37920000000000004],
[1636723800.0, 0.3786666666666667],
[1636810200.0, 0.3824],
[1636896600.0, 0.38133333333333336],
[1636983000.0, 0.38133333333333336],
[1637069400.0, 0.38133333333333336],
[1637155800.0, 0.38133333333333336],
[1637242200.0, 0.38133333333333336],
[1637328600.0, 0.34400000000000003],
[1637415000.0, 0.3093333333333333],
[1637501400.0, 0.2970666666666667],
[1637587800.0, 0.3871428571428571],
[1637674200.0, 0.2882978723404256],
[1637760600.0, 0.3606382978723405],
[1637847000.0, 0.3643617021276596],
[1637933400.0, 0.36213333333333336],
[1638019800.0, 0.3061333333333333],
[1638106200.0, 0.3093333333333333],
[1638192600.0, 0.3765333333333334],
[1638279000.0, 0.3973333333333333],
[1638365400.0, 0.4645333333333334],
[1638451800.0, 0.4645333333333334],
[1638538200.0, 0.46346666666666675],
[1638624600.0, 0.4709333333333333],
[1638711000.0, 0.45904255319148946],
[1638797400.0, 0.4240786240786242],
[1638883800.0, 0.433906633906634],
[1638970200.0, 0.417156862745098],
[1639056600.0, 0.4200980392156863],
[1639143000.0, 0.45196078431372544],
[1639229400.0, 0.45196078431372544],
[1639315800.0, 0.471078431372549],
[1639402200.0, 0.47352941176470587],
[1639488600.0, 0.461764705882353],
[1639575000.0, 0.46519607843137256],
[1639661400.0, 0.4647058823529412],
[1639747800.0, 0.3887254901960784],
[1639834200.0, 0.37892156862745097],
[1639920600.0, 0.3093137254901961],
[1640007000.0, 0.31911764705882356],
[1640093400.0, 0.31911764705882356],
[1640179800.0, 0.33137254901960783],
[1640266200.0, 0.4019607843137255],
[1640352600.0, 0.4019607843137255],
[1640439000.0, 0.4014705882352942],
[1640525400.0, 0.4009803921568628],
[1640611800.0, 0.41666666666666663],
[1640698200.0, 0.39950980392156865],
[1640784600.0, 0.4274509803921569],
[1640871000.0, 0.4274509803921569],
[1640957400.0, 0.40539215686274505],
[1641043800.0, 0.4348039215686275],
[1641130200.0, 0.3867647058823529],
[1641216600.0, 0.4549019607843138],
[1641303000.0, 0.4549019607843138],
[1641389400.0, 0.4549019607843138],
[1641475800.0, 0.5754901960784313],
[1641562200.0, 0.5612745098039216],
[1641648600.0, 0.5529411764705882],
[1641735000.0, 0.5524509803921569],
[1641821400.0, 0.5563725490196079],
[1641907800.0, 0.5567567567567568],
[1641994200.0, 0.4916666666666667],
[1642080600.0, 0.4823529411764706],
[1642167000.0, 0.492156862745098],
[1642253400.0, 0.4848039215686275],
[1642339800.0, 0.4102941176470588],
[1642426200.0, 0.3951100244498777],
[1642512600.0, 0.495843520782396],
[1642599000.0, 0.4371638141809291],
[1642685400.0, 0.3360975609756098],
[1642771800.0, 0.4102439024390244],
[1642858200.0, 0.40880195599021996],
[1642944600.0, 0.40440097799511004],
[1643031000.0, 0.39170731707317086],
[1643117400.0, 0.462439024390244],
[1643203800.0, 0.38442822384428216],
[1643290200.0, 0.3872860635696821],
[1643376600.0, 0.34803921568627455],
[1643463000.0, 0.34460784313725495],
[1643549400.0, 0.367156862745098],
[1643635800.0, 0.367156862745098],
[1643722200.0, 0.367156862745098],
[1643808600.0, 0.4259168704156479],
[1643895000.0, 0.4259168704156479],
[1643981400.0, 0.42542787286063566],
[1644067800.0, 0.36225490196078436],
[1644154200.0, 0.36225490196078436],
[1644240600.0, 0.37261613691931533],
[1644327000.0, 0.3720588235294118],
[1644413400.0, 0.3720588235294118],
[1644499800.0, 0.3638141809290953],
[1644586200.0, 0.36176470588235293],
[1644672600.0, 0.3567567567567568],
[1644759000.0, 0.3656862745098039],
[1644845400.0, 0.3853300733496332],
[1644931800.0, 0.4063414634146342],
[1645018200.0, 0.40682926829268296],
[1645104600.0, 0.4497560975609756],
[1645191000.0, 0.40097560975609753],
[1645277400.0, 0.40048780487804886],
[1645363800.0, 0.36000000000000004],
[1645450200.0, 0.39075425790754265],
[1645536600.0, 0.39513381995133817],
[1645623000.0, 0.4014598540145985],
[1645709400.0, 0.3664233576642335],
[1645795800.0, 0.3635036496350364],
[1645882200.0, 0.3579462102689486],
[1645968600.0, 0.3775061124694376],
[1646055000.0, 0.37281553398058254],
[1646141400.0, 0.38009708737864073],
[1646227800.0, 0.3849148418491484],
[1646314200.0, 0.3917274939172749],
[1646400600.0, 0.35669099756690986],
[1646487000.0, 0.3658536585365854],
[1646573400.0, 0.3653658536585366],
[1646659800.0, 0.36593673965936735],
[1646746200.0, 0.2807785888077859],
[1646832600.0, 0.3073170731707318],
[1646919000.0, 0.30585365853658547],
[1647005400.0, 0.3044117647058824],
[1647091800.0, 0.26830466830466837],
[1647178200.0, 0.2864864864864865],
[1647264600.0, 0.41769041769041776],
[1647351000.0, 0.3541871921182266],
[1647437400.0, 0.3601965601965603],
[1647523800.0, 0.4455882352941177],
[1647610200.0, 0.45454545454545464],
[1647696600.0, 0.4514705882352941],
[1647783000.0, 0.45245098039215687],
[1647869400.0, 0.44194915254237277],
[1647955800.0, 0.39193205944798304],
[1648042200.0, 0.31032967032967035],
[1648128600.0, 0.31032967032967035],
[1648215000.0, 0.31032967032967035],
[1648301400.0, 0.3096916299559472],
[1648387800.0, 0.35763546798029555],
[1648474200.0, 0.36734693877551017],
[1648560600.0, 0.3443877551020408],
[1648647000.0, 0.3506361323155216],
[1648733400.0, 0.3506361323155216],
[1648819800.0, 0.3499999999999999],
[1648906200.0, 0.3892583120204603],
[1648996200.0, 0.36930946291560096],
[1649082600.0, 0.3658163265306122],
[1649169000.0, 0.35064935064935066],
[1649255400.0, 0.36],
[1649341800.0, 0.358961038961039],
[1649428200.0, 0.35636363636363644],
[1649514600.0, 0.3558441558441559],
[1649601000.0, 0.3558441558441559],
[1649687400.0, 0.3558441558441559],
[1649773800.0, 0.3558441558441559],
[1649860200.0, 0.3558441558441559],
[1649946600.0, 0.3760416666666666],
[1650033000.0, 0.37499999999999994],
[1650119400.0, 0.37083333333333335],
[1650205800.0, 0.37083333333333335],
[1650292200.0, 0.3703125],
[1650378600.0, 0.3703125],
[1650465000.0, 0.3679790026246719],
[1650551400.0, 0.3679790026246719],
[1650637800.0, 0.3679790026246719],
[1650724200.0, 0.35590551181102364],
[1650810600.0, 0.35380577427821525],
[1650897000.0, 0.46509186351706033],
[1650983400.0, 0.4624671916010499],
[1651069800.0, 0.4614173228346457],
[1651156200.0, 0.45945945945945943],
[1651242600.0, 0.4578378378378379],
[1651329000.0, 0.2244031830238727],
[1651415400.0, 0.17928286852589642],
[1651501800.0, 0.16865869853917662],
[1651588200.0, 0.22357615894039737],
[1651674600.0, 0.22275132275132273],
[1651761000.0, 0.18271276595744684],
[1651847400.0, 0.16550802139037432],
[1651933800.0, 0.16434316353887396],
[1652020200.0, 0.16273458445040212],
[1652106600.0, 0.16231493943472408],
[1652193000.0, 0.16204576043068641],
[1652279400.0, 0.16226415094339625],
[1652365800.0, 0.16168478260869565],
[1652452200.0, 0.16168478260869565],
[1652538600.0, 0.1616326530612245],
[1652625000.0, 0.1616326530612245],
[1652711400.0, 0.1690217391304348],
[1652797800.0, 0.16734143049932526],
[1652884200.0, 0.16891891891891891],
[1652970600.0, 0.1736204576043069],
[1653057000.0, 0.1731903485254692],
[1653143400.0, 0.17369127516778524],
[1653229800.0, 0.17664429530201342],
[1653316200.0, 0.17017310252996004],
[1653402600.0, 0.17043941411451397],
[1653489000.0, 0.16947791164658635],
[1653575400.0, 0.1684636118598383],
[1653661800.0, 0.16693548387096774],
[1653748200.0, 0.16662180349932704],
[1653834600.0, 0.16747311827956987],
[1653921000.0, 0.16662216288384515],
[1654007400.0, 0.22186666666666668],
[1654093800.0, 0.16310160427807485],
[1654180200.0, 0.1624],
[1654266600.0, 0.16266666666666665],
[1654353000.0, 0.21973333333333336],
[1654439400.0, 0.21065246338215712],
[1654525800.0, 0.21941489361702127],
[1654612200.0, 0.21893333333333334],
[1654698600.0, 0.21978609625668444],
[1654785000.0, 0.21737967914438502],
[1654871400.0, 0.1651006711409396],
[1654957800.0, 0.21693548387096775],
[1655044200.0, 0.2221024258760108],
[1655130600.0, 0.21567567567567564],
[1655217000.0, 0.21835357624831306],
[1655303400.0, 0.15415549597855224],
[1655389800.0, 0.1595174262734584],
[1655476200.0, 0.1804026845637584],
[1655562600.0, 0.17177419354838708],
[1655649000.0, 0.1889784946236559],
[1655735400.0, 0.18821954484605088],
[1655821800.0, 0.17583892617449665],
[1655908200.0, 0.1757085020242915],
[1655994600.0, 0.16540540540540535],
[1656081000.0, 0.16531165311653118],
[1656167400.0, 0.1624489795918367],
[1656253800.0, 0.15923392612859097],
[1656340200.0, 0.16191780821917812],
[1656426600.0, 0.16176066024759284],
[1656513000.0, 0.1613259668508287],
[1656599400.0, 0.15341365461847392],
[1656685800.0, 0.1517426273458445],
[1656772200.0, 0.15033557046979867],
[1656858600.0, 0.15040214477211797],
[1656945000.0, 0.15261044176706828],
[1657031400.0, 0.148993288590604],
[1657117800.0, 0.14523489932885908],
[1657204200.0, 0.14477211796246647],
[1657290600.0, 0.1490616621983914],
[1657377000.0, 0.14779116465863454],
[1657463400.0, 0.1459170013386881],
[1657549800.0, 0.14496644295302014],
[1657636200.0, 0.14301075268817204],
[1657722600.0, 0.1411290322580645],
[1657809000.0, 0.13999999999999999],
[1657895400.0, 0.14783783783783785],
[1657981800.0, 0.13531799729364005],
[1658068200.0, 0.14668470906630582],
[1658154600.0, 0.1408906882591093],
[1658241000.0, 0.13773584905660374],
[1658327400.0, 0.13756756756756755],
[1658413800.0, 0.13288227334235453],
[1658500200.0, 0.2223234624145786],
[1658586600.0, 0.22054794520547946],
[1658673000.0, 0.2324200913242009],
[1658759400.0, 0.2519362186788155],
[1658845800.0, 0.2519362186788155],
[1658932200.0, 0.2519362186788155],
[1659018600.0, 0.25181818181818183],
[1659105000.0, 0.2510250569476081],
[1659191400.0, 0.24965831435079724],
[1659277800.0, 0.26392251815980633],
[1659364200.0, 0.26552567237163804],
[1659450600.0, 0.24646924829157174],
[1659537000.0, 0.282004555808656],
[1659623400.0, 0.2651480637813211],
[1659709800.0, 0.2637813211845102],
[1659796200.0, 0.2438356164383562],
[1659882600.0, 0.2639269406392694],
[1659969000.0, 0.26332574031890654],
[1660055400.0, 0.26332574031890654],
[1660141800.0, 0.26303854875283444],
[1660228200.0, 0.26318181818181813],
[1660314600.0, 0.26318181818181813],
[1660401000.0, 0.26318181818181813],
[1660487400.0, 0.26318181818181813],
[1660573800.0, 0.26318181818181813],
[1660660200.0, 0.2728538283062645],
[1660746600.0, 0.3037383177570093],
[1660833000.0, 0.3046948356807511],
[1660919400.0, 0.31781472684085516],
[1661005800.0, 0.3059907834101382],
[1661092200.0, 0.3055299539170507],
[1661178600.0, 0.30484988452655887],
[1661265000.0, 0.3039260969976905],
[1661351400.0, 0.3041666666666667],
[1661437800.0, 0.30346420323325635],
[1661524200.0, 0.3034802784222738],
[1661610600.0, 0.30116009280742456],
[1661697000.0, 0.3016241299303944],
[1661783400.0, 0.3011655011655012],
[1661869800.0, 0.29883449883449886],
[1661956200.0, 0.2911627906976745],
[1662042600.0, 0.31116279069767444],
[1662129000.0, 0.3072261072261072],
[1662215400.0, 0.3072261072261072],
[1662301800.0, 0.17593360995850624],
[1662388200.0, 0.18033240997229918],
[1662474600.0, 0.18025034770514603],
[1662561000.0, 0.18050139275766017],
[1662647400.0, 0.1799721835883171],
[1662733800.0, 0.18085991678224686],
[1662820200.0, 0.1811111111111111],
[1662906600.0, 0.1811111111111111],
[1662993000.0, 0.3034965034965035],
[1663079400.0, 0.30398126463700237],
[1663165800.0, 0.3023474178403756],
[1663252200.0, 0.17846153846153845],
[1663338600.0, 0.15629820051413884],
[1663425000.0, 0.15398457583547556],
[1663511400.0, 0.15347043701799487],
[1663597800.0, 0.20231362467866323],
[1663684200.0, 0.20154440154440154],
[1663770600.0, 0.19974126778783957],
[1663857000.0, 0.15330739299610893],
[1663943400.0, 0.16182572614107882],
[1664029800.0, 0.1590027700831025],
[1664116200.0, 0.15700416088765604],
[1664202600.0, 0.1621301775147929],
[1664289000.0, 0.15816023738872403],
[1664375400.0, 0.1576923076923077],
[1664461800.0, 0.16094674556213018],
[1664548200.0, 0.1681885125184094],
[1664634600.0, 0.16936671575846832],
[1664717400.0, 0.16936671575846832],
[1664803800.0, 0.1694362017804154],
[1664890200.0, 0.1694362017804154],
[1664976600.0, 0.17062314540059345],
[1665063000.0, 0.17125925925925928],
[1665149400.0, 0.17032640949554897],
[1665235800.0, 0.16913946587537093],
[1665322200.0, 0.16824925816023736],
[1665408600.0, 0.1712166172106825],
[1665495000.0, 0.1718100890207715],
[1665581400.0, 0.1718100890207715],
[1665667800.0, 0.17142857142857143],
[1665754200.0, 0.26646795827123687],
[1665840600.0, 0.26646795827123687],
[1665927000.0, 0.26999999999999996],
[1666013400.0, 0.2679938744257274],
[1666099800.0, 0.2782742681047766],
[1666186200.0, 0.27476923076923077],
[1666272600.0, 0.26049382716049385],
[1666359000.0, 0.26049382716049385],
[1666445400.0, 0.26049382716049385],
[1666531800.0, 0.26049382716049385],
[1666618200.0, 0.2607476635514019],
[1666704600.0, 0.26134969325153373],
[1666791000.0, 0.26101694915254237],
[1666877400.0, 0.2299845440494591],
[1666963800.0, 0.23431221020092743],
[1667050200.0, 0.20803709428129835],
[1667136600.0, 0.19127725856697822],
[1667223000.0, 0.19131782945736434],
[1667309400.0, 0.22321144674085852],
[1667395800.0, 0.22264752791068582],
[1667482200.0, 0.2172684458398744],
[1667568600.0, 0.220414673046252],
[1667655000.0, 0.2192],
[1667741400.0, 0.20772946859903382],
[1667827800.0, 0.22135922330097088],
[1667914200.0, 0.22305194805194806],
[1668000600.0, 0.22254428341384866],
[1668087000.0, 0.21754385964912282],
[1668173400.0, 0.21722488038277507],
[1668259800.0, 0.21148325358851672],
[1668346200.0, 0.22408874801901746],
[1668432600.0, 0.225],
[1668519000.0, 0.24150326797385624],
[1668605400.0, 0.2412541254125413],
[1668691800.0, 0.24105090311986868],
[1668778200.0, 0.28144499178981935],
[1668864600.0, 0.23663366336633668],
[1668951000.0, 0.23920265780730895],
[1669037400.0, 0.25224625623960073],
[1669123800.0, 0.25141903171953256],
[1669210200.0, 0.25351170568561876],
[1669296600.0, 0.2532663316582915],
[1669383000.0, 0.2542713567839196],
[1669469400.0, 0.2398659966499162],
[1669555800.0, 0.23468013468013466],
[1669642200.0, 0.2556492411467116],
[1669728600.0, 0.2203672787979966],
[1669815000.0, 0.20497512437810947],
[1669901400.0, 0.2046280991735537],
[1669987800.0, 0.22049586776859503],
[1670074200.0, 0.23041322314049587],
[1670160600.0, 0.22983606557377045],
[1670247000.0, 0.22960526315789473],
[1670333400.0, 0.21901639344262291],
[1670419800.0, 0.21803278688524588],
[1670506200.0, 0.2740286298568507],
[1670592600.0, 0.2836438923395445],
[1670679000.0, 0.28619246861924685],
[1670765400.0, 0.28655462184873953],
[1670851800.0, 0.2868475991649269],
[1670938200.0, 0.2870292887029288],
[1671024600.0, 0.320754716981132],
[1671111000.0, 0.30901467505241087],
[1671197400.0, 0.3031446540880503],
[1671283800.0, 0.28259958071278823],
[1671370200.0, 0.2618947368421053],
[1671456600.0, 0.25252100840336134],
[1671543000.0, 0.26160337552742613],
[1671629400.0, 0.2611814345991561],
[1671715800.0, 0.2611814345991561],
[1671802200.0, 0.2713080168776371],
[1671888600.0, 0.26540084388185653],
[1671975000.0, 0.26554621848739496],
[1672061400.0, 0.2743697478991597],
[1672147800.0, 0.27115789473684204],
[1672234200.0, 0.3400503778337532],
[1672320600.0, 0.3380000000000001],
[1672407000.0, 0.3395],
[1672493400.0, 0.3412060301507538],
[1672579800.0, 0.3403508771929824],
[1672666200.0, 0.33819095477386935],
[1672752600.0, 0.28731808731808733],
[1672839000.0, 0.291060291060291],
[1672925400.0, 0.2789256198347107],
[1673011800.0, 0.28347107438016533],
[1673098200.0, 0.3490514905149051],
[1673184600.0, 0.35],
[1673271000.0, 0.3333333333333333],
[1673357400.0, 0.339247311827957],
[1673443800.0, 0.34598930481283424],
[1673530200.0, 0.3145748987854251],
[1673616600.0, 0.31700404858299597],
[1673703000.0, 0.30887573964497045],
[1673789400.0, 0.31405940594059406],
[1673875800.0, 0.31474103585657376],
[1673962200.0, 0.32500000000000007],
[1674048600.0, 0.32509960159362555],
[1674135000.0, 0.32534930139720564],
[1674221400.0, 0.32495009980039924],
[1674307800.0, 0.32495009980039924],
[1674394200.0, 0.30578842315369265],
[1674480600.0, 0.32495009980039924],
[1674567000.0, 0.3223107569721116],
[1674653400.0, 0.34691358024691366],
[1674739800.0, 0.34650205761316877],
[1674826200.0, 0.33505976095617535],
[1674912600.0, 0.35258964143426297],
[1674999000.0, 0.3531746031746032],
[1675085400.0, 0.3531746031746032],
[1675171800.0, 0.35366336633663364],
[1675258200.0, 0.383399209486166],
[1675344600.0, 0.37375745526838966],
[1675431000.0, 0.3892644135188867],
[1675517400.0, 0.3880903490759754],
[1675603800.0, 0.3699588477366255],
[1675690200.0, 0.3617706237424546],
[1675776600.0, 0.35372233400402414],
[1675863000.0, 0.3525150905432595],
[1675949400.0, 0.3525150905432595],
