[1598970600.0, 0.9009756081164488],
[1599057000.0, 0.9009756081164488],
[1599143400.0, 0.9009756081164488],
[1599229800.0, 0.9009756081164488],
[1599316200.0, 0.9009756081164488],
[1599402600.0, 0.9009756081164488],
[1599489000.0, 0.9009756081164488],
[1599575400.0, 0.9009756081164488],
[1599661800.0, 0.9009756081164488],
[1599748200.0, 0.9009756081164488],
[1599834600.0, 0.9009756081164488],
[1599921000.0, 0.9009756081164488],
[1600007400.0, 0.9009756081164488],
[1600093800.0, 0.9009756081164488],
[1600180200.0, 0.9009756081164488],
[1600266600.0, 0.9009756081164488],
[1600353000.0, 0.9009756081164488],
[1600439400.0, 0.9009756081164488],
[1600525800.0, 0.9009756081164488],
[1600612200.0, 0.9009756081164488],
[1600698600.0, 0.9009756081164488],
[1600785000.0, 0.9009756081164488],
[1600871400.0, 0.9009756081164488],
[1600957800.0, 0.9009756081164488],
[1601044200.0, 0.9009756081164488],
[1601130600.0, 0.9009756081164488],
[1601217000.0, 0.9009756081164488],
[1601303400.0, 0.9009756081164488],
[1601389800.0, 0.9009756081164488],
[1601476200.0, 0.9009756081164488],
[1601562600.0, 0.9009756081164488],
[1601649000.0, 0.9009756081164488],
[1601735400.0, 0.9009756081164488],
[1601818200.0, 0.9009756081164488],
[1601904600.0, 0.9009756081164488],
[1601991000.0, 0.9009756081164488],
[1602077400.0, 0.9009756081164488],
[1602163800.0, 0.9009756081164488],
[1602250200.0, 0.9009756081164488],
[1602336600.0, 0.9009756081164488],
[1602423000.0, 0.9009756081164488],
[1602509400.0, 0.9009756081164488],
[1602595800.0, 0.9009756081164488],
[1602682200.0, 0.9009756081164488],
[1602768600.0, 0.9009756081164488],
[1602855000.0, 0.9009756081164488],
[1602941400.0, 0.9009756081164488],
[1603027800.0, 0.9009756081164488],
[1603114200.0, 0.9009756081164488],
[1603200600.0, 0.9009756081164488],
[1603287000.0, 0.9009756081164488],
[1603373400.0, 0.9009756081164488],
[1603459800.0, 0.9009756081164488],
[1603546200.0, 0.9009756081164488],
[1603632600.0, 0.9009756081164488],
[1603719000.0, 0.9009756081164488],
[1603805400.0, 0.9009756081164488],
[1603891800.0, 0.9009756081164488],
[1603978200.0, 0.9009756081164488],
[1604064600.0, 0.9009756081164488],
[1604151000.0, 0.9009756081164488],
[1604237400.0, 0.9009756081164488],
[1604323800.0, 0.9009756081164488],
[1604410200.0, 0.9009756081164488],
[1604496600.0, 0.9009756081164488],
[1604583000.0, 0.9009756081164488],
[1604669400.0, 0.9009756081164488],
[1604755800.0, 0.9009756081164488],
[1604842200.0, 0.9009756081164488],
[1604928600.0, 0.9009756081164488],
[1605015000.0, 0.9009756081164488],
[1605101400.0, 0.9009756081164488],
[1605187800.0, 0.9009756081164488],
[1605274200.0, 0.9009756081164488],
[1605360600.0, 0.9009756081164488],
[1605447000.0, 0.9009756081164488],
[1605533400.0, 0.9009756081164488],
[1605619800.0, 0.9009756081164488],
[1605706200.0, 0.9009756081164488],
[1605792600.0, 0.9009756081164488],
[1605879000.0, 0.9009756081164488],
[1605965400.0, 0.9009756081164488],
[1606051800.0, 0.9009756081164488],
[1606138200.0, 0.9009756081164488],
[1606224600.0, 0.9009756081164488],
[1606311000.0, 0.9009756081164488],
[1606397400.0, 0.9009756081164488],
[1606483800.0, 0.9009756081164488],
[1606570200.0, 0.9009756081164488],
[1606656600.0, 0.9009756081164488],
[1606743000.0, 0.9009756081164488],
[1606829400.0, 0.9009756081164488],
[1606915800.0, 0.9009756081164488],
[1607002200.0, 0.9009756081164488],
[1607088600.0, 0.9009756081164488],
[1607175000.0, 0.9009756081164488],
[1607261400.0, 0.9009756081164488],
[1607347800.0, 0.9009756081164488],
[1607434200.0, 0.9009756081164488],
[1607520600.0, 0.9009756081164488],
[1607607000.0, 0.9009756081164488],
[1607693400.0, 0.9009756081164488],
[1607779800.0, 0.9009756081164488],
[1607866200.0, 0.9009756081164488],
[1607952600.0, 0.9009756081164488],
[1608039000.0, 0.9009756081164488],
[1608125400.0, 0.9009756081164488],
[1608211800.0, 0.9009756081164488],
[1608298200.0, 0.9009756081164488],
[1608384600.0, 0.9009756081164488],
[1608471000.0, 0.9009756081164488],
[1608557400.0, 0.9009756081164488],
[1608643800.0, 0.9009756081164488],
[1608730200.0, 0.9009756081164488],
[1608816600.0, 0.9009756081164488],
[1608903000.0, 0.9009756081164488],
[1608989400.0, 0.9009756081164488],
[1609075800.0, 0.9009756081164488],
[1609162200.0, 0.9009756081164488],
[1609248600.0, 0.9009756081164488],
[1609335000.0, 0.9009756081164488],
[1609421400.0, 0.9009756081164488],
[1609507800.0, 0.9009756081164488],
[1609594200.0, 0.9009756081164488],
[1609680600.0, 0.9009756081164488],
[1609767000.0, 0.9009756081164488],
[1609853400.0, 0.9009756081164488],
[1609939800.0, 0.9009756081164488],
[1610026200.0, 0.9009756081164488],
[1610112600.0, 0.9009756081164488],
[1610199000.0, 0.9009756081164488],
[1610285400.0, 0.9009756081164488],
[1610371800.0, 0.9009756081164488],
[1610458200.0, 0.9009756081164488],
[1610544600.0, 0.9009756081164488],
[1610631000.0, 0.9009756081164488],
[1610717400.0, 0.9009756081164488],
[1610803800.0, 0.9009756081164488],
[1610890200.0, 0.9009756081164488],
[1610976600.0, 0.9009756081164488],
[1611063000.0, 0.9009756081164488],
[1611149400.0, 0.9009756081164488],
[1611235800.0, 0.9009756081164488],
[1611322200.0, 0.9009756081164488],
[1611408600.0, 0.9009756081164488],
[1611495000.0, 0.9009756081164488],
[1611581400.0, 0.9009756081164488],
[1611667800.0, 0.9009756081164488],
[1611754200.0, 0.9009756081164488],
[1611840600.0, 0.9009756081164488],
[1611927000.0, 0.9009756081164488],
[1612013400.0, 0.9009756081164488],
[1612099800.0, 0.9009756081164488],
[1612186200.0, 0.9009756081164488],
[1612272600.0, 0.9009756081164488],
[1612359000.0, 0.9009756081164488],
[1612445400.0, 0.9009756081164488],
[1612531800.0, 0.9009756081164488],
[1612618200.0, 0.9009756081164488],
[1612704600.0, 0.9009756081164488],
[1612791000.0, 0.9009756081164488],
[1612877400.0, 0.9009756081164488],
[1612963800.0, 0.9009756081164488],
[1613050200.0, 0.9009756081164488],
[1613136600.0, 0.9009756081164488],
[1613223000.0, 0.9009756081164488],
[1613309400.0, 0.9009756081164488],
[1613395800.0, 0.9009756081164488],
[1613482200.0, 0.9009756081164488],
[1613568600.0, 0.9009756081164488],
[1613655000.0, 0.9009756081164488],
[1613741400.0, 0.9009756081164488],
[1613827800.0, 0.9009756081164488],
[1613914200.0, 0.9009756081164488],
[1614000600.0, 0.9009756081164488],
[1614087000.0, 0.9009756081164488],
[1614173400.0, 0.9009756081164488],
[1614259800.0, 0.9009756081164488],
[1614346200.0, 0.9009756081164488],
[1614432600.0, 0.9009756081164488],
[1614519000.0, 0.9009756081164488],
[1614605400.0, 0.9009756081164488],
[1614691800.0, 0.9009756081164488],
[1614778200.0, 0.9009756081164488],
[1614864600.0, 0.9009756081164488],
[1614951000.0, 0.9009756081164488],
[1615037400.0, 0.9009756081164488],
[1615123800.0, 0.9009756081164488],
[1615210200.0, 0.9009756081164488],
[1615296600.0, 0.9009756081164488],
[1615383000.0, 0.9009756081164488],
[1615469400.0, 0.9009756081164488],
[1615555800.0, 0.9009756081164488],
[1615642200.0, 0.9009756081164488],
[1615728600.0, 0.9009756081164488],
[1615815000.0, 0.9009756081164488],
[1615901400.0, 0.9009756081164488],
[1615987800.0, 0.9009756081164488],
[1616074200.0, 0.9009756081164488],
[1616160600.0, 0.9009756081164488],
[1616247000.0, 0.9009756081164488],
[1616333400.0, 0.9009756081164488],
[1616419800.0, 0.9009756081164488],
[1616506200.0, 0.9009756081164488],
[1616592600.0, 0.9009756081164488],
[1616679000.0, 0.9009756081164488],
[1616765400.0, 0.9009756081164488],
[1616851800.0, 0.9009756081164488],
[1616938200.0, 0.9009756081164488],
[1617024600.0, 0.9009756081164488],
[1617111000.0, 0.9009756081164488],
[1617197400.0, 0.9009756081164488],
[1617283800.0, 0.9009756081164488],
[1617370200.0, 0.9009756081164488],
[1617456600.0, 0.9009756081164488],
[1617546600.0, 0.9009756081164488],
[1617633000.0, 0.9009756081164488],
[1617719400.0, 0.9009756081164488],
[1617805800.0, 0.9009756081164488],
[1617892200.0, 0.9009756081164488],
[1617978600.0, 0.9009756081164488],
[1618065000.0, 0.9009756081164488],
[1618151400.0, 0.9009756081164488],
[1618237800.0, 0.9009756081164488],
[1618324200.0, 0.9009756081164488],
[1618410600.0, 0.9009756081164488],
[1618497000.0, 0.9009756081164488],
[1618583400.0, 0.9009756081164488],
[1618669800.0, 0.9009756081164488],
[1618756200.0, 0.9009756081164488],
[1618842600.0, 0.9009756081164488],
[1618929000.0, 0.9009756081164488],
[1619015400.0, 0.9009756081164488],
[1619101800.0, 0.9009756081164488],
[1619188200.0, 0.9009756081164488],
[1619274600.0, 0.9009756081164488],
[1619361000.0, 0.9009756081164488],
[1619447400.0, 0.9009756081164488],
[1619533800.0, 0.9009756081164488],
[1619620200.0, 0.9009756081164488],
[1619706600.0, 0.9009756081164488],
[1619793000.0, 0.9009756081164488],
[1619879400.0, 0.9009756081164488],
[1619965800.0, 0.9009756081164488],
[1620052200.0, 0.9009756081164488],
[1620138600.0, 0.9009756081164488],
[1620225000.0, 0.9009756081164488],
[1620311400.0, 0.9009756081164488],
[1620397800.0, 0.9009756081164488],
[1620484200.0, 0.9009756081164488],
[1620570600.0, 0.9009756081164488],
[1620657000.0, 0.9009756081164488],
[1620743400.0, 0.9009756081164488],
[1620829800.0, 0.9009756081164488],
[1620916200.0, 0.9009756081164488],
[1621002600.0, 0.9009756081164488],
[1621089000.0, 0.9009756081164488],
[1621175400.0, 0.9009756081164488],
[1621261800.0, 0.9009756081164488],
[1621348200.0, 0.9009756081164488],
[1621434600.0, 0.9009756081164488],
[1621521000.0, 0.9009756081164488],
[1621607400.0, 0.9009756081164488],
[1621693800.0, 0.9009756081164488],
[1621780200.0, 0.9009756081164488],
[1621866600.0, 0.9009756081164488],
[1621953000.0, 0.9009756081164488],
[1622039400.0, 0.9009756081164488],
[1622125800.0, 0.9009756081164488],
[1622212200.0, 0.9009756081164488],
[1622298600.0, 0.9009756081164488],
[1622385000.0, 0.9009756081164488],
[1622471400.0, 0.9009756081164488],
[1622557800.0, 0.9009756081164488],
[1622644200.0, 0.9009756081164488],
[1622730600.0, 0.9009756081164488],
[1622817000.0, 0.9009756081164488],
[1622903400.0, 0.9009756081164488],
[1622989800.0, 0.9009756081164488],
[1623076200.0, 0.9009756081164488],
[1623162600.0, 0.9009756081164488],
[1623249000.0, 0.9009756081164488],
[1623335400.0, 0.9009756081164488],
[1623421800.0, 0.9009756081164488],
[1623508200.0, 0.9009756081164488],
[1623594600.0, 0.9009756081164488],
[1623681000.0, 0.9009756081164488],
[1623767400.0, 0.9009756081164488],
[1623853800.0, 0.9009756081164488],
[1623940200.0, 0.9009756081164488],
[1624026600.0, 0.9009756081164488],
[1624113000.0, 0.9009756081164488],
[1624199400.0, 0.9009756081164488],
[1624285800.0, 0.9009756081164488],
[1624372200.0, 0.9009756081164488],
[1624458600.0, 0.9009756081164488],
[1624545000.0, 0.9009756081164488],
[1624631400.0, 0.9009756081164488],
[1624717800.0, 0.9009756081164488],
[1624804200.0, 0.9009756081164488],
[1624890600.0, 0.9009756081164488],
[1624977000.0, 0.9009756081164488],
[1625063400.0, 0.9009756081164488],
[1625149800.0, 0.9009756081164488],
[1625236200.0, 0.9009756081164488],
[1625322600.0, 0.9009756081164488],
[1625409000.0, 0.9009756081164488],
[1625495400.0, 0.9009756081164488],
[1625581800.0, 0.9009756081164488],
[1625668200.0, 0.9009756081164488],
[1625754600.0, 0.9009756081164488],
[1625841000.0, 0.9009756081164488],
[1625927400.0, 0.9009756081164488],
[1626013800.0, 0.9009756081164488],
[1626100200.0, 0.9009756081164488],
[1626186600.0, 0.9009756081164488],
[1626273000.0, 0.9009756081164488],
[1626359400.0, 0.9009756081164488],
[1626445800.0, 0.9009756081164488],
[1626532200.0, 0.9009756081164488],
[1626618600.0, 0.9009756081164488],
[1626705000.0, 0.9009756081164488],
[1626791400.0, 0.9009756081164488],
[1626877800.0, 0.9009756081164488],
[1626964200.0, 0.9009756081164488],
[1627050600.0, 0.9009756081164488],
[1627137000.0, 0.9009756081164488],
[1627223400.0, 0.9009756081164488],
[1627309800.0, 0.9009756081164488],
[1627396200.0, 0.9009756081164488],
[1627482600.0, 0.9009756081164488],
[1627569000.0, 0.9009756081164488],
[1627655400.0, 0.9009756081164488],
[1627741800.0, 0.9009756081164488],
[1627828200.0, 0.9009756081164488],
[1627914600.0, 0.9009756081164488],
[1628001000.0, 0.9009756081164488],
[1628087400.0, 0.9009756081164488],
[1628173800.0, 0.9009756081164488],
[1628260200.0, 0.9009756081164488],
[1628346600.0, 0.9009756081164488],
[1628433000.0, 0.9009756081164488],
[1628519400.0, 0.9009756081164488],
[1628605800.0, 0.9009756081164488],
[1628692200.0, 0.9009756081164488],
[1628778600.0, 0.9009756081164488],
[1628865000.0, 0.9009756081164488],
[1628951400.0, 0.9009756081164488],
[1629037800.0, 0.9009756081164488],
[1629124200.0, 0.9009756081164488],
[1629210600.0, 0.9009756081164488],
[1629297000.0, 0.4865471306473553],
[1629383400.0, 0.47746005902114563],
[1629469800.0, 0.4671317278455849],
[1629556200.0, 0.4671317278455849],
[1629642600.0, 0.4671317278455849],
[1629729000.0, 0.4671317278455849],
[1629815400.0, 0.4671317278455849],
[1629901800.0, 0.4671317278455849],
[1629988200.0, 0.4671317278455849],
[1630074600.0, 0.4671317278455849],
[1630161000.0, 0.4671317278455849],
[1630247400.0, 0.4671317278455849],
[1630333800.0, 0.4671317278455849],
[1630420200.0, 0.4671317278455849],
[1630506600.0, 0.4671317278455849],
[1630593000.0, 0.4671317278455849],
[1630679400.0, 0.4671317278455849],
[1630765800.0, 0.4671317278455849],
[1630852200.0, 0.4671317278455849],
[1630938600.0, 0.4671317278455849],
[1631025000.0, 0.4671317278455849],
[1631111400.0, 0.4671317278455849],
[1631197800.0, 0.4671317278455849],
[1631284200.0, 0.4671317278455849],
[1631370600.0, 0.4671317278455849],
[1631457000.0, 0.4671317278455849],
[1631543400.0, 0.4671317278455849],
[1631629800.0, 0.4671317278455849],
[1631716200.0, 0.4671317278455849],
[1631802600.0, 0.4671317278455849],
[1631889000.0, 0.4671317278455849],
[1631975400.0, 0.4671317278455849],
[1632061800.0, 0.4671317278455849],
[1632148200.0, 0.4671317278455849],
[1632234600.0, 0.47003935345212644],
[1632321000.0, 0.4644578191026888],
[1632407400.0, 0.44048491961510405],
[1632493800.0, 0.44059135408300804],
[1632580200.0, 0.4372537194237264],
[1632666600.0, 0.42955249056656564],
[1632753000.0, 0.4346603860207992],
[1632839400.0, 0.4289091534556233],
[1632925800.0, 0.42977436803038876],
[1633012200.0, 0.42720312230429125],
[1633098600.0, 0.41667099361956883],
[1633185000.0, 0.4367399079892712],
[1633267800.0, 0.43747143270675687],
[1633354200.0, 0.4387762560762048],
[1633440600.0, 0.43737706404971044],
[1633527000.0, 0.441230965615204],
[1633613400.0, 0.43293541848912886],
[1633699800.0, 0.43988976851198647],
[1633786200.0, 0.4421171849924737],
[1633872600.0, 0.4616568335228952],
[1633959000.0, 0.4669249770449208],
[1634045400.0, 0.4583721326486264],
[1634131800.0, 0.458648833771476],
[1634218200.0, 0.44992540796274005],
[1634304600.0, 0.4577159273026041],
[1634391000.0, 0.4520230879112728],
[1634477400.0, 0.4259200069235904],
[1634563800.0, 0.42935901717752645],
[1634650200.0, 0.4470075195379576],
[1634736600.0, 0.4553162739186448],
[1634823000.0, 0.45248866748264244],
[1634909400.0, 0.45939426718300724],
[1634995800.0, 0.437656397539136],
[1635082200.0, 0.43646741918047843],
[1635168600.0, 0.43412186094722405],
[1635255000.0, 0.43164315665042874],
[1635341400.0, 0.4413882307313136],
[1635427800.0, 0.44436625744055125],
[1635514200.0, 0.438570482181324],
[1635600600.0, 0.4418041944010449],
[1635687000.0, 0.45530802004732235],
[1635773400.0, 0.44425257483133046],
[1635859800.0, 0.4400901238923673],
[1635946200.0, 0.43893270508806487],
[1636032600.0, 0.4410186494743801],
[1636119000.0, 0.4387843910838873],
[1636205400.0, 0.43181344916903763],
[1636291800.0, 0.4424826480681633],
[1636378200.0, 0.44024490846990644],
[1636464600.0, 0.4424876425076856],
[1636551000.0, 0.4396405319596841],
[1636637400.0, 0.43259623384219525],
[1636723800.0, 0.43861733549702003],
[1636810200.0, 0.46490304204823046],
[1636896600.0, 0.4750102436473321],
[1636983000.0, 0.4518296987975841],
[1637069400.0, 0.4673353061523017],
[1637155800.0, 0.47183093738388643],
[1637242200.0, 0.46720333723281604],
[1637328600.0, 0.47641192940776317],
[1637415000.0, 0.4806650701701537],
[1637501400.0, 0.47449958074311765],
[1637587800.0, 0.4789035329372832],
[1637674200.0, 0.474709394539728],
[1637760600.0, 0.4797203266034872],
[1637847000.0, 0.4803213691746753],
[1637933400.0, 0.4717746528732977],
[1638019800.0, 0.4770913668137064],
[1638106200.0, 0.473083942209628],
[1638192600.0, 0.4794859253867009],
[1638279000.0, 0.4847014486267328],
[1638365400.0, 0.4793423660352305],
[1638451800.0, 0.483146604221736],
[1638538200.0, 0.4920240018450657],
[1638624600.0, 0.48179283182467125],
[1638711000.0, 0.4914553288842664],
[1638797400.0, 0.498606726991504],
[1638883800.0, 0.48745458872750963],
[1638970200.0, 0.4950073329586656],
[1639056600.0, 0.5041216266849953],
[1639143000.0, 0.5059225838235866],
[1639229400.0, 0.4962460332283481],
[1639315800.0, 0.5098279857929937],
[1639402200.0, 0.5251096293572592],
[1639488600.0, 0.509855537424528],
[1639575000.0, 0.5129607845755233],
[1639661400.0, 0.4934275880233048],
[1639747800.0, 0.5117521759864401],
[1639834200.0, 0.5062132622103463],
[1639920600.0, 0.51495026779954],
[1640007000.0, 0.5201406134344009],
[1640093400.0, 0.5115600808204033],
[1640179800.0, 0.515880766693509],
[1640266200.0, 0.519831484294772],
[1640352600.0, 0.5186430371616625],
[1640439000.0, 0.5280392615598553],
[1640525400.0, 0.5412654146507192],
[1640611800.0, 0.5333709498371754],
[1640698200.0, 0.5422625781611881],
[1640784600.0, 0.542050534659184],
[1640871000.0, 0.54199595472816],
[1640957400.0, 0.5535340252459656],
[1641043800.0, 0.5567790427226633],
[1641130200.0, 0.5665797992062416],
[1641216600.0, 0.5572945592508824],
[1641303000.0, 0.5554878994117505],
[1641389400.0, 0.5524818905647992],
[1641475800.0, 0.5524847940672359],
[1641562200.0, 0.536271077199116],
[1641648600.0, 0.5431512584080938],
[1641735000.0, 0.5485987048889817],
[1641821400.0, 0.5469792957733042],
[1641907800.0, 0.5775580818722952],
[1641994200.0, 0.5645230156730023],
[1642080600.0, 0.5549518861500408],
[1642167000.0, 0.5610132253634552],
[1642253400.0, 0.5687133222285464],
[1642339800.0, 0.5630307519989233],
[1642426200.0, 0.5671532755728823],
[1642512600.0, 0.551387641799552],
[1642599000.0, 0.5636560048609425],
[1642685400.0, 0.5469965044208176],
[1642771800.0, 0.565952840619304],
[1642858200.0, 0.5605842411926625],
[1642944600.0, 0.5531138090284409],
[1643031000.0, 0.5643399602578544],
[1643117400.0, 0.5563642973006593],
[1643203800.0, 0.5605251326875369],
[1643290200.0, 0.5630149193557064],
[1643376600.0, 0.5615254793401793],
[1643463000.0, 0.5547647091861402],
[1643549400.0, 0.5555947973883928],
[1643635800.0, 0.5555947973883928],
[1643722200.0, 0.5555947973883928],
[1643808600.0, 0.5560284906808785],
[1643895000.0, 0.5623919202580913],
[1643981400.0, 0.55196530281302],
[1644067800.0, 0.5490623425019616],
[1644154200.0, 0.5476299981431344],
[1644240600.0, 0.56407547722354],
[1644327000.0, 0.5570770167989073],
[1644413400.0, 0.5498376744951761],
[1644499800.0, 0.5496114928096184],
[1644586200.0, 0.5466417576034625],
[1644672600.0, 0.5531946094118376],
[1644759000.0, 0.5646659662528049],
[1644845400.0, 0.5642625858262177],
[1644931800.0, 0.5887937169675208],
[1645018200.0, 0.5948093209964689],
[1645104600.0, 0.5806390471309673],
[1645191000.0, 0.592739190903017],
[1645277400.0, 0.5796778144739473],
[1645363800.0, 0.5957058773565841],
[1645450200.0, 0.5950189869071185],
[1645536600.0, 0.6027889818999497],
[1645623000.0, 0.5908178441746441],
[1645709400.0, 0.6052184308187792],
[1645795800.0, 0.6062933607211889],
[1645882200.0, 0.6109358547188144],
[1645968600.0, 0.6158337633637745],
[1646055000.0, 0.61123726184958],
[1646141400.0, 0.6209830543236448],
[1646227800.0, 0.615326562035388],
[1646314200.0, 0.6237531375495665],
[1646400600.0, 0.6236477840196033],
[1646487000.0, 0.6237946206965977],
[1646573400.0, 0.6308307819596857],
[1646659800.0, 0.6206777408466273],
[1646746200.0, 0.6114279417407368],
[1646832600.0, 0.6125234128106577],
[1646919000.0, 0.6210898896203745],
[1647005400.0, 0.6177136379427824],
[1647091800.0, 0.6253033772542241],
[1647178200.0, 0.6123307853153024],
[1647264600.0, 0.6361703676703113],
[1647351000.0, 0.6414197026998145],
[1647437400.0, 0.6804771826966393],
[1647523800.0, 0.6798255303870361],
[1647610200.0, 0.6958380729468058],
[1647696600.0, 0.6747188903710201],
[1647783000.0, 0.6588133974174648],
[1647869400.0, 0.6695748700065698],
[1647955800.0, 0.676905218008945],
[1648042200.0, 0.6694510129355785],
[1648128600.0, 0.6536548935428584],
[1648215000.0, 0.6416290400838384],
[1648301400.0, 0.6466044386884449],
[1648387800.0, 0.6530833175241713],
[1648474200.0, 0.6709239853080857],
[1648560600.0, 0.6600623993832768],
[1648647000.0, 0.6638817210339633],
[1648733400.0, 0.6629359891579665],
[1648819800.0, 0.6572653062058873],
[1648906200.0, 0.6515553165705088],
[1648996200.0, 0.6527615799723441],
[1649082600.0, 0.6508148863841592],
[1649169000.0, 0.6675540164193681],
[1649255400.0, 0.6341431550627897],
[1649341800.0, 0.6371731031612449],
[1649428200.0, 0.641444777311489],
[1649514600.0, 0.6518801101456362],
[1649601000.0, 0.6525279130862577],
[1649687400.0, 0.659511396277636],
[1649773800.0, 0.6702588456348602],
[1649860200.0, 0.6616211609428321],
[1649946600.0, 0.6729170502626729],
[1650033000.0, 0.6760265038265232],
[1650119400.0, 0.6778764012830608],
[1650205800.0, 0.6875949807249577],
[1650292200.0, 0.680578212775932],
[1650378600.0, 0.6827327498395537],
[1650465000.0, 0.6870510203770104],
[1650551400.0, 0.6870510203770104],
[1650637800.0, 0.6870510203770104],
[1650724200.0, 0.6932149807759208],
[1650810600.0, 0.6959914575056785],
[1650897000.0, 0.6935968372201057],
[1650983400.0, 0.6957377072122097],
[1651069800.0, 0.6992671119071192],
[1651156200.0, 0.6987141612283697],
[1651242600.0, 0.7000961546599784],
[1651329000.0, 0.6814416200848225],
[1651415400.0, 0.6918569219137529],
[1651501800.0, 0.6965578447287266],
[1651588200.0, 0.706553765595284],
[1651674600.0, 0.6900204256725576],
[1651761000.0, 0.6885841111512889],
[1651847400.0, 0.6773956700771776],
[1651933800.0, 0.6654101876076168],
[1652020200.0, 0.6557208684815521],
[1652106600.0, 0.6496518283400567],
[1652193000.0, 0.6348251188498937],
[1652279400.0, 0.6265513148600392],
[1652365800.0, 0.626365691665576],
[1652452200.0, 0.6206230830438129],
[1652538600.0, 0.5924616809311305],
[1652625000.0, 0.5924616809311305],
[1652711400.0, 0.5988270791684952],
[1652797800.0, 0.6012241990871401],
[1652884200.0, 0.5971519302019328],
[1652970600.0, 0.6011924182078882],
[1653057000.0, 0.5946709863017585],
[1653143400.0, 0.5910159458403352],
[1653229800.0, 0.5921954432561465],
[1653316200.0, 0.5942470888603576],
[1653402600.0, 0.5976766923408264],
[1653489000.0, 0.610646629414064],
[1653575400.0, 0.6059798646771785],
[1653661800.0, 0.6126113914137297],
[1653748200.0, 0.6245899153745952],
[1653834600.0, 0.6161588369043944],
[1653921000.0, 0.6191290011731849],
[1654007400.0, 0.60705922606814],
[1654093800.0, 0.5973888072377033],
[1654180200.0, 0.5951635592990344],
[1654266600.0, 0.5934590165659248],
[1654353000.0, 0.5939855943840023],
[1654439400.0, 0.5977591882278569],
[1654525800.0, 0.5988319555478568],
[1654612200.0, 0.5984871383655248],
[1654698600.0, 0.6031042881178272],
[1654785000.0, 0.6022195907571113],
[1654871400.0, 0.5962058491101169],
[1654957800.0, 0.6017878511102082],
[1655044200.0, 0.6018261664479361],
[1655130600.0, 0.5891771840736808],
[1655217000.0, 0.583648576922916],
[1655303400.0, 0.5837386530034248],
[1655389800.0, 0.5890040801731016],
[1655476200.0, 0.5887327702536784],
[1655562600.0, 0.5893494606448593],
[1655649000.0, 0.5835073023597128],
[1655735400.0, 0.5818500230873858],
[1655821800.0, 0.5856551476296064],
[1655908200.0, 0.5859620832385041],
[1655994600.0, 0.5770634318571968],
[1656081000.0, 0.5691561831101631],
[1656167400.0, 0.5677678637579953],
[1656253800.0, 0.55844727120656],
[1656340200.0, 0.5556000956659608],
[1656426600.0, 0.5633190392405825],
[1656513000.0, 0.5699719255053897],
[1656599400.0, 0.5711644927830792],
[1656685800.0, 0.5703207959026633],
[1656772200.0, 0.5693900004693513],
[1656858600.0, 0.558363886277676],
[1656945000.0, 0.5644518883904489],
[1657031400.0, 0.58946212498308],
[1657117800.0, 0.5815896262664625],
[1657204200.0, 0.5815896262664625],
[1657290600.0, 0.5856544761793816],
[1657377000.0, 0.5872181935280593],
[1657463400.0, 0.5949412459888577],
[1657549800.0, 0.5945023371561913],
[1657636200.0, 0.5954012740937265],
[1657722600.0, 0.5914650986727736],
[1657809000.0, 0.5941339492619689],
[1657895400.0, 0.6001162395655288],
[1657981800.0, 0.6053825690422452],
[1658068200.0, 0.6193146360227152],
[1658154600.0, 0.6202418341760751],
[1658241000.0, 0.616899709214165],
[1658327400.0, 0.615147504144795],
[1658413800.0, 0.61706171882793],
[1658500200.0, 0.6092659914123602],
[1658586600.0, 0.6083042503598952],
[1658673000.0, 0.612996607844425],
[1658759400.0, 0.6058470379417],
[1658845800.0, 0.6204135092474701],
[1658932200.0, 0.6173866210358652],
[1659018600.0, 0.6277076325307801],
[1659105000.0, 0.6321431590165],
[1659191400.0, 0.634695848200615],
[1659277800.0, 0.639323669836885],
[1659364200.0, 0.63097993601685],
[1659450600.0, 0.64116125155846],
[1659537000.0, 0.629637896553615],
[1659623400.0, 0.62558178699914],
[1659709800.0, 0.6271346399743949],
[1659796200.0, 0.6291942507096451],
[1659882600.0, 0.6191787383292701],
[1659969000.0, 0.62221876978514],
[1660055400.0, 0.6294940884875],
[1660141800.0, 0.62514383508578],
[1660228200.0, 0.6319450256630851],
[1660314600.0, 0.6264765421311551],
[1660401000.0, 0.6264765421311551],
[1660487400.0, 0.6264765421311551],
[1660573800.0, 0.6264765421311551],
[1660660200.0, 0.644970828057715],
[1660746600.0, 0.6500637666507],
[1660833000.0, 0.6523808263303451],
[1660919400.0, 0.6669116510854401],
[1661005800.0, 0.6666221585951602],
[1661092200.0, 0.665026596355725],
[1661178600.0, 0.66997505292609],
[1661265000.0, 0.6700536999183349],
[1661351400.0, 0.683655425765345],
[1661437800.0, 0.69256480014447],
[1661524200.0, 0.6945585467022981],
[1661610600.0, 0.691115389402272],
[1661697000.0, 0.700172758723448],
[1661783400.0, 0.699913209737262],
[1661869800.0, 0.7027203445740219],
[1661956200.0, 0.7015599167305401],
[1662042600.0, 0.699916963125394],
[1662129000.0, 0.7233134390450922],
[1662215400.0, 0.7287435009898361],
[1662301800.0, 0.720517292917638],
[1662388200.0, 0.7334869305208821],
[1662474600.0, 0.727984909766048],
[1662561000.0, 0.7499278895441861],
[1662647400.0, 0.7470504150702941],
[1662733800.0, 0.7513239086038901],
[1662820200.0, 0.753527155353326],
[1662906600.0, 0.7627835346543881],
[1662993000.0, 0.711718763236278],
[1663079400.0, 0.7068307838780301],
[1663165800.0, 0.7107428693598801],
[1663252200.0, 0.7258683374405261],
[1663338600.0, 0.7266427926612681],
[1663425000.0, 0.6982678350320599],
[1663511400.0, 0.7366822665994401],
[1663597800.0, 0.7348317412113001],
[1663684200.0, 0.714009468461326],
[1663770600.0, 0.6883994274107701],
[1663857000.0, 0.7152382218567681],
[1663943400.0, 0.701938458087444],
[1664029800.0, 0.656449905680136],
[1664116200.0, 0.6640742588905602],
[1664202600.0, 0.6496480047701061],
[1664289000.0, 0.6661378846215921],
[1664375400.0, 0.6908279721365781],
[1664461800.0, 0.6949329837896661],
[1664548200.0, 0.724931062251968],
[1664634600.0, 0.73503280472286],
[1664717400.0, 0.7180597387187021],
[1664803800.0, 0.734189446205614],
[1664890200.0, 0.746394194268114],
[1664976600.0, 0.7418157277603501],
[1665063000.0, 0.7267774124373101],
[1665149400.0, 0.7420940192922141],
[1665235800.0, 0.7350815698647482],
[1665322200.0, 0.7350996645775201],
[1665408600.0, 0.7244365103671322],
[1665495000.0, 0.7171680738376761],
[1665581400.0, 0.710649854092128],
[1665667800.0, 0.7228726599844241],
[1665754200.0, 0.702205892796088],
[1665840600.0, 0.6882965951457581],
[1665927000.0, 0.7006525628283502],
[1666013400.0, 0.7099765023970841],
[1666099800.0, 0.6996279778973721],
[1666186200.0, 0.686993453515208],
[1666272600.0, 0.6955359545618981],
[1666359000.0, 0.705236105726286],
[1666445400.0, 0.7103672691443441],
[1666531800.0, 0.700925153338208],
[1666618200.0, 0.686729826599112],
[1666704600.0, 0.6974540717739581],
[1666791000.0, 0.710490849367098],
[1666877400.0, 0.7055620339216481],
[1666963800.0, 0.7082103906896081],
[1667050200.0, 0.695083577644082],
[1667136600.0, 0.6999306819598421],
[1667223000.0, 0.6978911061159861],
[1667309400.0, 0.6955960836664921],
[1667395800.0, 0.7270871598885681],
[1667482200.0, 0.718270518161716],
[1667568600.0, 0.7096031820403821],
[1667655000.0, 0.7010521068435441],
[1667741400.0, 0.6769470186492601],
[1667827800.0, 0.694749551728444],
[1667914200.0, 0.7069831739951501],
[1668000600.0, 0.7134056854384282],
[1668087000.0, 0.7251331297987461],
[1668173400.0, 0.7263267567391261],
[1668259800.0, 0.747310606316774],
[1668346200.0, 0.728512008368846],
[1668432600.0, 0.7532708513592581],
[1668519000.0, 0.745249887704118],
[1668605400.0, 0.74640183207247],
[1668691800.0, 0.7468787811338],
[1668778200.0, 0.7443574851908141],
[1668864600.0, 0.7339850385212141],
[1668951000.0, 0.762581252812174],
[1669037400.0, 0.781075325727494],
[1669123800.0, 0.7756305482436702],
[1669210200.0, 0.772004633676896],
[1669296600.0, 0.773129291638892],
[1669383000.0, 0.7372563266151402],
[1669469400.0, 0.759496551375344],
[1669555800.0, 0.735729759187154],
[1669642200.0, 0.7475674980526061],
[1669728600.0, 0.7432663741223201],
[1669815000.0, 0.750598811994682],
[1669901400.0, 0.7498226048663421],
[1669987800.0, 0.7562248567647961],
[1670074200.0, 0.7346784118838421],
[1670160600.0, 0.7232921826082022],
[1670247000.0, 0.717745461968064],
[1670333400.0, 0.74167842557009],
[1670419800.0, 0.7264491853070241],
[1670506200.0, 0.753767233459012],
[1670592600.0, 0.7573491464117361],
[1670679000.0, 0.7503775447069501],
[1670765400.0, 0.741019506058922],
[1670851800.0, 0.7540690804068921],
[1670938200.0, 0.75113531830667],
[1671024600.0, 0.7515332580651581],
[1671111000.0, 0.7480615458678781],
[1671197400.0, 0.748443557110002],
[1671283800.0, 0.7410687064549359],
[1671370200.0, 0.7568508988155861],
[1671456600.0, 0.754664823721028],
[1671543000.0, 0.734595213736396],
[1671715800.0, 0.7271514492529361],
[1671802200.0, 0.7110932627084241],
[1671888600.0, 0.7144454839332601],
[1671975000.0, 0.6930057358548399],
[1672061400.0, 0.69827876436729],
[1672147800.0, 0.681105560872],
[1672234200.0, 0.691224641216842],
[1672320600.0, 0.686275336077562],
[1672407000.0, 0.7007662381071861],
[1672493400.0, 0.699692924665396],
[1672579800.0, 0.7000686708866041],
[1672666200.0, 0.6979674190717061],
[1672752600.0, 0.710447317477864],
[1672839000.0, 0.71792903541601],
[1672925400.0, 0.6985709286853721],
[1673011800.0, 0.6728369701896482],
[1673098200.0, 0.6741059982170841],
[1673184600.0, 0.6907898578827562],
[1673271000.0, 0.6927129645738401],
[1673357400.0, 0.7124989549746701],
[1673443800.0, 0.7096733615150581],
[1673530200.0, 0.7132643340611181],
[1673616600.0, 0.7084981674636361],
[1673703000.0, 0.717236947979832],
[1673789400.0, 0.720370608690246],
[1673875800.0, 0.7291119354514961],
[1673962200.0, 0.7252831396381281],
[1674048600.0, 0.729424794808928],
[1674135000.0, 0.7495433197116681],
[1674221400.0, 0.7517428778222619],
[1674307800.0, 0.7496400885936361],
[1674394200.0, 0.763364082427908],
[1674480600.0, 0.767784902923076],
[1674567000.0, 0.78004229441631],
[1674653400.0, 0.7839113548357399],
[1674739800.0, 0.8143386208198562],
[1674826200.0, 0.807139437550212],
[1674912600.0, 0.801891337200216],
[1674999000.0, 0.7776022969875263],
[1675085400.0, 0.789706546462554],
[1675171800.0, 0.7715225328670601],
[1675258200.0, 0.7490567147481241],
[1675344600.0, 0.7885501435002441],
[1675431000.0, 0.8019402449314101],
[1675517400.0, 0.7697134288771221],
[1675603800.0, 0.7828745510315781],
[1675690200.0, 0.792459990258012],
[1675776600.0, 0.79303324512989],
[1675863000.0, 0.8013082282210882],
[1675949400.0, 0.7864591704813242],
[1676035800.0, 0.8022829085782319],
[1676122200.0, 0.797847594422798],
[1676208600.0, 0.7882028213305621],
[1676295000.0, 0.8031341741803921],
[1676381400.0, 0.80134735492635],
[1676467800.0, 0.769342934861814],
[1676554200.0, 0.7969699882470002],
[1676640600.0, 0.7964808622360982],
[1676727000.0, 0.78105756970845],
[1676813400.0, 0.7650772547654761],
[1676899800.0, 0.7684417791203642],
[1676986200.0, 0.7626115412804841],
[1677072600.0, 0.798011527922668],
[1677159000.0, 0.7917937596490481],
[1677245400.0, 0.7876191082102941],
[1677331800.0, 0.787595699120374],
[1677418200.0, 0.775301118963746],
[1677504600.0, 0.77240532895649],
[1677591000.0, 0.8022039230724939],
[1677677400.0, 0.80293423995215],
[1677763800.0, 0.7911424362733801],
[1677850200.0, 0.773378749766612],
[1677936600.0, 0.787464056379236],
[1678023000.0, 0.7801822380423722],
[1678109400.0, 0.784485400132942],
[1678195800.0, 0.777091984753682],
[1678282200.0, 0.7969008788499761],
[1678368600.0, 0.800665858321248],
[1678455000.0, 0.76685938313072],
[1678541400.0, 0.8001604192590481],
[1678627800.0, 0.840793636549044],
[1678714200.0, 0.8319505626301282],
[1678800600.0, 0.81352332736086],
[1678887000.0, 0.8179504381517042],
[1678973400.0, 0.8226653068763621],
[1679059800.0, 0.817823656016418],
[1679146200.0, 0.822671421569356],
[1679232600.0, 0.829047311730436],
[1679319000.0, 0.80261832157998],
[1679405400.0, 0.80790714692418],
[1679491800.0, 0.8161873306281141],
[1679578200.0, 0.80989132823281],
[1679664600.0, 0.8161821191496641],
[1679751000.0, 0.8322906127898542],
[1679837400.0, 0.8362336443948422],
[1679923800.0, 0.8422967896718822],
[1680010200.0, 0.839204429150684],
[1680096600.0, 0.8313642067657521],
[1680183000.0, 0.8606258763328501],
[1680269400.0, 0.85121212841584],
[1680355800.0, 0.8355932568930001],
[1680445800.0, 0.837061592719702],
[1680532200.0, 0.868449461524562],
[1680618600.0, 0.8668397179354702],
[1680705000.0, 0.8729280447949181],
[1680791400.0, 0.8696504913934101],
[1680877800.0, 0.86307090658135],
[1680964200.0, 0.872259480690392],
[1681050600.0, 0.889279371112174],
[1681137000.0, 0.886282948602196],
[1681223400.0, 0.8841169235883621],
[1681309800.0, 0.8981325880084501],
[1681396200.0, 0.92094318877731],
[1681482600.0, 0.9830161016850442],
[1681569000.0, 0.9800183708714603],
[1681655400.0, 1.0237392787586421],
[1681741800.0, 1.0328823883303981],
[1681828200.0, 1.07276654079519],
[1681914600.0, 1.069790916550912],
[1682001000.0, 1.037997999824076],
[1682087400.0, 1.0283323704156522],
[1682173800.0, 0.9956694944439922],
[1682260200.0, 1.025584997914662],
[1682346600.0, 0.9835618253806262],
[1682433000.0, 0.986668540136292],
[1682519400.0, 0.9824878261753442],
[1682605800.0, 1.007799923010302],
[1682692200.0, 0.9410955915909],
[1682778600.0, 0.9206647484776098],
[1682865000.0, 0.9205979187283081],
[1682951400.0, 0.9205979187283081],
[1683037800.0, 0.9205979187283081],
[1683124200.0, 0.907088231537608],
[1683210600.0, 0.8879083998489061],
[1683297000.0, 0.8806513948918141],
[1683383400.0, 0.9105128847954601],
[1683469800.0, 0.8489497255522801],
[1683556200.0, 0.8840915762715301],
[1683642600.0, 0.8594170457771682],
[1683729000.0, 0.8918590670678761],
[1683815400.0, 0.896381067215874],
[1683901800.0, 0.8984082050874601],
[1683988200.0, 0.8651016032326281],
[1684074600.0, 0.8542260294441719],
[1684161000.0, 0.838176417548204],
[1684247400.0, 0.8315526672092541],
[1684333800.0, 0.8554930592187981],
[1684420200.0, 0.8391700044426621],
[1684506600.0, 0.8501957227483201],
[1684593000.0, 0.8315582006646661],
[1684679400.0, 0.8007329233628399],
[1684765800.0, 0.8414076732307381],
[1684852200.0, 0.867223955510512],
[1684938600.0, 0.8533363990022302],
[1685025000.0, 0.878297337027474],
[1685111400.0, 0.884925675288842],
[1685197800.0, 0.8735702087929601],
[1685284200.0, 0.8660867344862101],
[1685370600.0, 0.849987087094356],
[1685457000.0, 0.8859717377863842],
[1685543400.0, 0.899281600651572],
[1685629800.0, 0.9265234733181081],
[1685716200.0, 0.926606552493296],
[1685802600.0, 0.9164758107450762],
[1685889000.0, 0.9189887322591058],
[1685975400.0, 0.904219480876996],
[1686061800.0, 0.89833923670501],
[1686148200.0, 0.886961387937502],
[1686234600.0, 0.8852117159983839],
[1686321000.0, 0.8834104224261561],
[1686407400.0, 0.8839829578762061],
[1686493800.0, 0.885946251032054],
[1686580200.0, 0.881740711827488],
[1686666600.0, 0.8969989862933861],
[1686753000.0, 0.9194013155623761],
[1686839400.0, 0.9310478669476542],
[1686925800.0, 0.9176790272548541],
[1687012200.0, 0.895511149635096],
[1687098600.0, 0.897449228892594],
[1687185000.0, 0.8554187295798],
[1687271400.0, 0.866325016769008],
[1687357800.0, 0.8443683386933039],
[1687444200.0, 0.8855203553241321],
[1687530600.0, 0.8886988153631001],
[1687617000.0, 0.8589404102682641],
[1687703400.0, 0.878322317401038],
[1687789800.0, 0.8546245726653561],
[1687876200.0, 0.798148005138902],
[1687962600.0, 0.8051762295023319],
[1688049000.0, 0.7992150045489661],
[1688135400.0, 0.760816690178828],
[1688221800.0, 0.747474670017508],
[1688308200.0, 0.732844239324078],
[1688394600.0, 0.71847227041945],
[1688481000.0, 0.739429507921278],
[1688567400.0, 0.7545613173706222],
[1688653800.0, 0.737206565458224],
[1688740200.0, 0.7436353849397701],
[1688826600.0, 0.7196586623915],
[1688913000.0, 0.7465205844423941],
[1688999400.0, 0.7349489884560321],
[1689085800.0, 0.766938679795566],
[1689172200.0, 0.7363182100660841],
[1689258600.0, 0.7686019002493861],
[1689345000.0, 0.749557291257094],
[1689431400.0, 0.7881019883604062],
[1689517800.0, 0.7875174995809621],
[1689604200.0, 0.76555286856293],
[1689690600.0, 0.7684881416837741],
[1689777000.0, 0.744057767539794],
[1689863400.0, 0.7546133842334941],
[1689949800.0, 0.76841515350831],
[1690036200.0, 0.7434668114992701],
[1690122600.0, 0.749741292507522],
[1690209000.0, 0.7696226265936381],
[1690295400.0, 0.7836525677787141],
[1690381800.0, 0.775218284972528],
[1690468200.0, 0.7613829685925142],
[1690554600.0, 0.7668249453405861],
[1690641000.0, 0.7668249453405861],
[1690727400.0, 0.7659460862250481],
[1690813800.0, 0.779616978197726],
[1690900200.0, 0.779616978197726],
[1690986600.0, 0.8144373254776861],
[1691073000.0, 0.8027002531735942],
[1691159400.0, 0.7979972229997441],
[1691245800.0, 0.8151919305424901],
[1691332200.0, 0.749494342123842],
[1691418600.0, 0.768642178423512],
[1691505000.0, 0.754875648575282],
[1691591400.0, 0.743481331065332],
[1691677800.0, 0.76105052168942],
[1691764200.0, 0.757379418907488],
[1691850600.0, 0.774747571928448],
[1691937000.0, 0.8017234850285039],
[1692023400.0, 0.813422470334676],
[1692109800.0, 0.804653936424718],
[1692196200.0, 0.8008768413345442],
[1692282600.0, 0.82319767587891],
[1692369000.0, 0.815489956385014],
[1692455400.0, 0.8295903268118421],
[1692541800.0, 0.84211208178221],
[1692628200.0, 0.8585604598251301],
[1692714600.0, 0.858499351766044],
[1692801000.0, 0.8584183845878242],
[1692887400.0, 0.8592100305653763],
[1692973800.0, 0.8681172901910802],
[1693060200.0, 0.8837709786815022],
[1693146600.0, 0.8446867127730961],
[1693233000.0, 0.8651829683581921],
[1693319400.0, 0.8713016105444901],
[1693405800.0, 0.8767256983499079],
[1693492200.0, 0.8753272026819581],
[1693578600.0, 0.8664407077032582],
[1693665000.0, 0.8797041550493281],
[1693751400.0, 0.868345347090876],
[1693837800.0, 0.88214447039025],
[1693924200.0, 0.8745335247985981],
[1694010600.0, 0.892214889005262],
[1694097000.0, 0.9244056372271121],
[1694183400.0, 0.926808516304684],
[1694269800.0, 0.9369767392621382],
[1694356200.0, 0.9489918417296881],
[1694442600.0, 0.9477601728451701],
[1694529000.0, 0.9548657019214681],
[1694615400.0, 0.9470825237262159],
[1694701800.0, 0.9387000840102141],
[1694788200.0, 0.9426260074263422],
[1694874600.0, 0.9589872593721379],
[1694961000.0, 0.9646035192918759],
[1695047400.0, 0.981621741703286],
[1695133800.0, 0.952826141035352],
[1695220200.0, 0.9708520769683859],
[1695306600.0, 0.9557286495383961],
[1695393000.0, 0.9697699110051821],
[1695479400.0, 0.9407582511655759],
[1695565800.0, 0.96274984995159],
[1695652200.0, 0.9672196190482081],
[1695738600.0, 0.9655290125471201],
[1695825000.0, 0.9356906543291281],
[1695911400.0, 0.9099595052277302],
[1695997800.0, 0.8673010479022502],
[1696084200.0, 0.8531962127665121],
[1696167000.0, 0.8906856309703601],
[1696253400.0, 0.9239186553516641],
[1696339800.0, 0.9012175095089361],
[1696426200.0, 0.90878665984204],
[1696512600.0, 0.8972413897236422],
[1696599000.0, 0.8814712551141861],
[1696685400.0, 0.856912652134346],
[1696771800.0, 0.870340120503354],
[1696858200.0, 0.85377545721193],
[1696944600.0, 0.856197187597278],
[1697117400.0, 0.9017969257299219],
[1697203800.0, 0.8779826765447609],
[1697290200.0, 0.9068803019933892],
[1697376600.0, 0.9084433773177212],
[1697463000.0, 0.9069122617224341],
[1697549400.0, 0.916482991331754],
[1697635800.0, 0.8886620010196461],
[1697722200.0, 0.8742129311425133],
[1697808600.0, 0.8489614306212679],
[1697895000.0, 0.840742556577759],
[1697981400.0, 0.8505684088769001],
[1698067800.0, 0.819806311368364],
[1698154200.0, 0.8346007254350081],
[1698240600.0, 0.8054653247747889],
[1698327000.0, 0.7812220122367501],
[1698413400.0, 0.7474425219863801],
[1698499800.0, 0.7368003771860061],
[1698586200.0, 0.744502738091257],
[1698672600.0, 0.744502738091257],
[1698759000.0, 0.744502738091257],
[1698845400.0, 0.744502738091257],
[1698931800.0, 0.744502738091257],
[1699018200.0, 0.744502738091257],
[1699104600.0, 0.744502738091257],
[1699191000.0, 0.744502738091257],
[1699277400.0, 0.744502738091257],
[1699363800.0, 0.744502738091257],
[1699450200.0, 0.744502738091257],
[1699536600.0, 0.744502738091257],
[1699623000.0, 0.744502738091257],
[1699709400.0, 0.744502738091257],
[1699795800.0, 0.744502738091257],
[1699882200.0, 0.744502738091257],
[1699968600.0, 0.744502738091257],
[1700055000.0, 0.744502738091257],
[1700141400.0, 0.744502738091257],
[1700227800.0, 0.744502738091257],
[1700314200.0, 0.744502738091257],
[1700400600.0, 0.744502738091257],
[1700487000.0, 0.744502738091257],
[1700573400.0, 0.744502738091257],
[1700659800.0, 0.744502738091257],
[1700746200.0, 0.744502738091257],
[1700832600.0, 0.744502738091257],
[1700919000.0, 0.744502738091257],
[1701005400.0, 0.744502738091257],
[1701091800.0, 0.744502738091257],
[1701178200.0, 0.744502738091257],
[1701264600.0, 0.744502738091257],
[1701351000.0, 0.744502738091257],
[1701437400.0, 0.744502738091257],
[1701523800.0, 0.744502738091257],
