[[1633098600, 0.5826],
[1633185000, 0.559],
[1633267800, 0.5685],
[1633354200, 0.5657],
[1633440600, 0.5774],
[1633527000, 0.5277],
[1633613400, 0.5423],
[1633699800, 0.5355],
[1633786200, 0.5401],
[1633872600, 0.6156],
[1633959000, 0.5684],
[1634045400, 0.5619],
[1634131800, 0.5549],
[1634218200, 0.5574],
[1634304600, 0.5757],
[1634391000, 0.543],
[1634477400, 0.5731],
[1634563800, 0.5719],
[1634650200, 0.5629],
[1634736600, 0.5467],
[1634823000, 0.5972],
[1634909400, 0.5906],
[1634995800, 0.5956],
[1635082200, 0.5193],
[1635168600, 0.6148],
[1635255000, 0.617],
[1635341400, 0.5945],
[1635427800, 0.6309],
[1635514200, 0.5727],
[1635600600, 0.577],
[1635687000, 0.5747],
[1635859800, 0.631],
[1636119000, 0.5747],
[1636291800, 0.6062],
[1636464600, 0.5921],
[1636637400, 0.5659],
[1636983000, 0.7561],
[1637242200, 0.7705],
[1637328600, 0.7042],
[1637415000, 0.6916],
[1637501400, 0.6741],
[1637587800, 0.6335],
[1637674200, 0.728],
[1637760600, 0.7709],
[1637847000, 0.7487],
[1637933400, 0.6798],
[1638019800, 0.6164],
[1638106200, 0.6935],
[1638192600, 0.691],
[1638279000, 0.7316],
[1638365400, 0.6174],
[1638451800, 0.6066],
[1638538200, 0.6685],
[1638624600, 0.6564],
[1638711000, 0.681],
[1638797400, 0.6741],
[1638883800, 0.7126],
[1638970200, 0.6945],
[1639056600, 0.6777],
[1639143000, 0.6876],
[1639229400, 0.7012],
[1639315800, 0.7318],
[1639402200, 0.8007],
[1639488600, 0.7371],
[1639575000, 0.6801],
[1639661400, 0.6503],
[1639747800, 0.6708],
[1639834200, 0.6589],
[1639920600, 0.6589],
[1640007000, 0.6919],
[1640093400, 0.6683],
[1640179800, 0.657],
[1640266200, 0.6761],
[1640352600, 0.7614],
[1640439000, 0.6968],
[1640525400, 0.6783],
[1640611800, 0.6815],
[1640698200, 0.6854],
[1640784600, 0.6972],
[1640871000, 0.7011],
[1640957400, 0.6754],
[1641043800, 0.7143],
[1641130200, 0.6502],
[1641216600, 0.7294],
[1641303000, 0.6628],
[1641389400, 0.7628],
[1641475800, 0.6593],
[1641562200, 0.6662],
[1641648600, 0.675],
[1641735000, 0.7156],
[1641821400, 0.6923],
[1641907800, 0.6935],
[1641994200, 0.6735],
[1642080600, 0.6655],
[1642167000, 0.6857],
[1642253400, 0.6834],
[1642339800, 0.6438],
[1642426200, 0.6694],
[1642512600, 0.7954],
[1642599000, 0.7883],
[1642685400, 0.6376],
[1642771800, 0.5909],
[1642858200, 0.8691],
[1642944600, 0.7661],
[1643031000, 0.699],
[1643117400, 0.6978],
[1643203800, 0.6766],
[1643290200, 0.7181],
[1643376600, 0.729],
[1643463000, 0.7275],
[1643549400, 0.6584],
[1643635800, 0.6584],
[1643722200, 0.6584],
[1643808600, 0.6282],
[1643895000, 0.6354],
[1643981400, 0.6536],
[1644067800, 0.6672],
[1644154200, 0.6525],
[1644240600, 0.6645],
[1644327000, 0.6157],
[1644413400, 0.6393],
[1644499800, 0.5986],
[1644586200, 0.6481],
[1644672600, 0.6378],
[1644759000, 0.5926],
[1644845400, 0.6512],
[1644931800, 0.627],
[1645018200, 0.5971],
[1645104600, 0.6064],
[1645191000, 0.5927],
[1645277400, 0.6004],
[1645363800, 0.6199],
[1645450200, 0.614],
[1645536600, 0.6067],
[1645623000, 0.6187],
[1645709400, 0.624],
[1645795800, 0.6185],
[1645882200, 0.6079],
[1645968600, 0.6296],
[1646055000, 0.6145],
[1646141400, 0.618],
[1646400600, 0.592],
[1646487000, 0.6479],
[1646659800, 0.6192],
[1646746200, 0.6978],
[1646832600, 0.6131],
[1647005400, 0.668],
[1647091800, 0.6601],
[1647178200, 0.6594],
[1647437400, 0.6476],
[1647523800, 0.6741],
[1647696600, 0.6542],
[1647783000, 0.6504],
[1647869400, 0.6166],
[1648042200, 0.6552],
[1648128600, 0.648],
[1648301400, 0.6573],
[1648474200, 0.6592],
[1648733400, 0.6489],
[1648906200, 0.6339],
[1649169000, 0.6449],
[1649255400, 0.6755],
[1649341800, 0.7434],
[1649514600, 0.6825],
[1649601000, 0.6526],
[1649687400, 0.6939],
[1649773800, 0.6825],
[1649860200, 0.6924],
[1649946600, 0.6915],
[1650033000, 0.6628],
[1650119400, 0.6668],
[1650205800, 0.6784],
[1650292200, 0.6558],
[1650378600, 0.656],
[1650465000, 0.6632],
[1650551400, 0.6632],
[1650637800, 0.6632],
[1650724200, 0.6401],
[1650810600, 0.661],
[1650897000, 0.6556],
[1650983400, 0.6345],
[1651069800, 0.6359],
[1651156200, 0.6381],
[1651242600, 0.6154],
[1651329000, 0.6317],
[1651415400, 0.6368],
[1651501800, 0.6874],
[1651588200, 0.5966],
[1651674600, 0.7677],
[1651761000, 0.7579],
[1651847400, 0.7382],
[1651933800, 0.6764],
[1652020200, 0.7099],
[1652106600, 0.7184],
[1652193000, 0.6654],
[1652279400, 0.7069],
[1652365800, 0.7093],
[1652970600, 0.6191],
[1653057000, 0.6181],
[1653143400, 0.6329],
[1653229800, 0.6655],
[1653316200, 0.7563],
[1653402600, 0.6584],
[1653489000, 0.6382],
[1653575400, 0.6353],
[1653661800, 0.6253],
[1653748200, 0.6274],
[1653834600, 0.6629],
[1653921000, 0.6806],
[1654007400, 0.6311],
[1654093800, 0.6729],
[1654180200, 0.6835],
[1654266600, 0.6669],
[1654353000, 0.6721],
[1654439400, 0.6667],
[1654525800, 0.663],
[1654612200, 0.6575],
[1654698600, 0.6828],
[1654785000, 0.6714],
[1654871400, 0.6852],
[1654957800, 0.7822],
[1655044200, 0.838],
[1655130600, 0.7634],
[1655217000, 0.7521],
[1655303400, 0.7673],
[1655389800, 0.7895],
[1655476200, 0.7796],
[1655562600, 0.7694],
[1655649000, 0.7951],
[1655735400, 0.7752],
[1655821800, 0.7646],
[1655908200, 0.7129],
[1655994600, 0.6794],
[1656081000, 0.7331],
[1656167400, 0.7944],
[1656253800, 0.6993],
[1656340200, 0.7098],
[1656426600, 0.705],
[1656513000, 0.731],
[1656599400, 0.7548],
[1656685800, 0.7473],
[1656772200, 0.7291],
[1656858600, 0.7305],
[1656945000, 0.7342],
[1657031400, 0.7358],
[1657117800, 0.7462],
[1657290600, 0.7757],
[1657377000, 0.7795],
[1657463400, 0.7704],
[1657549800, 0.7812],
[1657636200, 0.7797],
[1657722600, 0.8126],
[1657809000, 0.7991],
[1657895400, 0.807],
[1657981800, 0.7845],
[1658068200, 0.8012],
[1658154600, 0.8154],
[1658241000, 0.7172],
[1658327400, 0.8198],
[1658413800, 0.6878],
[1658673000, 0.7101],
[1658759400, 0.7069],
[1658845800, 0.7805],
[1658932200, 0.744],
[1659018600, 0.7482],
[1659105000, 0.683],
[1659191400, 0.6788],
[1659277800, 0.7149],
[1659364200, 0.6759],
[1659450600, 0.6598],
[1659537000, 0.6835],
[1659623400, 0.6914],
[1659709800, 0.6767],
[1659796200, 0.6954],
[1659882600, 0.7434],
[1659969000, 0.7106],
[1660055400, 0.7147],
[1660228200, 0.6511],
[1660314600, 0.669],
[1660401000, 0.669],
[1660487400, 0.669],
[1660573800, 0.669],
[1660660200, 0.7478],
[1660746600, 0.6921],
[1660833000, 0.6803],
[1660919400, 0.7372],
[1661005800, 0.715],
[1661178600, 0.7496],
[1661265000, 0.7446],
[1661351400, 0.7539],
[1661437800, 0.7249],
[1661524200, 0.7076],
[1661610600, 0.7145],
[1661697000, 0.6971],
[1661783400, 0.6943],
[1661869800, 0.682],
[1661956200, 0.6647],
[1662042600, 0.7122],
[1662129000, 0.7032],
[1662215400, 0.6885],
[1662301800, 0.705],
[1662561000, 0.7276],
[1662647400, 0.7259],
[1662733800, 0.7928],
[1662820200, 0.7696],
[1662906600, 0.7838],
[1662993000, 0.7678],
[1663079400, 0.7963],
[1663165800, 0.7908],
[1663252200, 0.8024],
[1663338600, 0.7903],
[1663425000, 0.7918],
[1663511400, 0.7379],
[1663597800, 0.7398],
[1663684200, 0.7486],
[1663770600, 0.7471],
[1663857000, 0.7141],
[1663943400, 0.7562],
[1664029800, 0.7325],
[1664116200, 0.7366],
[1664202600, 0.7347],
[1664289000, 0.751],
[1664375400, 0.7709],
[1664461800, 0.7534],
[1664548200, 0.7639],
[1664634600, 0.7354],
[1664717400, 0.738],
[1664803800, 0.7503],
[1664890200, 0.7886],
[1664976600, 0.7533],
[1665063000, 0.7754],
[1665149400, 0.7819],
[1665235800, 0.7634],
[1665322200, 0.7748],
[1665408600, 0.7929],
[1665495000, 0.792],
[1665581400, 0.7477],
[1665667800, 0.7354],
[1665754200, 0.7718],
[1665840600, 0.7848],
[1665927000, 0.7352],
[1666013400, 0.7305],
[1666099800, 0.7695],
[1666186200, 0.7808],
[1666272600, 0.737],
[1666359000, 0.7342],
[1666445400, 0.7939],
[1666531800, 0.7774],
[1666618200, 0.7566],
[1666704600, 0.7536],
[1666791000, 0.7774],
[1666877400, 0.8301],
[1666963800, 0.7488],
[1667050200, 0.7156],
[1667136600, 0.7223],
[1667223000, 0.7394],
[1667309400, 0.7253],
[1667395800, 0.8013],
[1667482200, 0.7596],
[1667568600, 0.7706],
[1667655000, 0.7935],
[1667741400, 0.7927],
[1667827800, 0.7436],
[1667914200, 0.8668],
[1668000600, 0.7514],
[1668087000, 0.8018],
[1668173400, 0.7557],
[1668259800, 0.7635],
[1668346200, 0.7609],
[1668432600, 0.7941],
[1668519000, 0.776],
[1668605400, 0.7716],
[1668691800, 0.7506],
[1668778200, 0.7161],
[1668864600, 0.7253],
[1668951000, 0.7482],
[1669037400, 0.734],
[1669123800, 0.7594],
[1669210200, 0.7061],
[1669296600, 0.707],
[1669383000, 0.6944],
[1669469400, 0.6891],
[1669555800, 0.6802],
[1669642200, 0.7157],
[1669728600, 0.8527],
[1669815000, 0.8285],
[1669901400, 0.8405],
[1669987800, 0.7576],
[1670074200, 0.7238],
[1670160600, 0.8133],
[1670247000, 0.8146],
[1670333400, 0.808],
[1670419800, 0.7536],
[1670506200, 0.7878],
[1670592600, 0.7984],
[1670679000, 0.8296],
[1670765400, 0.7673],
[1670851800, 0.7719],
[1670938200, 0.7717],
[1671024600, 0.7471],
[1671111000, 0.7686],
[1671197400, 0.7847],
[1671283800, 0.7979],
[1671370200, 0.8168],
[1671456600, 0.877],
[1671543000, 0.9079],
[1671629400, 0.8738],
[1671715800, 0.8619],
[1671802200, 0.9066],
[1671888600, 0.9423],
[1671975000, 0.8401],
[1672061400, 0.8365],
[1672147800, 0.7771],
[1672234200, 0.7498],
[1672320600, 0.749],
[1672407000, 0.7733],
[1672493400, 0.7472],
[1672579800, 0.7526],
[1672666200, 0.8932],
[1672752600, 0.748],
[1672839000, 0.8058],
[1672925400, 0.7649],
[1673011800, 0.8154],
[1673098200, 0.8274],
[1673184600, 0.8533],
[1673271000, 0.909],
[1673357400, 0.8565],
[1673443800, 0.7895],
[1673530200, 0.7885],
[1673616600, 0.7993],
[1673703000, 0.7934],
[1673789400, 0.778],
[1673875800, 0.787],
[1673962200, 0.7789],
[1674048600, 0.7816],
[1674135000, 0.794],
[1674221400, 0.8011],
[1674307800, 0.7635],
[1674394200, 0.7718],
[1674480600, 0.7875],
[1674567000, 0.7844],
[1674653400, 0.7959],
[1674739800, 0.7853],
[1674826200, 0.7918],
[1674912600, 0.8066],
[1674999000, 0.8074],
[1675085400, 0.8045],
[1675171800, 0.7882],
[1675258200, 0.7956],
[1675344600, 0.8048],
[1675431000, 0.8097],
[1675517400, 0.8],
[1675603800, 0.7927],
[1675690200, 0.7664],
[1675776600, 0.7241],
[1675863000, 0.7028],
[1675949400, 0.7048],
[1676035800, 0.6778],
[1676122200, 0.731],
[1676208600, 0.7039],
[1676295000, 0.7079],
[1676381400, 0.7678],
[1676467800, 0.7263],
[1676554200, 0.7247],
[1676640600, 0.6965],
[1676727000, 0.7256],
[1676813400, 0.7091],
[1676899800, 0.729],
[1677072600, 0.7015],
[1677159000, 0.708],
[1677245400, 0.6703],
[1677331800, 0.6407],
[1677418200, 0.6567],
[1677504600, 0.6586],
[1677591000, 0.65],
[1677677400, 0.6594],
[1677763800, 0.6757],
[1677850200, 0.6642],
[1677936600, 0.6817],
[1678023000, 0.6488],
[1678109400, 0.6501],
[1678195800, 0.64],
[1678282200, 0.6306],
[1678368600, 0.6415],
[1678455000, 0.637],
[1678541400, 0.6726],
[1678627800, 0.6883],
[1678714200, 0.6425],
[1678800600, 0.6537],
[1678887000, 0.6483],
[1678973400, 0.6747],
[1679059800, 0.6741],
[1679146200, 0.654],
[1679232600, 0.6727],
[1679319000, 0.6496],
[1679405400, 0.6544],
[1679491800, 0.668],
[1679578200, 0.691],
[1679664600, 0.6997],
[1679751000, 0.6791],
[1679837400, 0.7363],
[1679923800, 0.7232],
[1680010200, 0.7742],
[1680096600, 0.724],
[1680183000, 0.7575],
[1680269400, 0.7656],
[1680355800, 0.7747],
[1680445800, 0.7432],
[1680532200, 0.768],
[1680618600, 0.7112],
[1680705000, 0.7112]]
