[[1578144600, 2.53],
[1578231000, 2.53],
[1578317400, 2.53],
[1578403800, 2.53],
[1578490200, 2.54],
[1578576600, 2.53],
[1578663000, 2.53],
[1578749400, 2.53],
[1578835800, 2.53],
[1578922200, 2.53],
[1579008600, 2.54],
[1579095000, 2.53],
[1579181400, 2.54],
[1579267800, 2.53],
[1579354200, 2.53],
[1579440600, 2.53],
[1579527000, 2.53],
[1579613400, 2.53],
[1579699800, 2.53],
[1579786200, 2.53],
[1579872600, 2.53],
[1579959000, 2.53],
[1580045400, 2.53],
[1580131800, 2.53],
[1580218200, 2.53],
[1580304600, 2.54],
[1580391000, 2.53],
[1580477400, 2.54],
[1580563800, 2.54],
[1580650200, 2.54],
[1580736600, 2.53],
[1580823000, 2.53],
[1580909400, 2.54],
[1580995800, 2.53],
[1581082200, 2.53],
[1581168600, 2.53],
[1581255000, 2.53],
[1581341400, 2.54],
[1581427800, 2.53],
[1581514200, 2.53],
[1581600600, 2.53],
[1581687000, 2.53],
[1581773400, 2.53],
[1581859800, 2.53],
[1581946200, 2.53],
[1582032600, 2.53],
[1582119000, 2.53],
[1582205400, 2.53],
[1582291800, 2.53],
[1582378200, 2.53],
[1582464600, 2.54],
[1582551000, 2.54],
[1582637400, 2.53],
[1582723800, 2.55],
[1582810200, 2.53],
[1582896600, 2.53],
[1582983000, 2.53],
[1583069400, 2.53],
[1583155800, 2.54],
[1583242200, 2.54],
[1583328600, 2.54],
[1583415000, 2.54],
[1583501400, 2.54],
[1583587800, 2.54],
[1583674200, 2.54],
[1583760600, 2.54],
[1583847000, 2.54],
[1583933400, 2.54],
[1584019800, 2.53],
[1584106200, 2.53],
[1584192600, 2.54],
[1584279000, 2.55],
[1584365400, 2.54],
[1584451800, 2.54],
[1584538200, 2.54],
[1584624600, 2.54],
[1584711000, 2.54],
[1584797400, 2.54],
[1584883800, 2.54],
[1584970200, 2.54],
[1585056600, 2.54],
[1585143000, 2.54],
[1585229400, 2.54],
[1585315800, 2.54],
[1585402200, 2.54],
[1585488600, 2.54],
[1585575000, 2.54],
[1585661400, 2.54],
[1585747800, 2.54],
[1585834200, 2.54],
[1585920600, 2.54],
[1586007000, 2.54],
[1586097000, 2.53],
[1586183400, 2.53],
[1586269800, 2.53],
[1586356200, 2.54],
[1586442600, 2.53],
[1586529000, 2.54],
[1586615400, 2.53],
[1586701800, 2.53],
[1586788200, 2.53],
[1586874600, 2.53],
[1586961000, 2.53],
[1587047400, 2.53],
[1587133800, 2.53],
[1587220200, 2.53],
[1587306600, 2.53],
[1587393000, 2.53],
[1587479400, 2.53],
[1587565800, 2.54],
[1587652200, 2.53],
[1587738600, 2.53],
[1587825000, 2.54],
[1587911400, 2.54],
[1587997800, 2.53],
[1588084200, 2.53],
[1588170600, 2.53],
[1588257000, 2.53],
[1588343400, 2.53],
[1588429800, 2.53],
[1588516200, 2.53],
[1588602600, 2.53],
[1588689000, 2.53],
[1588775400, 2.53],
[1588861800, 2.53],
[1588948200, 2.53],
[1589034600, 2.53],
[1589121000, 2.53],
[1589207400, 2.53],
[1589293800, 2.53],
[1589380200, 2.53],
[1589466600, 2.53],
[1589553000, 2.53],
[1589639400, 2.53],
[1589725800, 2.53],
[1589812200, 2.53],
[1589898600, 2.53],
[1589985000, 2.53],
[1590071400, 2.53],
[1590157800, 2.53],
[1590244200, 2.53],
[1590330600, 2.53],
[1590417000, 2.53],
[1590503400, 2.53],
[1590589800, 2.53],
[1590676200, 2.53],
[1590762600, 2.53],
[1590849000, 2.53],
[1590935400, 2.53],
[1591021800, 2.53],
[1591108200, 2.53],
[1591194600, 2.53],
[1591281000, 2.53],
[1591367400, 2.53],
[1591453800, 2.53],
[1591540200, 2.53],
[1591626600, 2.53],
[1591713000, 2.53],
[1591799400, 2.53],
[1591885800, 2.53],
[1591972200, 2.53],
[1592058600, 2.53],
[1592145000, 2.53],
[1592231400, 2.53],
[1592317800, 2.53],
[1592404200, 2.53],
[1592490600, 2.53],
[1592577000, 2.53],
[1592663400, 2.53],
[1592749800, 2.53],
[1592836200, 2.53],
[1592922600, 2.53],
[1593009000, 2.53],
[1593095400, 2.53],
[1593181800, 2.53],
[1593268200, 2.53],
[1593354600, 2.53],
[1593441000, 2.53],
[1593527400, 2.53],
[1593613800, 2.53],
[1593700200, 2.53],
[1593786600, 2.53],
[1593873000, 2.53],
[1593959400, 2.53],
[1594045800, 2.53],
[1594132200, 2.53],
[1594218600, 2.53],
[1594305000, 2.54],
[1594391400, 2.54],
[1594477800, 2.54],
[1594564200, 2.54],
[1594650600, 2.54],
[1594737000, 2.54],
[1594823400, 2.54],
[1594909800, 2.54],
[1594996200, 2.53],
[1595082600, 2.53],
[1595169000, 2.53],
[1595255400, 2.53],
[1595341800, 2.53],
[1595428200, 2.53],
[1595514600, 2.55],
[1595601000, 2.55],
[1595687400, 2.53],
[1595773800, 2.53],
[1595860200, 2.53],
[1595946600, 2.53],
[1596033000, 2.53],
[1596119400, 2.53],
[1596205800, 2.53],
[1596292200, 2.53],
[1596378600, 2.53],
[1596465000, 2.53],
[1596551400, 2.54],
[1596637800, 2.54],
[1596724200, 2.54],
[1596810600, 2.54],
[1596897000, 2.54],
[1596983400, 2.54],
[1597069800, 2.54],
[1597156200, 2.54],
[1597242600, 2.54],
[1597329000, 2.54],
[1597415400, 2.54],
[1597501800, 2.54],
[1597588200, 2.54],
[1597674600, 2.54],
[1597761000, 2.54],
[1597847400, 2.54],
[1597933800, 2.54],
[1598020200, 2.54],
[1598106600, 2.54],
[1598193000, 2.54],
[1598279400, 2.54],
[1598365800, 2.54],
[1598452200, 2.54],
[1598538600, 2.54],
[1598625000, 2.54],
[1598711400, 2.54],
[1598797800, 2.54],
[1598884200, 2.54],
[1598970600, 2.54],
[1599057000, 2.54],
[1599143400, 2.54],
[1599229800, 2.54],
[1599316200, 2.54],
[1599402600, 2.54],
[1599489000, 2.54],
[1599575400, 2.54],
[1599661800, 2.54],
[1599748200, 2.54],
[1599834600, 2.54],
[1599921000, 2.54],
[1600007400, 2.54],
[1600093800, 2.54],
[1600180200, 2.54],
[1600266600, 2.54],
[1600353000, 2.54],
[1600439400, 2.54],
[1600525800, 2.54],
[1600612200, 2.54],
[1600698600, 2.54],
[1600785000, 2.54],
[1600871400, 2.54],
[1600957800, 2.54],
[1601044200, 2.54],
[1601130600, 2.54],
[1601217000, 2.54],
[1601303400, 2.54],
[1601389800, 2.54],
[1601476200, 2.54],
[1601562600, 2.54],
[1601649000, 2.54],
[1601735400, 2.54],
[1601818200, 2.54],
[1601904600, 2.54],
[1601991000, 2.54],
[1602077400, 2.54],
[1602163800, 2.54],
[1602250200, 2.54],
[1602336600, 2.54],
[1602423000, 2.54],
[1602509400, 2.54],
[1602595800, 2.54],
[1602682200, 2.54],
[1602768600, 2.54],
[1602855000, 2.54],
[1602941400, 2.54],
[1603027800, 2.54],
[1603114200, 2.54],
[1603200600, 2.54],
[1603287000, 2.54],
[1603373400, 2.54],
[1603459800, 2.54],
[1603546200, 2.54],
[1603632600, 2.54],
[1603719000, 2.54],
[1603805400, 2.54],
[1603891800, 2.54],
[1603978200, 2.54],
[1604064600, 2.54],
[1604151000, 2.54],
[1604237400, 2.51],
[1604323800, 2.51],
[1604410200, 2.51],
[1604496600, 2.51],
[1604583000, 2.51],
[1604669400, 2.51],
[1604755800, 2.51],
[1604842200, 2.51],
[1604928600, 2.51],
[1605015000, 2.51],
[1605101400, 2.51],
[1605187800, 2.51],
[1605274200, 2.51],
[1605360600, 2.51],
[1605447000, 2.51],
[1605533400, 2.51],
[1605619800, 2.51],
[1605706200, 2.52],
[1605792600, 2.52],
[1605879000, 2.51],
[1605965400, 2.52],
[1606051800, 2.52],
[1606138200, 2.51],
[1606224600, 2.51],
[1606311000, 2.51],
[1606397400, 2.51],
[1606483800, 2.51],
[1606570200, 2.51],
[1606656600, 2.52],
[1606743000, 2.52],
[1606829400, 2.52],
[1606915800, 2.51],
[1607002200, 2.51],
[1607088600, 2.51],
[1607175000, 2.51],
[1607261400, 2.51],
[1607347800, 2.51],
[1607434200, 2.51],
[1607520600, 2.51],
[1607607000, 2.51],
[1607693400, 2.51],
[1607779800, 2.51],
[1607866200, 2.51],
[1607952600, 2.51],
[1608039000, 2.51],
[1608125400, 2.51],
[1608211800, 2.51],
[1608298200, 2.51],
[1608384600, 2.51],
[1608471000, 2.51],
[1608557400, 2.51],
[1608643800, 2.51],
[1608730200, 2.51],
[1608816600, 2.51],
[1608903000, 2.51],
[1608989400, 2.51],
[1609075800, 2.51],
[1609162200, 2.51],
[1609248600, 2.51],
[1609335000, 2.51],
[1609421400, 2.51],
[1609507800, 2.51],
[1609594200, 2.51],
[1609680600, 2.51],
[1609767000, 2.51],
[1609853400, 2.51],
[1609939800, 2.51],
[1610026200, 2.51],
[1610112600, 2.51],
[1610199000, 2.51],
[1610285400, 2.51],
[1610371800, 2.51],
[1610458200, 2.51],
[1610544600, 2.51],
[1610631000, 2.52],
[1610717400, 2.52],
[1610803800, 2.52],
[1610890200, 2.52],
[1610976600, 2.52],
[1611063000, 2.52],
[1611149400, 2.52],
[1611235800, 2.52],
[1611322200, 2.52],
[1611408600, 2.52],
[1611495000, 2.52],
[1611581400, 2.52],
[1611667800, 2.52],
[1611754200, 2.52],
[1611840600, 2.52],
[1611927000, 2.52],
[1612013400, 2.52],
[1612099800, 2.52],
[1612186200, 2.52],
[1612272600, 2.52],
[1612359000, 2.52],
[1612445400, 2.52],
[1612531800, 2.52],
[1612618200, 2.52],
[1612704600, 2.52],
[1612791000, 2.52],
[1612877400, 2.52],
[1612963800, 2.52],
[1613050200, 2.52],
[1613136600, 2.52],
[1613223000, 2.52],
[1613309400, 2.52],
[1613395800, 2.52],
[1613482200, 2.52],
[1613568600, 2.52],
[1613655000, 2.51],
[1613741400, 2.52],
[1613827800, 2.52],
[1613914200, 2.52],
[1614000600, 2.52],
[1614087000, 2.52],
[1614173400, 2.52],
[1614259800, 2.52],
[1614346200, 2.52],
[1614432600, 2.52],
[1614519000, 2.52],
[1614605400, 2.52],
[1614691800, 2.52],
[1614778200, 2.53],
[1614864600, 2.52],
[1614951000, 2.52],
[1615037400, 2.52],
[1615123800, 2.52],
[1615210200, 2.52],
[1615296600, 2.52],
[1615383000, 2.53],
[1615469400, 2.53],
[1615555800, 2.53],
[1615642200, 2.52],
[1615728600, 2.53],
[1615815000, 2.53],
[1615901400, 2.52],
[1615987800, 2.52],
[1616074200, 2.52],
[1616160600, 2.52],
[1616247000, 2.52],
[1616333400, 2.52],
[1616419800, 2.52],
[1616506200, 2.52],
[1616592600, 2.52],
[1616679000, 2.52],
[1616765400, 2.52],
[1616851800, 2.52],
[1616938200, 2.52],
[1617024600, 2.52],
[1617111000, 2.52],
[1617197400, 2.52],
[1617283800, 2.53],
[1617370200, 2.53],
[1617456600, 2.52],
[1617546600, 2.53],
[1617633000, 2.53],
[1617719400, 2.52],
[1617805800, 2.52],
[1617892200, 2.53],
[1617978600, 2.52],
[1618065000, 2.53],
[1618151400, 2.52],
[1618237800, 2.53],
[1618324200, 2.52],
[1618410600, 2.52],
[1618497000, 2.52],
[1618583400, 2.52],
[1618669800, 2.52],
[1618756200, 2.52],
[1618842600, 2.52],
[1618929000, 2.52],
[1619015400, 2.52],
[1619101800, 2.52],
[1619188200, 2.52],
[1619274600, 2.52],
[1619361000, 2.52],
[1619447400, 2.52],
[1619533800, 2.52],
[1619620200, 2.52],
[1619706600, 2.52],
[1619793000, 2.52],
[1619879400, 2.52],
[1619965800, 2.52],
[1620052200, 2.53],
[1620138600, 2.56],
[1620225000, 2.55],
[1620311400, 2.55],
[1620397800, 2.54],
[1620484200, 2.53],
[1620570600, 2.54],
[1620657000, 2.54],
[1620743400, 2.54],
[1620829800, 2.54],
[1620916200, 2.54],
[1621002600, 2.55],
[1621089000, 2.55],
[1621175400, 2.54],
[1621261800, 2.54],
[1621348200, 2.54],
[1621434600, 2.54],
[1621521000, 2.54],
[1621607400, 2.53],
[1621693800, 2.53],
[1621780200, 2.53],
[1621866600, 2.54],
[1621953000, 2.53],
[1622039400, 2.53],
[1622125800, 2.54],
[1622212200, 2.53],
[1622298600, 2.54],
[1622385000, 2.53],
[1622471400, 2.55],
[1622557800, 2.55],
[1622644200, 2.55],
[1622730600, 2.56],
[1622817000, 2.56],
[1622903400, 2.56],
[1622989800, 2.56],
[1623076200, 2.55],
[1623162600, 2.56],
[1623249000, 2.56],
[1623335400, 2.55],
[1623421800, 2.55],
[1623508200, 2.55],
[1623594600, 2.55],
[1623681000, 2.55],
[1623767400, 2.55],
[1623853800, 2.55],
[1623940200, 2.55],
[1624026600, 2.55],
[1624113000, 2.55],
[1624199400, 2.55],
[1624285800, 2.54],
[1624372200, 2.55],
[1624458600, 2.54],
[1624545000, 2.54],
[1624631400, 2.55],
[1624717800, 2.54],
[1624804200, 2.53],
[1624890600, 2.55],
[1624977000, 2.54],
[1625063400, 2.55],
[1625149800, 2.54],
[1625236200, 2.55],
[1625236200, 2.55],
[1625322600, 2.53],
[1625409000, 2.54],
[1625495400, 2.54],
[1625581800, 2.55],
[1625668200, 2.54],
[1625754600, 2.54],
[1625841000, 2.54],
[1625927400, 2.54],
[1626013800, 2.54],
[1626100200, 2.54],
[1626186600, 2.54],
[1626273000, 2.54],
[1626359400, 2.54],
[1626445800, 2.54],
[1626532200, 2.54],
[1626618600, 2.54],
[1626705000, 2.54],
[1626791400, 2.54],
[1626877800, 2.54],
[1626964200, 2.54],
[1627050600, 2.54],
[1627137000, 2.54],
[1627223400, 2.54],
[1627309800, 2.54],
[1627396200, 2.54],
[1627482600, 2.54],
[1627569000, 2.54],
[1627655400, 2.54],
[1627741800, 2.54],
[1627828200, 2.54],
[1627914600, 2.54],
[1628001000, 2.54],
[1628087400, 2.54],
[1628173800, 2.54],
[1628260200, 2.54],
[1628346600, 2.54],
[1628433000, 2.54],
[1628519400, 2.54],
[1628605800, 2.54],
[1628692200, 2.54],
[1628778600, 2.54],
[1628865000, 2.54],
[1628951400, 2.54],
[1629037800, 2.54],
[1629124200, 2.54],
[1629210600, 2.54],
[1629297000, 2.54],
[1629383400, 2.54],
[1629469800, 2.54],
[1629556200, 2.54],
[1629642600, 2.54],
[1629729000, 2.54],
[1629815400, 2.54],
[1629901800, 2.54],
[1629988200, 2.54],
[1630074600, 2.54],
[1630161000, 2.54],
[1630247400, 2.54],
[1630333800, 2.54],
[1630420200, 2.54],
[1630506600, 2.54],
[1630593000, 2.54],
[1630679400, 2.53],
[1630765800, 2.54],
[1630852200, 2.54],
[1630938600, 2.54],
[1631025000, 2.54],
[1631111400, 2.54],
[1631197800, 2.54],
[1631284200, 2.54],
[1631370600, 2.54],
[1631457000, 2.54],
[1631543400, 2.54],
[1631629800, 2.54],
[1631716200, 2.54],
[1631802600, 2.54],
[1631889000, 2.54],
[1631975400, 2.54],
[1632061800, 2.54],
[1632148200, 2.54],
[1632234600, 2.54],
[1632321000, 2.54],
[1632407400, 2.54],
[1632493800, 2.54],
[1632580200, 2.54],
[1632666600, 2.54],
[1632753000, 2.54],
[1632839400, 2.53],
[1632925800, 2.54],
[1633012200, 2.54],
[1633098600, 2.54],
[1633185000, 2.54],
[1633267800, 2.54],
[1633354200, 2.53],
[1633440600, 2.53],
[1633527000, 2.53],
[1633613400, 2.53],
[1633699800, 2.54],
[1633786200, 2.53],
[1633872600, 2.53],
[1633959000, 2.53],
[1634045400, 2.53],
[1634131800, 2.53],
[1634218200, 2.53],
[1634304600, 2.53],
[1634391000, 2.53],
[1634477400, 2.54],
[1634563800, 2.53],
[1634650200, 2.53],
[1634736600, 2.53],
[1634823000, 2.53],
[1634909400, 2.53],
[1634995800, 2.53],
[1635082200, 2.53],
[1635168600, 2.53],
[1635255000, 2.53],
[1635341400, 2.53],
[1635427800, 2.53],
[1635514200, 2.53],
[1635600600, 2.53],
[1635687000, 2.53],
[1635773400, 2.53],
[1635859800, 2.53],
[1635946200, 2.53],
[1636032600, 2.53],
[1636119000, 2.53],
[1636205400, 2.53],
[1636291800, 2.53],
[1636378200, 2.53],
[1636464600, 2.53],
[1636551000, 2.53],
[1636637400, 2.53],
[1636723800, 2.53],
[1636810200, 2.53],
[1636896600, 2.53],
[1636983000, 2.53],
[1637069400, 2.53],
[1637155800, 2.53],
[1637242200, 2.53],
[1637328600, 2.53],
[1637415000, 2.53],
[1637501400, 2.53],
[1637587800, 2.53],
[1637674200, 2.53],
[1637760600, 2.53],
[1637847000, 2.53],
[1637933400, 2.53],
[1638019800, 2.53],
[1638106200, 2.53],
[1638192600, 2.53],
[1638279000, 2.53],
[1638365400, 2.53],
[1638451800, 2.53],
[1638538200, 2.53],
[1638624600, 2.53],
[1638711000, 2.53],
[1638797400, 2.53],
[1638883800, 2.53],
[1638970200, 2.53],
[1639056600, 2.53],
[1639143000, 2.53],
[1639229400, 2.53],
[1639315800, 2.53],
[1639402200, 2.53],
[1639488600, 2.53],
[1639575000, 2.53],
[1639661400, 2.53],
[1639747800, 2.53],
[1639834200, 2.53],
[1639920600, 2.53],
[1640007000, 2.53],
[1640093400, 2.53],
[1640179800, 2.53],
[1640266200, 2.54],
[1640352600, 2.54],
[1640439000, 2.53],
[1640525400, 2.53],
[1640611800, 2.54],
[1640698200, 2.53],
[1640784600, 2.53],
[1640871000, 2.54],
[1640957400, 2.54],
[1641043800, 2.53],
[1641130200, 2.53],
[1641216600, 2.54],
[1641303000, 2.53],
[1641389400, 2.53],
[1641475800, 2.53],
[1641562200, 2.54],
[1641648600, 2.54],
[1641735000, 2.53],
[1641821400, 2.54],
[1641907800, 2.54],
[1641994200, 2.54],
[1642080600, 2.54],
[1642167000, 2.53],
[1642253400, 2.54],
[1642339800, 2.55],
[1642426200, 2.54],
[1642512600, 2.55],
[1642599000, 2.54],
[1642685400, 2.54],
[1642771800, 2.54],
[1642858200, 2.54],
[1642944600, 2.54],
[1643031000, 2.54],
[1643117400, 2.54],
[1643203800, 2.54],
[1643290200, 2.54],
[1643376600, 2.54],
[1643463000, 2.54],
[1643549400, 2.54],
[1643635800, 2.54],
[1643722200, 2.54],
[1643808600, 2.55],
[1643895000, 2.54],
[1643981400, 2.55],
[1644067800, 2.54],
[1644154200, 2.54],
[1644240600, 2.54],
[1644327000, 2.54],
[1644413400, 2.54],
[1644499800, 2.54],
[1644586200, 2.54],
[1644672600, 2.54],
[1644759000, 2.54],
[1644845400, 2.54],
[1644931800, 2.54],
[1645018200, 2.54],
[1645104600, 2.55],
[1645191000, 2.55],
[1645277400, 2.55],
[1645363800, 2.54],
[1645450200, 2.54],
[1645536600, 2.55],
[1645623000, 2.54],
[1645709400, 2.54],
[1645795800, 2.54],
[1645882200, 2.54],
[1645968600, 2.55],
[1646055000, 2.54],
[1646141400, 2.55],
[1646227800, 2.55],
[1646314200, 2.54],
[1646400600, 2.55],
[1646487000, 2.55],
[1646573400, 2.55],
[1646659800, 2.55],
[1646746200, 2.55],
[1646832600, 2.54],
[1646919000, 2.54],
[1647005400, 2.55],
[1647091800, 2.54],
[1647178200, 2.54],
[1647264600, 2.54],
[1647351000, 2.55],
[1647437400, 2.55],
[1647523800, 2.55],
[1647610200, 2.55],
[1647696600, 2.55],
[1647783000, 2.55],
[1647869400, 2.55],
[1647955800, 2.55],
[1648042200, 2.55],
[1648128600, 2.55],
[1648215000, 2.56],
[1648301400, 2.56],
[1648387800, 2.56],
[1648474200, 2.56],
[1648560600, 2.56],
[1648647000, 2.56],
[1648733400, 2.55],
[1648819800, 2.55],
[1648906200, 2.56],
[1648996200, 2.56],
[1649082600, 2.56],
[1649169000, 2.56],
[1649255400, 2.57],
[1649341800, 2.58],
[1649428200, 2.58],
[1649514600, 2.58],
[1649601000, 2.58],
[1649687400, 2.58],
[1649773800, 2.58],
[1649860200, 2.58],
[1649946600, 2.55],
[1650033000, 2.56],
[1650119400, 2.57],
[1650205800, 2.56],
[1650292200, 2.57],
[1650378600, 2.57],
[1650465000, 2.57],
[1650551400, 2.57],
[1650637800, 2.57],
[1650724200, 2.57],
[1650810600, 2.57],
[1650897000, 2.57],
[1650983400, 2.57],
[1651069800, 2.57],
[1651156200, 2.56],
[1651242600, 2.57],
[1651329000, 2.56],
[1651415400, 2.57],
[1651501800, 2.56],
[1651588200, 2.57],
[1651674600, 2.57],
[1651761000, 2.57],
[1651847400, 2.56],
[1651933800, 2.56],
[1652020200, 2.57],
[1652106600, 2.56],
[1652193000, 2.56],
[1652279400, 2.56],
[1652365800, 2.56],
[1652452200, 2.56],
[1652538600, 2.56],
[1652625000, 2.56],
[1652711400, 2.56],
[1652797800, 2.56],
[1652884200, 2.56],
[1652970600, 2.56],
[1653057000, 2.56],
[1653143400, 2.55],
[1653229800, 2.55],
[1653316200, 2.55],
[1653402600, 2.56],
[1653489000, 2.56],
[1653575400, 2.55],
[1653661800, 2.56],
[1653748200, 2.56],
[1653834600, 2.56],
[1653921000, 2.56],
[1654007400, 2.56],
[1654093800, 2.57],
[1654180200, 2.58],
[1654266600, 2.56],
[1654353000, 2.57],
[1654439400, 2.57],
[1654525800, 2.56],
[1654612200, 2.57],
[1654698600, 2.56],
[1654785000, 2.56],
[1654871400, 2.56],
[1654957800, 2.56],
[1655044200, 2.56],
[1655130600, 2.56],
[1655217000, 2.56],
[1655303400, 2.57],
[1655389800, 2.56],
[1655476200, 2.57],
[1655562600, 2.56],
[1655649000, 2.56],
[1655735400, 2.56],
[1655821800, 2.56],
[1655908200, 2.56],
[1655994600, 2.56],
[1656081000, 2.56],
[1656167400, 2.56],
[1656253800, 2.56],
[1656340200, 2.56],
[1656426600, 2.56],
[1656513000, 2.56],
[1656599400, 2.56],
[1656685800, 2.57],
[1656772200, 2.57],
[1656858600, 2.56],
[1656945000, 2.56],
[1657031400, 2.56],
[1657117800, 2.57],
[1657204200, 2.56],
[1657290600, 2.56],
[1657377000, 2.57],
[1657463400, 2.57],
[1657549800, 2.57],
[1657636200, 2.57],
[1657722600, 2.57],
[1657809000, 2.58],
[1657895400, 2.57],
[1657981800, 2.57],
[1658068200, 2.57],
[1658154600, 2.57],
[1658241000, 2.58],
[1658327400, 2.57],
[1658413800, 2.58],
[1658500200, 2.59],
[1658586600, 2.59],
[1658673000, 2.6],
[1658759400, 2.59],
[1658845800, 2.59],
[1658932200, 2.59],
[1659018600, 2.6],
[1659105000, 2.6],
[1659191400, 2.6],
[1659277800, 2.59],
[1659364200, 2.59],
[1659450600, 2.59],
[1659537000, 2.59],
[1659623400, 2.59],
[1659709800, 2.6],
[1659796200, 2.59],
[1659882600, 2.59],
[1659969000, 2.6],
[1660055400, 2.59],
[1660141800, 2.6],
[1660228200, 2.59],
[1660314600, 2.59],
[1660401000, 2.59],
[1660487400, 2.59],
[1660573800, 2.59],
[1660660200, 2.59],
[1660746600, 2.59],
[1660833000, 2.59],
[1660919400, 2.59],
[1661005800, 2.59],
[1661092200, 2.6],
[1661178600, 2.6],
[1661265000, 2.6],
[1661351400, 2.59],
[1661437800, 2.59],
[1661524200, 2.59],
[1661610600, 2.59],
[1661697000, 2.6],
[1661783400, 2.59],
[1661869800, 2.6],
[1661956200, 2.59],
[1662042600, 2.6],
[1662129000, 2.59],
[1662215400, 2.59],
[1662301800, 2.59],
[1662388200, 2.6],
[1662474600, 2.59],
[1662561000, 2.6],
[1662647400, 2.6],
[1662733800, 2.6],
[1662820200, 2.6],
[1662906600, 2.6],
[1662993000, 2.6],
[1663079400, 2.61],
[1663165800, 2.61],
[1663252200, 2.61],
[1663338600, 2.61],
[1663425000, 2.61],
[1663511400, 2.62],
[1663597800, 2.64],
[1663684200, 2.63],
[1663770600, 2.63],
[1663857000, 2.66],
[1663943400, 2.67],
[1664029800, 2.65],
[1664116200, 2.65],
[1664202600, 2.65],
[1664289000, 2.64],
[1664375400, 2.64],
[1664461800, 2.64],
[1664548200, 2.63],
[1664634600, 2.63],
[1664717400, 2.63],
[1664803800, 2.63],
[1664890200, 2.62],
[1664976600, 2.63],
[1665063000, 2.62],
[1665149400, 2.61],
[1665235800, 2.62],
[1665322200, 2.61],
[1665408600, 2.61],
[1665495000, 2.61],
[1665581400, 2.61],
[1665667800, 2.61],
[1665754200, 2.61],
[1665840600, 2.61],
[1665927000, 2.61],
[1666013400, 2.61],
[1666099800, 2.61],
[1666186200, 2.61],
[1666272600, 2.61],
[1666359000, 2.61],
[1666445400, 2.61],
[1666531800, 2.61],
[1666618200, 2.61],
[1666704600, 2.61],
[1666791000, 2.61],
[1666877400, 2.61],
[1666963800, 2.6],
[1667050200, 2.61],
[1667136600, 2.61],
[1667223000, 2.61],
[1667309400, 2.62],
[1667395800, 2.61],
[1667482200, 2.61],
[1667568600, 2.61],
[1667655000, 2.61],
[1667741400, 2.61],
[1667827800, 2.62],
[1667914200, 2.62],
[1668000600, 2.62],
[1668087000, 2.62],
[1668173400, 2.62],
[1668259800, 2.62],
[1668346200, 2.62],
[1668432600, 2.62],
[1668519000, 2.61],
[1668605400, 2.61],
[1668691800, 2.61],
[1668778200, 2.62],
[1668864600, 2.62],
[1668951000, 2.63],
[1669037400, 2.64],
[1669123800, 2.62],
[1669210200, 2.62],
[1669296600, 2.62],
[1669383000, 2.62],
[1669469400, 2.62],
[1669555800, 2.61],
[1669642200, 2.61],
[1669728600, 2.62],
[1669815000, 2.62],
[1669901400, 2.62],
[1669987800, 2.62],
[1670074200, 2.62],
[1670160600, 2.63],
[1670247000, 2.62],
[1670333400, 2.62],
[1670419800, 2.63],
[1670506200, 2.63],
[1670592600, 2.62],
[1670679000, 2.63],
[1670765400, 2.63],
[1670851800, 2.63],
[1670938200, 2.64],
[1671024600, 2.63],
[1671111000, 2.64],
[1671197400, 2.64],
[1671283800, 2.63],
[1671370200, 2.63],
[1671456600, 2.63],
[1671543000, 2.63],
[1671629400, 2.64],
[1671715800, 2.64],
[1671802200, 2.63],
[1671888600, 2.63],
[1671975000, 2.62],
[1672061400, 2.61],
[1672147800, 2.63],
[1672234200, 2.62],
[1672320600, 2.62],
[1672407000, 2.61],
[1672493400, 2.62],
[1672579800, 2.62],
[1672666200, 2.62],
[1672752600, 2.62],
[1672839000, 2.62],
[1672925400, 2.62],
[1673011800, 2.62],
[1673098200, 2.62],
[1673184600, 2.62],
[1673271000, 2.62],
[1673357400, 2.62],
[1673443800, 2.62],
[1673530200, 2.63],
[1673616600, 2.62],
[1673703000, 2.63],
[1673789400, 2.63],
[1673875800, 2.63],
[1673962200, 2.64],
[1674048600, 2.63],
[1674135000, 2.64],
[1674221400, 2.63],
[1674307800, 2.63],
[1674394200, 2.64],
[1674480600, 2.63],
[1674567000, 2.63],
[1674653400, 2.63],
[1674739800, 2.63],
[1674826200, 2.63],
[1674912600, 2.63],
[1674999000, 2.63],
[1675085400, 2.63],
[1675171800, 2.63],
[1675258200, 2.63],
[1675344600, 2.64],
[1675431000, 2.65],
[1675517400, 2.65],
[1675603800, 2.66],
[1675690200, 2.65],
[1675776600, 2.65],
[1675863000, 2.65],
[1675949400, 2.65],
[1676035800, 2.65],
[1676122200, 2.66],
[1676208600, 2.67],
[1676295000, 2.67],
[1676381400, 2.69],
[1676467800, 2.7],
[1676554200, 2.72],
[1676640600, 2.71],
[1676727000, 2.71]]
