[1635773400.0, 0.02226703050785532],
[1635859800.0, 0.02225628881987578],
[1635946200.0, 0.02226703050785532],
[1636032600.0, 0.02226703050785532],
[1636119000.0, 0.022171122579466573],
[1636205400.0, 0.022171122579466573],
[1636291800.0, 0.022346761965655833],
[1636378200.0, 0.022346761965655833],
[1636464600.0, 0.02205285744732676],
[1636551000.0, 0.02294235020094995],
[1636637400.0, 0.022346761965655833],
[1636723800.0, 0.021967691206917554],
[1636810200.0, 0.022261595725246622],
[1636896600.0, 0.022346761965655833],
[1636983000.0, 0.02205285744732676],
[1637069400.0, 0.022278027950310565],
[1637155800.0, 0.02248145932285958],
[1637242200.0, 0.023156864267446113],
[1637328600.0, 0.024633175009134093],
[1637415000.0, 0.023156864267446113],
[1637501400.0, 0.02343116094263793],
[1637587800.0, 0.023019076543660946],
[1637674200.0, 0.023019076543660946],
[1637760600.0, 0.023118479783217637],
[1637847000.0, 0.022481544574351482],
[1637933400.0, 0.022456501948605535],
[1638019800.0, 0.02352406375593716],
[1638106200.0, 0.02263457100231397],
[1638192600.0, 0.023727495128486178],
[1638279000.0, 0.023727495128486178],
[1638365400.0, 0.023275129399585922],
[1638451800.0, 0.02401074321032761],
[1638538200.0, 0.02401074321032761],
[1638624600.0, 0.023482738095238098],
[1638711000.0, 0.02388182164170016],
[1638797400.0, 0.023513407319449522],
[1638883800.0, 0.024278025819023264],
[1638970200.0, 0.024278025819023264],
[1639056600.0, 0.023415920107173308],
[1639143000.0, 0.0233307538667641],
[1639229400.0, 0.023632970405553528],
[1639315800.0, 0.023632970405553528],
[1639402200.0, 0.023266602119108516],
[1639488600.0, 0.02367634210205822],
[1639575000.0, 0.023382437583729147],
[1639661400.0, 0.023382437583729147],
[1639747800.0, 0.022972697600779447],
[1639834200.0, 0.0228767896723907],
[1639920600.0, 0.0232865296553404],
[1640007000.0, 0.0231019601753745],
[1640093400.0, 0.02353706247716478],
[1640179800.0, 0.023448315674095728],
[1640266200.0, 0.023448315674095728],
[1640352600.0, 0.02349168737060042],
[1640439000.0, 0.02349168737060042],
[1640525400.0, 0.02331361831689198],
[1640611800.0, 0.02299678114724151],
[1640698200.0, 0.02349168737060042],
[1640784600.0, 0.023019713798562907],
[1640871000.0, 0.023019713798562907],
[1640957400.0, 0.023019713798562907],
[1641043800.0, 0.023197782852271347],
[1641130200.0, 0.023197782852271347],
[1641216600.0, 0.02311261661186214],
[1641303000.0, 0.023197782852271347],
[1641389400.0, 0.023197782852271347],
[1641475800.0, 0.023197782852271347],
[1641562200.0, 0.023197782852271347],
[1641648600.0, 0.0232002359639508],
[1641735000.0, 0.022310743210327614],
[1641821400.0, 0.022310743210327614],
[1641907800.0, 0.02190100322737791],
[1641994200.0, 0.0232002359639508],
[1642080600.0, 0.022310743210327614],
[1642167000.0, 0.02213267415661917],
[1642253400.0, 0.022089302460114483],
[1642339800.0, 0.022267371513822926],
[1642426200.0, 0.022267371513822926],
[1642512600.0, 0.023156864267446113],
[1642599000.0, 0.023156864267446113],
[1642685400.0, 0.023341433747412012],
[1642771800.0, 0.023156864267446113],
[1642858200.0, 0.023657701558884428],
[1642944600.0, 0.022768208805261238],
[1643031000.0, 0.023877437279259534],
[1643117400.0, 0.024270659785653396],
[1643203800.0, 0.023781529350870786],
[1643290200.0, 0.023828843928875902],
[1643376600.0, 0.023781529350870786],
[1643463000.0, 0.025348526367068573],
[1643549400.0, 0.024118805565704546],
[1643635800.0, 0.024118805565704546],
[1643722200.0, 0.024118805565704546],
[1643808600.0, 0.027065597978321768],
[1643895000.0, 0.026768283400316655],
[1643981400.0, 0.024494764644988436],
[1644067800.0, 0.025561367373036176],
[1644154200.0, 0.025168144866642313],
[1644240600.0, 0.02487424034831324],
[1644327000.0, 0.024830868651808554],
[1644413400.0, 0.025809342650103526],
[1644499800.0, 0.026422482036292782],
[1644586200.0, 0.024946171294604805],
[1644672600.0, 0.024830868651808554],
[1644759000.0, 0.024830868651808554],
[1644845400.0, 0.026350551090001225],
[1644931800.0, 0.026350551090001225],
[1645018200.0, 0.026350551090001225],
[1645104600.0, 0.026654962854707104],
[1645191000.0, 0.026051211789063458],
[1645277400.0, 0.026451531482158088],
[1645363800.0, 0.02980739556692243],
[1645450200.0, 0.0301013000852515],
[1645536600.0, 0.029648934356351245],
[1645623000.0, 0.02674543600048716],
[1645709400.0, 0.02674543600048716],
[1645795800.0, 0.026649528072098413],
[1645882200.0, 0.029248614663256615],
[1645968600.0, 0.02704235629034223],
[1646055000.0, 0.029641442881500432],
[1646141400.0, 0.02470287419315553],
[1646227800.0, 0.027683554073803438],
[1646314200.0, 0.027539201985141884],
[1646400600.0, 0.02537625441480941],
[1646487000.0, 0.026763722445499946],
[1646573400.0, 0.027304930885397646],
[1646659800.0, 0.02685256515649739],
[1646746200.0, 0.02553432133723055],
[1646832600.0, 0.027119967117281703],
[1646919000.0, 0.026121139325295344],
[1647005400.0, 0.026170265497503356],
[1647091800.0, 0.026170265497503356],
[1647178200.0, 0.026170265497503356],
[1647264600.0, 0.026170265497503356],
[1647351000.0, 0.025491663621970532],
[1647437400.0, 0.026311463280964568],
[1647523800.0, 0.026311463280964568],
[1647610200.0, 0.02660536779929364],
[1647696600.0, 0.025742196443794916],
[1647783000.0, 0.026311463280964568],
[1647869400.0, 0.026311463280964568],
[1647955800.0, 0.026050817500913415],
[1648042200.0, 0.026050817500913415],
[1648128600.0, 0.026444040007307275],
[1648215000.0, 0.026444040007307275],
[1648301400.0, 0.026567867799293633],
[1648387800.0, 0.026567867799293633],
[1648474200.0, 0.026259470527341375],
[1648560600.0, 0.02490659328948971],
[1648647000.0, 0.02586545944464743],
[1648733400.0, 0.02586545944464743],
[1648819800.0, 0.02545571946169773],
[1648906200.0, 0.02545571946169773],
[1648996200.0, 0.02586545944464743],
[1649082600.0, 0.02545571946169773],
[1649169000.0, 0.02564028894166363],
[1649255400.0, 0.023710546827426626],
[1649341800.0, 0.026354440689319213],
[1649428200.0, 0.02586545944464743],
[1649514600.0, 0.02586545944464743],
[1649601000.0, 0.02586545944464743],
[1649687400.0, 0.02586545944464743],
[1649773800.0, 0.02586545944464743],
[1649860200.0, 0.02586545944464743],
[1649946600.0, 0.026902320058458173],
[1650033000.0, 0.026621842650103526],
[1650119400.0, 0.026621842650103526],
[1650205800.0, 0.026621842650103526],
[1650292200.0, 0.026293304713189632],
[1650378600.0, 0.026477874193155528],
[1650465000.0, 0.026477874193155528],
[1650551400.0, 0.026477874193155528],
[1650637800.0, 0.026477874193155528],
[1650724200.0, 0.02710071093654854],
[1650810600.0, 0.02680680641821947],
[1650897000.0, 0.025759065582754846],
[1650983400.0, 0.02551013122640361],
[1651069800.0, 0.026557872061868232],
[1651156200.0, 0.02569470070636951],
[1651242600.0, 0.02581852849835587],
[1651329000.0, 0.025633959018389968],
[1651415400.0, 0.02543052764584095],
[1651501800.0, 0.025310685361100968],
[1651588200.0, 0.025002288089148707],
[1651674600.0, 0.025186857569114606],
[1651761000.0, 0.025002288089148707],
[1651847400.0, 0.025002288089148707],
[1651933800.0, 0.02344081110705152],
[1652020200.0, 0.025369487577639755],
[1652106600.0, 0.02344081110705152],
[1652193000.0, 0.023525977347460727],
[1652279400.0, 0.023525977347460727],
[1652365800.0, 0.023210103824138354],
[1652452200.0, 0.024917516136889542],
[1652538600.0, 0.023441205395201562],
[1652625000.0, 0.022551712641578372],
[1652711400.0, 0.023441205395201562],
[1652797800.0, 0.022715197600779446],
[1652884200.0, 0.023579739069540865],
[1652970600.0, 0.02312737334064061],
[1653057000.0, 0.02521685543782731],
[1653143400.0, 0.02363278072098405],
[1653229800.0, 0.023124937583729147],
[1653316200.0, 0.024990826330532217],
[1653402600.0, 0.023514121300694194],
[1653489000.0, 0.025002288089148707],
[1653575400.0, 0.02530669985385459],
[1653661800.0, 0.02529604341736695],
[1653748200.0, 0.024979775605894535],
[1653834600.0, 0.02381973267567897],
[1653921000.0, 0.02529604341736695],
[1654007400.0, 0.02529604341736695],
[1654093800.0, 0.024675363841188652],
[1654180200.0, 0.025176201132626967],
[1654266600.0, 0.025576520825721597],
[1654353000.0, 0.025272109061015714],
[1654439400.0, 0.02329496102788942],
[1654525800.0, 0.02338362257946657],
[1654612200.0, 0.025252792443064186],
[1654698600.0, 0.02555720420777007],
[1654785000.0, 0.025175837748142738],
[1654871400.0, 0.023105217543539155],
[1654957800.0, 0.023008195256363415],
[1655044200.0, 0.023113523474607236],
[1655130600.0, 0.022703783491657536],
[1655217000.0, 0.023503101479722326],
[1655303400.0, 0.02345972978321764],
[1655389800.0, 0.023503101479722326],
[1655476200.0, 0.023503101479722326],
[1655562600.0, 0.024979412221410306],
[1655649000.0, 0.02584258357690903],
[1655735400.0, 0.02436627283522105],
[1655821800.0, 0.02436627283522105],
[1655908200.0, 0.023503101479722326],
[1655994600.0, 0.02446567607477774],
[1656081000.0, 0.02584258357690903],
[1656167400.0, 0.02345972978321764],
[1656253800.0, 0.023155318018511756],
[1656340200.0, 0.023155318018511756],
[1656426600.0, 0.02493604052490562],
[1656513000.0, 0.024979412221410306],
[1656599400.0, 0.023503101479722326],
[1656685800.0, 0.024979412221410306],
[1656772200.0, 0.024979412221410306],
[1656858600.0, 0.023503101479722326],
[1656945000.0, 0.023503101479722326],
[1657031400.0, 0.024569672238460603],
[1657117800.0, 0.023409235020095],
[1657204200.0, 0.023502707191572283],
[1657290600.0, 0.024990873980026796],
[1657377000.0, 0.023104823255389113],
[1657463400.0, 0.0238189750030447],
[1657549800.0, 0.024990873980026796],
[1657636200.0, 0.02490570773961759],
[1657722600.0, 0.023294203355255148],
[1657809000.0, 0.02320903711484594],
[1657895400.0, 0.02320903711484594],
[1657981800.0, 0.023069757489952505],
[1658068200.0, 0.023154923730361713],
[1658154600.0, 0.026023284770429915],
[1658241000.0, 0.026298344142004628],
[1658327400.0, 0.023138406253805872],
[1658413800.0, 0.02450349576787237],
[1658500200.0, 0.02522950356229449],
[1658586600.0, 0.024819763579344786],
[1658673000.0, 0.026254865881135066],
[1658759400.0, 0.025730094233345515],
[1658845800.0, 0.027154177779807578],
[1658932200.0, 0.026219075478017297],
[1659018600.0, 0.025447688009986605],
[1659105000.0, 0.025488896449884304],
[1659191400.0, 0.023612266015101694],
[1659277800.0, 0.023138800541955915],
[1659364200.0, 0.025392988521495557],
[1659450600.0, 0.025047368316891975],
[1659537000.0, 0.02536363612836439],
[1659623400.0, 0.02392853382657411],
[1659709800.0, 0.02347158582998417],
[1659796200.0, 0.02445299034831324],
[1659882600.0, 0.024349015497503353],
[1659969000.0, 0.025502915753257825],
[1660055400.0, 0.02591265573620753],
[1660141800.0, 0.02582748949579832],
[1660228200.0, 0.02439238719400804],
[1660314600.0, 0.024076119382535625],
[1660401000.0, 0.024076119382535625],
[1660487400.0, 0.024076119382535625],
[1660573800.0, 0.024076119382535625],
[1660660200.0, 0.02435967193399099],
[1660746600.0, 0.02522284328948971],
[1660833000.0, 0.02714692683595178],
[1660919400.0, 0.024906575478017296],
[1661005800.0, 0.026772464224820366],
[1661092200.0, 0.0254095059980514],
[1661178600.0, 0.02661943779685788],
[1661265000.0, 0.026337559828279143],
[1661351400.0, 0.027272662130069424],
[1661437800.0, 0.026909490774570704],
[1661524200.0, 0.025474388472780423],
[1661610600.0, 0.02624889827670199],
[1661697000.0, 0.026249655949336263],
[1661783400.0, 0.026206284252831575],
[1661869800.0, 0.024789116733649984],
[1661956200.0, 0.025853251735476805],
[1662042600.0, 0.02522127785896968],
[1662129000.0, 0.02563101784191938],
[1662215400.0, 0.025314750030446965],
[1662301800.0, 0.02563101784191938],
[1662388200.0, 0.026300150712458902],
[1662474600.0, 0.025952537754232136],
[1662561000.0, 0.024660796492510056],
[1662647400.0, 0.025736787541103406],
[1662733800.0, 0.026084571002313976],
[1662820200.0, 0.025995909450736824],
[1662906600.0, 0.02419763579344782],
[1662993000.0, 0.024964899220557796],
[1663079400.0, 0.024511787541103405],
[1663165800.0, 0.024511787541103405],
[1663252200.0, 0.02364861618560468],
[1663338600.0, 0.024581480635732556],
[1663425000.0, 0.024581480635732556],
[1663511400.0, 0.024686808853976377],
[1663597800.0, 0.024496314395323352],
[1663684200.0, 0.027020595847034472],
[1663770600.0, 0.025928758677384003],
[1663857000.0, 0.02232344111557667],
[1663943400.0, 0.02232344111557667],
[1664029800.0, 0.023127767628790652],
[1664116200.0, 0.02187863536719036],
[1664202600.0, 0.023022241505297778],
[1664289000.0, 0.022087139203507494],
[1664375400.0, 0.02178272743880161],
[1664461800.0, 0.02240340701497991],
[1664548200.0, 0.023671213920350754],
[1664634600.0, 0.02495028467908903],
[1664717400.0, 0.025213860979174284],
[1664803800.0, 0.025855548958713927],
[1664890200.0, 0.026745041712337117],
[1664976600.0, 0.026745041712337117],
[1665063000.0, 0.02655260169285106],
[1665149400.0, 0.026745041712337117],
[1665235800.0, 0.025785962428449646],
[1665322200.0, 0.02602845420777007],
[1665408600.0, 0.02636322159298503],
[1665495000.0, 0.025978219766167345],
[1665581400.0, 0.024964899220557796],
[1665667800.0, 0.025854391974180983],
[1665754200.0, 0.02638721379856291],
[1665840600.0, 0.025045355316039467],
[1665927000.0, 0.025934848069662654],
[1666013400.0, 0.024635615333089764],
[1666099800.0, 0.025525108086712954],
[1666186200.0, 0.024635615333089764],
[1666272600.0, 0.023468032212885157],
[1666359000.0, 0.02509686853002071],
[1666445400.0, 0.02507167671416393],
[1666531800.0, 0.025387944525636346],
[1666618200.0, 0.02307365424430642],
[1666704600.0, 0.0245499649859944],
[1666791000.0, 0.0243746239800268],
[1666877400.0, 0.026748558336378035],
[1666963800.0, 0.025055612897332852],
[1667050200.0, 0.024122209535988315],
[1667136600.0, 0.023805127268298632],
[1667223000.0, 0.024418266654487885],
[1667309400.0, 0.0223568749238826],
[1667395800.0, 0.022172305443916702],
[1667482200.0, 0.024511787541103405],
[1667568600.0, 0.025401280294726592],
[1667655000.0, 0.024511787541103405],
[1667741400.0, 0.02509686853002071],
[1667827800.0, 0.022934496407258562],
[1667914200.0, 0.022172305443916702],
[1668000600.0, 0.023239302460114488],
[1668087000.0, 0.024828449640725864],
[1668173400.0, 0.024512181829253448],
[1668259800.0, 0.024512181829253448],
[1668346200.0, 0.025401674582876635],
[1668432600.0, 0.025401674582876635],
[1668519000.0, 0.024512181829253448],
[1668605400.0, 0.025401674582876635],
[1668691800.0, 0.024555553525758136],
[1668778200.0, 0.02581141456582634],
[1668864600.0, 0.026323243210327616],
[1668951000.0, 0.026039355742296925],
[1669037400.0, 0.039425331871879195],
[1669123800.0, 0.027242254293021562],
[1669210200.0, 0.027098285836073564],
[1669296600.0, 0.026575359274144447],
[1669383000.0, 0.026575359274144447],
[1669469400.0, 0.026451531482158088],
[1669555800.0, 0.025588360126659365],
[1669642200.0, 0.02625909146267203],
[1669728600.0, 0.02607452198270613],
[1669815000.0, 0.02607452198270613],
[1669901400.0, 0.026039355742296925],
[1669987800.0, 0.026039355742296925],
[1670074200.0, 0.026333260260625997],
[1670160600.0, 0.025854786262331026],
[1670247000.0, 0.026148690780660098],
[1670333400.0, 0.02635562355376934],
[1670419800.0, 0.02635562355376934],
[1670506200.0, 0.026039355742296925],
[1670592600.0, 0.02635562355376934],
[1670679000.0, 0.026649528072098413],
[1670765400.0, 0.02635562355376934],
[1670851800.0, 0.02635562355376934],
[1670938200.0, 0.02635562355376934],
[1671024600.0, 0.026366614906832307],
[1671111000.0, 0.02655905492631836],
[1671197400.0, 0.026039355742296925],
[1671283800.0, 0.026039355742296925],
[1671370200.0, 0.026039355742296925],
[1671456600.0, 0.026039355742296925],
[1671543000.0, 0.026058217634880046],
[1671629400.0, 0.025854786262331026],
[1671715800.0, 0.025854786262331026],
[1671802200.0, 0.025854786262331026],
[1671888600.0, 0.025854786262331026],
[1671975000.0, 0.025854786262331026],
[1672061400.0, 0.02581141456582634],
[1672147800.0, 0.02433510382413836],
[1672234200.0, 0.02581141456582634],
[1672320600.0, 0.02581141456582634],
[1672407000.0, 0.026284880038972117],
[1672493400.0, 0.026284880038972117],
[1672579800.0, 0.026284880038972117],
[1672666200.0, 0.02581141456582634],
[1672752600.0, 0.02581141456582634],
[1672839000.0, 0.02581141456582634],
[1672925400.0, 0.025854786262331026],
[1673011800.0, 0.02496529350870784],
[1673098200.0, 0.025854786262331026],
[1673184600.0, 0.025115442698818664],
[1673271000.0, 0.025978614054317388],
[1673357400.0, 0.026182045426866404],
[1673443800.0, 0.026366614906832307],
[1673530200.0, 0.026682882718304723],
[1673616600.0, 0.02635562355376934],
[1673703000.0, 0.02655905492631836],
[1673789400.0, 0.02655905492631836],
[1673875800.0, 0.026852959444647433],
[1673962200.0, 0.027735418950188776],
[1674048600.0, 0.03720973693825356],
[1674135000.0, 0.0367573712093533],
[1674221400.0, 0.028537117890634518],
[1674307800.0, 0.04025683838752892],
[1674394200.0, 0.03874554256485203],
[1674480600.0, 0.03968064486664231],
[1674567000.0, 0.03968064486664231],
[1674653400.0, 0.03874554256485203],
[1674739800.0, 0.03874554256485203],
[1674826200.0, 0.03839590488369261],
[1674912600.0, 0.03827207709170625],
[1674999000.0, 0.03827207709170625],
[1675085400.0, 0.028279856290342232],
[1675171800.0, 0.03933100718548289],
[1675258200.0, 0.036960802581902326],
[1675344600.0, 0.027465917671416398],
[1675431000.0, 0.03711382900986481],
[1675517400.0, 0.03720973693825356],
[1675603800.0, 0.03720973693825356],
[1675690200.0, 0.027714852027767637],
[1675776600.0, 0.03656758007550846],
[1675863000.0, 0.03656758007550846],
[1675949400.0, 0.03656758007550846],
