[[1607779800, 1.8],
[1607866200, 1.8],
[1607952600, 1.8],
[1608039000, 1.8],
[1608125400, 1.8],
[1608211800, 1.8],
[1608298200, 1.8],
[1608384600, 1.8],
[1608471000, 1.8],
[1608557400, 1.8],
[1608643800, 1.8],
[1608730200, 1.8],
[1608816600, 1.8],
[1608903000, 1.8],
[1608989400, 1.8],
[1609075800, 1.8],
[1609162200, 1.8],
[1609248600, 1.8],
[1609335000, 1.8],
[1609421400, 1.8],
[1609507800, 1.8],
[1609594200, 1.8],
[1609680600, 1.8],
[1609767000, 1.8],
[1609853400, 1.8],
[1609939800, 1.8],
[1610026200, 1.8],
[1610112600, 1.8],
[1610199000, 1.8],
[1610285400, 1.8],
[1610371800, 1.8],
[1610458200, 1.8],
[1610544600, 1.8],
[1610631000, 1.8],
[1610717400, 1.8],
[1610803800, 1.8],
[1610890200, 1.8],
[1610976600, 1.8],
[1611063000, 1.8],
[1611149400, 1.8],
[1611235800, 1.8],
[1611322200, 1.8],
[1611408600, 1.8],
[1611495000, 1.8],
[1611581400, 1.8],
[1611667800, 1.8],
[1611754200, 1.8],
[1611840600, 1.8],
[1611927000, 1.8],
[1612013400, 1.8],
[1612099800, 1.8],
[1612186200, 1.8],
[1612272600, 1.8],
[1612359000, 1.8],
[1612445400, 1.8],
[1612531800, 1.8],
[1612618200, 1.8],
[1612704600, 1.8],
[1612791000, 1.8],
[1612877400, 1.8],
[1612963800, 1.8],
[1613050200, 1.8],
[1613136600, 1.8],
[1613223000, 1.8],
[1613309400, 1.8],
[1613395800, 1.8],
[1613482200, 1.8],
[1613568600, 1.8],
[1613655000, 1.8],
[1613741400, 1.8],
[1613827800, 1.8],
[1613914200, 1.8],
[1614000600, 1.8],
[1614087000, 1.8],
[1614173400, 1.8],
[1614259800, 1.8],
[1614346200, 1.8],
[1614432600, 1.8],
[1614519000, 1.8],
[1614605400, 1.8],
[1614691800, 1.8],
[1614778200, 1.8],
[1614864600, 1.8],
[1614951000, 1.8],
[1615037400, 1.8],
[1615123800, 1.8],
[1615210200, 1.8],
[1615296600, 1.8],
[1615987800, 1.8],
[1616074200, 1.8],
[1616160600, 1.8],
[1616247000, 1.8],
[1616333400, 1.8],
[1616419800, 1.8],
[1616506200, 1.8],
[1616592600, 1.8],
[1616679000, 1.8],
[1616765400, 1.8],
[1616851800, 1.8],
[1616938200, 1.8],
[1617024600, 1.8],
[1617111000, 1.8],
[1617197400, 1.8],
[1617283800, 1.8],
[1617370200, 1.8],
[1617456600, 1.8],
[1617546600, 1.8],
[1617633000, 1.8],
[1617719400, 1.8],
[1617805800, 1.8],
[1617892200, 1.8],
[1617978600, 1.8],
[1618065000, 1.8],
[1618151400, 1.8],
[1618237800, 1.8],
[1618324200, 1.8],
[1618410600, 1.8],
[1618497000, 1.8],
[1618583400, 1.8],
[1618669800, 1.8],
[1618756200, 1.8],
[1618842600, 1.8],
[1618929000, 1.8],
[1619015400, 1.8],
[1619101800, 1.8],
[1619188200, 1.8],
[1619274600, 1.8],
[1619361000, 1.8],
[1619447400, 1.8],
[1619533800, 1.8],
[1619620200, 1.8],
[1619706600, 1.8],
[1619793000, 1.8],
[1619879400, 1.8],
[1619965800, 1.8],
[1620052200, 1.8],
[1620138600, 1.8],
[1620225000, 1.8],
[1620311400, 1.8],
[1620397800, 1.8],
[1620484200, 1.8],
[1620570600, 1.8],
[1620657000, 1.8],
[1620743400, 1.8],
[1620829800, 1.8],
[1620916200, 1.8],
[1621002600, 1.8],
[1621089000, 1.8],
[1621175400, 1.8],
[1621261800, 1.8],
[1621348200, 1.8],
[1621434600, 1.8],
[1621521000, 1.8],
[1621607400, 1.8],
[1621693800, 1.8],
[1621780200, 1.8],
[1621866600, 1.8],
[1621953000, 1.8],
[1622039400, 1.8],
[1622125800, 1.8],
[1622212200, 1.8],
[1622298600, 1.8],
[1622385000, 1.8],
[1622471400, 1.8],
[1622557800, 1.8],
[1622644200, 1.8],
[1622730600, 1.8],
[1622817000, 1.8],
[1622903400, 1.8],
[1622989800, 1.8],
[1623076200, 1.8],
[1623162600, 1.8],
[1623249000, 1.8],
[1623335400, 1.8],
[1623421800, 1.8],
[1623508200, 1.8],
[1623594600, 1.8],
[1623681000, 1.8],
[1623767400, 1.8],
[1623853800, 1.8],
[1623940200, 1.8],
[1624026600, 1.8],
[1624113000, 1.8],
[1624199400, 1.8],
[1624285800, 1.8],
[1624372200, 1.8],
[1624458600, 1.8],
[1624545000, 1.8],
[1624631400, 1.8],
[1624717800, 1.8],
[1624804200, 1.8],
[1624890600, 1.8],
[1624977000, 1.8],
[1625063400, 1.8],
[1625149800, 1.8],
[1625236200, 1.8],
[1625322600, 1.8],
[1625409000, 1.8],
[1625495400, 1.8],
[1625581800, 1.8],
[1625668200, 1.8],
[1625754600, 1.8],
[1625841000, 1.8],
[1625927400, 1.8],
[1626013800, 1.8],
[1626100200, 1.8],
[1626186600, 1.8],
[1626273000, 1.8],
[1626359400, 1.8],
[1626445800, 1.8],
[1626532200, 1.8],
[1626618600, 1.8],
[1626705000, 1.8],
[1626791400, 1.8],
[1626877800, 1.8],
[1626964200, 1.8],
[1627050600, 1.8],
[1627137000, 1.8],
[1627223400, 1.8],
[1627309800, 1.8],
[1627396200, 1.8],
[1627482600, 1.8],
[1627569000, 1.8],
[1627655400, 1.8],
[1627741800, 1.8],
[1627828200, 1.8],
[1627914600, 1.8],
[1628001000, 1.8],
[1628087400, 1.8],
[1628173800, 1.8],
[1628260200, 1.8],
[1628346600, 1.8],
[1628433000, 1.8],
[1628519400, 1.8],
[1628605800, 1.8],
[1628692200, 1.8],
[1628778600, 1.8],
[1628865000, 1.8],
[1628951400, 1.8],
[1629037800, 1.8],
[1629124200, 1.8],
[1629210600, 1.8],
[1629297000, 1.8],
[1629383400, 1.8],
[1629469800, 1.8],
[1629556200, 1.8],
[1629642600, 1.8],
[1629729000, 1.8],
[1629815400, 1.8],
[1629901800, 1.8],
[1629988200, 1.8],
[1630074600, 1.8],
[1630161000, 1.8],
[1630247400, 1.8],
[1630333800, 1.8],
[1630420200, 1.8],
[1630506600, 1.8],
[1630593000, 1.8],
[1630679400, 1.8],
[1630765800, 1.8],
[1630852200, 1.8],
[1630938600, 1.8],
[1631025000, 1.8],
[1631111400, 1.8],
[1631197800, 1.8],
[1631284200, 1.8],
[1631370600, 1.8],
[1631457000, 1.8],
[1631543400, 1.8],
[1631629800, 1.8],
[1631716200, 1.8],
[1631802600, 1.8],
[1631889000, 1.8],
[1631975400, 1.8],
[1632061800, 1.8],
[1632148200, 1.8],
[1632234600, 1.8],
[1632321000, 1.8],
[1632407400, 1.8],
[1632493800, 1.8],
[1632580200, 1.8],
[1632666600, 1.8],
[1632753000, 1.8],
[1632839400, 1.8],
[1632925800, 1.8],
[1633012200, 1.8],
[1633098600, 1.8],
[1633185000, 1.8],
[1633267800, 1.8],
[1633354200, 1.8],
[1633440600, 1.8],
[1633527000, 1.8],
[1633613400, 1.8],
[1633699800, 1.8],
[1633786200, 1.8],
[1633872600, 1.8],
[1633959000, 1.8],
[1634045400, 1.8],
[1634131800, 1.8],
[1634218200, 1.8],
[1634304600, 1.8],
[1634391000, 1.8],
[1634477400, 1.8],
[1634563800, 1.8],
[1634650200, 1.8],
[1634736600, 1.8],
[1634823000, 1.8],
[1634909400, 1.8],
[1634995800, 1.8],
[1635082200, 1.8],
[1635168600, 1.8],
[1635255000, 1.8],
[1635341400, 1.8],
[1635427800, 1.8],
[1635514200, 1.8],
[1635600600, 1.8],
[1635687000, 1.8],
[1635773400, 1.8],
[1635859800, 1.8],
[1635946200, 1.8],
[1636032600, 1.8],
[1636119000, 1.8],
[1636205400, 1.8],
[1636291800, 1.8],
[1636378200, 1.8],
[1636464600, 1.8],
[1636551000, 1.8],
[1636637400, 1.8],
[1636723800, 1.8],
[1636810200, 1.8],
[1636896600, 1.8],
[1636983000, 1.8],
[1637069400, 1.8],
[1637155800, 1.8],
[1637242200, 1.8],
[1637328600, 1.8],
[1637415000, 1.8],
[1637501400, 1.8],
[1637587800, 1.8],
[1637674200, 1.8],
[1637760600, 1.8],
[1637847000, 1.8],
[1637933400, 1.8],
[1638019800, 1.8],
[1638106200, 1.8],
[1638192600, 1.8],
[1638279000, 1.8],
[1638365400, 1.8],
[1638451800, 1.8],
[1638538200, 1.8],
[1638624600, 1.8],
[1638711000, 1.8],
[1638797400, 1.8],
[1638883800, 1.8],
[1638970200, 1.8],
[1639056600, 1.8],
[1639143000, 1.8],
[1639229400, 1.8],
[1639315800, 1.8],
[1639402200, 1.8],
[1639488600, 1.8],
[1639575000, 1.8],
[1639661400, 1.8],
[1639747800, 1.8],
[1639834200, 1.8],
[1639920600, 1.8],
[1640007000, 1.8],
[1640093400, 1.8],
[1640179800, 1.8],
[1640266200, 1.8],
[1640352600, 1.8],
[1640439000, 1.8],
[1640525400, 1.8],
[1640611800, 1.8],
[1640698200, 1.8],
[1640784600, 1.8],
[1640871000, 1.8],
[1640957400, 1.8],
[1641043800, 1.8],
[1641130200, 1.8],
[1641216600, 1.8],
[1641303000, 1.8],
[1641389400, 1.8],
[1641475800, 1.8],
[1641562200, 1.8],
[1641648600, 1.8],
[1641735000, 1.8],
[1641821400, 1.8],
[1641907800, 1.8],
[1641994200, 1.8],
[1642080600, 1.8],
[1642167000, 1.8],
[1642253400, 1.8],
[1642339800, 1.8],
[1642426200, 1.8],
[1642512600, 1.8],
[1642599000, 1.8],
[1642685400, 1.8],
[1642771800, 1.8],
[1642858200, 1.8],
[1642944600, 1.8],
[1643031000, 1.8],
[1643117400, 1.8],
[1643203800, 1.8],
[1643290200, 1.8],
[1643376600, 1.8],
[1643463000, 1.8],
[1643549400, 1.8],
[1643635800, 1.8],
[1643722200, 1.8],
[1643808600, 1.8],
[1643895000, 1.8],
[1643981400, 1.8],
[1644067800, 1.8],
[1644154200, 1.8],
[1644240600, 1.8],
[1644327000, 1.8],
[1644413400, 1.8],
[1644499800, 1.8],
[1644586200, 1.8],
[1644672600, 1.8],
[1644759000, 1.8],
[1644845400, 1.8],
[1644931800, 1.8],
[1645018200, 1.8],
[1645104600, 1.8],
[1645191000, 1.8],
[1645277400, 1.8],
[1645363800, 1.8],
[1645450200, 1.8],
[1645536600, 1.8],
[1645623000, 1.8],
[1645709400, 1.8],
[1645795800, 1.8],
[1645882200, 1.8],
[1645968600, 1.8],
[1646055000, 1.8],
[1646141400, 1.8],
[1646227800, 1.8],
[1646314200, 1.8],
[1646400600, 1.8],
[1646487000, 1.8],
[1646573400, 1.8],
[1646659800, 1.8],
[1646746200, 1.8],
[1646832600, 1.8],
[1646919000, 1.8],
[1647005400, 1.8],
[1647091800, 1.8],
[1647178200, 1.8],
[1647264600, 1.8],
[1647351000, 1.8],
[1647437400, 1.8],
[1647523800, 1.8],
[1647610200, 1.8],
[1647696600, 1.8],
[1647783000, 1.8],
[1647869400, 1.8],
[1647955800, 1.8],
[1648042200, 1.8],
[1648128600, 1.8],
[1648215000, 1.8],
[1648301400, 1.8],
[1648387800, 1.8],
[1648474200, 1.8],
[1648560600, 1.8],
[1648647000, 1.8],
[1648733400, 1.8],
[1648819800, 1.8],
[1648906200, 1.8],
[1648996200, 1.8],
[1649082600, 1.8],
[1649169000, 1.8],
[1649255400, 1.8],
[1649341800, 1.8],
[1649428200, 1.8],
[1649514600, 1.8],
[1649601000, 1.8],
[1649687400, 1.8],
[1649773800, 1.8],
[1649860200, 1.8],
[1649946600, 1.8],
[1650033000, 1.8],
[1650119400, 1.8],
[1650205800, 1.8],
[1650292200, 1.8],
[1650378600, 1.8],
[1650465000, 1.8],
[1650551400, 1.8],
[1650637800, 1.8],
[1650724200, 1.8],
[1650810600, 1.8],
[1650897000, 1.8],
[1650983400, 1.8],
[1651069800, 1.8],
[1651156200, 1.8],
[1651242600, 1.8],
[1651329000, 1.8],
[1651415400, 1.8],
[1651501800, 1.8],
[1651588200, 1.8],
[1651674600, 1.8],
[1651761000, 1.8],
[1651847400, 1.8],
[1651933800, 1.8],
[1652020200, 1.8],
[1652106600, 1.8],
[1652193000, 1.8],
[1652279400, 1.8],
[1652365800, 1.8],
[1652452200, 1.8],
[1652538600, 1.8],
[1652625000, 1.8],
[1652711400, 1.8],
[1652797800, 1.8],
[1652884200, 1.8],
[1652970600, 1.8],
[1653057000, 1.8],
[1653143400, 1.8],
[1653229800, 1.8],
[1653316200, 1.8],
[1653402600, 1.8],
[1653489000, 1.8],
[1653575400, 1.8],
[1653661800, 1.8],
[1653748200, 1.8],
[1653834600, 1.8],
[1653921000, 1.8],
[1654007400, 1.8],
[1654093800, 1.8],
[1654180200, 1.8],
[1654266600, 1.8],
[1654353000, 1.8],
[1654439400, 1.8],
[1654525800, 1.8],
[1654612200, 1.8],
[1654698600, 1.8],
[1654785000, 1.8],
[1654871400, 1.8],
[1654957800, 1.8],
[1655044200, 1.8],
[1655130600, 1.8],
[1655217000, 1.8],
[1655303400, 1.8],
[1655389800, 1.8],
[1655476200, 1.8],
[1655562600, 1.8],
[1655649000, 1.8],
[1655735400, 1.8],
[1655821800, 1.8],
[1655908200, 1.8],
[1655994600, 1.8],
[1656081000, 1.8],
[1656167400, 1.8],
[1656253800, 1.8],
[1656340200, 1.8],
[1656426600, 1.8],
[1656513000, 1.8],
[1656599400, 1.8],
[1656685800, 1.8],
[1656772200, 1.8],
[1656858600, 1.8],
[1656945000, 1.8],
[1657031400, 1.8],
[1657117800, 1.8],
[1657204200, 1.8],
[1657290600, 1.8],
[1657377000, 1.8],
[1657463400, 1.8],
[1657549800, 1.8],
[1657636200, 1.8],
[1657722600, 1.8],
[1657809000, 1.8],
[1657895400, 1.8],
[1657981800, 1.8],
[1658068200, 1.8],
[1658154600, 1.8],
[1658241000, 1.8],
[1658327400, 1.8],
[1658413800, 1.8],
[1658500200, 1.8],
[1658586600, 1.8],
[1658673000, 1.8],
[1658759400, 1.8],
[1658845800, 1.8],
[1658932200, 1.8],
[1659018600, 1.8],
[1659105000, 1.8],
[1659191400, 1.8],
[1659277800, 1.8],
[1659364200, 1.8],
[1659450600, 1.8],
[1659537000, 1.8],
[1659623400, 1.8],
[1659709800, 1.8],
[1659796200, 1.8],
[1659882600, 1.8],
[1659969000, 1.8],
[1660055400, 1.8],
[1660141800, 1.8],
[1660228200, 1.8],
[1660314600, 1.8],
[1660401000, 1.8],
[1660487400, 1.8],
[1660573800, 1.8],
[1660660200, 1.8],
[1660746600, 1.8],
[1660833000, 1.8],
[1660919400, 1.8],
[1661005800, 1.8],
[1661092200, 1.8],
[1661178600, 1.8],
[1661265000, 1.8],
[1661351400, 1.8],
[1661437800, 1.8],
[1661524200, 1.8],
[1661610600, 1.8],
[1661697000, 1.8],
[1661783400, 1.8],
[1661869800, 1.8],
[1661956200, 1.8],
[1662042600, 1.8],
[1662129000, 1.8],
[1662215400, 1.8],
[1662301800, 1.8],
[1662388200, 1.8],
[1662474600, 1.8],
[1662561000, 1.8],
[1662647400, 1.8],
[1662733800, 1.8],
[1662820200, 1.8],
[1662906600, 1.8],
[1662993000, 1.8],
[1663079400, 1.8],
[1663165800, 1.8],
[1663252200, 1.8],
[1663338600, 1.8],
[1663425000, 1.8],
[1663511400, 1.8],
[1663597800, 1.8],
[1663684200, 1.8],
[1663770600, 1.8],
[1663857000, 1.8],
[1663943400, 1.8],
[1664029800, 1.8],
[1664116200, 1.8],
[1664202600, 1.8],
[1664289000, 1.8],
[1664375400, 1.8],
[1664461800, 1.8],
[1664548200, 1.8],
[1664634600, 1.8],
[1664717400, 1.8],
[1664803800, 1.8],
[1664890200, 1.8],
[1664976600, 1.8],
[1665063000, 1.8],
[1665149400, 1.8],
[1665235800, 1.8],
[1665322200, 1.8],
[1665408600, 1.8],
[1665495000, 1.8],
[1665581400, 1.8],
[1665667800, 1.8],
[1665754200, 1.8],
[1665840600, 1.8],
[1665927000, 1.8],
[1666013400, 1.8],
[1666099800, 1.8],
[1666186200, 1.8],
[1666272600, 1.8],
[1666359000, 1.8],
[1666445400, 1.8],
[1666531800, 1.8],
[1666618200, 1.8],
[1666704600, 1.8],
[1666791000, 1.8],
[1666877400, 1.8],
[1666963800, 1.8],
[1667050200, 1.8],
[1667136600, 1.8],
[1667223000, 1.8],
[1667309400, 1.8],
[1667395800, 1.8],
[1667482200, 1.8],
[1667568600, 1.8],
[1667655000, 1.8],
[1667741400, 1.8],
[1667827800, 1.8],
[1667914200, 1.8],
[1668000600, 1.8],
[1668087000, 1.8],
[1668173400, 1.8],
[1668259800, 1.8],
[1668346200, 1.8],
[1668432600, 1.8],
[1668519000, 1.8],
[1668605400, 1.8],
[1668691800, 1.8],
[1668778200, 1.8],
[1668864600, 1.8],
[1668951000, 1.8],
[1669037400, 1.8],
[1669123800, 1.8],
[1669210200, 1.8],
[1669296600, 1.8],
[1669383000, 1.8],
[1669469400, 1.8],
[1669555800, 1.8],
[1669642200, 1.8],
[1669728600, 1.8],
[1669815000, 1.8],
[1669901400, 1.8],
[1669987800, 1.8],
[1670074200, 1.8],
[1670160600, 1.8],
[1670247000, 1.8],
[1670333400, 1.8],
[1670419800, 1.8],
[1670506200, 1.8],
[1670592600, 1.8],
[1670679000, 1.8],
[1670765400, 1.8],
[1670851800, 1.8],
[1670938200, 1.8],
[1671024600, 1.8],
[1671111000, 1.8],
[1671197400, 1.8],
[1671283800, 1.8],
[1671370200, 1.8],
[1671456600, 1.8],
[1671543000, 1.8],
[1671629400, 1.8],
[1671715800, 1.8],
[1671802200, 1.8],
[1671888600, 1.8],
[1671975000, 1.8],
[1672061400, 1.8],
[1672147800, 1.8],
[1672234200, 1.8],
[1672320600, 1.8],
[1672407000, 1.8],
[1672493400, 1.8],
[1672579800, 1.8],
[1672666200, 1.8],
[1672752600, 1.8],
[1672839000, 1.8],
[1672925400, 1.8],
[1673011800, 1.8],
[1673098200, 1.8],
[1673184600, 1.8],
[1673271000, 1.8],
[1673357400, 1.8],
[1673443800, 1.8],
[1673530200, 1.8],
[1673616600, 1.8],
[1673703000, 1.8],
[1673789400, 1.8],
[1673875800, 1.8],
[1673962200, 1.8],
[1674048600, 1.8],
[1674135000, 1.8],
[1674221400, 1.8],
[1674307800, 1.8],
[1674394200, 1.8],
[1674480600, 1.8],
[1674567000, 1.8],
[1674653400, 1.8],
[1674739800, 1.8],
[1674826200, 1.8],
[1674912600, 1.8],
[1674999000, 1.8],
[1675085400, 1.8],
[1675171800, 1.8],
[1675258200, 1.8],
[1675344600, 1.8],
[1675431000, 1.8],
[1675517400, 1.8],
[1675603800, 1.8],
[1675690200, 1.8],
[1675776600, 1.8],
[1675863000, 1.8],
[1675949400, 1.8],
[1676035800, 1.8],
[1676122200, 1.8],
[1676208600, 1.8],
[1676295000, 1.8],
[1676381400, 1.8],
[1676467800, 1.8],
[1676554200, 1.8],
[1676640600, 1.8],
[1676727000, 1.8]]
