[1635773400.0, 0.4358970936624857],
[1635859800.0, 0.4349172894972982],
[1635946200.0, 0.43117557839555476],
[1636032600.0, 0.432071467996884],
[1636119000.0, 0.4261917163402753],
[1636205400.0, 0.42644262007947775],
[1636291800.0, 0.42583998146175994],
[1636378200.0, 0.42125188654942214],
[1636464600.0, 0.42215366019307377],
[1636551000.0, 0.41750598271161204],
[1636637400.0, 0.4177226677439554],
[1636723800.0, 0.41306245692077853],
[1636810200.0, 0.4113704573300004],
[1636896600.0, 0.41400150647852324],
[1636983000.0, 0.414541995584842],
[1637069400.0, 0.4073844345343746],
[1637155800.0, 0.4017955698043624],
[1637242200.0, 0.3989962866820495],
[1637328600.0, 0.40653944257089897],
[1637415000.0, 0.4073695346088234],
[1637501400.0, 0.4070778596837652],
[1637587800.0, 0.4072179329122787],
[1637674200.0, 0.4059735492964344],
[1637760600.0, 0.40570601007523766],
[1637847000.0, 0.4027837215393642],
[1637933400.0, 0.40500364034828223],
[1638019800.0, 0.4059466395742122],
[1638106200.0, 0.4076296618620084],
[1638192600.0, 0.4038063951997791],
[1638279000.0, 0.4058540064908492],
[1638365400.0, 0.40237956245316137],
[1638451800.0, 0.41053987515037665],
[1638538200.0, 0.4360795434711868],
[1638624600.0, 0.46248050902506604],
[1638711000.0, 0.4659585060816274],
[1638797400.0, 0.47052995620587307],
[1638883800.0, 0.4678018082179624],
[1638970200.0, 0.46119763914773404],
[1639056600.0, 0.46092570707855085],
[1639143000.0, 0.45911043946968794],
[1639229400.0, 0.458668589700923],
[1639315800.0, 0.45385587812586287],
[1639402200.0, 0.4455279505260718],
[1639488600.0, 0.44726714990582966],
[1639575000.0, 0.44833753364986384],
[1639661400.0, 0.44305969707726894],
[1639747800.0, 0.4417888440840335],
[1639834200.0, 0.43541397418451466],
[1639920600.0, 0.4333905554815998],
[1640007000.0, 0.4331399686427642],
[1640093400.0, 0.43422463601447553],
[1640179800.0, 0.43169751847661025],
[1640266200.0, 0.4296519688868181],
[1640352600.0, 0.43453849205468775],
[1640439000.0, 0.4307404681521911],
[1640525400.0, 0.43168298500177493],
[1640611800.0, 0.42705925580799114],
[1640698200.0, 0.42668797929485663],
[1640784600.0, 0.42617833731461763],
[1640871000.0, 0.4280936992170552],
[1640957400.0, 0.4323858372283359],
[1641043800.0, 0.43789496977675224],
[1641130200.0, 0.4392752497238986],
[1641216600.0, 0.44008831850520647],
[1641303000.0, 0.4391523284966276],
[1641389400.0, 0.43366340293801514],
[1641475800.0, 0.4315820819405002],
[1641562200.0, 0.43046221101792687],
[1641648600.0, 0.4292721318113241],
[1641735000.0, 0.4260018915414349],
[1641821400.0, 0.4232424989153157],
[1641907800.0, 0.41746849103163336],
[1641994200.0, 0.412914070326983],
[1642080600.0, 0.409556918806453],
[1642167000.0, 0.4104672336607108],
[1642253400.0, 0.41000787788920445],
[1642339800.0, 0.4080745907782116],
[1642426200.0, 0.41166295575227785],
[1642512600.0, 0.409027050977695],
[1642599000.0, 0.4094298850234686],
[1642685400.0, 0.4113031480495405],
[1642771800.0, 0.4140615951514614],
[1642858200.0, 0.4100085350476275],
[1642944600.0, 0.4110404306196505],
[1643031000.0, 0.41451757435017555],
[1643117400.0, 0.41535232005334666],
[1643203800.0, 0.41686238438251877],
[1643290200.0, 0.4161623945514337],
[1643376600.0, 0.4134123416730761],
[1643463000.0, 0.40970768018084647],
[1643549400.0, 0.4119931242111387],
[1643635800.0, 0.4119931242111387],
[1643722200.0, 0.4119931242111387],
[1643808600.0, 0.41787934101733515],
[1643895000.0, 0.42024738276781837],
[1643981400.0, 0.41986299525697157],
[1644067800.0, 0.42092029629136585],
[1644154200.0, 0.41427176523734865],
[1644240600.0, 0.40901028379284504],
[1644327000.0, 0.40435913415079083],
[1644413400.0, 0.4000799600269198],
[1644499800.0, 0.407539589496312],
[1644586200.0, 0.4038269549584862],
[1644672600.0, 0.4029253984982053],
[1644759000.0, 0.40401496476008747],
[1644845400.0, 0.4023004847799077],
[1644931800.0, 0.39938945760856703],
[1645018200.0, 0.4053800384200095],
[1645104600.0, 0.4091751835335069],
[1645191000.0, 0.41142704740316727],
[1645277400.0, 0.4137644180422435],
[1645363800.0, 0.4100567676902141],
[1645450200.0, 0.41117173010836977],
[1645536600.0, 0.4134131833510826],
[1645623000.0, 0.41303932411844746],
[1645709400.0, 0.413070339740366],
[1645795800.0, 0.4119537608345166],
[1645882200.0, 0.41136882642093636],
[1645968600.0, 0.41346478467784886],
[1646055000.0, 0.4118988902324182],
[1646141400.0, 0.4124782431443024],
[1646227800.0, 0.41837807588105935],
[1646314200.0, 0.4173226818571767],
[1646400600.0, 0.4194685286258037],
[1646487000.0, 0.4164910965295034],
[1646573400.0, 0.41400115919467123],
[1646659800.0, 0.4192118332889599],
[1646746200.0, 0.4203865557700272],
[1646832600.0, 0.41751651302360665],
[1646919000.0, 0.4173365356170868],
[1647005400.0, 0.42011560164231054],
[1647091800.0, 0.4205148708979214],
[1647178200.0, 0.42077473345116945],
[1647264600.0, 0.4226892910232517],
[1647351000.0, 0.419273149072595],
[1647437400.0, 0.4173405723681616],
[1647523800.0, 0.4194135157205262],
[1647610200.0, 0.4187708424545418],
[1647696600.0, 0.42283723246509297],
[1647783000.0, 0.43686095894716603],
[1647869400.0, 0.43839403066205174],
[1647955800.0, 0.4359567265215162],
[1648042200.0, 0.4354906902659448],
[1648128600.0, 0.4304248619492762],
[1648215000.0, 0.43156988343342],
[1648301400.0, 0.43162959443902094],
[1648387800.0, 0.4275445627736362],
[1648474200.0, 0.42961572847641305],
[1648560600.0, 0.4291763740977399],
[1648647000.0, 0.42673296263016214],
[1648733400.0, 0.42995875771604936],
[1648819800.0, 0.4305154479992506],
[1648906200.0, 0.42621669513962845],
[1648996200.0, 0.4267660710147715],
[1649082600.0, 0.4274917295906796],
[1649169000.0, 0.4240569618240445],
[1649255400.0, 0.4252578086173234],
[1649341800.0, 0.42225501524720943],
[1649428200.0, 0.4201438031248767],
[1649514600.0, 0.4201540969017473],
[1649601000.0, 0.4201540969017473],
[1649687400.0, 0.4201540969017473],
[1649773800.0, 0.4201540969017473],
[1649860200.0, 0.42011307642340157],
[1649946600.0, 0.4329545815583954],
[1650033000.0, 0.4394704046365322],
[1650119400.0, 0.43835507336409896],
[1650205800.0, 0.4366836819730407],
[1650292200.0, 0.44113901935914884],
[1650378600.0, 0.4395623668180294],
[1650465000.0, 0.44067621145673097],
[1650551400.0, 0.44067621145673097],
[1650637800.0, 0.44067621145673097],
[1650724200.0, 0.44250037452421803],
[1650810600.0, 0.4389767250793792],
[1650897000.0, 0.4350284735164478],
[1650983400.0, 0.4327311415315742],
[1651069800.0, 0.43219787475841115],
[1651156200.0, 0.41617832757711115],
[1651242600.0, 0.41429270716236744],
[1651329000.0, 0.4130470578555792],
[1651415400.0, 0.4135808955054629],
[1651501800.0, 0.413121764251272],
[1651588200.0, 0.41290731779769657],
[1651674600.0, 0.41634226022314913],
[1651761000.0, 0.41108244241312664],
[1651847400.0, 0.4096422584975151],
[1651933800.0, 0.40338754603745114],
[1652020200.0, 0.4004280552350806],
[1652106600.0, 0.39456583207608575],
[1652193000.0, 0.3898203269213702],
[1652279400.0, 0.38656955050930863],
[1652365800.0, 0.3823231671301227],
[1652452200.0, 0.38128067678134736],
[1652538600.0, 0.3777193352364612],
[1652625000.0, 0.3757599482186526],
[1652711400.0, 0.37106307124649945],
[1652797800.0, 0.37545230594012546],
[1652884200.0, 0.36982716443813357],
[1652970600.0, 0.37088287782757473],
[1653057000.0, 0.3664751010728513],
[1653143400.0, 0.36527638463643347],
[1653229800.0, 0.3590799375320475],
[1653316200.0, 0.35974898582021847],
[1653402600.0, 0.3610873148024889],
[1653489000.0, 0.3615833781381888],
[1653575400.0, 0.35756193331410485],
[1653661800.0, 0.35553330985238435],
[1653748200.0, 0.35619207767571887],
[1653834600.0, 0.35734486093854767],
[1653921000.0, 0.3628267129383111],
[1654007400.0, 0.3628472297410563],
[1654093800.0, 0.36571949972636375],
[1654180200.0, 0.3672640248442],
[1654266600.0, 0.37413028210418886],
[1654353000.0, 0.37204219551187234],
[1654439400.0, 0.3723505401234568],
[1654525800.0, 0.3703664996499428],
[1654612200.0, 0.37304435095205696],
[1654698600.0, 0.3731440996874137],
[1654785000.0, 0.37198546701820295],
[1654871400.0, 0.36688997893493863],
[1654957800.0, 0.3620819992333254],
[1655044200.0, 0.357928858147951],
[1655130600.0, 0.35414865523803896],
[1655217000.0, 0.35358552877124994],
[1655303400.0, 0.35939928977832997],
[1655389800.0, 0.3599557263316964],
[1655476200.0, 0.3629718511492723],
[1655562600.0, 0.35891280691634125],
[1655649000.0, 0.35462528417494976],
[1655735400.0, 0.35592959413087216],
[1655821800.0, 0.3556518373688518],
[1655908200.0, 0.3538318166858952],
[1655994600.0, 0.3497371449507947],
[1656081000.0, 0.3533367563749852],
[1656167400.0, 0.3507757533625212],
[1656253800.0, 0.34930808872470726],
[1656340200.0, 0.35111136890851186],
[1656426600.0, 0.3525320006508106],
[1656513000.0, 0.3525863080182819],
[1656599400.0, 0.352223276029957],
[1656685800.0, 0.3474607461395101],
[1656772200.0, 0.3447640927602255],
[1656858600.0, 0.34654285575178484],
[1656945000.0, 0.3496028801448547],
[1657031400.0, 0.3502625164551532],
[1657117800.0, 0.3477905382868891],
[1657204200.0, 0.3474614456375971],
[1657290600.0, 0.34829546491046426],
[1657377000.0, 0.34771354561097306],
[1657463400.0, 0.34765274628495646],
[1657549800.0, 0.3472508464235002],
[1657636200.0, 0.3466726788989469],
[1657722600.0, 0.34052540515422236],
[1657809000.0, 0.34074274888573347],
[1657895400.0, 0.3438504415774268],
[1657981800.0, 0.3428572646728198],
[1658068200.0, 0.34391300708989075],
[1658154600.0, 0.3462655210305487],
[1658241000.0, 0.34200027443744335],
[1658327400.0, 0.34548941582357123],
[1658413800.0, 0.34321537798781215],
[1658500200.0, 0.3437703349332426],
[1658586600.0, 0.3437747248229993],
[1658673000.0, 0.34347349031672775],
[1658759400.0, 0.34634612379452134],
[1658845800.0, 0.3460918875478247],
[1658932200.0, 0.34518745883130203],
[1659018600.0, 0.34494244689977516],
[1659105000.0, 0.34638797368654595],
[1659191400.0, 0.34588631929653296],
[1659277800.0, 0.349117386933992],
[1659364200.0, 0.35068560402122034],
[1659450600.0, 0.354278234577762],
[1659537000.0, 0.35493671126198084],
[1659623400.0, 0.35632793536514423],
[1659709800.0, 0.35593973124482314],
[1659796200.0, 0.3541889495325997],
[1659882600.0, 0.3545765592336213],
[1659969000.0, 0.35641980479381136],
[1660055400.0, 0.35654259616712025],
[1660141800.0, 0.35605007586626825],
[1660228200.0, 0.3595518712036051],
[1660314600.0, 0.3575899573028832],
[1660401000.0, 0.3575899573028832],
[1660487400.0, 0.3575899573028832],
[1660573800.0, 0.3575899573028832],
[1660660200.0, 0.35216331024681496],
[1660746600.0, 0.35165774051640836],
[1660833000.0, 0.3545619075528536],
[1660919400.0, 0.35222928850875634],
[1661005800.0, 0.35352621755808],
[1661092200.0, 0.35437218277915833],
[1661178600.0, 0.35658894232191457],
[1661265000.0, 0.35943882362294405],
[1661351400.0, 0.3592182708284029],
[1661437800.0, 0.3584570715866959],
[1661524200.0, 0.3558443493496825],
[1661610600.0, 0.35202931353045],
[1661697000.0, 0.35585987974795885],
[1661783400.0, 0.3573280228794423],
[1661869800.0, 0.3632386809499862],
[1661956200.0, 0.3609355775204119],
[1662042600.0, 0.36073911426902144],
[1662129000.0, 0.36485393857482346],
[1662215400.0, 0.3644841577549994],
[1662301800.0, 0.36438325302972036],
[1662388200.0, 0.3636284906495287],
[1662474600.0, 0.3624909205148306],
[1662561000.0, 0.3641360558291918],
[1662647400.0, 0.36243039901589563],
[1662733800.0, 0.3651045033501953],
[1662820200.0, 0.36348179745740145],
[1662906600.0, 0.36346846890653967],
[1662993000.0, 0.36073469892616256],
[1663079400.0, 0.3605982786184081],
[1663165800.0, 0.36166734200587697],
[1663252200.0, 0.3590777606446968],
[1663338600.0, 0.35775379756586995],
[1663425000.0, 0.3576514124930975],
[1663511400.0, 0.355688766245612],
[1663597800.0, 0.35660229466187426],
[1663684200.0, 0.3606231048840374],
[1663770600.0, 0.3615214641142074],
[1663857000.0, 0.3593333542258313],
[1663943400.0, 0.3566723451736481],
[1664029800.0, 0.35596927175778015],
[1664116200.0, 0.3605413352216701],
[1664202600.0, 0.3574110687098175],
[1664289000.0, 0.3574684483838204],
[1664375400.0, 0.3616193539719165],
[1664461800.0, 0.3588110288353448],
[1664548200.0, 0.358538912061689],
[1664634600.0, 0.360522448095393],
[1664717400.0, 0.35906996108695227],
[1664803800.0, 0.36164093037559647],
[1664890200.0, 0.36508122491667655],
[1664976600.0, 0.36739543236993644],
[1665063000.0, 0.36637139447254763],
[1665149400.0, 0.36306304567013775],
[1665235800.0, 0.36206223677917804],
[1665322200.0, 0.3607576266245612],
[1665408600.0, 0.3578883488270619],
[1665495000.0, 0.36245260607719004],
[1665581400.0, 0.3629292179426498],
[1665667800.0, 0.362289893023015],
[1665754200.0, 0.3648628421685796],
[1665840600.0, 0.3671235748111663],
[1665927000.0, 0.36658133800733644],
[1666013400.0, 0.36240811910819226],
[1666099800.0, 0.36350971045093283],
[1666186200.0, 0.3674307543732498],
[1666272600.0, 0.3654660289832564],
[1666359000.0, 0.36554359635694],
[1666445400.0, 0.3682935744783655],
[1666531800.0, 0.36456965398572155],
[1666618200.0, 0.3621944686649509],
[1666704600.0, 0.3682022966340276],
[1666791000.0, 0.36987725312339764],
[1666877400.0, 0.37050085566796825],
[1666963800.0, 0.37106202582041575],
[1667050200.0, 0.36792210728266866],
[1667136600.0, 0.3647552658955548],
[1667223000.0, 0.36831905531396675],
[1667309400.0, 0.36768909066481287],
[1667395800.0, 0.3683573822008243],
[1667482200.0, 0.3756648848878831],
[1667568600.0, 0.3811088610075731],
[1667655000.0, 0.37631252372746815],
[1667741400.0, 0.3727129096531968],
[1667827800.0, 0.37318466016102625],
[1667914200.0, 0.3745612577900051],
[1668000600.0, 0.3781252879343667],
[1668087000.0, 0.3807135713105944],
[1668173400.0, 0.3828206292771072],
[1668259800.0, 0.3841665799535559],
[1668346200.0, 0.39019691296394904],
[1668432600.0, 0.39865982434277997],
[1668519000.0, 0.4010047122135448],
[1668605400.0, 0.39683385909704966],
[1668691800.0, 0.4026707740454778],
[1668778200.0, 0.4031450650564036],
[1668864600.0, 0.4058849249842228],
[1668951000.0, 0.42486774414023987],
[1669037400.0, 0.4403214655316925],
[1669123800.0, 0.43080079052528303],
[1669210200.0, 0.42946043681960716],
[1669296600.0, 0.4239433509471265],
[1669383000.0, 0.42037944591123333],
[1669469400.0, 0.41641490528734276],
[1669555800.0, 0.41245261045290493],
[1669642200.0, 0.4157118093766023],
[1669728600.0, 0.41506402244063817],
[1669815000.0, 0.4197615618097464],
[1669901400.0, 0.4200606371164162],
[1669987800.0, 0.425117526094052],
[1670074200.0, 0.42643417575089737],
[1670160600.0, 0.43025790759476185],
[1670247000.0, 0.4300294367900248],
[1670333400.0, 0.4264762777087524],
[1670419800.0, 0.4279040656554451],
[1670506200.0, 0.42944897404892907],
[1670592600.0, 0.4298680915473514],
[1670679000.0, 0.4262737701775925],
[1670765400.0, 0.42056781489123574],
[1670851800.0, 0.42351718571273617],
[1670938200.0, 0.42416209860519466],
[1671024600.0, 0.42021486898739796],
[1671111000.0, 0.4207508756976492],
[1671197400.0, 0.4250153281293141],
[1671283800.0, 0.41895190016960515],
[1671370200.0, 0.416424191786968],
[1671456600.0, 0.41660549349435966],
[1671543000.0, 0.4152595831237921],
[1671629400.0, 0.4135508184435767],
[1671715800.0, 0.4112139277156549],
[1671802200.0, 0.40391873594840844],
[1671888600.0, 0.39886335079921514],
[1671975000.0, 0.398554440241293],
[1672061400.0, 0.3976394790557331],
[1672147800.0, 0.398484332660336],
[1672234200.0, 0.39735496471078374],
[1672320600.0, 0.40290958152141754],
[1672407000.0, 0.4005374059529444],
[1672493400.0, 0.39809988234873583],
[1672579800.0, 0.3977063364049619],
[1672666200.0, 0.3951079466064174],
[1672752600.0, 0.39596826941091784],
[1672839000.0, 0.39823515437029156],
[1672925400.0, 0.40023156671547744],
[1673011800.0, 0.39750994569183135],
[1673098200.0, 0.3924422213963831],
[1673184600.0, 0.39769714161046027],
[1673271000.0, 0.3960700303588333],
[1673357400.0, 0.3951857590817655],
[1673443800.0, 0.4008130488132568],
[1673530200.0, 0.40552261270855516],
[1673616600.0, 0.40600880671173034],
[1673703000.0, 0.40952246584477187],
[1673789400.0, 0.411707017599002],
[1673875800.0, 0.41729324728582406],
[1673962200.0, 0.4228126505615706],
[1674048600.0, 0.42701221767394393],
[1674135000.0, 0.43254502012828866],
[1674221400.0, 0.4408631830429337],
[1674307800.0, 0.44439231704581317],
[1674394200.0, 0.44666322760127003],
[1674480600.0, 0.45112116866100666],
[1674567000.0, 0.4518830952574646],
[1674653400.0, 0.44804081364877923],
[1674739800.0, 0.4463027833860885],
[1674826200.0, 0.447736919632292],
[1674912600.0, 0.44806253161608084],
[1674999000.0, 0.44891464662712494],
[1675085400.0, 0.4506611893809411],
[1675171800.0, 0.4561575326391354],
[1675258200.0, 0.46117418334368715],
[1675344600.0, 0.46219003224470473],
[1675431000.0, 0.4587984972192639],
[1675517400.0, 0.45644295133958507],
[1675603800.0, 0.45302089280607816],
[1675690200.0, 0.45123880679801215],
[1675776600.0, 0.45026926682739715],
[1675863000.0, 0.4506233133776082],
[1675949400.0, 0.4506233133776082],
