[1635773400.0, 6.32],
[1635859800.0, 6.17],
[1635946200.0, 6.41],
[1636032600.0, 6.3100000000000005],
[1636119000.0, 6.33],
[1636205400.0, 6.359999999999999],
[1636291800.0, 6.61],
[1636378200.0, 6.460000000000001],
[1636464600.0, 6.359999999999999],
[1636551000.0, 6.569999999999999],
[1636637400.0, 6.5],
[1636723800.0, 6.569999999999999],
[1636810200.0, 6.569999999999999],
[1636896600.0, 6.640000000000001],
[1636983000.0, 7.18],
[1637069400.0, 7],
[1637155800.0, 6.63],
[1637242200.0, 6.33],
[1637328600.0, 6.35],
[1637415000.0, 6.53],
[1637501400.0, 6.55],
[1637587800.0, 6.819999999999999],
[1637674200.0, 6.75],
[1637760600.0, 7.1],
[1637847000.0, 6.79],
[1637933400.0, 6.72],
[1638019800.0, 6.79],
[1638106200.0, 7.1],
[1638192600.0, 7.0200000000000005],
[1638279000.0, 6.85],
[1638365400.0, 6.85],
[1638451800.0, 6.8],
[1638538200.0, 7.08],
[1638624600.0, 6.69],
[1638711000.0, 6.73],
[1638797400.0, 6.819999999999999],
[1638883800.0, 6.890000000000001],
[1638970200.0, 6.66],
[1639056600.0, 6.87],
[1639143000.0, 7],
[1639229400.0, 7.03],
[1639315800.0, 6.970000000000001],
[1639402200.0, 7.05],
[1639488600.0, 7.1],
[1639575000.0, 7],
[1639661400.0, 7],
[1639747800.0, 6.96],
[1639834200.0, 7.04],
[1639920600.0, 7.05],
[1640007000.0, 7.1499999999999995],
[1640093400.0, 7],
[1640179800.0, 7.05],
[1640266200.0, 7.140000000000001],
[1640352600.0, 7.36],
[1640439000.0, 7.36],
[1640525400.0, 7.21],
[1640611800.0, 7.35],
[1640698200.0, 7.1],
[1640784600.0, 7.24],
[1640871000.0, 7.21],
[1640957400.0, 7.19],
[1641043800.0, 7.120000000000001],
[1641130200.0, 7.32],
[1641216600.0, 7.49],
[1641303000.0, 7.04],
[1641389400.0, 7.37],
[1641475800.0, 6.9],
[1641562200.0, 7.2700000000000005],
[1641648600.0, 7.13],
[1641735000.0, 6.88],
[1641821400.0, 6.9],
[1641907800.0, 6.8],
[1641994200.0, 6.8100000000000005],
[1642080600.0, 7],
[1642167000.0, 6.970000000000001],
[1642253400.0, 6.98],
[1642339800.0, 6.74],
[1642426200.0, 6.99],
[1642512600.0, 6.920000000000001],
[1642599000.0, 7.05],
[1642685400.0, 6.72],
[1642771800.0, 6.75],
[1642858200.0, 6.75],
[1642944600.0, 6.590000000000001],
[1643031000.0, 6.61],
[1643117400.0, 6.840000000000001],
[1643203800.0, 6.72],
[1643290200.0, 6.8100000000000005],
[1643376600.0, 6.86],
[1643463000.0, 6.840000000000001],
[1643549400.0, 7.03],
[1643635800.0, 7.03],
[1643722200.0, 7.03],
[1643808600.0, 6.98],
[1643895000.0, 7.140000000000001],
[1643981400.0, 7],
[1644067800.0, 6.88],
[1644154200.0, 7.07],
[1644240600.0, 6.96],
[1644327000.0, 7.19],
[1644413400.0, 7.0600000000000005],
[1644499800.0, 7.51],
[1644586200.0, 7.49],
[1644672600.0, 7.3100000000000005],
[1644759000.0, 7.470000000000001],
[1644845400.0, 7.5],
[1644931800.0, 7.86],
[1645018200.0, 7.69],
[1645104600.0, 7.71],
[1645191000.0, 8],
[1645277400.0, 7.91],
[1645363800.0, 7.890000000000001],
[1645450200.0, 8.330000000000002],
[1645536600.0, 8.49],
[1645623000.0, 9.030000000000001],
[1645709400.0, 8.08],
[1645795800.0, 7.8100000000000005],
[1645882200.0, 8.02],
[1645968600.0, 7.95],
[1646055000.0, 8.2],
[1646141400.0, 8.23],
[1646227800.0, 8.36],
[1646314200.0, 7.9799999999999995],
[1646400600.0, 7.87],
[1646487000.0, 7.84],
[1646573400.0, 8.18],
[1646659800.0, 7.87],
[1646746200.0, 8.51],
[1646832600.0, 7.83],
[1646919000.0, 8.02],
[1647005400.0, 8.17],
[1647091800.0, 7.8500000000000005],
[1647178200.0, 7.87],
[1647264600.0, 7.88],
[1647351000.0, 7.800000000000001],
[1647437400.0, 7.8500000000000005],
[1647523800.0, 7.750000000000001],
[1647610200.0, 7.99],
[1647696600.0, 7.9799999999999995],
[1647783000.0, 7.8100000000000005],
[1647869400.0, 7.7299999999999995],
[1647955800.0, 8.66],
[1648042200.0, 8.46],
[1648128600.0, 8.350000000000001],
[1648215000.0, 8.73],
[1648301400.0, 8.120000000000001],
[1648387800.0, 8.280000000000001],
[1648474200.0, 8.23],
[1648560600.0, 8.36],
[1648647000.0, 8.7],
[1648733400.0, 8.2],
