[1635773400.0, 34.87039075],
[1635859800.0, 35.392391],
[1635946200.0, 36.27236175],
[1636032600.0, 37.228004],
[1636119000.0, 37.211314],
[1636205400.0, 36.01728150000001],
[1636291800.0, 35.62886625],
[1636378200.0, 36.0644865],
[1636464600.0, 37.03847675],
[1636551000.0, 36.98163975000001],
[1636637400.0, 39.61121825000001],
[1636723800.0, 39.166602499999996],
[1636810200.0, 38.873946499999995],
[1636896600.0, 38.98411350000001],
[1636983000.0, 38.35861575],
[1637069400.0, 37.92012975],
[1637155800.0, 36.763039],
[1637242200.0, 36.6309155],
[1637328600.0, 38.238716749999995],
[1637415000.0, 39.17054875],
[1637501400.0, 38.33348075],
[1637587800.0, 38.065808249999996],
[1637674200.0, 38.7423265],
[1637760600.0, 38.506606000000005],
[1637847000.0, 37.846925],
[1637933400.0, 38.140961],
[1638019800.0, 38.174164000000005],
[1638106200.0, 38.143525749999995],
[1638192600.0, 38.07542375],
[1638279000.0, 37.911968],
[1638365400.0, 37.85482025],
[1638451800.0, 38.19155124999999],
[1638538200.0, 38.48987875],
[1638624600.0, 39.628927250000004],
[1638711000.0, 39.723594],
[1638797400.0, 39.657503999999996],
[1638883800.0, 39.2540255],
[1638970200.0, 39.01288125000001],
[1639056600.0, 38.229195000000004],
[1639143000.0, 38.930088749999996],
[1639229400.0, 38.84424075],
[1639315800.0, 39.34263100000001],
[1639402200.0, 39.151005999999995],
[1639488600.0, 41.69913525],
[1639575000.0, 42.22524025],
[1639661400.0, 42.564551249999994],
[1639747800.0, 39.1661325],
[1639834200.0, 40.425473499999995],
[1639920600.0, 41.629364],
[1640007000.0, 52.46763875],
[1640093400.0, 51.73036175],
[1640179800.0, 40.68942425],
[1640266200.0, 40.760914],
[1640352600.0, 40.39952225],
[1640439000.0, 40.1911025],
[1640525400.0, 48.533588249999994],
[1640611800.0, 39.953637],
[1640698200.0, 39.681786249999995],
[1640784600.0, 39.73837225],
[1640871000.0, 39.61600374999999],
[1640957400.0, 39.93973425],
[1641043800.0, 39.78213475],
[1641130200.0, 39.958152999999996],
[1641216600.0, 41.44947325],
[1641303000.0, 49.53524375],
[1641389400.0, 56.54574425],
[1641475800.0, 55.53672374999999],
[1641562200.0, 41.333420499999995],
[1641648600.0, 41.018477499999996],
[1641735000.0, 40.359288],
[1641821400.0, 39.05877600000001],
[1641907800.0, 38.94375725],
[1641994200.0, 40.4771045],
[1642080600.0, 40.43063875],
[1642167000.0, 40.961164999999994],
[1642253400.0, 50.205813],
[1642339800.0, 49.66617599999999],
[1642426200.0, 40.601192250000004],
[1642512600.0, 41.2792975],
[1642599000.0, 41.0862045],
[1642685400.0, 41.1722865],
[1642771800.0, 41.18240125],
[1642858200.0, 41.010112750000005],
[1642944600.0, 40.69796025],
[1643031000.0, 40.942242],
[1643117400.0, 40.93654875],
[1643203800.0, 40.045244999999994],
[1643290200.0, 38.68212025],
[1643376600.0, 38.7921185],
[1643463000.0, 40.136309749999995],
[1643549400.0, 39.362189],
[1643635800.0, 39.362189],
[1643722200.0, 39.362189],
[1643808600.0, 40.96430675],
[1643895000.0, 40.98485575],
[1643981400.0, 40.822691750000004],
[1644067800.0, 40.0636195],
[1644154200.0, 39.70881525],
[1644240600.0, 39.154360999999994],
[1644327000.0, 39.0250415],
[1644413400.0, 38.9474865],
[1644499800.0, 38.474185000000006],
[1644586200.0, 38.96869699999999],
[1644672600.0, 39.21988225],
[1644759000.0, 39.08518125],
[1644845400.0, 38.936931249999994],
[1644931800.0, 38.904161],
[1645018200.0, 38.793243249999996],
[1645104600.0, 38.637366],
[1645191000.0, 38.7562745],
[1645277400.0, 39.16050225000001],
[1645363800.0, 38.734925],
[1645450200.0, 38.50303325],
[1645536600.0, 38.704725749999994],
[1645623000.0, 38.782383249999995],
[1645709400.0, 39.194618],
[1645795800.0, 40.894156249999995],
[1645882200.0, 42.0610375],
[1645968600.0, 41.310880749999995],
[1646055000.0, 41.053192249999995],
[1646141400.0, 40.866420000000005],
[1646227800.0, 40.741802500000006],
[1646314200.0, 41.10905124999999],
[1646400600.0, 40.37165374999999],
[1646487000.0, 39.5606615],
[1646573400.0, 39.240000249999994],
[1646659800.0, 39.0408685],
[1646746200.0, 39.0532355],
[1646832600.0, 39.557694],
[1646919000.0, 39.43073825],
[1647005400.0, 39.065960000000004],
[1647091800.0, 39.02422849999999],
[1647178200.0, 38.449020499999996],
[1647264600.0, 37.93137825],
[1647351000.0, 38.74631775],
[1647437400.0, 38.782051249999995],
[1647523800.0, 39.389406],
[1647610200.0, 39.136495999999994],
[1647696600.0, 38.75995375000001],
[1647783000.0, 38.27879025],
[1647869400.0, 37.805433750000006],
[1647955800.0, 38.56494075],
[1648042200.0, 37.95423925],
[1648128600.0, 37.67486749999999],
[1648215000.0, 37.620847],
[1648301400.0, 38.829151749999994],
[1648387800.0, 38.74533575000001],
[1648474200.0, 38.66735849999999],
[1648560600.0, 39.1435515],
[1648647000.0, 38.78705125],
[1648733400.0, 38.93108649999999],
