[1635773400.0, 3.246511220000001],
[1635859800.0, 2.5481058800000005],
[1635946200.0, 3.4559575800000006],
[1636032600.0, 2.6229435800000003],
[1636119000.0, 3.11978766],
[1636205400.0, 2.69853918],
[1636291800.0, 2.5919047199999996],
[1636378200.0, 2.53062962],
[1636464600.0, 2.36890108],
[1636551000.0, 2.3174564],
[1636637400.0, 2.28347436],
[1636723800.0, 1.9708946800000002],
[1636810200.0, 2.0278263599999997],
[1636896600.0, 2.0518228400000003],
[1636983000.0, 1.98800384],
[1637069400.0, 1.9937869200000002],
[1637155800.0, 2.2121108200000004],
[1637242200.0, 2.1281845],
[1637328600.0, 2.1508575800000003],
[1637415000.0, 2.29801892],
[1637501400.0, 2.5450204],
[1637587800.0, 2.5455571400000006],
[1637674200.0, 2.4324753],
[1637760600.0, 2.6518135800000002],
[1637847000.0, 2.62033292],
[1637933400.0, 2.61861526],
[1638019800.0, 2.41528666],
[1638106200.0, 2.4446391400000005],
[1638192600.0, 2.43330942],
[1638279000.0, 2.4515960600000004],
[1638365400.0, 2.67816686],
[1638451800.0, 2.5998570400000003],
[1638538200.0, 2.47859782],
[1638624600.0, 2.47948234],
[1638711000.0, 2.4430606],
[1638797400.0, 2.4014108],
[1638883800.0, 2.32952586],
[1638970200.0, 2.3257786400000002],
[1639056600.0, 2.3065351200000004],
[1639143000.0, 2.4985267200000005],
[1639229400.0, 2.3198451400000004],
[1639315800.0, 2.28116434],
[1639402200.0, 2.3186867600000003],
[1639488600.0, 2.2994013],
[1639575000.0, 2.38919624],
[1639661400.0, 2.36580554],
[1639747800.0, 2.43958062],
[1639834200.0, 2.4771850600000005],
[1639920600.0, 2.5251590400000006],
[1640007000.0, 2.4851834000000004],
[1640093400.0, 2.5232292800000002],
[1640179800.0, 2.5191875599999998],
[1640266200.0, 2.49615402],
[1640352600.0, 2.45636162],
[1640439000.0, 2.4323268800000006],
[1640525400.0, 2.50831348],
[1640611800.0, 2.47442664],
[1640698200.0, 2.62452486],
[1640784600.0, 2.67892832],
[1640871000.0, 2.40674302],
[1640957400.0, 2.61991386],
[1641043800.0, 2.40257112],
[1641130200.0, 2.79401422],
[1641216600.0, 2.67402932],
[1641303000.0, 2.35371748],
[1641389400.0, 2.5186027600000003],
[1641475800.0, 2.5008508600000003],
[1641562200.0, 2.8118417],
[1641648600.0, 2.75820812],
[1641735000.0, 2.7299179400000004],
[1641821400.0, 2.38694332],
[1641907800.0, 2.40478994],
[1641994200.0, 2.46430644],
[1642080600.0, 2.76658056],
[1642167000.0, 2.5306456600000002],
[1642253400.0, 2.5115546],
[1642339800.0, 2.4720350000000004],
[1642426200.0, 2.47681182],
[1642512600.0, 2.46349438],
[1642599000.0, 2.47608794],
[1642685400.0, 2.4454274600000003],
[1642771800.0, 2.43465494],
[1642858200.0, 2.46031348],
[1642944600.0, 2.4328618000000004],
[1643031000.0, 2.42620718],
[1643117400.0, 2.42338132],
[1643203800.0, 2.4235355600000004],
[1643290200.0, 2.5083648],
[1643376600.0, 2.4728868000000004],
[1643463000.0, 2.3959659600000003],
[1643549400.0, 2.4901942399999997],
[1643635800.0, 2.4901942399999997],
[1643722200.0, 2.4901942399999997],
[1643808600.0, 2.5432122],
[1643895000.0, 2.44054076],
[1643981400.0, 2.4485727400000004],
[1644067800.0, 2.50391956],
[1644154200.0, 2.5227453399999997],
[1644240600.0, 2.6380194400000003],
[1644327000.0, 2.6866947199999998],
[1644413400.0, 2.65686302],
[1644499800.0, 2.64114402],
[1644586200.0, 2.6298408400000004],
[1644672600.0, 2.5761321600000002],
[1644759000.0, 2.45587582],
[1644845400.0, 2.52100048],
[1644931800.0, 2.5295902200000002],
[1645018200.0, 2.4914677000000003],
[1645104600.0, 2.46759506],
[1645191000.0, 2.4589751800000004],
[1645277400.0, 2.47537266],
[1645363800.0, 2.4548317999999996],
[1645450200.0, 2.4870908199999997],
[1645536600.0, 2.4747408],
[1645623000.0, 2.47848706],
[1645709400.0, 2.4606822999999998],
[1645795800.0, 2.4549590399999994],
[1645882200.0, 2.56254492],
[1645968600.0, 2.53753318],
[1646055000.0, 2.5043789199999997],
[1646141400.0, 2.51874812],
[1646227800.0, 2.4566442200000003],
[1646314200.0, 2.4295157],
[1646400600.0, 2.4982829200000003],
[1646487000.0, 2.4740280400000003],
[1646573400.0, 2.4500728],
[1646659800.0, 2.4046353000000003],
[1646746200.0, 2.40930818],
[1646832600.0, 2.50286064],
[1646919000.0, 2.4796691],
[1647005400.0, 2.4511953000000006],
[1647091800.0, 2.3980891000000004],
[1647178200.0, 2.3738943800000003],
[1647264600.0, 2.39060098],
[1647351000.0, 2.39841082],
[1647437400.0, 2.3573385600000005],
[1647523800.0, 2.3349776800000006],
[1647610200.0, 2.34952706],
[1647696600.0, 2.34150778],
[1647783000.0, 2.3893453800000004],
[1647869400.0, 2.3764365],
[1647955800.0, 2.39508028],
[1648042200.0, 2.3469062000000003],
[1648128600.0, 2.3951342],
[1648215000.0, 2.3857843],
[1648301400.0, 2.3847340200000007],
[1648387800.0, 2.4063018400000002],
[1648474200.0, 2.39389848],
[1648560600.0, 2.5735224600000004],
[1648647000.0, 2.57203802],
[1648733400.0, 2.5745473800000003],
[1648819800.0, 2.5280324800000002],
[1648906200.0, 2.7102063400000005],
[1648996200.0, 2.6770943000000003],
[1649082600.0, 2.64190388],
[1649169000.0, 2.5669980600000004],
[1649255400.0, 2.58334516],
[1649341800.0, 2.5817441999999997],
[1649428200.0, 2.50442924],
[1649514600.0, 2.487701800000001],
[1649601000.0, 2.487701800000001],
[1649687400.0, 2.487701800000001],
[1649773800.0, 2.487701800000001],
[1649860200.0, 2.4851727200000004],
[1649946600.0, 2.4228394800000004],
[1650033000.0, 2.4361517800000003],
[1650119400.0, 2.4868130200000005],
[1650205800.0, 2.47393556],
[1650292200.0, 2.5100070000000003],
[1650378600.0, 2.5260969800000006],
[1650465000.0, 2.56430644],
[1650551400.0, 2.56430644],
[1650637800.0, 2.56430644],
[1650724200.0, 2.69290478],
[1650810600.0, 2.6862169200000006],
[1650897000.0, 2.6873439600000006],
[1650983400.0, 2.6279690600000003],
[1651069800.0, 2.6515565400000005],
[1651156200.0, 2.5738626],
[1651242600.0, 2.56585058],
[1651329000.0, 2.5378308400000003],
[1651415400.0, 2.51746264],
[1651501800.0, 2.52761994],
[1651588200.0, 2.58848788],
[1651674600.0, 2.5916224800000003],
[1651761000.0, 2.5770903600000006],
[1651847400.0, 2.5469200400000003],
[1651933800.0, 2.49671404],
[1652020200.0, 2.4700997200000003],
[1652106600.0, 2.44418296],
[1652193000.0, 2.41376222],
[1652279400.0, 2.3860208],
[1652365800.0, 2.37265874],
[1652452200.0, 2.2808111200000005],
[1652538600.0, 2.30310288],
[1652625000.0, 2.3423537000000003],
[1652711400.0, 2.4141506],
[1652797800.0, 2.37206122],
[1652884200.0, 2.3399254600000003],
[1652970600.0, 2.32234698],
[1653057000.0, 2.3081022200000003],
[1653143400.0, 2.28783612],
[1653229800.0, 2.2628779600000004],
[1653316200.0, 2.2513677800000003],
[1653402600.0, 2.28360426],
[1653489000.0, 2.24713368],
[1653575400.0, 2.27161706],
[1653661800.0, 2.2806779800000005],
[1653748200.0, 2.29882048],
[1653834600.0, 2.26459166],
[1653921000.0, 2.23544136],
[1654007400.0, 2.2107490800000003],
[1654093800.0, 2.21054448],
[1654180200.0, 2.26768092],
[1654266600.0, 2.30061744],
[1654353000.0, 2.27289306],
[1654439400.0, 2.2511475800000005],
[1654525800.0, 2.2657227200000003],
[1654612200.0, 2.24704354],
[1654698600.0, 2.20591532],
[1654785000.0, 2.1959604400000003],
[1654871400.0, 2.2398999],
[1654957800.0, 2.2121308600000003],
[1655044200.0, 2.25597124],
[1655130600.0, 2.2857078800000004],
[1655217000.0, 2.30742458],
[1655303400.0, 2.30263958],
[1655389800.0, 2.4397161000000005],
[1655476200.0, 2.3318613],
[1655562600.0, 2.3586607],
[1655649000.0, 2.31406988],
[1655735400.0, 2.3142702],
[1655821800.0, 2.2550693400000004],
[1655908200.0, 2.277031],
[1655994600.0, 2.24791682],
[1656081000.0, 2.77188178],
[1656167400.0, 2.2731294600000003],
[1656253800.0, 2.2511714],
[1656340200.0, 2.26812688],
[1656426600.0, 2.39316842],
[1656513000.0, 2.3125766800000003],
[1656599400.0, 2.38903918],
[1656685800.0, 2.38782046],
[1656772200.0, 2.33679668],
[1656858600.0, 2.34563258],
[1656945000.0, 2.4385410800000002],
[1657031400.0, 2.4751897400000002],
[1657117800.0, 2.5176904],
[1657204200.0, 2.46910236],
[1657290600.0, 2.3759574000000003],
[1657377000.0, 2.3208201800000006],
[1657463400.0, 2.24377866],
[1657549800.0, 2.2134190400000002],
[1657636200.0, 2.3318614],
[1657722600.0, 2.2773769600000002],
[1657809000.0, 2.2225079400000007],
[1657895400.0, 2.1787345399999998],
[1657981800.0, 2.15418144],
[1658068200.0, 2.1364172800000003],
[1658154600.0, 2.16675462],
[1658241000.0, 2.18614312],
[1658327400.0, 2.1962274000000006],
[1658413800.0, 2.2579293600000003],
[1658500200.0, 2.25711352],
[1658586600.0, 2.32327888],
[1658673000.0, 2.2864674000000003],
[1658759400.0, 2.24206548],
[1658845800.0, 2.22890238],
[1658932200.0, 2.22099502],
[1659018600.0, 2.26805674],
[1659105000.0, 2.23776858],
[1659191400.0, 2.20093758],
[1659277800.0, 2.1789153800000003],
[1659364200.0, 2.23833122],
[1659450600.0, 2.2495480999999997],
[1659537000.0, 2.29467436],
[1659623400.0, 2.2909644000000005],
[1659709800.0, 2.2806380000000006],
[1659796200.0, 2.2526963400000004],
[1659882600.0, 2.2440160600000003],
[1659969000.0, 2.2295833800000002],
[1660055400.0, 2.2567062800000004],
[1660141800.0, 2.2922144600000007],
[1660228200.0, 2.2742629200000004],
[1660314600.0, 2.26444852],
[1660401000.0, 2.26444852],
[1660487400.0, 2.26444852],
[1660573800.0, 2.26444852],
[1660660200.0, 2.3101502000000003],
[1660746600.0, 2.38887464],
[1660833000.0, 2.35711882],
[1660919400.0, 2.29703978],
[1661005800.0, 2.3787604],
[1661092200.0, 2.32613742],
[1661178600.0, 2.35922788],
[1661265000.0, 2.3902233800000006],
[1661351400.0, 2.50678466],
[1661437800.0, 2.6648043400000008],
[1661524200.0, 3.0172241200000003],
[1661610600.0, 2.9998567],
[1661697000.0, 2.9639133],
[1661783400.0, 3.02479012],
[1661869800.0, 2.9910935400000005],
[1661956200.0, 2.7906303],
[1662042600.0, 2.90636966],
[1662129000.0, 3.15099778],
[1662215400.0, 3.17753582],
[1662301800.0, 3.2607435200000006],
[1662388200.0, 3.3480822199999998],
[1662474600.0, 3.2334654],
[1662561000.0, 2.9903016],
[1662647400.0, 2.9423930599999997],
[1662733800.0, 2.81681886],
[1662820200.0, 2.69766578],
[1662906600.0, 2.80061498],
[1662993000.0, 2.68913082],
[1663079400.0, 2.6497767200000006],
[1663165800.0, 2.6308145400000003],
[1663252200.0, 2.6298761399999995],
[1663338600.0, 2.6527037600000005],
[1663425000.0, 2.7010106000000005],
[1663511400.0, 2.738306840000001],
[1663597800.0, 2.77744852],
[1663684200.0, 2.94097726],
[1663770600.0, 3.0196145800000003],
[1663857000.0, 3.0538175600000006],
[1663943400.0, 3.0897665400000003],
[1664029800.0, 3.07031496],
[1664116200.0, 2.99855672],
[1664202600.0, 2.9354133600000005],
[1664289000.0, 2.94961398],
[1664375400.0, 2.9154747800000003],
[1664461800.0, 2.83707316],
[1664548200.0, 2.9244299400000004],
[1664634600.0, 2.7721450400000003],
[1664717400.0, 2.7420003200000003],
[1664803800.0, 2.6806526200000005],
[1664890200.0, 2.7204252600000003],
[1664976600.0, 2.692763420000001],
[1665063000.0, 2.6668098000000002],
[1665149400.0, 2.70340266],
[1665235800.0, 2.6677597200000003],
[1665322200.0, 2.714232740000001],
[1665408600.0, 2.7155151600000003],
[1665495000.0, 2.64758834],
[1665581400.0, 2.6821222200000006],
[1665667800.0, 2.77767026],
[1665754200.0, 2.8155575400000004],
[1665840600.0, 2.73588528],
[1665927000.0, 2.7631307],
[1666013400.0, 2.7268469200000003],
[1666099800.0, 2.7197783400000004],
[1666186200.0, 2.8019852600000004],
[1666272600.0, 2.8030102400000003],
[1666359000.0, 2.8150940199999996],
[1666445400.0, 2.8836562600000004],
[1666531800.0, 2.91413226],
[1666618200.0, 2.8620256000000004],
[1666704600.0, 2.9312187],
[1666791000.0, 2.8730165],
[1666877400.0, 2.8375283600000003],
[1666963800.0, 2.86956412],
[1667050200.0, 2.8282472600000004],
[1667136600.0, 2.7404238400000005],
[1667223000.0, 2.6790089800000003],
[1667309400.0, 2.5930612600000003],
[1667395800.0, 2.5483001200000004],
[1667482200.0, 2.68130638],
[1667568600.0, 2.944605],
[1667655000.0, 2.9921351199999995],
[1667741400.0, 2.9727325],
[1667827800.0, 2.93377078],
[1667914200.0, 2.9275680800000004],
[1668000600.0, 2.94287402],
[1668087000.0, 3.0710099399999997],
[1668173400.0, 2.92863836],
[1668259800.0, 2.8641764],
[1668346200.0, 2.8409499400000002],
[1668432600.0, 2.86453326],
[1668519000.0, 2.91473052],
[1668605400.0, 2.8640473200000005],
[1668691800.0, 2.9060716800000006],
[1668778200.0, 2.7900838200000004],
[1668864600.0, 2.71542486],
[1668951000.0, 2.6932343800000003],
[1669037400.0, 2.63377026],
[1669123800.0, 2.59553074],
[1669210200.0, 2.5569194],
[1669296600.0, 2.5383869800000003],
[1669383000.0, 2.50780896],
[1669469400.0, 2.50485352],
[1669555800.0, 2.4671727600000004],
[1669642200.0, 2.4901715400000004],
[1669728600.0, 2.54437048],
[1669815000.0, 2.6888761199999998],
[1669901400.0, 2.7654529000000005],
[1669987800.0, 2.75233784],
[1670074200.0, 2.80205362],
[1670160600.0, 2.80656082],
[1670247000.0, 2.8024507000000005],
[1670333400.0, 2.8169489400000005],
[1670419800.0, 2.7852219000000007],
[1670506200.0, 2.81707286],
[1670592600.0, 2.7849669400000003],
[1670679000.0, 2.7506144],
[1670765400.0, 2.6850566000000002],
[1670851800.0, 2.64002784],
[1670938200.0, 2.59397978],
[1671024600.0, 2.59179496],
[1671111000.0, 2.62385596],
[1671197400.0, 2.54129918],
[1671283800.0, 2.4868434000000006],
[1671370200.0, 2.4778282799999998],
[1671456600.0, 2.43107982],
[1671543000.0, 2.44956926],
[1671629400.0, 2.47675642],
[1671715800.0, 2.4682880000000003],
[1671802200.0, 2.4340691199999998],
[1671888600.0, 2.40133484],
[1671975000.0, 2.4008254200000003],
[1672061400.0, 2.40197982],
[1672147800.0, 2.3827675200000002],
[1672234200.0, 2.36027494],
[1672320600.0, 2.3679885],
[1672407000.0, 2.3726186],
[1672493400.0, 2.3543135800000003],
[1672579800.0, 2.34132664],
[1672666200.0, 2.29562264],
[1672752600.0, 2.2810592200000004],
[1672839000.0, 2.2542843600000007],
[1672925400.0, 2.2594308],
[1673011800.0, 2.263281],
[1673098200.0, 2.2410280400000007],
[1673184600.0, 2.23037404],
[1673271000.0, 2.21028618],
[1673357400.0, 2.284748],
[1673443800.0, 2.3313151000000003],
[1673530200.0, 2.3661241],
[1673616600.0, 2.3576025400000002],
[1673703000.0, 2.4477258199999996],
[1673789400.0, 2.54813874],
[1673875800.0, 2.6644505],
[1673962200.0, 3.0195772599999997],
[1674048600.0, 2.79037536],
[1674135000.0, 2.79506952],
[1674221400.0, 2.80520242],
[1674307800.0, 2.7942456200000003],
[1674394200.0, 2.87794994],
[1674480600.0, 2.8386794],
[1674567000.0, 2.8677834200000003],
[1674653400.0, 2.92458084],
[1674739800.0, 3.12203994],
[1674826200.0, 3.2948444800000005],
[1674912600.0, 3.70936868],
[1674999000.0, 3.38800848],
[1675085400.0, 3.616261240000001],
[1675171800.0, 3.7213201400000004],
[1675258200.0, 3.4629909200000006],
[1675344600.0, 3.402267760000001],
[1675431000.0, 3.44395862],
[1675517400.0, 3.3655260000000005],
[1675603800.0, 3.3067311600000004],
[1675690200.0, 3.226875220000001],
[1675776600.0, 3.1989582800000003],
[1675863000.0, 3.2052194800000002],
[1675949400.0, 3.2052194800000002],
