[1635773400.0, 0.8096585549896244],
[1635859800.0, 0.8075934912931773],
[1635946200.0, 0.8257683889999049],
[1636032600.0, 0.81931643625192],
[1636119000.0, 0.8071358748778102],
[1636205400.0, 0.6451612903225807],
[1636291800.0, 0.7240735803785656],
[1636378200.0, 0.7381720430107527],
[1636464600.0, 0.7419354838709677],
[1636551000.0, 0.7268455769404537],
[1636637400.0, 0.7390369331463301],
[1636723800.0, 0.7445764950009431],
[1636810200.0, 0.7464078408982775],
[1636896600.0, 0.7067448680351905],
[1636983000.0, 0.7376160279386087],
[1637069400.0, 0.7328370554177006],
[1637155800.0, 0.7504634779384501],
[1637242200.0, 0.753615127919911],
[1637328600.0, 0.7915632754342432],
[1637415000.0, 0.8098813496477567],
[1637501400.0, 0.8238429172510519],
[1637587800.0, 0.8221598877980366],
[1637674200.0, 0.8129967274427303],
[1637760600.0, 0.8041878890775326],
[1637847000.0, 0.796811271783463],
[1637933400.0, 0.8272089761570827],
[1638019800.0, 0.7844787283777467],
[1638106200.0, 0.8174872665534804],
[1638192600.0, 0.8431259600614439],
[1638279000.0, 0.8629521016617789],
[1638365400.0, 0.907587745993102],
[1638451800.0, 0.8087105810065962],
[1638538200.0, 0.8204847822125022],
[1638624600.0, 0.8623470522803115],
[1638711000.0, 0.884644406715714],
[1638797400.0, 0.86860969628372],
[1638883800.0, 0.8793202764976958],
[1638970200.0, 0.8967933947772656],
[1639056600.0, 0.9406180373922309],
[1639143000.0, 0.9493364332074008],
[1639229400.0, 0.8781979977753057],
[1639315800.0, 0.9103633667037448],
[1639402200.0, 0.9021505376344086],
[1639488600.0, 0.9439584472389284],
[1639575000.0, 0.9832220986281051],
[1639661400.0, 1.0038671948688924],
[1639747800.0, 1.0252454417952315],
[1639834200.0, 1.0420591873632123],
[1639920600.0, 1.0350631136044883],
[1640007000.0, 1.154412476993122],
[1640093400.0, 0.9710789766407117],
[1640179800.0, 1.007230255839822],
[1640266200.0, 0.9569892473118281],
[1640352600.0, 1.0280504908835904],
[1640439000.0, 1.0294284097340123],
[1640525400.0, 1.0015091492171286],
[1640611800.0, 0.9807193177604745],
[1640698200.0, 0.9806266221727844],
[1640784600.0, 0.9702447163515016],
[1640871000.0, 0.8345056188859244],
[1640957400.0, 0.8606286186931347],
[1641043800.0, 0.8576548899129544],
[1641130200.0, 0.8903052375997226],
[1641216600.0, 0.8925605385086108],
[1641303000.0, 0.8548824197919397],
[1641389400.0, 0.8654581000622055],
[1641475800.0, 0.9161290322580645],
[1641562200.0, 0.882147124082608],
[1641648600.0, 0.8630537634408603],
[1641735000.0, 0.8756129032258064],
[1641821400.0, 0.8910856746444676],
[1641907800.0, 0.8570933055844606],
[1641994200.0, 0.8408602150537636],
[1642080600.0, 0.8470185728250245],
[1642167000.0, 0.8660049627791563],
[1642253400.0, 0.9174227150537634],
[1642339800.0, 0.6600358422939068],
[1642426200.0, 0.7610437641257448],
[1642512600.0, 0.8223926611023384],
[1642599000.0, 0.8447531590926929],
[1642685400.0, 0.8986983588002263],
[1642771800.0, 0.7732160312805474],
[1642858200.0, 0.7890764081748913],
[1642944600.0, 0.7747708739265354],
[1643031000.0, 0.8130227001194744],
[1643117400.0, 0.8167467398764584],
[1643203800.0, 0.8146877144818119],
[1643290200.0, 0.824884792626728],
[1643376600.0, 0.8427909897182325],
[1643463000.0, 0.8424256799493989],
[1643549400.0, 0.8299335863377608],
[1643635800.0, 0.8299335863377608],
[1643722200.0, 0.8299335863377608],
[1643808600.0, 0.9091439526548304],
[1643895000.0, 0.8971409519046427],
[1643981400.0, 0.8989415322580645],
[1644067800.0, 0.7912121915370929],
[1644154200.0, 0.8078643748528375],
[1644240600.0, 0.6932401890281488],
[1644327000.0, 0.6868022738168619],
[1644413400.0, 0.7190426638917792],
[1644499800.0, 0.7322301354559417],
[1644586200.0, 0.6224677716390423],
[1644672600.0, 0.658869395711501],
[1644759000.0, 0.6992671734812684],
[1644845400.0, 0.6872070581748001],
[1644931800.0, 0.7269102043722852],
[1645018200.0, 0.782795698924731],
[1645104600.0, 0.7587557603686633],
[1645191000.0, 0.7746543778801842],
[1645277400.0, 0.784331797235023],
[1645363800.0, 0.7810291858678955],
[1645450200.0, 0.75276284348865],
[1645536600.0, 0.7996644551208723],
[1645623000.0, 0.8172827878502472],
[1645709400.0, 0.7189328977814072],
[1645795800.0, 0.7349103942652331],
[1645882200.0, 0.7265745007680491],
[1645968600.0, 0.6035968056341572],
[1646055000.0, 0.6712953072705262],
[1646141400.0, 0.32037406745823266],
[1646227800.0, 0.5641410352588148],
[1646314200.0, 0.6100267104992808],
[1646400600.0, 0.6315558481457099],
[1646487000.0, 0.6520681265206814],
[1646573400.0, 0.6586226709349092],
[1646659800.0, 0.6755116198404439],
[1646746200.0, 0.6895938860748243],
[1646832600.0, 0.6979933959867919],
[1646919000.0, 0.6636976408281174],
[1647005400.0, 0.6896608767576509],
[1647091800.0, 0.7188086704215735],
[1647178200.0, 0.7140645161290322],
[1647264600.0, 0.7300463327213916],
[1647351000.0, 0.7323192586764576],
[1647437400.0, 0.7201780913978494],
[1647523800.0, 0.7366861400389467],
[1647610200.0, 0.7509377344336085],
[1647696600.0, 0.7696090689339001],
[1647783000.0, 0.7695257147620238],
[1647869400.0, 0.737953006770211],
[1647955800.0, 0.7645727221279003],
[1648042200.0, 0.7680374292046294],
[1648128600.0, 0.7699424856214053],
[1648215000.0, 0.7653580061682087],
[1648301400.0, 0.7009360253732498],
[1648387800.0, 0.691132928159576],
[1648474200.0, 0.6882505297857311],
[1648560600.0, 0.6836527972572853],
[1648647000.0, 0.6767180925666199],
[1648733400.0, 0.6766401745363876],
[1648819800.0, 0.689192371085472],
[1648906200.0, 0.7162883313420948],
[1648996200.0, 0.7139629110176093],
[1649082600.0, 0.6774967123075732],
[1649169000.0, 0.6832632071061243],
[1649255400.0, 0.6885673624288425],
[1649341800.0, 0.74863523573201],
[1649428200.0, 0.7848602150537636],
[1649514600.0, 0.7984311651683413],
[1649601000.0, 0.7984311651683413],
[1649687400.0, 0.7984311651683413],
[1649773800.0, 0.7984311651683413],
[1649860200.0, 0.798343028380046],
[1649946600.0, 0.7733333333333334],
[1650033000.0, 0.6527598566308244],
[1650119400.0, 0.6823069403714564],
[1650205800.0, 0.7049492869671318],
[1650292200.0, 0.715740965316517],
[1650378600.0, 0.7307692307692308],
[1650465000.0, 0.7404114808229616],
[1650551400.0, 0.7404114808229616],
[1650637800.0, 0.7404114808229616],
[1650724200.0, 0.7485258411377038],
[1650810600.0, 0.7421956295525495],
[1650897000.0, 0.7408691015729137],
[1650983400.0, 0.7338709677419355],
[1651069800.0, 0.7396057347670251],
[1651156200.0, 0.7483314794215794],
[1651242600.0, 0.7702664796633941],
[1651329000.0, 0.7686769518466574],
[1651415400.0, 0.7391151066455138],
[1651501800.0, 0.7196433254655125],
[1651588200.0, 0.7401129943502823],
[1651674600.0, 0.7147803900127573],
[1651761000.0, 0.7164782648653616],
[1651847400.0, 0.7185761957730811],
[1651933800.0, 0.7197867843029133],
[1652020200.0, 0.7120466557317293],
[1652106600.0, 0.7053579634224796],
[1652193000.0, 0.7018656373495085],
[1652279400.0, 0.6944214686150169],
[1652365800.0, 0.7083683964469379],
[1652452200.0, 0.7093969144460027],
[1652538600.0, 0.7212716222533895],
[1652625000.0, 0.7371776572461699],
[1652711400.0, 0.7294850028296544],
[1652797800.0, 0.7459560542309491],
[1652884200.0, 0.746236559139785],
[1652970600.0, 0.7705469845722299],
[1653057000.0, 0.8047830923248053],
[1653143400.0, 0.793474230626622],
[1653229800.0, 0.7837616183706942],
[1653316200.0, 0.7913249498815381],
[1653402600.0, 0.8087105810065962],
[1653489000.0, 0.8075973911510665],
[1653575400.0, 0.8164045143517282],
[1653661800.0, 0.8047770139256125],
[1653748200.0, 0.8132942326490712],
[1653834600.0, 0.7275712057785438],
[1653921000.0, 0.7686940819174259],
[1654007400.0, 0.7766108193715097],
[1654093800.0, 0.7712066905615292],
[1654180200.0, 0.795784263526199],
[1654266600.0, 0.8128685397155742],
[1654353000.0, 0.8558963511369646],
[1654439400.0, 0.848052176978671],
[1654525800.0, 0.8486755835300288],
[1654612200.0, 0.8553675304071919],
[1654698600.0, 0.7824399708949793],
[1654785000.0, 0.7756598240469208],
[1654871400.0, 0.7672166133136336],
[1654957800.0, 0.7097542242703531],
[1655044200.0, 0.7399588867805186],
[1655130600.0, 0.8595771824312008],
[1655217000.0, 0.8114408602150537],
[1655303400.0, 0.8114408602150537],
[1655389800.0, 0.8052568697729988],
[1655476200.0, 0.8061102577231609],
[1655562600.0, 0.8183225806451613],
[1655649000.0, 0.8218869233437391],
[1655735400.0, 0.8309920221990982],
[1655821800.0, 0.796902583854919],
[1655908200.0, 0.8021986839993578],
[1655994600.0, 0.8008345369924571],
[1656081000.0, 0.742973674453096],
[1656167400.0, 0.7565710872162484],
[1656253800.0, 0.7605835025189862],
[1656340200.0, 0.791563275434243],
[1656426600.0, 0.6909913453973248],
[1656513000.0, 0.6894177812745867],
[1656599400.0, 0.7062024652504589],
[1656685800.0, 0.4082221968919792],
[1656772200.0, 0.7025963808025175],
[1656858600.0, 0.702006294256491],
[1656945000.0, 0.7392640085487209],
[1657031400.0, 0.7452701783040696],
[1657117800.0, 0.7646356033452808],
[1657204200.0, 0.7666034155597723],
[1657290600.0, 0.6682402307894046],
[1657377000.0, 0.7158023683135974],
[1657463400.0, 0.8353302611367126],
[1657549800.0, 0.8415559772296015],
[1657636200.0, 0.8503385105535642],
[1657722600.0, 0.8646815550041356],
[1657809000.0, 0.8259803921568627],
[1657895400.0, 0.5810931899641577],
[1657981800.0, 0.5863646762754519],
[1658068200.0, 0.7141577060931898],
[1658154600.0, 0.753652206154987],
[1658241000.0, 0.7590352449223418],
[1658327400.0, 0.777210489672778],
[1658413800.0, 0.8049853372434017],
[1658500200.0, 0.7979972092259706],
[1658586600.0, 0.8224536449072898],
[1658673000.0, 0.8336296672593346],
[1658759400.0, 0.7486943164362518],
[1658845800.0, 0.7701709600061887],
[1658932200.0, 0.7853386704340319],
[1659018600.0, 0.807266210492017],
[1659105000.0, 0.8741148701809598],
[1659191400.0, 0.8711499908875522],
[1659277800.0, 0.8857410004675083],
[1659364200.0, 0.8548387096774194],
[1659450600.0, 0.8293238563878256],
[1659537000.0, 0.7976160706843378],
[1659623400.0, 0.8028956057912117],
[1659709800.0, 0.8141445930588337],
[1659796200.0, 0.8268817204301075],
[1659882600.0, 0.8541610192464084],
[1659969000.0, 0.8360892744194451],
[1660055400.0, 0.7575682382133995],
[1660141800.0, 0.7683515367030733],
[1660228200.0, 0.7708653353814643],
[1660314600.0, 0.7857266736038848],
[1660401000.0, 0.7857266736038848],
[1660487400.0, 0.7857266736038848],
[1660573800.0, 0.7857266736038848],
[1660660200.0, 0.7653333333333333],
[1660746600.0, 0.7236559139784946],
[1660833000.0, 0.5940519940111609],
[1660919400.0, 0.6720430107526881],
[1661005800.0, 0.7214706902532085],
[1661092200.0, 0.7124301075268817],
[1661178600.0, 0.7351937190646869],
[1661265000.0, 0.722494623655914],
[1661351400.0, 0.7176326601975697],
[1661437800.0, 0.637887413029728],
[1661524200.0, 0.6611248966087676],
[1661610600.0, 0.6629704301075269],
[1661697000.0, 0.6745806451612903],
[1661783400.0, 0.6843255529329486],
[1661869800.0, 0.6970585621612014],
[1661956200.0, 0.721505376344086],
[1662042600.0, 0.7297248040823764],
[1662129000.0, 0.7649113132984102],
[1662215400.0, 0.771690767519466],
[1662301800.0, 0.71501143002286],
[1662388200.0, 0.7713086808287437],
[1662474600.0, 0.767562724014337],
[1662561000.0, 0.782416192283365],
[1662647400.0, 0.8017131401494441],
[1662733800.0, 0.7896847093129213],
[1662820200.0, 0.8090249057990994],
[1662906600.0, 0.7942157953281422],
[1662993000.0, 0.7189061044788757],
[1663079400.0, 0.7520161290322581],
[1663165800.0, 0.7330284063553201],
[1663252200.0, 0.7526079281014282],
[1663338600.0, 0.642438206954336],
[1663425000.0, 0.6178286507110647],
[1663511400.0, 0.6183147093963033],
[1663597800.0, 0.6155738280975472],
[1663684200.0, 0.6329652883019412],
[1663770600.0, 0.6367521367521367],
[1663857000.0, 0.5453482935951379],
[1663943400.0, 0.4725550435227855],
[1664029800.0, 0.4783922171018945],
[1664116200.0, 0.5061517783291977],
[1664202600.0, 0.5243883434626772],
[1664289000.0, 0.5578649817093448],
[1664375400.0, 0.5669802867383512],
[1664461800.0, 0.573707943114811],
[1664548200.0, 0.6156369600874795],
[1664634600.0, 0.6423316355404639],
[1664717400.0, 0.6484786090139556],
[1664803800.0, 0.6876489392618425],
[1664890200.0, 1.2198594341322762],
[1664976600.0, 1.1153635866593767],
[1665063000.0, 1.3301075268817204],
[1665149400.0, 1.0026881720430108],
[1665235800.0, 0.8417982155113246],
[1665322200.0, 0.8485354097144974],
[1665408600.0, 0.9467159783576466],
[1665495000.0, 0.8265136753987155],
[1665581400.0, 0.6019217570350036],
[1665667800.0, 0.5823983169705469],
[1665754200.0, 0.6699965313909123],
[1665840600.0, 0.657965478211658],
[1665927000.0, 0.6326649229875037],
[1666013400.0, 0.6978793309438472],
[1666099800.0, 0.741537236160892],
[1666186200.0, 0.7324478178368121],
[1666272600.0, 0.7178209993674888],
[1666359000.0, 0.7031953023716921],
[1666445400.0, 0.7296581608088588],
[1666531800.0, 0.6967587220546144],
[1666618200.0, 0.7124057133686406],
[1666704600.0, 0.7300054940742486],
[1666791000.0, 0.7077294685990337],
[1666877400.0, 0.6921946313916609],
[1666963800.0, 0.7022211757318892],
[1667050200.0, 0.657100482017056],
[1667136600.0, 0.662929916876382],
[1667223000.0, 0.6748805256869774],
[1667309400.0, 0.681129789489626],
[1667395800.0, 0.6501459802036603],
[1667482200.0, 0.5835833958489622],
[1667568600.0, 0.6295459215122252],
[1667655000.0, 0.6135628999274357],
[1667741400.0, 0.637969557324396],
[1667827800.0, 0.6907355978067364],
[1667914200.0, 0.6862745098039216],
[1668000600.0, 0.7469485614646905],
[1668087000.0, 0.7656204591688464],
[1668173400.0, 0.762636237290615],
[1668259800.0, 0.7703374119391916],
[1668346200.0, 0.789293067947838],
[1668432600.0, 0.6121823752027393],
[1668519000.0, 0.7092099111734455],
[1668605400.0, 0.7131263948062487],
[1668691800.0, 0.7240599958906924],
[1668778200.0, 0.709539564378274],
[1668864600.0, 0.7416543678403261],
[1668951000.0, 0.7170954130937797],
[1669037400.0, 0.7209034963143304],
[1669123800.0, 0.7274159304157249],
[1669210200.0, 0.7187287328161155],
[1669296600.0, 0.6871165644171779],
[1669383000.0, 0.7973932877158683],
[1669469400.0, 0.728953579858379],
[1669555800.0, 0.7379376895505927],
[1669642200.0, 0.7293453110112971],
[1669728600.0, 0.7075141566456702],
[1669815000.0, 0.7142947501581278],
[1669901400.0, 0.7051865907653384],
[1669987800.0, 0.6635254319197778],
[1670074200.0, 0.45180769830138695],
[1670160600.0, 0.5420675344274665],
[1670247000.0, 0.6426247587537911],
[1670333400.0, 0.6472459951722623],
[1670419800.0, 0.6484655017921146],
[1670506200.0, 0.7830851943755169],
[1670592600.0, 0.8198022660027421],
[1670679000.0, 0.7515992922281203],
[1670765400.0, 0.7478254914046982],
[1670851800.0, 0.7779676707256284],
[1670938200.0, 0.7939784946236559],
[1671024600.0, 0.7150537634408602],
[1671111000.0, 0.703212612969193],
[1671197400.0, 0.7272356063699468],
[1671283800.0, 0.7726780688460705],
[1671370200.0, 0.7822948887906908],
[1671456600.0, 0.7079542321477805],
[1671543000.0, 0.73168458781362],
[1671629400.0, 0.7336868463691265],
[1671715800.0, 0.6775590001396453],
[1671802200.0, 0.6935849608660667],
[1671888600.0, 0.7218125960061443],
[1671975000.0, 0.7293127629733519],
[1672061400.0, 0.7205882352941175],
[1672147800.0, 0.7386207454119169],
[1672234200.0, 0.8397673188789],
[1672320600.0, 0.7991431451612904],
[1672407000.0, 0.8211612903225806],
[1672493400.0, 0.8410700236034616],
[1672579800.0, 0.8276925788824255],
[1672666200.0, 0.8624207333884754],
[1672752600.0, 0.8337468982630274],
[1672839000.0, 0.8016344086021506],
[1672925400.0, 0.8093763440860215],
[1673011800.0, 0.8102670828997574],
[1673098200.0, 0.7868236900494965],
[1673184600.0, 0.7926619059344988],
[1673271000.0, 0.7848671726755218],
[1673357400.0, 0.8056370153144347],
[1673443800.0, 0.8203965053763442],
[1673530200.0, 0.7607928101428341],
[1673616600.0, 0.7772428181672283],
[1673703000.0, 0.8016287160025299],
[1673789400.0, 0.6755934266585515],
[1673875800.0, 0.757285873192436],
[1673962200.0, 0.7367420086314095],
[1674048600.0, 0.7692012288786482],
[1674135000.0, 0.810195141377937],
[1674221400.0, 0.7684385885203696],
[1674307800.0, 0.8065289703720895],
[1674394200.0, 0.800727160207318],
[1674480600.0, 0.7240846159252231],
[1674567000.0, 0.778090495778307],
[1674653400.0, 0.7653508771929823],
[1674739800.0, 0.7778252510147403],
[1674826200.0, 0.7783949298582923],
[1674912600.0, 0.7965649130403407],
[1674999000.0, 0.7712931522354272],
[1675085400.0, 0.760450046286406],
[1675171800.0, 0.7341736096275725],
[1675258200.0, 0.7360962757245603],
[1675344600.0, 0.6259775171065493],
[1675431000.0, 0.7614247311827957],
[1675517400.0, 0.6989927861712264],
[1675603800.0, 0.7268957762316396],
[1675690200.0, 0.6618804091266718],
[1675776600.0, 0.6767430851423549],
[1675863000.0, 0.6750524109014676],
[1675949400.0, 0.6750524109014676],
