[1635773400.0, 0.7273987206823027],
[1635859800.0, 0.7244258872651357],
[1635946200.0, 0.7125706214689267],
[1636032600.0, 0.73319118692253],
[1636119000.0, 0.7250899928005758],
[1636205400.0, 0.7319940476190476],
[1636291800.0, 0.7343630816170863],
[1636378200.0, 0.7293302540415704],
[1636464600.0, 0.7454976303317535],
[1636551000.0, 0.7532128514056224],
[1636637400.0, 0.7320959010054137],
[1636723800.0, 0.7393302180685357],
[1636810200.0, 0.6877001455604076],
[1636896600.0, 0.6065637065637065],
[1636983000.0, 0.6126875407697326],
[1637069400.0, 0.6248830995323981],
[1637155800.0, 0.6353494623655913],
[1637242200.0, 0.6337365591397848],
[1637328600.0, 0.6304597701149426],
[1637415000.0, 0.6339443312966735],
[1637501400.0, 0.6237949762389682],
[1637587800.0, 0.6271604938271603],
[1637674200.0, 0.6288684389911384],
[1637760600.0, 0.6321745057941377],
[1637847000.0, 0.6259032038173142],
[1637933400.0, 0.6321024617431804],
[1638019800.0, 0.6366333333333333],
[1638106200.0, 0.6278333333333335],
[1638192600.0, 0.6259813705921491],
[1638279000.0, 0.6320564516129032],
[1638365400.0, 0.6258097165991903],
[1638451800.0, 0.6253373819163291],
[1638538200.0, 0.6185897435897435],
[1638624600.0, 0.6372210953346856],
[1638711000.0, 0.6538617886178861],
[1638797400.0, 0.6546258503401361],
[1638883800.0, 0.6827835051546391],
[1638970200.0, 0.7037037037037035],
[1639056600.0, 0.695017182130584],
[1639143000.0, 0.686335403726708],
[1639229400.0, 0.6804123711340206],
[1639315800.0, 0.6788819875776398],
[1639402200.0, 0.6946985446985446],
[1639488600.0, 0.6785714285714287],
[1639575000.0, 0.6700138026224982],
[1639661400.0, 0.6718055555555557],
[1639747800.0, 0.6885350318471337],
[1639834200.0, 0.6627165627165627],
[1639920600.0, 0.6616977225672879],
[1640007000.0, 0.6685645272601795],
[1640093400.0, 0.654192654192654],
[1640179800.0, 0.6520013802622499],
[1640266200.0, 0.6573804573804574],
[1640352600.0, 0.6597020097020095],
[1640439000.0, 0.6734736842105262],
[1640525400.0, 0.6746652572233965],
[1640611800.0, 0.6651260504201681],
[1640698200.0, 0.6619196119196119],
[1640784600.0, 0.6688149688149687],
[1640871000.0, 0.6645530145530145],
[1640957400.0, 0.652405498281787],
[1641043800.0, 0.6130550033134528],
[1641130200.0, 0.5686011904761903],
[1641216600.0, 0.5711330935251799],
[1641303000.0, 0.589212121212121],
[1641389400.0, 0.5909785932721713],
[1641475800.0, 0.5873394495412844],
[1641562200.0, 0.5892463235294119],
[1641648600.0, 0.5899876771410967],
[1641735000.0, 0.6237051792828685],
[1641821400.0, 0.6472837022132796],
[1641907800.0, 0.6560232717316907],
[1641994200.0, 0.6636805555555557],
[1642080600.0, 0.6700493305144467],
[1642167000.0, 0.6980543318649046],
[1642253400.0, 0.6441376959781869],
[1642339800.0, 0.653182751540041],
[1642426200.0, 0.6531762295081968],
[1642512600.0, 0.6651890034364262],
[1642599000.0, 0.683824561403509],
[1642685400.0, 0.6986379928315415],
[1642771800.0, 0.7579545454545454],
[1642858200.0, 0.7468236173393125],
[1642944600.0, 0.7496246246246246],
[1643031000.0, 0.7516516516516516],
[1643117400.0, 0.7320906432748538],
[1643203800.0, 0.7531692766592093],
[1643290200.0, 0.7452434456928836],
[1643376600.0, 0.75584662110858],
[1643463000.0, 0.8220542635658915],
[1643549400.0, 0.8196192696192697],
[1643635800.0, 0.8196192696192697],
[1643722200.0, 0.8196192696192697],
[1643808600.0, 0.7904313725490196],
[1643895000.0, 0.8029718875502005],
[1643981400.0, 0.8152845528455284],
[1644067800.0, 0.816219512195122],
[1644154200.0, 0.7951797385620916],
[1644240600.0, 0.7814814814814816],
[1644327000.0, 0.7856294536817101],
[1644413400.0, 0.7757719714964371],
[1644499800.0, 0.775177304964539],
[1644586200.0, 0.7738717339667458],
[1644672600.0, 0.7762248995983934],
[1644759000.0, 0.7655952380952381],
[1644845400.0, 0.7710925039872409],
[1644931800.0, 0.7534606205250596],
[1645018200.0, 0.7615476190476189],
[1645104600.0, 0.7567450980392157],
[1645191000.0, 0.7568235294117649],
[1645277400.0, 0.7669405320813771],
[1645363800.0, 0.7704402515723271],
[1645450200.0, 0.7733017377567142],
[1645536600.0, 0.6837847222222223],
[1645623000.0, 0.6935870331219169],
[1645709400.0, 0.6023504273504274],
[1645795800.0, 0.61],
[1645882200.0, 0.611682242990654],
[1645968600.0, 0.6135397123202001],
[1646055000.0, 0.6024656679151061],
[1646141400.0, 0.6121240601503759],
[1646227800.0, 0.6117142857142855],
[1646314200.0, 0.6219010918432883],
[1646400600.0, 0.628796653796654],
[1646487000.0, 0.662163050624589],
[1646573400.0, 0.6612],
[1646659800.0, 0.6507620941020543],
[1646746200.0, 0.6632195448460508],
[1646832600.0, 0.6910041841004183],
[1646919000.0, 0.6962137296532201],
[1647005400.0, 0.6850427350427352],
[1647091800.0, 0.6940756602426835],
[1647178200.0, 0.6891882183908046],
[1647264600.0, 0.6301294498381876],
[1647351000.0, 0.6257782101167315],
[1647437400.0, 0.6723537146614068],
[1647523800.0, 0.6820717131474104],
[1647610200.0, 0.6966193373901287],
[1647696600.0, 0.7166323731138546],
[1647783000.0, 0.7281314168377825],
[1647869400.0, 0.7518518518518518],
[1647955800.0, 0.763298969072165],
[1648042200.0, 0.728476380572189],
[1648128600.0, 0.7140948563794256],
[1648215000.0, 0.7167340067340069],
[1648301400.0, 0.721683848797251],
[1648387800.0, 0.73446088794926],
[1648474200.0, 0.7220326936744846],
[1648560600.0, 0.7252261656228255],
[1648647000.0, 0.725976290097629],
[1648733400.0, 0.7209294199860239],
[1648819800.0, 0.7195317959468902],
[1648906200.0, 0.726240391334731],
[1648996200.0, 0.7269607843137255],
[1649082600.0, 0.7265199161425575],
[1649169000.0, 0.7338596491228069],
[1649255400.0, 0.7352672292545711],
[1649341800.0, 0.7290977961432505],
[1649428200.0, 0.729744651483782],
[1649514600.0, 0.7295721187025536],
[1649601000.0, 0.7295721187025536],
[1649687400.0, 0.7295721187025536],
[1649773800.0, 0.7295721187025536],
[1649860200.0, 0.7291580400276053],
[1649946600.0, 0.7003168567807353],
[1650033000.0, 0.6175615212527965],
[1650119400.0, 0.6297701149425287],
[1650205800.0, 0.6276436781609195],
[1650292200.0, 0.6371402877697843],
[1650378600.0, 0.6437198067632851],
[1650465000.0, 0.6939842209072978],
[1650551400.0, 0.6939842209072978],
[1650637800.0, 0.6939842209072978],
[1650724200.0, 0.6887550200803215],
[1650810600.0, 0.6961034708578914],
[1650897000.0, 0.7009132420091324],
[1650983400.0, 0.6912573673870335],
[1651069800.0, 0.6886378519973805],
[1651156200.0, 0.7003749147920927],
[1651242600.0, 0.7004123711340206],
[1651329000.0, 0.7069122807017544],
[1651415400.0, 0.7133262260127933],
[1651501800.0, 0.7395555555555555],
[1651588200.0, 0.697228144989339],
[1651674600.0, 0.7261958146487296],
[1651761000.0, 0.6955197132616487],
[1651847400.0, 0.709652928416486],
[1651933800.0, 0.7075423105224429],
[1652020200.0, 0.7039172209903917],
[1652106600.0, 0.7094808126410836],
[1652193000.0, 0.6866077998528329],
[1652279400.0, 0.691703869047619],
[1652365800.0, 0.6264210526315792],
[1652452200.0, 0.6273206751054852],
[1652538600.0, 0.6307446808510638],
[1652625000.0, 0.6294432548179871],
[1652711400.0, 0.6548245614035086],
[1652797800.0, 0.6704868913857678],
[1652884200.0, 0.6636296296296298],
[1652970600.0, 0.6710914454277286],
[1653057000.0, 0.6921862971516551],
[1653143400.0, 0.6669282511210762],
[1653229800.0, 0.6634009009009009],
[1653316200.0, 0.6737767584097861],
[1653402600.0, 0.6913145539906104],
[1653489000.0, 0.673996913580247],
[1653575400.0, 0.6814207650273226],
[1653661800.0, 0.6783993783993784],
[1653748200.0, 0.6726884226884227],
[1653834600.0, 0.6037114845938376],
[1653921000.0, 0.6210583153347733],
[1654007400.0, 0.6694704049844236],
[1654093800.0, 0.6198099415204678],
[1654180200.0, 0.5866666666666667],
[1654266600.0, 0.5872060857538035],
[1654353000.0, 0.6068817204301076],
[1654439400.0, 0.6070761494252873],
[1654525800.0, 0.660051736881005],
[1654612200.0, 0.63359375],
[1654698600.0, 0.6349366144668158],
[1654785000.0, 0.621376811594203],
[1654871400.0, 0.6403413217138708],
[1654957800.0, 0.6391096394407652],
[1655044200.0, 0.6326681448632668],
[1655130600.0, 0.6309999999999998],
[1655217000.0, 0.6142961342086068],
[1655303400.0, 0.6269063180827885],
[1655389800.0, 0.6166666666666666],
[1655476200.0, 0.633516081871345],
[1655562600.0, 0.6232967032967032],
[1655649000.0, 0.6338095238095237],
[1655735400.0, 0.6417782738095237],
[1655821800.0, 0.6354945054945055],
[1655908200.0, 0.6224429727740985],
[1655994600.0, 0.6153479853479854],
[1656081000.0, 0.6372110365398956],
[1656167400.0, 0.6566592261904762],
[1656253800.0, 0.662016369047619],
[1656340200.0, 0.6575689783743475],
[1656426600.0, 0.6523595505617978],
[1656513000.0, 0.6638576779026217],
[1656599400.0, 0.6602247191011235],
[1656685800.0, 0.6627519379844962],
[1656772200.0, 0.673169781931464],
[1656858600.0, 0.6915281076801267],
[1656945000.0, 0.6553678678678678],
[1657031400.0, 0.6629885057471264],
[1657117800.0, 0.6791187739463602],
[1657204200.0, 0.6959584295612009],
[1657290600.0, 0.6915699922660479],
[1657377000.0, 0.6875778816199376],
[1657463400.0, 0.6918660287081339],
[1657549800.0, 0.6834132693844924],
[1657636200.0, 0.6572480620155039],
[1657722600.0, 0.641218236173393],
[1657809000.0, 0.6413318452380952],
[1657895400.0, 0.6344219219219218],
[1657981800.0, 0.6318627450980391],
[1658068200.0, 0.6272247360482653],
[1658154600.0, 0.6258672699849169],
[1658241000.0, 0.625189393939394],
[1658327400.0, 0.6239345509893455],
[1658413800.0, 0.6368279569892473],
[1658500200.0, 0.6519516003122562],
[1658586600.0, 0.6468437259430332],
[1658673000.0, 0.6380292532717474],
[1658759400.0, 0.6530023094688221],
[1658845800.0, 0.6602263856362218],
[1658932200.0, 0.6626506024096384],
[1659018600.0, 0.6891463414634148],
[1659105000.0, 0.6912366912366914],
[1659191400.0, 0.6894088669950739],
[1659277800.0, 0.6857733664185277],
[1659364200.0, 0.6864089775561097],
[1659450600.0, 0.6884840871021776],
[1659537000.0, 0.6967510548523208],
[1659623400.0, 0.7057544757033246],
[1659709800.0, 0.6978481012658229],
[1659796200.0, 0.6988578680203046],
[1659882600.0, 0.6702589807852966],
[1659969000.0, 0.6718880534670008],
[1660055400.0, 0.6791562238930661],
[1660141800.0, 0.67575],
[1660228200.0, 0.6889865996649917],
[1660314600.0, 0.6855163727959698],
[1660401000.0, 0.6855163727959698],
[1660487400.0, 0.6855163727959698],
[1660573800.0, 0.6855163727959698],
[1660660200.0, 0.6760152284263962],
[1660746600.0, 0.676880341880342],
[1660833000.0, 0.6742307692307693],
[1660919400.0, 0.6708762886597937],
[1661005800.0, 0.6833333333333332],
[1661092200.0, 0.6868986254295532],
[1661178600.0, 0.6904947916666666],
[1661265000.0, 0.7310502283105026],
[1661351400.0, 0.7303113553113554],
[1661437800.0, 0.6942123585726719],
[1661524200.0, 0.6963596491228071],
[1661610600.0, 0.6920404573438875],
[1661697000.0, 0.6868953386103782],
[1661783400.0, 0.6862874779541446],
[1661869800.0, 0.6916225749559082],
[1661956200.0, 0.694400352733686],
[1662042600.0, 0.6943854995579135],
[1662129000.0, 0.6069124423963134],
[1662215400.0, 0.6268388106416275],
[1662301800.0, 0.6253708040593288],
[1662388200.0, 0.6337245696400625],
[1662474600.0, 0.6588113050706567],
[1662561000.0, 0.6550580431177446],
[1662647400.0, 0.6778350515463917],
[1662733800.0, 0.6379518072289158],
[1662820200.0, 0.6411218724778048],
[1662906600.0, 0.6702199661590523],
[1662993000.0, 0.6678398058252427],
[1663079400.0, 0.6595934959349594],
[1663165800.0, 0.6633087633087634],
[1663252200.0, 0.684628237259816],
[1663338600.0, 0.6949701619778346],
[1663425000.0, 0.6766583747927033],
[1663511400.0, 0.7157035175879396],
[1663597800.0, 0.706892230576441],
[1663684200.0, 0.7051378446115288],
[1663770600.0, 0.7030646515533165],
[1663857000.0, 0.7003418803418804],
[1663943400.0, 0.7007340241796202],
[1664029800.0, 0.707567804024497],
[1664116200.0, 0.7091710758377424],
[1664202600.0, 0.710195035460993],
[1664289000.0, 0.718279569892473],
[1664375400.0, 0.7245945945945944],
[1664461800.0, 0.7342415985467756],
[1664548200.0, 0.7340108401084011],
[1664634600.0, 0.7166229221347331],
[1664717400.0, 0.6933503836317135],
[1664803800.0, 0.6949404761904763],
[1664890200.0, 0.667367601246106],
[1664976600.0, 0.595918367346939],
[1665063000.0, 0.5626370083816891],
[1665149400.0, 0.5771164021164021],
[1665235800.0, 0.5744333333333334],
[1665322200.0, 0.6228665207877461],
[1665408600.0, 0.633888888888889],
[1665495000.0, 0.6532874617737003],
[1665581400.0, 0.6514208909370198],
[1665667800.0, 0.6758333333333335],
[1665754200.0, 0.6599616858237549],
[1665840600.0, 0.6589655172413793],
[1665927000.0, 0.6701388888888892],
[1666013400.0, 0.700936329588015],
[1666099800.0, 0.6415986394557825],
[1666186200.0, 0.6681311018131101],
[1666272600.0, 0.6692817294281729],
[1666359000.0, 0.6775000000000002],
[1666445400.0, 0.6841420534458509],
[1666531800.0, 0.6915762834417931],
[1666618200.0, 0.7103695324283558],
[1666704600.0, 0.7061247216035635],
[1666791000.0, 0.7138314176245211],
[1666877400.0, 0.7129416282642087],
[1666963800.0, 0.6442162902121836],
[1667050200.0, 0.6561624649859944],
[1667136600.0, 0.6714439655172415],
[1667223000.0, 0.6681720430107528],
[1667309400.0, 0.6754689754689753],
[1667395800.0, 0.6735754985754987],
[1667482200.0, 0.6866878531073447],
[1667568600.0, 0.691161616161616],
[1667655000.0, 0.7314116777531411],
[1667741400.0, 0.6280459770114943],
[1667827800.0, 0.6065342544617156],
[1667914200.0, 0.634638196915777],
[1668000600.0, 0.6558419243986253],
[1668087000.0, 0.6787800687285224],
[1668173400.0, 0.6865811965811964],
[1668259800.0, 0.6224216524216526],
[1668346200.0, 0.6205372616984401],
[1668432600.0, 0.6397459727385378],
[1668519000.0, 0.6937587168758717],
[1668605400.0, 0.704389721627409],
[1668691800.0, 0.7159812409812408],
[1668778200.0, 0.7171043034281547],
[1668864600.0, 0.7222459132906893],
[1668951000.0, 0.7303942652329752],
[1669037400.0, 0.7498541210795039],
[1669123800.0, 0.74352856109906],
[1669210200.0, 0.7513948497854078],
[1669296600.0, 0.6988636363636362],
[1669383000.0, 0.7026315789473685],
[1669469400.0, 0.6881606765327695],
[1669555800.0, 0.6135436583811347],
[1669642200.0, 0.6411067193675889],
[1669728600.0, 0.6691295546558703],
[1669815000.0, 0.6619865319865321],
[1669901400.0, 0.6726693494299127],
[1669987800.0, 0.6914442162902125],
[1670074200.0, 0.7127659574468087],
[1670160600.0, 0.6575226977950711],
[1670247000.0, 0.6581532416502949],
[1670333400.0, 0.6867956551255942],
[1670419800.0, 0.6897938144329898],
[1670506200.0, 0.7100914205344585],
[1670592600.0, 0.7055673758865249],
[1670679000.0, 0.7088192944564434],
[1670765400.0, 0.7213024282560706],
[1670851800.0, 0.741892911010558],
[1670938200.0, 0.7301730624529722],
[1671024600.0, 0.7284358390280942],
[1671111000.0, 0.7443023255813953],
[1671197400.0, 0.7219438116932422],
[1671283800.0, 0.7124332570556826],
[1671370200.0, 0.6948081264108351],
[1671456600.0, 0.7038257575757576],
[1671543000.0, 0.7005327245053272],
[1671629400.0, 0.6882800608828007],
[1671715800.0, 0.6845948012232416],
[1671802200.0, 0.6827217125382262],
[1671888600.0, 0.6753822629969419],
[1671975000.0, 0.6888634630053394],
[1672061400.0, 0.6985440613026821],
[1672147800.0, 0.7160852713178295],
[1672234200.0, 0.7047067901234569],
[1672320600.0, 0.6979166666666669],
[1672407000.0, 0.7022196261682242],
[1672493400.0, 0.6951437451437451],
[1672579800.0, 0.6879564879564881],
[1672666200.0, 0.6952549019607844],
[1672752600.0, 0.696322378716745],
[1672839000.0, 0.6974901960784313],
[1672925400.0, 0.7003152088258471],
[1673011800.0, 0.7387301587301588],
[1673098200.0, 0.7691869918699189],
[1673184600.0, 0.7523980815347723],
[1673271000.0, 0.739612954186414],
[1673357400.0, 0.7173831070889892],
[1673443800.0, 0.7237237237237236],
[1673530200.0, 0.7220842738901431],
[1673616600.0, 0.7368181818181819],
[1673703000.0, 0.7369532428355957],
[1673789400.0, 0.7267424242424243],
[1673875800.0, 0.7343701996927802],
[1673962200.0, 0.7091339155749636],
[1674048600.0, 0.715054945054945],
[1674135000.0, 0.6509514435695538],
[1674221400.0, 0.6567852437417654],
[1674307800.0, 0.6842315369261479],
[1674394200.0, 0.6895537525354971],
[1674480600.0, 0.7028865979381446],
[1674567000.0, 0.7170550847457626],
[1674653400.0, 0.6857618097139054],
[1674739800.0, 0.6813889870317281],
[1674826200.0, 0.6878386421109377],
[1674912600.0, 0.657604231383687],
[1674999000.0, 0.6664353443158161],
[1675085400.0, 0.6471855440579918],
[1675171800.0, 0.6888775510204082],
[1675258200.0, 0.6791333333333335],
[1675344600.0, 0.6765531062124249],
[1675431000.0, 0.7337022132796778],
[1675517400.0, 0.7373144399460186],
[1675603800.0, 0.7410702113156099],
[1675690200.0, 0.7927297668038409],
[1675776600.0, 0.7640387275242048],
[1675863000.0, 0.7547372060857538],
[1675949400.0, 0.7547372060857538],
