[1635773400.0, 0.6542222222222223],
[1635859800.0, 0.6817777777777778],
[1635946200.0, 0.6364444444444444],
[1636032600.0, 0.6017777777777777],
[1636119000.0, 0.6115555555555555],
[1636205400.0, 0.6186666666666666],
[1636291800.0, 0.6266666666666668],
[1636378200.0, 0.6222222222222222],
[1636464600.0, 0.5822222222222222],
[1636551000.0, 0.464],
[1636637400.0, 0.5662222222222223],
[1636723800.0, 0.56],
[1636810200.0, 0.5511111111111112],
[1636896600.0, 0.5164444444444444],
[1636983000.0, 0.5377777777777779],
[1637069400.0, 0.5271111111111111],
[1637155800.0, 0.4737777777777778],
[1637242200.0, 0.48000000000000004],
[1637328600.0, 0.48000000000000015],
[1637415000.0, 0.4906666666666666],
[1637501400.0, 0.4915555555555556],
[1637587800.0, 0.5137777777777779],
[1637674200.0, 0.52],
[1637760600.0, 0.47822222222222227],
[1637847000.0, 0.45422222222222214],
[1637933400.0, 0.4426666666666667],
[1638019800.0, 0.43377777777777776],
[1638106200.0, 0.46044444444444443],
[1638192600.0, 0.4808888888888889],
[1638279000.0, 0.43377777777777776],
[1638365400.0, 0.4080000000000001],
[1638451800.0, 0.4035555555555556],
[1638538200.0, 0.44711111111111124],
[1638624600.0, 0.47200000000000003],
[1638711000.0, 0.4862222222222223],
[1638797400.0, 0.504],
[1638883800.0, 0.5102222222222221],
[1638970200.0, 0.43200000000000005],
[1639056600.0, 0.46222222222222226],
[1639143000.0, 0.47111111111111115],
[1639229400.0, 0.4746666666666667],
[1639315800.0, 0.4746666666666667],
[1639402200.0, 0.4817777777777778],
[1639488600.0, 0.4746666666666667],
[1639575000.0, 0.4568888888888889],
[1639661400.0, 0.4488888888888889],
[1639747800.0, 0.45955555555555555],
[1639834200.0, 0.4560000000000001],
[1639920600.0, 0.46666666666666656],
[1640007000.0, 0.4728888888888889],
[1640093400.0, 0.440888888888889],
[1640179800.0, 0.4222222222222222],
[1640266200.0, 0.42577777777777776],
[1640352600.0, 0.4328888888888889],
[1640439000.0, 0.4444444444444444],
[1640525400.0, 0.45155555555555554],
[1640611800.0, 0.4568888888888889],
[1640698200.0, 0.47200000000000003],
[1640784600.0, 0.4666666666666667],
[1640871000.0, 0.4853333333333334],
[1640957400.0, 0.4933333333333334],
[1641043800.0, 0.4986666666666667],
[1641130200.0, 0.4897777777777777],
[1641216600.0, 0.48888888888888893],
[1641303000.0, 0.5173333333333334],
[1641389400.0, 0.5146666666666667],
[1641475800.0, 0.5324444444444444],
[1641562200.0, 0.5297777777777779],
[1641648600.0, 0.5191111111111111],
[1641735000.0, 0.5084444444444445],
[1641821400.0, 0.4986666666666667],
[1641907800.0, 0.5368888888888889],
[1641994200.0, 0.5351111111111112],
[1642080600.0, 0.5297777777777778],
[1642167000.0, 0.5226666666666666],
[1642253400.0, 0.5191111111111112],
[1642339800.0, 0.5155555555555557],
[1642426200.0, 0.5262222222222221],
[1642512600.0, 0.5182222222222221],
[1642599000.0, 0.512],
[1642685400.0, 0.512],
[1642771800.0, 0.5022222222222222],
[1642858200.0, 0.5048888888888889],
[1642944600.0, 0.5048888888888888],
[1643031000.0, 0.5226666666666666],
[1643117400.0, 0.5262222222222223],
[1643203800.0, 0.5191111111111112],
[1643290200.0, 0.5235555555555557],
[1643376600.0, 0.504],
[1643463000.0, 0.512888888888889],
[1643549400.0, 0.5146666666666666],
[1643635800.0, 0.5146666666666666],
[1643722200.0, 0.5146666666666666],
[1643808600.0, 0.5395555555555556],
[1643895000.0, 0.5448888888888889],
[1643981400.0, 0.5555555555555557],
[1644067800.0, 0.6097777777777779],
[1644154200.0, 0.6115555555555556],
[1644240600.0, 0.6160000000000001],
[1644327000.0, 0.6266666666666665],
[1644413400.0, 0.632888888888889],
[1644499800.0, 0.656],
[1644586200.0, 0.6773333333333333],
[1644672600.0, 0.7031111111111111],
[1644759000.0, 0.6924444444444445],
[1644845400.0, 0.6844444444444444],
[1644931800.0, 0.7200000000000002],
[1645018200.0, 0.7244444444444444],
[1645104600.0, 0.728],
[1645191000.0, 0.7626666666666666],
[1645277400.0, 0.7733333333333334],
[1645363800.0, 0.7813333333333332],
[1645450200.0, 0.777777777777778],
[1645536600.0, 0.7724444444444445],
[1645623000.0, 0.7448888888888889],
[1645709400.0, 0.7386666666666667],
[1645795800.0, 0.7528888888888889],
[1645882200.0, 0.7466666666666667],
[1645968600.0, 0.7573333333333334],
[1646055000.0, 0.7644444444444445],
[1646141400.0, 0.7680000000000001],
[1646227800.0, 0.7893333333333332],
[1646314200.0, 0.8053333333333333],
[1646400600.0, 0.8026666666666668],
[1646487000.0, 0.8462222222222224],
[1646573400.0, 0.8702222222222223],
[1646659800.0, 0.8631111111111112],
[1646746200.0, 0.8302222222222222],
[1646832600.0, 0.8222222222222223],
[1646919000.0, 0.8204444444444445],
[1647005400.0, 0.8177777777777779],
[1647091800.0, 0.8275555555555556],
[1647178200.0, 0.8408888888888889],
[1647264600.0, 0.8453333333333333],
[1647351000.0, 0.848],
[1647437400.0, 0.8506666666666667],
[1647523800.0, 0.8595555555555555],
[1647610200.0, 0.8675555555555555],
[1647696600.0, 0.8737777777777778],
[1647783000.0, 0.8773333333333334],
[1647869400.0, 0.8835555555555556],
[1647955800.0, 0.8897777777777779],
[1648042200.0, 0.8951111111111112],
[1648128600.0, 0.8995555555555556],
[1648215000.0, 0.9066666666666667],
[1648301400.0, 0.9128888888888889],
[1648387800.0, 0.9199999999999999],
[1648474200.0, 0.9253333333333332],
[1648560600.0, 0.928],
[1648647000.0, 0.9324444444444444],
[1648733400.0, 0.9351111111111111],
[1648819800.0, 0.9386666666666668],
[1648906200.0, 0.943111111111111],
[1648996200.0, 0.9484444444444444],
[1649082600.0, 0.9537777777777777],
[1649169000.0, 1.1537777777777776],
[1649255400.0, 1.1964444444444444],
[1649341800.0, 1.1884444444444446],
[1649428200.0, 1.1386666666666667],
[1649514600.0, 1.247111111111111],
[1649601000.0, 1.2444444444444445],
[1649687400.0, 1.2177777777777778],
[1649773800.0, 1.1733333333333333],
[1649860200.0, 1.2097777777777778],
[1649946600.0, 1.209777777777778],
[1650033000.0, 1.2248888888888887],
[1650119400.0, 1.2293333333333334],
[1650205800.0, 1.240888888888889],
[1650292200.0, 1.2408888888888887],
[1650378600.0, 1.2382222222222223],
[1650465000.0, 1.2497777777777779],
[1650551400.0, 1.2497777777777779],
[1650637800.0, 1.2497777777777779],
[1650724200.0, 1.2524444444444447],
[1650810600.0, 1.2453333333333334],
[1650897000.0, 1.2453333333333334],
[1650983400.0, 1.2435555555555553],
[1651069800.0, 1.2435555555555555],
[1651156200.0, 1.2257777777777779],
[1651242600.0, 1.2480000000000002],
[1651329000.0, 1.2551111111111113],
[1651415400.0, 1.2675555555555555],
[1651501800.0, 1.2586666666666666],
[1651588200.0, 1.2666666666666666],
[1651674600.0, 1.176],
[1651761000.0, 1.1208888888888888],
[1651847400.0, 1.134222222222222],
[1651933800.0, 1.1697777777777778],
[1652020200.0, 1.1644444444444444],
[1652106600.0, 1.1715555555555557],
[1652193000.0, 1.1875555555555557],
[1652279400.0, 1.1706666666666665],
[1652365800.0, 1.1848888888888887],
[1652452200.0, 1.1742222222222223],
[1652538600.0, 1.1751111111111112],
[1652625000.0, 1.1786666666666668],
[1652711400.0, 1.1804444444444444],
[1652797800.0, 1.177777777777778],
[1652884200.0, 1.1848888888888887],
[1652970600.0, 1.1360000000000001],
[1653057000.0, 1.120888888888889],
[1653143400.0, 1.1502222222222223],
[1653229800.0, 1.1493333333333333],
[1653316200.0, 1.128],
[1653402600.0, 1.1395555555555557],
[1653489000.0, 1.136888888888889],
[1653575400.0, 1.1448888888888888],
[1653661800.0, 1.1395555555555557],
[1653748200.0, 1.1528888888888889],
[1653834600.0, 1.1653333333333333],
[1653921000.0, 1.1786666666666668],
[1654007400.0, 1.176],
[1654093800.0, 1.2000000000000002],
[1654180200.0, 1.232888888888889],
[1654266600.0, 1.1466666666666667],
[1654353000.0, 1.1697777777777778],
[1654439400.0, 1.1857777777777778],
[1654525800.0, 1.2053333333333334],
[1654612200.0, 1.2382222222222223],
[1654698600.0, 1.2186666666666666],
[1654785000.0, 1.225777777777778],
[1654871400.0, 1.2364444444444445],
[1654957800.0, 1.2364444444444447],
[1655044200.0, 1.2026666666666668],
[1655130600.0, 1.209777777777778],
[1655217000.0, 1.1902222222222223],
[1655303400.0, 1.1893333333333336],
[1655389800.0, 1.1902222222222223],
[1655476200.0, 1.1840000000000002],
[1655562600.0, 1.2071111111111112],
[1655649000.0, 1.1902222222222223],
[1655735400.0, 1.1804444444444444],
[1655821800.0, 1.1662222222222223],
[1655908200.0, 1.1466666666666667],
[1655994600.0, 1.1528888888888889],
[1656081000.0, 1.0773333333333333],
[1656167400.0, 1.0693333333333335],
[1656253800.0, 1.0524444444444447],
[1656340200.0, 1.08],
[1656426600.0, 1.1137777777777778],
[1656513000.0, 1.1155555555555556],
[1656599400.0, 1.136],
[1656685800.0, 1.1688888888888889],
[1656772200.0, 1.2053333333333334],
[1656858600.0, 1.1973333333333334],
[1656945000.0, 1.219555555555556],
[1657031400.0, 1.2],
[1657117800.0, 1.1724444444444444],
[1657204200.0, 1.1955555555555553],
[1657290600.0, 1.2151111111111108],
[1657377000.0, 1.2222222222222223],
[1657463400.0, 1.2195555555555557],
[1657549800.0, 1.2453333333333334],
[1657636200.0, 1.2391111111111113],
[1657722600.0, 1.2977777777777777],
[1657809000.0, 1.304],
[1657895400.0, 1.3244444444444445],
[1657981800.0, 1.3511111111111112],
[1658068200.0, 1.362666666666667],
[1658154600.0, 1.352],
[1658241000.0, 1.3582222222222222],
[1658327400.0, 1.4577777777777778],
[1658413800.0, 1.4026666666666665],
[1658500200.0, 1.3795555555555554],
[1658586600.0, 1.3831111111111112],
[1658673000.0, 1.3893333333333333],
[1658759400.0, 1.4337777777777778],
[1658845800.0, 1.4684444444444447],
[1658932200.0, 1.4773333333333334],
[1659018600.0, 1.4924444444444447],
[1659105000.0, 1.470222222222222],
[1659191400.0, 1.472888888888889],
[1659277800.0, 1.5066666666666666],
[1659364200.0, 1.503111111111111],
[1659450600.0, 1.4888888888888885],
[1659537000.0, 1.4924444444444442],
[1659623400.0, 1.5004444444444447],
[1659709800.0, 1.5360000000000003],
[1659796200.0, 1.5493333333333332],
[1659882600.0, 1.5493333333333332],
[1659969000.0, 1.5626666666666669],
[1660055400.0, 1.608888888888889],
[1660141800.0, 1.5475555555555556],
[1660228200.0, 1.5715555555555556],
[1660314600.0, 1.5493333333333332],
[1660401000.0, 1.5493333333333332],
[1660487400.0, 1.5493333333333332],
[1660573800.0, 1.5493333333333332],
[1660660200.0, 1.6026666666666665],
[1660746600.0, 1.5377777777777777],
[1660833000.0, 1.5226666666666666],
[1660919400.0, 1.576888888888889],
[1661005800.0, 1.6186666666666665],
[1661092200.0, 1.5804444444444445],
[1661178600.0, 1.6106666666666671],
[1661265000.0, 1.5813333333333337],
[1661351400.0, 1.5973333333333335],
[1661437800.0, 1.6355555555555559],
[1661524200.0, 1.6346666666666667],
[1661610600.0, 1.6666666666666667],
[1661697000.0, 1.689777777777778],
[1661783400.0, 1.6720000000000002],
[1661869800.0, 1.656],
[1661956200.0, 1.6444444444444448],
[1662042600.0, 1.6177777777777775],
[1662129000.0, 1.5822222222222222],
[1662215400.0, 1.6088888888888888],
[1662301800.0, 1.632888888888889],
[1662388200.0, 1.6239999999999999],
[1662474600.0, 1.618666666666667],
[1662561000.0, 1.6693333333333331],
[1662647400.0, 1.6808888888888889],
[1662733800.0, 1.664],
[1662820200.0, 1.6933333333333338],
[1662906600.0, 1.7111111111111112],
[1662993000.0, 1.6844444444444444],
[1663079400.0, 1.6311111111111112],
[1663165800.0, 1.634666666666667],
[1663252200.0, 1.617777777777778],
[1663338600.0, 1.6311111111111112],
[1663425000.0, 1.616],
[1663511400.0, 1.647111111111111],
[1663597800.0, 1.6471111111111112],
[1663684200.0, 1.615111111111111],
[1663770600.0, 1.6062222222222227],
[1663857000.0, 1.5982222222222222],
[1663943400.0, 1.6062222222222227],
[1664029800.0, 1.5973333333333335],
[1664116200.0, 1.6106666666666667],
[1664202600.0, 1.5982222222222222],
[1664289000.0, 1.5875555555555556],
[1664375400.0, 1.6062222222222222],
[1664461800.0, 1.584888888888889],
[1664548200.0, 1.584888888888889],
[1664634600.0, 1.5777777777777782],
[1664717400.0, 1.5919999999999999],
[1664803800.0, 1.6151111111111112],
[1664890200.0, 1.6346666666666665],
[1664976600.0, 1.6222222222222222],
[1665063000.0, 1.6417777777777778],
[1665149400.0, 1.6586666666666667],
[1665235800.0, 1.6800000000000002],
[1665322200.0, 1.6844444444444444],
[1665408600.0, 1.7057777777777778],
[1665495000.0, 1.7155555555555557],
[1665581400.0, 1.674666666666667],
[1665667800.0, 1.6719999999999997],
[1665754200.0, 1.64],
[1665840600.0, 1.714666666666667],
[1665927000.0, 1.7111111111111112],
[1666013400.0, 1.7253333333333334],
[1666099800.0, 1.7199999999999998],
[1666186200.0, 1.6897777777777776],
[1666272600.0, 1.696],
[1666359000.0, 1.7022222222222225],
[1666445400.0, 1.5635555555555554],
[1666531800.0, 1.617777777777778],
[1666618200.0, 1.584],
[1666704600.0, 1.5884444444444445],
[1666791000.0, 1.5742222222222224],
[1666877400.0, 1.588444444444444],
[1666963800.0, 1.5831111111111111],
[1667050200.0, 1.5902222222222224],
[1667136600.0, 1.5955555555555554],
[1667223000.0, 1.5964444444444443],
[1667309400.0, 1.6248888888888888],
[1667395800.0, 1.6631111111111112],
[1667482200.0, 1.6693333333333333],
[1667568600.0, 1.6844444444444444],
[1667655000.0, 1.7111111111111112],
[1667741400.0, 1.7422222222222223],
[1667827800.0, 1.8008888888888892],
[1667914200.0, 1.8240000000000005],
[1668000600.0, 1.8204444444444445],
[1668087000.0, 1.8524444444444441],
[1668173400.0, 1.8844444444444446],
[1668259800.0, 1.889777777777778],
[1668346200.0, 1.8835555555555554],
[1668432600.0, 1.8604444444444448],
[1668519000.0, 1.8844444444444446],
[1668605400.0, 1.9226666666666665],
[1668691800.0, 1.8924444444444444],
[1668778200.0, 1.8515555555555554],
[1668864600.0, 1.8311111111111107],
[1668951000.0, 1.8648888888888888],
[1669037400.0, 1.8924444444444448],
[1669123800.0, 1.8639999999999999],
[1669210200.0, 1.8293333333333333],
[1669296600.0, 1.766222222222222],
[1669383000.0, 1.7279999999999998],
[1669469400.0, 1.8462222222222222],
[1669555800.0, 1.865777777777778],
[1669642200.0, 1.8755555555555559],
[1669728600.0, 1.9217777777777778],
[1669815000.0, 2.033777777777778],
[1669901400.0, 2.067555555555556],
[1669987800.0, 2.2533333333333334],
[1670074200.0, 2.242666666666667],
[1670160600.0, 2.228444444444445],
[1670247000.0, 2.192],
[1670333400.0, 2.1644444444444444],
[1670419800.0, 2.160888888888889],
[1670506200.0, 2.16],
[1670592600.0, 2.1280000000000006],
[1670679000.0, 1.9431111111111115],
[1670765400.0, 1.9617777777777776],
[1670851800.0, 1.9457777777777778],
[1670938200.0, 1.9635555555555553],
[1671024600.0, 1.9279999999999997],
[1671111000.0, 1.9262222222222225],
[1671197400.0, 1.8880000000000001],
[1671283800.0, 1.9146666666666665],
[1671370200.0, 1.9217777777777778],
[1671456600.0, 1.9244444444444444],
[1671543000.0, 1.9324444444444444],
[1671629400.0, 1.929777777777778],
[1671715800.0, 1.9173333333333333],
[1671802200.0, 1.8622222222222224],
[1671888600.0, 1.8719999999999999],
[1671975000.0, 1.8817777777777778],
[1672061400.0, 1.8648888888888888],
[1672147800.0, 1.8995555555555559],
[1672234200.0, 1.8755555555555554],
[1672320600.0, 1.9164444444444446],
[1672407000.0, 1.9013333333333335],
[1672493400.0, 1.9093333333333335],
[1672579800.0, 1.8968888888888888],
[1672666200.0, 1.9395555555555555],
[1672752600.0, 1.8862222222222225],
[1672839000.0, 1.9377777777777776],
[1672925400.0, 1.8968888888888888],
[1673011800.0, 1.9991111111111108],
[1673098200.0, 2.024],
[1673184600.0, 2.108444444444445],
[1673271000.0, 2.107555555555556],
[1673357400.0, 2.1422222222222227],
[1673443800.0, 2.131555555555556],
[1673530200.0, 2.136],
[1673616600.0, 2.1795555555555555],
[1673703000.0, 2.2391111111111113],
[1673789400.0, 2.290666666666666],
[1673875800.0, 2.3146666666666667],
[1673962200.0, 2.321777777777778],
[1674048600.0, 2.2462222222222223],
[1674135000.0, 2.280888888888889],
[1674221400.0, 2.3324444444444445],
[1674307800.0, 2.345777777777778],
[1674394200.0, 2.3315555555555556],
[1674480600.0, 2.3386666666666667],
[1674567000.0, 2.3217777777777773],
[1674653400.0, 2.352],
[1674739800.0, 2.3804444444444446],
[1674826200.0, 2.3582222222222224],
[1674912600.0, 2.4293333333333336],
[1674999000.0, 2.4444444444444446],
[1675085400.0, 2.4071111111111114],
[1675171800.0, 2.419555555555556],
[1675258200.0, 2.3786666666666663],
[1675344600.0, 2.419555555555556],
[1675431000.0, 2.425777777777778],
[1675517400.0, 2.4186666666666667],
[1675603800.0, 2.437333333333333],
[1675690200.0, 2.4746666666666663],
[1675776600.0, 2.392],
[1675863000.0, 2.392],
[1675949400.0, 2.392],
