[1635773400.0, 0.10388919999999999],
[1635859800.0, 0.10618939999999999],
[1635946200.0, 0.1062468],
[1636032600.0, 0.1044112],
[1636119000.0, 0.10298460000000001],
[1636205400.0, 0.1039604],
[1636291800.0, 0.105164],
[1636378200.0, 0.1044192],
[1636464600.0, 0.09208859999999999],
[1636551000.0, 0.09270540000000001],
[1636637400.0, 0.095384],
[1636723800.0, 0.09731760000000002],
[1636810200.0, 0.0963732],
[1636896600.0, 0.09539420000000001],
[1636983000.0, 0.09252],
[1637069400.0, 0.09225000000000001],
[1637155800.0, 0.0912644],
[1637242200.0, 0.0902464],
[1637328600.0, 0.0947514],
[1637415000.0, 0.0967718],
[1637501400.0, 0.097766],
[1637587800.0, 0.0955454],
[1637674200.0, 0.10187080000000001],
[1637760600.0, 0.09715],
[1637847000.0, 0.0969672],
[1637933400.0, 0.0966482],
[1638019800.0, 0.09019859999999999],
[1638106200.0, 0.0898914],
[1638192600.0, 0.0924748],
[1638279000.0, 0.09749740000000001],
[1638365400.0, 0.0968526],
[1638451800.0, 0.09970680000000001],
[1638538200.0, 0.1049312],
[1638624600.0, 0.107298],
[1638711000.0, 0.110518],
[1638797400.0, 0.1175972],
[1638883800.0, 0.1250096],
[1638970200.0, 0.1295636],
[1639056600.0, 0.13003879999999998],
[1639143000.0, 0.141039],
[1639229400.0, 0.12903380000000003],
[1639315800.0, 0.13601020000000003],
[1639402200.0, 0.13172440000000002],
[1639488600.0, 0.12684820000000002],
[1639575000.0, 0.134179],
[1639661400.0, 0.1276084],
[1639747800.0, 0.1293608],
[1639834200.0, 0.1292916],
[1639920600.0, 0.12452640000000001],
[1640007000.0, 0.12192460000000001],
[1640093400.0, 0.11796419999999999],
[1640179800.0, 0.1106674],
[1640266200.0, 0.1177038],
[1640352600.0, 0.12017459999999999],
[1640439000.0, 0.1257992],
[1640525400.0, 0.1230502],
[1640611800.0, 0.1264656],
[1640698200.0, 0.12958660000000002],
[1640784600.0, 0.1281566],
[1640871000.0, 0.1290784],
[1640957400.0, 0.13204739999999998],
[1641043800.0, 0.129448],
[1641130200.0, 0.13568760000000002],
[1641216600.0, 0.12833480000000003],
[1641303000.0, 0.13284500000000002],
[1641389400.0, 0.13708360000000003],
[1641475800.0, 0.140304],
[1641562200.0, 0.14299420000000002],
[1641648600.0, 0.15250380000000002],
[1641735000.0, 0.15601340000000002],
[1641821400.0, 0.15910780000000002],
[1641907800.0, 0.1704368],
[1641994200.0, 0.1701976],
[1642080600.0, 0.1713178],
[1642167000.0, 0.1708382],
[1642253400.0, 0.172628],
[1642339800.0, 0.17630260000000003],
[1642426200.0, 0.171013],
[1642512600.0, 0.1777054],
[1642599000.0, 0.17333860000000004],
[1642685400.0, 0.1694642],
[1642771800.0, 0.16767300000000002],
[1642858200.0, 0.16340380000000002],
[1642944600.0, 0.14929180000000003],
[1643031000.0, 0.1659386],
[1643117400.0, 0.1682188],
[1643203800.0, 0.1649092],
[1643290200.0, 0.1619576],
[1643376600.0, 0.15655960000000002],
[1643463000.0, 0.15688880000000002],
[1643549400.0, 0.1553942],
[1643635800.0, 0.1553942],
[1643722200.0, 0.1553942],
[1643808600.0, 0.1562948],
[1643895000.0, 0.15840400000000002],
[1643981400.0, 0.157939],
[1644067800.0, 0.1565162],
[1644154200.0, 0.1609674],
[1644240600.0, 0.16126700000000002],
[1644327000.0, 0.15513600000000002],
[1644413400.0, 0.159205],
[1644499800.0, 0.156671],
[1644586200.0, 0.15320240000000002],
[1644672600.0, 0.15019880000000002],
[1644759000.0, 0.15144180000000002],
[1644845400.0, 0.1491074],
[1644931800.0, 0.1480602],
[1645018200.0, 0.1464956],
[1645104600.0, 0.14622439999999998],
[1645191000.0, 0.1414454],
[1645277400.0, 0.1416578],
[1645363800.0, 0.14354820000000001],
[1645450200.0, 0.1421442],
[1645536600.0, 0.1426842],
[1645623000.0, 0.1391136],
[1645709400.0, 0.1384792],
[1645795800.0, 0.1389882],
[1645882200.0, 0.1381384],
[1645968600.0, 0.1393066],
[1646055000.0, 0.1361176],
[1646141400.0, 0.13700839999999997],
[1646227800.0, 0.1412206],
[1646314200.0, 0.1328468],
[1646400600.0, 0.1314264],
[1646487000.0, 0.1332528],
[1646573400.0, 0.13658740000000003],
[1646659800.0, 0.1343184],
[1646746200.0, 0.1252016],
[1646832600.0, 0.1228472],
[1646919000.0, 0.12319120000000001],
[1647005400.0, 0.1248002],
[1647091800.0, 0.12706],
[1647178200.0, 0.12803040000000002],
[1647264600.0, 0.1308726],
[1647351000.0, 0.13244360000000005],
[1647437400.0, 0.1333066],
[1647523800.0, 0.13391800000000004],
[1647610200.0, 0.1338216],
[1647696600.0, 0.13449740000000002],
[1647783000.0, 0.13427240000000001],
[1647869400.0, 0.13289800000000002],
[1647955800.0, 0.13264320000000002],
[1648042200.0, 0.1339064],
[1648128600.0, 0.133942],
[1648215000.0, 0.1340118],
[1648301400.0, 0.13311800000000001],
[1648387800.0, 0.133621],
[1648474200.0, 0.1335502],
[1648560600.0, 0.1338938],
[1648647000.0, 0.13569840000000002],
[1648733400.0, 0.13288940000000002],
[1648819800.0, 0.13159400000000002],
[1648906200.0, 0.13418760000000002],
[1648996200.0, 0.1356758],
[1649082600.0, 0.1366952],
[1649169000.0, 0.14417660000000002],
[1649255400.0, 0.1498968],
[1649341800.0, 0.14721420000000002],
[1649428200.0, 0.1494508],
[1649514600.0, 0.1708418],
[1649601000.0, 0.1807758],
[1649687400.0, 0.16619040000000002],
[1649773800.0, 0.15192640000000002],
[1649860200.0, 0.1506424],
[1649946600.0, 0.15278239999999998],
[1650033000.0, 0.17805760000000004],
[1650119400.0, 0.1729314],
[1650205800.0, 0.1889516],
[1650292200.0, 0.20236420000000002],
[1650378600.0, 0.18230100000000002],
[1650465000.0, 0.15982600000000002],
[1650551400.0, 0.15982600000000002],
[1650637800.0, 0.15982600000000002],
[1650724200.0, 0.16985240000000001],
[1650810600.0, 0.16414019999999999],
[1650897000.0, 0.167229],
[1650983400.0, 0.1691766],
[1651069800.0, 0.1719554],
[1651156200.0, 0.16570839999999998],
[1651242600.0, 0.17178600000000002],
[1651329000.0, 0.1836704],
[1651415400.0, 0.192084],
[1651501800.0, 0.17721099999999995],
[1651588200.0, 0.1732208],
[1651674600.0, 0.16545900000000002],
[1651761000.0, 0.17704900000000004],
[1651847400.0, 0.15131200000000003],
[1651933800.0, 0.15555360000000004],
[1652020200.0, 0.15489340000000001],
[1652106600.0, 0.15773600000000002],
[1652193000.0, 0.1781482],
[1652279400.0, 0.17948200000000003],
[1652365800.0, 0.1885794],
[1652452200.0, 0.16392440000000003],
[1652538600.0, 0.163969],
[1652625000.0, 0.1701358],
[1652711400.0, 0.1811114],
[1652797800.0, 0.18448959999999998],
[1652884200.0, 0.1858576],
[1652970600.0, 0.1684176],
[1653057000.0, 0.17267380000000002],
[1653143400.0, 0.1750386],
[1653229800.0, 0.1777044],
[1653316200.0, 0.1818868],
[1653402600.0, 0.1727336],
[1653489000.0, 0.17863060000000003],
[1653575400.0, 0.18135400000000002],
[1653661800.0, 0.1876904],
[1653748200.0, 0.1664582],
[1653834600.0, 0.168859],
[1653921000.0, 0.1711234],
[1654007400.0, 0.17136020000000002],
[1654093800.0, 0.1800478],
[1654180200.0, 0.17747380000000001],
[1654266600.0, 0.181248],
[1654353000.0, 0.1677404],
[1654439400.0, 0.1608792],
[1654525800.0, 0.16018980000000002],
[1654612200.0, 0.1630242],
[1654698600.0, 0.1626072],
[1654785000.0, 0.16057880000000005],
[1654871400.0, 0.1595488],
[1654957800.0, 0.16054459999999998],
[1655044200.0, 0.1544248],
[1655130600.0, 0.1574114],
[1655217000.0, 0.15213320000000002],
[1655303400.0, 0.14154300000000003],
[1655389800.0, 0.1410372],
[1655476200.0, 0.1417832],
[1655562600.0, 0.141313],
[1655649000.0, 0.1381064],
[1655735400.0, 0.1334826],
[1655821800.0, 0.1349502],
[1655908200.0, 0.1303554],
[1655994600.0, 0.1263912],
[1656081000.0, 0.137117],
[1656167400.0, 0.139052],
[1656253800.0, 0.1342894],
[1656340200.0, 0.1463976],
[1656426600.0, 0.13712280000000002],
[1656513000.0, 0.147618],
[1656599400.0, 0.1501662],
[1656685800.0, 0.13690839999999999],
[1656772200.0, 0.1325816],
[1656858600.0, 0.15610500000000002],
[1656945000.0, 0.1408538],
[1657031400.0, 0.14228159999999998],
[1657117800.0, 0.1358482],
[1657204200.0, 0.1427794],
[1657290600.0, 0.13473079999999998],
[1657377000.0, 0.13152080000000002],
[1657463400.0, 0.1308924],
[1657549800.0, 0.1330116],
[1657636200.0, 0.1351716],
[1657722600.0, 0.1318244],
[1657809000.0, 0.13135180000000002],
[1657895400.0, 0.1263912],
[1657981800.0, 0.1294728],
[1658068200.0, 0.1275898],
[1658154600.0, 0.12843100000000002],
[1658241000.0, 0.1390112],
[1658327400.0, 0.1293618],
[1658413800.0, 0.13923780000000002],
[1658500200.0, 0.1351318],
[1658586600.0, 0.1348004],
[1658673000.0, 0.137325],
[1658759400.0, 0.1313638],
[1658845800.0, 0.1346732],
[1658932200.0, 0.1293968],
[1659018600.0, 0.12893300000000002],
[1659105000.0, 0.1310084],
[1659191400.0, 0.12726120000000002],
[1659277800.0, 0.12763719999999998],
[1659364200.0, 0.1389686],
[1659450600.0, 0.142437],
[1659537000.0, 0.1452744],
[1659623400.0, 0.149607],
[1659709800.0, 0.15167540000000002],
[1659796200.0, 0.14535800000000001],
[1659882600.0, 0.147486],
[1659969000.0, 0.14139640000000003],
[1660055400.0, 0.1486656],
[1660141800.0, 0.1455826],
[1660228200.0, 0.1578774],
[1660314600.0, 0.15365920000000002],
[1660401000.0, 0.15365920000000002],
[1660487400.0, 0.15365920000000002],
[1660573800.0, 0.15365920000000002],
[1660660200.0, 0.1623396],
[1660746600.0, 0.1572008],
[1660833000.0, 0.1590036],
[1660919400.0, 0.16306340000000002],
[1661005800.0, 0.16525040000000002],
[1661092200.0, 0.1658446],
[1661178600.0, 0.1592482],
[1661265000.0, 0.16223680000000001],
[1661351400.0, 0.1565376],
[1661437800.0, 0.1630634],
[1661524200.0, 0.1499654],
[1661610600.0, 0.14868220000000001],
[1661697000.0, 0.14234960000000002],
[1661783400.0, 0.1495844],
[1661869800.0, 0.14920719999999998],
[1661956200.0, 0.14474040000000002],
[1662042600.0, 0.1381054],
[1662129000.0, 0.14514620000000003],
[1662215400.0, 0.14480260000000003],
[1662301800.0, 0.14999860000000004],
[1662388200.0, 0.1525072],
[1662474600.0, 0.15215840000000003],
[1662561000.0, 0.1523092],
[1662647400.0, 0.15108480000000002],
[1662733800.0, 0.14499920000000002],
[1662820200.0, 0.15360000000000001],
[1662906600.0, 0.1589972],
[1662993000.0, 0.14935400000000001],
[1663079400.0, 0.15750460000000002],
[1663165800.0, 0.1421828],
[1663252200.0, 0.14230980000000001],
[1663338600.0, 0.1533208],
[1663425000.0, 0.15516959999999996],
[1663511400.0, 0.1543166],
[1663597800.0, 0.1453668],
[1663684200.0, 0.1490498],
[1663770600.0, 0.14785940000000003],
[1663857000.0, 0.144944],
[1663943400.0, 0.1502698],
[1664029800.0, 0.1469926],
[1664116200.0, 0.1500102],
[1664202600.0, 0.14167400000000002],
[1664289000.0, 0.144366],
[1664375400.0, 0.1469268],
[1664461800.0, 0.1496906],
[1664548200.0, 0.1383308],
[1664634600.0, 0.1445796],
[1664717400.0, 0.14314900000000003],
[1664803800.0, 0.1417034],
[1664890200.0, 0.14066740000000003],
[1664976600.0, 0.1434988],
[1665063000.0, 0.1464218],
[1665149400.0, 0.1464218],
[1665235800.0, 0.14738800000000002],
[1665322200.0, 0.1406118],
[1665408600.0, 0.1285466],
[1665495000.0, 0.1544482],
[1665581400.0, 0.15688380000000002],
[1665667800.0, 0.1602666],
[1665754200.0, 0.13058920000000002],
[1665840600.0, 0.13275140000000002],
[1665927000.0, 0.1284134],
[1666013400.0, 0.160841],
[1666099800.0, 0.15108360000000004],
[1666186200.0, 0.1578504],
[1666272600.0, 0.13701800000000003],
[1666359000.0, 0.136497],
[1666445400.0, 0.13567460000000003],
[1666531800.0, 0.13492980000000002],
[1666618200.0, 0.134387],
[1666704600.0, 0.1359274],
[1666791000.0, 0.1641752],
[1666877400.0, 0.14062999999999998],
[1666963800.0, 0.1501696],
[1667050200.0, 0.14534180000000002],
[1667136600.0, 0.1454674],
[1667223000.0, 0.14569720000000003],
[1667309400.0, 0.139505],
[1667395800.0, 0.139879],
[1667482200.0, 0.13821280000000002],
[1667568600.0, 0.1389456],
[1667655000.0, 0.1367916],
[1667741400.0, 0.13679040000000003],
[1667827800.0, 0.1422062],
[1667914200.0, 0.1439588],
[1668000600.0, 0.14748699999999998],
[1668087000.0, 0.149122],
[1668173400.0, 0.1477404],
[1668259800.0, 0.14934540000000002],
[1668346200.0, 0.14612359999999996],
[1668432600.0, 0.1458936],
[1668519000.0, 0.14625760000000004],
[1668605400.0, 0.1515944],
[1668691800.0, 0.14843140000000002],
[1668778200.0, 0.1509324],
[1668864600.0, 0.1493418],
[1668951000.0, 0.1487918],
[1669037400.0, 0.14570920000000004],
[1669123800.0, 0.14716540000000003],
[1669210200.0, 0.1420132],
[1669296600.0, 0.1411222],
[1669383000.0, 0.14272820000000003],
[1669469400.0, 0.1429882],
[1669555800.0, 0.1533666],
[1669642200.0, 0.1478698],
[1669728600.0, 0.1512984],
[1669815000.0, 0.15283700000000003],
[1669901400.0, 0.15675820000000001],
[1669987800.0, 0.176349],
[1670074200.0, 0.1803826],
[1670160600.0, 0.18269580000000002],
[1670247000.0, 0.1817132],
[1670333400.0, 0.1799914],
[1670419800.0, 0.1852548],
[1670506200.0, 0.1815904],
[1670592600.0, 0.18598699999999999],
[1670679000.0, 0.1829218],
[1670765400.0, 0.19886020000000001],
[1670851800.0, 0.21997080000000002],
[1670938200.0, 0.2090236],
[1671024600.0, 0.20169639999999997],
[1671111000.0, 0.19075760000000003],
[1671197400.0, 0.1971426],
[1671283800.0, 0.1816016],
[1671370200.0, 0.1891988],
[1671456600.0, 0.20074180000000003],
[1671543000.0, 0.18839460000000002],
[1671629400.0, 0.18119420000000003],
[1671715800.0, 0.17981740000000002],
[1671802200.0, 0.1739312],
[1671888600.0, 0.18080219999999997],
[1671975000.0, 0.18202700000000002],
[1672061400.0, 0.193601],
[1672147800.0, 0.19220940000000003],
[1672234200.0, 0.19939140000000002],
[1672320600.0, 0.19856000000000001],
[1672407000.0, 0.19841560000000003],
[1672493400.0, 0.1932126],
[1672579800.0, 0.17982060000000002],
[1672666200.0, 0.1861336],
[1672752600.0, 0.18423499999999998],
[1672839000.0, 0.1807422],
[1672925400.0, 0.1871384],
[1673011800.0, 0.1864012],
[1673098200.0, 0.1866058],
[1673184600.0, 0.1926304],
[1673271000.0, 0.1958714],
[1673357400.0, 0.1942994],
[1673443800.0, 0.20031780000000005],
[1673530200.0, 0.2004518],
[1673616600.0, 0.20704800000000004],
[1673703000.0, 0.20174600000000004],
[1673789400.0, 0.19483340000000002],
[1673875800.0, 0.20190340000000004],
[1673962200.0, 0.19329500000000002],
[1674048600.0, 0.19830040000000002],
[1674135000.0, 0.20331620000000003],
[1674221400.0, 0.20099360000000005],
[1674307800.0, 0.19898600000000002],
[1674394200.0, 0.1952302],
[1674480600.0, 0.2005312],
[1674567000.0, 0.20066040000000002],
[1674653400.0, 0.1999334],
[1674739800.0, 0.1984786],
[1674826200.0, 0.1913472],
[1674912600.0, 0.19774],
[1674999000.0, 0.1919868],
[1675085400.0, 0.19344560000000002],
[1675171800.0, 0.198027],
[1675258200.0, 0.1868922],
[1675344600.0, 0.19019580000000003],
[1675431000.0, 0.187554],
[1675517400.0, 0.1885182],
[1675603800.0, 0.1865468],
[1675690200.0, 0.1855834],
[1675776600.0, 0.1827726],
[1675863000.0, 0.1827726],
[1675949400.0, 0.1827726],
