[1635773400.0, 0.05446074345858745],
[1635859800.0, 0.05446074345858745],
[1635946200.0, 0.05481608233326776],
[1636032600.0, 0.05481608233326776],
[1636119000.0, 0.05502468207751329],
[1636205400.0, 0.05502468207751329],
[1636291800.0, 0.05502468207751329],
[1636378200.0, 0.05502468207751329],
[1636464600.0, 0.055381672699849185],
[1636551000.0, 0.05509733233326776],
[1636637400.0, 0.05509733233326776],
[1636723800.0, 0.05509733233326776],
[1636810200.0, 0.05509733233326776],
[1636896600.0, 0.05466934320283298],
[1636983000.0, 0.05509733233326776],
[1637069400.0, 0.05509733233326776],
[1637155800.0, 0.05446074345858745],
[1637242200.0, 0.05509733233326776],
[1637328600.0, 0.05446074345858745],
[1637415000.0, 0.05446074345858745],
[1637501400.0, 0.05502468207751329],
[1637587800.0, 0.05481608233326776],
[1637674200.0, 0.05481608233326776],
[1637760600.0, 0.05564400752508362],
[1637847000.0, 0.05564400752508362],
[1637933400.0, 0.05564400752508362],
[1638019800.0, 0.05564400752508362],
[1638106200.0, 0.055721266689619],
[1638192600.0, 0.055721266689619],
[1638279000.0, 0.055721266689619],
[1638365400.0, 0.05571886535182636],
[1638451800.0, 0.05571851083677619],
[1638538200.0, 0.05445595219358647],
[1638624600.0, 0.055350912518853705],
[1638711000.0, 0.05571344650468884],
[1638797400.0, 0.055712540740376425],
[1638883800.0, 0.05571159641615844],
[1638970200.0, 0.05571096686667979],
[1639056600.0, 0.05571096686667979],
[1639143000.0, 0.05571096686667979],
[1639229400.0, 0.05571096686667979],
[1639315800.0, 0.05571096686667979],
[1639402200.0, 0.05571277839530462],
[1639488600.0, 0.05571277839530462],
[1639575000.0, 0.05571277839530462],
[1639661400.0, 0.05571277839530462],
[1639747800.0, 0.057578986835202316],
[1639834200.0, 0.057578986835202316],
[1639920600.0, 0.05821502446062037],
[1640007000.0, 0.05571222714604237],
[1640093400.0, 0.057578435585940065],
[1640179800.0, 0.057578435585940065],
[1640266200.0, 0.057578435585940065],
[1640352600.0, 0.05757788433667782],
[1640439000.0, 0.055192174618007746],
[1640525400.0, 0.05332596617811005],
[1640611800.0, 0.055711675896780125],
[1640698200.0, 0.05479266478129714],
[1640784600.0, 0.06075134444881632],
[1640871000.0, 0.061951525608236614],
[1640957400.0, 0.062155329956062697],
[1641043800.0, 0.05711656716833891],
[1641130200.0, 0.05711656716833891],
[1641216600.0, 0.05711656716833891],
[1641303000.0, 0.05711656716833891],
[1641389400.0, 0.057119821939143556],
[1641475800.0, 0.057119821939143556],
[1641562200.0, 0.057119821939143556],
[1641648600.0, 0.05704256277460818],
[1641735000.0, 0.057119821939143556],
[1641821400.0, 0.05691601759131747],
[1641907800.0, 0.054532572365401016],
[1641994200.0, 0.054532572365401016],
[1642080600.0, 0.054455313200865635],
[1642167000.0, 0.054455313200865635],
[1642253400.0, 0.054532572365401016],
[1642339800.0, 0.054455313200865635],
[1642426200.0, 0.054455313200865635],
[1642512600.0, 0.054532572365401016],
[1642599000.0, 0.054532572365401016],
[1642685400.0, 0.057954300839399314],
[1642771800.0, 0.05752170280018362],
[1642858200.0, 0.05632152164076333],
[1642944600.0, 0.057094113286117125],
[1643031000.0, 0.054455313200865635],
[1643117400.0, 0.054532572365401016],
[1643203800.0, 0.054532572365401016],
[1643290200.0, 0.054531106695521026],
[1643376600.0, 0.054531106695521026],
[1643463000.0, 0.054531106695521026],
[1643549400.0, 0.054809186405665955],
[1643635800.0, 0.054809186405665955],
[1643722200.0, 0.054809186405665955],
[1643808600.0, 0.054454814676372226],
[1643895000.0, 0.05481015355105254],
[1643981400.0, 0.05481015355105254],
[1644067800.0, 0.054454814676372226],
[1644154200.0, 0.054454814676372226],
[1644240600.0, 0.05632102311626992],
[1644327000.0, 0.05632011735195751],
[1644413400.0, 0.05632011735195751],
[1644499800.0, 0.05632102311626992],
[1644586200.0, 0.054454814676372226],
[1644672600.0, 0.054454814676372226],
[1644759000.0, 0.05632102311626992],
[1644845400.0, 0.056321928880582336],
[1644931800.0, 0.056525733228408426],
[1645018200.0, 0.05667726775526265],
[1645104600.0, 0.05445572044068464],
[1645191000.0, 0.05445569761951604],
[1645277400.0, 0.05445569761951604],
[1645363800.0, 0.0544585699390124],
[1645450200.0, 0.05502250855793824],
[1645536600.0, 0.05502250855793824],
[1645623000.0, 0.0544585699390124],
[1645709400.0, 0.0544585699390124],
[1645795800.0, 0.05445932657879206],
[1645882200.0, 0.054467259295691524],
[1645968600.0, 0.054675859039937054],
[1646055000.0, 0.054115996507967744],
[1646141400.0, 0.054115996507967744],
[1646227800.0, 0.053907396763722214],
[1646314200.0, 0.05577325068856974],
[1646400600.0, 0.05324767524099941],
[1646487000.0, 0.05563338495966949],
[1646573400.0, 0.053907042248672044],
[1646659800.0, 0.054822243655321665],
[1646746200.0, 0.054466904780641354],
[1646832600.0, 0.053907042248672044],
[1646919000.0, 0.053907042248672044],
[1647005400.0, 0.053907042248672044],
[1647091800.0, 0.053907042248672044],
[1647178200.0, 0.05438964561610597],
[1647264600.0, 0.05382978308413666],
[1647351000.0, 0.051521332530001976],
[1647437400.0, 0.05152168704505214],
[1647523800.0, 0.04877592297855598],
[1647610200.0, 0.05116163269722605],
[1647696600.0, 0.053907396763722214],
[1647783000.0, 0.053907396763722214],
[1647869400.0, 0.053907396763722214],
[1647955800.0, 0.0468891041707653],
[1648042200.0, 0.051660523608105455],
[1648128600.0, 0.04744896670273461],
[1648215000.0, 0.0468891041707653],
[1648301400.0, 0.0468891041707653],
[1648387800.0, 0.04744896670273461],
[1648474200.0, 0.04744896670273461],
[1648560600.0, 0.049695210308872716],
[1648647000.0, 0.046251982474260614],
[1648733400.0, 0.0468891041707653],
[1648819800.0, 0.04913534777690341],
[1648906200.0, 0.04913534777690341],
[1648996200.0, 0.04913534777690341],
[1649082600.0, 0.049617951144337334],
[1649169000.0, 0.052003660863007416],
[1649255400.0, 0.05438937058167749],
[1649341800.0, 0.0491975547249],
[1649428200.0, 0.0497574172568693],
[1649514600.0, 0.0497574172568693],
[1649601000.0, 0.0497574172568693],
[1649687400.0, 0.04975651149255689],
[1649773800.0, 0.04975714104203554],
[1649860200.0, 0.04975714104203554],
[1649946600.0, 0.046733403862548366],
[1650033000.0, 0.05753503429733097],
[1650119400.0, 0.05753503429733097],
[1650205800.0, 0.05753503429733097],
[1650292200.0, 0.05753503429733097],
[1650378600.0, 0.05761229346186635],
[1650465000.0, 0.04617354133057906],
[1650551400.0, 0.04617354133057906],
[1650637800.0, 0.04617354133057906],
[1650724200.0, 0.04601420093120861],
[1650810600.0, 0.04601420093120861],
[1650897000.0, 0.04444240322316218],
[1650983400.0, 0.04480245757098827],
[1651069800.0, 0.04637334951472228],
[1651156200.0, 0.04637334951472228],
[1651242600.0, 0.04637334951472228],
[1651329000.0, 0.04637334951472228],
[1651415400.0, 0.061884192438848455],
[1651501800.0, 0.04883631839792773],
[1651588200.0, 0.04883631839792773],
[1651674600.0, 0.05108256200406584],
[1651761000.0, 0.046450608679257654],
[1651847400.0, 0.046450608679257654],
[1651933800.0, 0.048619593120860394],
[1652020200.0, 0.046450608679257654],
[1652106600.0, 0.04487971673552364],
[1652193000.0, 0.04487971673552364],
[1652279400.0, 0.04487971673552364],
[1652365800.0, 0.04385270266902748],
[1652452200.0, 0.044519662387697556],
[1652538600.0, 0.044519662387697556],
[1652625000.0, 0.044519662387697556],
[1652711400.0, 0.04487971673552364],
[1652797800.0, 0.04487971673552364],
[1652884200.0, 0.04487971673552364],
[1652970600.0, 0.044212757016853566],
[1653057000.0, 0.04487971673552364],
[1653143400.0, 0.04487971673552364],
[1653229800.0, 0.046745925175421345],
[1653316200.0, 0.046439019804577354],
[1653402600.0, 0.06323489576365664],
[1653489000.0, 0.06323489576365664],
[1653575400.0, 0.06323489576365664],
[1653661800.0, 0.06323489576365664],
[1653748200.0, 0.06136868732375894],
[1653834600.0, 0.06203564704242902],
[1653921000.0, 0.04681066302708374],
[1654007400.0, 0.04681066302708374],
[1654093800.0, 0.046143703308413664],
[1654180200.0, 0.046143726129582265],
[1654266600.0, 0.044212779838022166],
[1654353000.0, 0.04578367178175618],
[1654439400.0, 0.049056929454390455],
[1654525800.0, 0.04737054838022165],
[1654612200.0, 0.04961679198635976],
[1654698600.0, 0.04961679198635976],
[1654785000.0, 0.054388211423699914],
[1654871400.0, 0.057180707784117],
[1654957800.0, 0.05214194499639321],
[1655044200.0, 0.049756235277723125],
[1655130600.0, 0.05214194499639321],
[1655217000.0, 0.04961676916519116],
[1655303400.0, 0.05148297760508886],
[1655389800.0, 0.05148297760508886],
[1655476200.0, 0.05148297760508886],
[1655562600.0, 0.04997375978752705],
[1655649000.0, 0.04737052555905305],
[1655735400.0, 0.04997375978752705],
[1655821800.0, 0.04961676916519116],
[1655908200.0, 0.04961676916519116],
[1655994600.0, 0.05148297760508886],
[1656081000.0, 0.04961676916519116],
[1656167400.0, 0.04737052555905305],
[1656253800.0, 0.04961676916519116],
[1656340200.0, 0.047371431323365465],
[1656426600.0, 0.047371431323365465],
[1656513000.0, 0.04580053937963145],
[1656599400.0, 0.04580053937963145],
[1656685800.0, 0.04580053937963145],
[1656772200.0, 0.04804678298576956],
[1656858600.0, 0.04524158261197456],
[1656945000.0, 0.04905871816184668],
[1657031400.0, 0.04681247455570857],
[1657117800.0, 0.04681247455570857],
[1657204200.0, 0.04681247455570857],
[1657290600.0, 0.04681247455570857],
[1657377000.0, 0.04681196147288347],
[1657463400.0, 0.04919764837038495],
[1657549800.0, 0.05144440505934816],
[1657636200.0, 0.05108435071152207],
[1657722600.0, 0.04883810710538396],
[1657809000.0, 0.051512739458325144],
[1657895400.0, 0.04926649585218703],
[1657981800.0, 0.04883810710538396],
[1658068200.0, 0.04883810710538396],
[1658154600.0, 0.04589253485474457],
[1658241000.0, 0.04645239738671388],
[1658327400.0, 0.04645239738671388],
[1658413800.0, 0.04688038651714867],
[1658500200.0, 0.04652912372942488],
[1658586600.0, 0.04652912372942488],
[1658673000.0, 0.04708898626139419],
[1658759400.0, 0.04688040933831727],
[1658845800.0, 0.04553250332808709],
[1658932200.0, 0.04553250332808709],
[1659018600.0, 0.04847807557872648],
[1659105000.0, 0.05311002890353466],
[1659191400.0, 0.050164456652895276],
[1659277800.0, 0.04847807557872648],
[1659364200.0, 0.047267237982818545],
[1659450600.0, 0.047267237982818545],
[1659537000.0, 0.04883812992655256],
[1659623400.0, 0.04883722416224014],
[1659709800.0, 0.04726557203751066],
[1659796200.0, 0.04883646398124467],
[1659882600.0, 0.0464507542625746],
[1659969000.0, 0.04726557203751066],
[1660055400.0, 0.044879862318840585],
[1660141800.0, 0.0464507542625746],
[1660228200.0, 0.045201420289855083],
[1660314600.0, 0.0464507542625746],
[1660401000.0, 0.0464507542625746],
[1660487400.0, 0.0464507542625746],
[1660573800.0, 0.0464507542625746],
[1660660200.0, 0.041912177962489354],
[1660746600.0, 0.04470989215686275],
[1660833000.0, 0.04601344075021314],
[1660919400.0, 0.043882686274509815],
[1661005800.0, 0.04240372891665028],
[1661092200.0, 0.04240372891665028],
[1661178600.0, 0.04296359144861959],
[1661265000.0, 0.04304085061315496],
[1661351400.0, 0.04076063961571251],
[1661437800.0, 0.044251688209062896],
[1661524200.0, 0.05449345611187619],
[1661610600.0, 0.05472203667453604],
[1661697000.0, 0.05449345611187619],
[1661783400.0, 0.05449345611187619],
[1661869800.0, 0.05449345611187619],
[1661956200.0, 0.055160415830546275],
[1662042600.0, 0.05588052452619845],
[1662129000.0, 0.055882336054823276],
[1662215400.0, 0.05705441086300742],
[1662301800.0, 0.05431129852777231],
[1662388200.0, 0.04284180261000721],
[1662474600.0, 0.045079654272411306],
[1662561000.0, 0.045079654272411306],
[1662647400.0, 0.045079654272411306],
[1662733800.0, 0.04625172908059545],
[1662820200.0, 0.04625172908059545],
[1662906600.0, 0.04625172908059545],
[1662993000.0, 0.04625172908059545],
[1663079400.0, 0.04625172908059545],
[1663165800.0, 0.04625172908059545],
[1663252200.0, 0.04625172908059545],
[1663338600.0, 0.04625172908059545],
[1663425000.0, 0.04625172908059545],
[1663511400.0, 0.04667971821103023],
[1663597800.0, 0.045584769361925376],
[1663684200.0, 0.045584769361925376],
[1663770600.0, 0.045584769361925376],
[1663857000.0, 0.045584769361925376],
[1663943400.0, 0.04558441484687521],
[1664029800.0, 0.04558441484687521],
[1664116200.0, 0.04357620939077973],
[1664202600.0, 0.045147101334513745],
[1664289000.0, 0.04357620939077973],
[1664375400.0, 0.045147101334513745],
[1664461800.0, 0.04514745584956391],
[1664548200.0, 0.04570731838153322],
[1664634600.0, 0.04944066769952128],
[1664717400.0, 0.04944066769952128],
[1664803800.0, 0.04942465637090957],
[1664890200.0, 0.0448042919207817],
[1664976600.0, 0.0448042919207817],
[1665063000.0, 0.04413733220211162],
[1665149400.0, 0.046452443029051084],
[1665235800.0, 0.04951883262836908],
[1665322200.0, 0.04951883262836908],
[1665408600.0, 0.049878886976195164],
[1665495000.0, 0.049878886976195164],
[1665581400.0, 0.049878886976195164],
[1665667800.0, 0.04737235990884648],
[1665754200.0, 0.046452443029051084],
[1665840600.0, 0.046452443029051084],
[1665927000.0, 0.047995761443373336],
[1666013400.0, 0.04681249737687717],
[1666099800.0, 0.047652624188471375],
[1666186200.0, 0.052264596694865245],
[1666272600.0, 0.046452443029051084],
[1666359000.0, 0.04801267853629746],
[1666445400.0, 0.04801267853629746],
[1666531800.0, 0.05144445070168536],
[1666618200.0, 0.05144445070168536],
[1666704600.0, 0.049058740983015284],
[1666791000.0, 0.05200431323365467],
[1666877400.0, 0.04961860351498459],
[1666963800.0, 0.05200431323365467],
[1667050200.0, 0.04961860351498459],
[1667136600.0, 0.04737235990884648],
[1667223000.0, 0.04961860351498459],
[1667309400.0, 0.0504587303265788],
[1667395800.0, 0.04925854916715851],
[1667482200.0, 0.05081878467440488],
[1667568600.0, 0.057813935995803006],
[1667655000.0, 0.057813935995803006],
[1667741400.0, 0.057813935995803006],
[1667827800.0, 0.047012305561020394],
[1667914200.0, 0.047012305561020394],
[1668000600.0, 0.047012305561020394],
[1668087000.0, 0.047012305561020394],
[1668173400.0, 0.047012305561020394],
[1668259800.0, 0.047012305561020394],
[1668346200.0, 0.047012305561020394],
[1668432600.0, 0.047012305561020394],
[1668519000.0, 0.047012305561020394],
[1668605400.0, 0.047012305561020394],
[1668691800.0, 0.047012305561020394],
[1668778200.0, 0.04744029469145518],
[1668864600.0, 0.04744029469145518],
[1668951000.0, 0.04744029469145518],
[1669037400.0, 0.04744029469145518],
[1669123800.0, 0.04744029469145518],
[1669210200.0, 0.049686538297593286],
[1669296600.0, 0.049686538297593286],
[1669383000.0, 0.049686538297593286],
[1669469400.0, 0.052071696767001116],
[1669555800.0, 0.05207224801626336],
[1669642200.0, 0.05207224801626336],
[1669728600.0, 0.05243230236408945],
[1669815000.0, 0.05207224801626336],
[1669901400.0, 0.05207224801626336],
[1669987800.0, 0.05207224801626336],
[1670074200.0, 0.05207224801626336],
[1670160600.0, 0.05207224801626336],
[1670247000.0, 0.05445795773493344],
[1670333400.0, 0.05445795773493344],
[1670419800.0, 0.05565813889435373],
[1670506200.0, 0.053411895288215626],
[1670592600.0, 0.053411895288215626],
[1670679000.0, 0.05565813889435373],
[1670765400.0, 0.05565813889435373],
[1670851800.0, 0.05327242917568365],
[1670938200.0, 0.05059819643911076],
[1671024600.0, 0.05601819324217982],
[1671111000.0, 0.05565813889435373],
[1671197400.0, 0.05565813889435373],
[1671283800.0, 0.055658284477670676],
[1671370200.0, 0.05601833882549676],
[1671456600.0, 0.05363260628565808],
[1671543000.0, 0.05363258346448948],
[1671629400.0, 0.053204594334054695],
[1671715800.0, 0.056018293183159554],
[1671802200.0, 0.05559030405272477],
[1671888600.0, 0.05559030405272477],
[1671975000.0, 0.05559030405272477],
[1672061400.0, 0.05559030405272477],
[1672147800.0, 0.05559030405272477],
[1672234200.0, 0.05559030405272477],
[1672320600.0, 0.05559030405272477],
[1672407000.0, 0.05559032687389337],
[1672493400.0, 0.05559032687389337],
[1672579800.0, 0.05559032687389337],
[1672666200.0, 0.05559032687389337],
[1672752600.0, 0.05559032687389337],
[1672839000.0, 0.05559032687389337],
[1672925400.0, 0.05559032687389337],
[1673011800.0, 0.05200443599580301],
[1673098200.0, 0.05200443599580301],
[1673184600.0, 0.0514445734638337],
[1673271000.0, 0.053830306003672376],
[1673357400.0, 0.053830306003672376],
[1673443800.0, 0.05122400804970818],
[1673530200.0, 0.051084541937176216],
[1673616600.0, 0.05347025165584629],
[1673703000.0, 0.0488382983310381],
[1673789400.0, 0.05347025165584629],
[1673875800.0, 0.05347010607252935],
[1673962200.0, 0.0504587303265788],
[1674048600.0, 0.05059819643911076],
[1674135000.0, 0.05402996860449866],
[1674221400.0, 0.051644258885828576],
[1674307800.0, 0.051644258885828576],
[1674394200.0, 0.051644258885828576],
[1674480600.0, 0.04903796093186438],
[1674567000.0, 0.050098675978752706],
[1674653400.0, 0.04833863228736311],
[1674739800.0, 0.05072434200603318],
[1674826200.0, 0.05072434200603318],
[1674912600.0, 0.05185300421339105],
[1674999000.0, 0.04833865983015281],
[1675085400.0, 0.04841603703521544],
[1675171800.0, 0.04877609138304152],
[1675258200.0, 0.05234506516820776],
[1675344600.0, 0.053260266574857384],
[1675431000.0, 0.051083156600432826],
[1675517400.0, 0.04729831005311824],
[1675603800.0, 0.04729831005311824],
[1675690200.0, 0.044899058479244545],
[1675776600.0, 0.046938255705292156],
[1675863000.0, 0.046938255705292156],
[1675949400.0, 0.046938255705292156],
