[1635773400.0, 0.5891244239631337],
[1635859800.0, 0.5989714820009351],
[1635946200.0, 0.5827956989247312],
[1636032600.0, 0.606641366223909],
[1636119000.0, 0.6042694497153699],
[1636205400.0, 0.6158444022770397],
[1636291800.0, 0.5916129032258064],
[1636378200.0, 0.5799182189913675],
[1636464600.0, 0.6062672811059908],
[1636551000.0, 0.5872785097682872],
[1636637400.0, 0.5937275985663083],
[1636723800.0, 0.5906319045514804],
[1636810200.0, 0.6146297137664698],
[1636896600.0, 0.6159927305770104],
[1636983000.0, 0.6084507042253522],
[1637069400.0, 0.6129032258064516],
[1637155800.0, 0.5758913412563667],
[1637242200.0, 0.6100751215201062],
[1637328600.0, 0.6127240143369177],
[1637415000.0, 0.6292114695340502],
[1637501400.0, 0.6369175627240142],
[1637587800.0, 0.6542114695340503],
[1637674200.0, 0.6031430934656742],
[1637760600.0, 0.615550041356493],
[1637847000.0, 0.6478777589134126],
[1637933400.0, 0.6374363327674023],
[1638019800.0, 0.6876198779424586],
[1638106200.0, 0.7008064516129033],
[1638192600.0, 0.803970223325062],
[1638279000.0, 0.8004096262160779],
[1638365400.0, 0.7299539170506912],
[1638451800.0, 0.7435483870967743],
[1638538200.0, 0.7789578163771711],
[1638624600.0, 0.7848790322580644],
[1638711000.0, 0.7288396726047184],
[1638797400.0, 0.7330400782013685],
[1638883800.0, 0.7204622051035147],
[1638970200.0, 0.7210399614829079],
[1639056600.0, 0.6269794721407624],
[1639143000.0, 0.647283531409168],
[1639229400.0, 0.6967741935483871],
[1639315800.0, 0.6808661069376934],
[1639402200.0, 0.6897849462365592],
[1639488600.0, 0.6888888888888889],
[1639575000.0, 0.7000871839581517],
[1639661400.0, 0.7041848299912816],
[1639747800.0, 0.7046207497820401],
[1639834200.0, 0.6881429816913688],
[1639920600.0, 0.6939843068875327],
[1640007000.0, 0.7122759856630824],
[1640093400.0, 0.6944444444444444],
[1640179800.0, 0.7045698924731184],
[1640266200.0, 0.6918918918918919],
[1640352600.0, 0.7020768890852851],
[1640439000.0, 0.7089703932832525],
[1640525400.0, 0.7129474149359258],
[1640611800.0, 0.7035793194874063],
[1640698200.0, 0.693010752688172],
[1640784600.0, 0.660767218831735],
[1640871000.0, 0.6603870967741935],
[1640957400.0, 0.670702607158639],
[1641043800.0, 0.667741935483871],
[1641130200.0, 0.6716652136006974],
[1641216600.0, 0.6563208369659982],
[1641303000.0, 0.6598081952920661],
[1641389400.0, 0.6486486486486487],
[1641475800.0, 0.6481255448997385],
[1641562200.0, 0.6413251961639058],
[1641648600.0, 0.6475152571926767],
[1641735000.0, 0.6725585505965533],
[1641821400.0, 0.6628369421122403],
[1641907800.0, 0.6807777286787451],
[1641994200.0, 0.6839605734767025],
[1642080600.0, 0.7022795698924731],
[1642167000.0, 0.6935913978494623],
[1642253400.0, 0.6854838709677419],
[1642339800.0, 0.6876198779424585],
[1642426200.0, 0.6755013077593723],
[1642512600.0, 0.6467741935483872],
[1642599000.0, 0.6387096774193548],
[1642685400.0, 0.6562969509500662],
[1642771800.0, 0.6319045514803359],
[1642858200.0, 0.6086312118570183],
[1642944600.0, 0.5764558022622538],
[1643031000.0, 0.5791171477079795],
[1643117400.0, 0.585002094679514],
[1643203800.0, 0.5865940511101801],
[1643290200.0, 0.6050272308336825],
[1643376600.0, 0.6004189359028068],
[1643463000.0, 0.591286133221617],
[1643549400.0, 0.580893300248139],
[1643635800.0, 0.580893300248139],
[1643722200.0, 0.580893300248139],
[1643808600.0, 0.6296425457715781],
[1643895000.0, 0.6309503051438536],
[1643981400.0, 0.6136006974716653],
[1644067800.0, 0.6356582388840454],
[1644154200.0, 0.6342023862129917],
[1644240600.0, 0.674237737516571],
[1644327000.0, 0.6478126380910296],
[1644413400.0, 0.6571807335395493],
[1644499800.0, 0.6581541218637994],
[1644586200.0, 0.6634408602150538],
[1644672600.0, 0.6836021505376344],
[1644759000.0, 0.649266862170088],
[1644845400.0, 0.6630730050933785],
[1644931800.0, 0.654389546753777],
[1645018200.0, 0.6421396488362596],
[1645104600.0, 0.6852592895059207],
[1645191000.0, 0.6891129032258065],
[1645277400.0, 0.6289156626506025],
[1645363800.0, 0.6121951219512195],
[1645450200.0, 0.6212903225806451],
[1645536600.0, 0.5749708511465216],
[1645623000.0, 0.568458781362007],
[1645709400.0, 0.5585365853658537],
[1645795800.0, 0.5585697629226584],
[1645882200.0, 0.5913709677419354],
[1645968600.0, 0.6188709677419355],
[1646055000.0, 0.6303309593632175],
[1646141400.0, 0.6086021505376346],
[1646227800.0, 0.5904012588512982],
[1646314200.0, 0.6271774193548387],
[1646400600.0, 0.6314516129032257],
[1646487000.0, 0.6436724565756824],
[1646573400.0, 0.6978494623655914],
[1646659800.0, 0.6346567411083538],
[1646746200.0, 0.6015929908403027],
[1646832600.0, 0.5908733280881195],
[1646919000.0, 0.5791502753737214],
[1647005400.0, 0.5691935483870967],
[1647091800.0, 0.5706002449979581],
[1647178200.0, 0.5958944281524926],
[1647264600.0, 0.5813068651778329],
[1647351000.0, 0.5750773309765798],
[1647437400.0, 0.5912766924125398],
[1647523800.0, 0.6130875576036866],
[1647610200.0, 0.6123655913978494],
[1647696600.0, 0.6146057347670251],
[1647783000.0, 0.6418458781362006],
[1647869400.0, 0.6093286835222319],
[1647955800.0, 0.6099389712292939],
[1648042200.0, 0.6158197083517456],
[1648128600.0, 0.602236559139785],
[1648215000.0, 0.6179784946236558],
[1648301400.0, 0.5983655913978495],
[1648387800.0, 0.5877070619006102],
[1648474200.0, 0.5798605056669573],
[1648560600.0, 0.5691182795698925],
[1648647000.0, 0.5916808149405771],
[1648733400.0, 0.5875212224108658],
[1648819800.0, 0.6030163385002094],
[1648906200.0, 0.6196095076400678],
[1648996200.0, 0.610950764006791],
[1649082600.0, 0.6066213921901528],
[1649169000.0, 0.6007540846250523],
[1649255400.0, 0.6219354838709678],
[1649341800.0, 0.5927943024717218],
[1649428200.0, 0.6031409168081493],
[1649514600.0, 0.6032258064516128],
[1649601000.0, 0.6032258064516128],
[1649687400.0, 0.6032258064516128],
[1649773800.0, 0.6032258064516128],
[1649860200.0, 0.6032258064516128],
[1649946600.0, 0.6002580645161291],
[1650033000.0, 0.6082824760244114],
[1650119400.0, 0.6226248342907644],
[1650205800.0, 0.6156429518338489],
[1650292200.0, 0.6164874551971327],
[1650378600.0, 0.6311676510676965],
[1650465000.0, 0.6628136200716847],
[1650551400.0, 0.6628136200716847],
[1650637800.0, 0.6628136200716847],
[1650724200.0, 0.616261599646487],
[1650810600.0, 0.665069124423963],
[1650897000.0, 0.9709235528060097],
[1650983400.0, 0.8692741935483872],
[1651069800.0, 0.7890818858560794],
[1651156200.0, 0.6966845878136201],
[1651242600.0, 0.7165030388031791],
[1651329000.0, 0.68842504743833],
[1651415400.0, 0.6717157550257129],
[1651501800.0, 0.6351566152407666],
[1651588200.0, 0.5827060931899642],
[1651674600.0, 0.5689068100358423],
[1651761000.0, 0.5786816269284711],
[1651847400.0, 0.582089552238806],
[1651933800.0, 0.5758064516129033],
[1652020200.0, 0.5901689708141321],
[1652106600.0, 0.5777777777777778],
[1652193000.0, 0.5572208436724566],
[1652279400.0, 0.5425310173697271],
[1652365800.0, 0.5389112903225807],
[1652452200.0, 0.5300403225806452],
[1652538600.0, 0.5212701612903227],
[1652625000.0, 0.5335381464413723],
[1652711400.0, 0.5230846774193548],
[1652797800.0, 0.5267137096774195],
[1652884200.0, 0.5342549923195085],
[1652970600.0, 0.5172379032258065],
[1653057000.0, 0.5128535980148884],
[1653143400.0, 0.5235581622678397],
[1653229800.0, 0.5375682382133995],
[1653316200.0, 0.5511241446725318],
[1653402600.0, 0.5646650124069479],
[1653489000.0, 0.566848635235732],
[1653575400.0, 0.5709677419354838],
[1653661800.0, 0.5530521091811414],
[1653748200.0, 0.5642679900744416],
[1653834600.0, 0.5715136476426799],
[1653921000.0, 0.5809429280397022],
[1654007400.0, 0.5955645161290322],
[1654093800.0, 0.6007056451612903],
[1654180200.0, 0.6025201612903226],
[1654266600.0, 0.6229838709677419],
[1654353000.0, 0.6427791563275433],
[1654439400.0, 0.6421309872922776],
[1654525800.0, 0.6405669599217986],
[1654612200.0, 0.612073732718894],
[1654698600.0, 0.6277039848197342],
[1654785000.0, 0.6518084066471163],
[1654871400.0, 0.6307917888563049],
[1654957800.0, 0.6409925558312655],
[1655044200.0, 0.6258064516129032],
[1655130600.0, 0.6094819159335287],
[1655217000.0, 0.5955705344246509],
[1655303400.0, 0.6132883967260472],
[1655389800.0, 0.6121552127162225],
[1655476200.0, 0.590743338008415],
[1655562600.0, 0.598410472183263],
[1655649000.0, 0.6043945769050958],
[1655735400.0, 0.6023375409069658],
[1655821800.0, 0.5638532920901458],
[1655908200.0, 0.6077593722755014],
[1655994600.0, 0.6185594343791427],
[1656081000.0, 0.6222713212549713],
[1656167400.0, 0.6317277949624392],
[1656253800.0, 0.5906319045514804],
[1656340200.0, 0.6039770216526734],
[1656426600.0, 0.6001792114695341],
[1656513000.0, 0.6013440860215054],
[1656599400.0, 0.6341397849462367],
[1656685800.0, 0.6137992831541218],
[1656772200.0, 0.6170831440254428],
[1656858600.0, 0.5819019689987431],
[1656945000.0, 0.6254577157802965],
[1657031400.0, 0.6504316219900045],
[1657117800.0, 0.6701382488479263],
[1657204200.0, 0.6071049407921599],
[1657290600.0, 0.6150816925010473],
[1657377000.0, 0.6144312393887944],
[1657463400.0, 0.6545293857711002],
[1657549800.0, 0.620415377817057],
[1657636200.0, 0.6285842293906811],
[1657722600.0, 0.7035944700460829],
[1657809000.0, 0.6713312130849615],
[1657895400.0, 0.7090229079008882],
[1657981800.0, 0.7385652383245065],
[1658068200.0, 0.7033166742389824],
[1658154600.0, 0.6951833848873178],
[1658241000.0, 0.6923552806009722],
[1658327400.0, 0.6933212176283507],
[1658413800.0, 0.7229546517064048],
[1658500200.0, 0.7054975011358474],
[1658586600.0, 0.7001843317972349],
[1658673000.0, 0.7061751152073733],
[1658759400.0, 0.6861751152073733],
[1658845800.0, 0.676510676965016],
[1658932200.0, 0.6847004608294931],
[1659018600.0, 0.6827649769585252],
[1659105000.0, 0.6761103319308087],
[1659191400.0, 0.7446572580645161],
[1659277800.0, 0.7173808377467502],
[1659364200.0, 0.7125237191650854],
[1659450600.0, 0.7130987292277614],
[1659537000.0, 0.6839658444022769],
[1659623400.0, 0.7002407318247471],
[1659709800.0, 0.692344727973038],
[1659796200.0, 0.6820414058738564],
[1659882600.0, 0.6595605423094903],
[1659969000.0, 0.665264142122487],
[1660055400.0, 0.6911764705882352],
[1660141800.0, 0.6861480075901328],
[1660228200.0, 0.6410636442894507],
[1660314600.0, 0.628104286345559],
[1660401000.0, 0.628104286345559],
[1660487400.0, 0.628104286345559],
[1660573800.0, 0.628104286345559],
[1660660200.0, 0.61317582916856],
[1660746600.0, 0.6172337604949183],
[1660833000.0, 0.5745331069609507],
[1660919400.0, 0.6307620383356708],
[1661005800.0, 0.6550342130987291],
[1661092200.0, 0.6506499759268176],
[1661178600.0, 0.6338709677419355],
[1661265000.0, 0.5952748750567924],
[1661351400.0, 0.5840112201963534],
[1661437800.0, 0.5849462365591397],
[1661524200.0, 0.5985556090515164],
[1661610600.0, 0.5973607038123167],
[1661697000.0, 0.5602618045815801],
[1661783400.0, 0.5573632538569424],
[1661869800.0, 0.5656546489563568],
[1661956200.0, 0.5669939223936419],
[1662042600.0, 0.5478341013824884],
[1662129000.0, 0.5686769518466572],
[1662215400.0, 0.5732447817836811],
[1662301800.0, 0.5505990783410137],
[1662388200.0, 0.5545698924731183],
[1662474600.0, 0.556928668786915],
[1662561000.0, 0.5537482962289868],
[1662647400.0, 0.5284219703574542],
[1662733800.0, 0.5461776403004861],
[1662820200.0, 0.5367741935483871],
[1662906600.0, 0.5365161290322581],
[1662993000.0, 0.5222539812168232],
[1663079400.0, 0.4824288425047439],
[1663165800.0, 0.5164598842018197],
[1663252200.0, 0.5511397849462366],
[1663338600.0, 0.5040808394869802],
[1663425000.0, 0.5234356781966577],
[1663511400.0, 0.4609712867777383],
[1663597800.0, 0.5255469039673711],
[1663684200.0, 0.49158485273492286],
[1663770600.0, 0.40706025562994524],
[1663857000.0, 0.48582819862268933],
[1663943400.0, 0.4767595307917889],
[1664029800.0, 0.4818975332068312],
[1664116200.0, 0.49739603575592706],
[1664202600.0, 0.48286047415468325],
[1664289000.0, 0.48355236957387493],
[1664375400.0, 0.48959677419354836],
[1664461800.0, 0.5061657819518169],
[1664548200.0, 0.5355676581483033],
[1664634600.0, 0.5586748038360941],
[1664717400.0, 0.5805567830313744],
[1664803800.0, 0.5317272356063698],
[1664890200.0, 0.5899248784798939],
[1664976600.0, 0.6046594982078854],
[1665063000.0, 0.5613741097612065],
[1665149400.0, 0.5806451612903226],
[1665235800.0, 0.5887323943661973],
[1665322200.0, 0.5871876419809179],
[1665408600.0, 0.5744661517492049],
[1665495000.0, 0.577373920945025],
[1665581400.0, 0.582168458781362],
[1665667800.0, 0.593275783734666],
[1665754200.0, 0.5872785097682872],
[1665840600.0, 0.5876419809177648],
[1665927000.0, 0.5451193967323],
[1666013400.0, 0.5787271142109852],
[1666099800.0, 0.5786124613345118],
[1666186200.0, 0.5897849462365592],
[1666272600.0, 0.5811827956989247],
[1666359000.0, 0.5854611540208995],
[1666445400.0, 0.5771921853702862],
[1666531800.0, 0.5892763731473408],
[1666618200.0, 0.6044802867383511],
[1666704600.0, 0.5863013698630136],
[1666791000.0, 0.5530560271646858],
[1666877400.0, 0.5680814940577247],
[1666963800.0, 0.5828817204301074],
[1667050200.0, 0.5894193548387096],
[1667136600.0, 0.583741935483871],
[1667223000.0, 0.5531660692951015],
[1667309400.0, 0.5413060582218725],
[1667395800.0, 0.5587415372361608],
[1667482200.0, 0.5590601354042214],
[1667568600.0, 0.5926500612494896],
[1667655000.0, 0.5783353245718836],
[1667741400.0, 0.6010080645161291],
[1667827800.0, 0.6622071307300511],
[1667914200.0, 0.6710371141172388],
[1668000600.0, 0.5379612903225807],
[1668087000.0, 0.6459750072653297],
[1668173400.0, 0.6734254992319507],
[1668259800.0, 0.6637717121588088],
[1668346200.0, 0.6562302340290955],
[1668432600.0, 0.6213750407298794],
[1668519000.0, 0.6409274193548385],
[1668605400.0, 0.6086021505376343],
[1668691800.0, 0.6382934443288241],
[1668778200.0, 0.6219758064516128],
[1668864600.0, 0.7551843317972349],
[1668951000.0, 0.5776380535811918],
[1669037400.0, 0.648856874412778],
[1669123800.0, 0.7331108639228773],
[1669210200.0, 0.6959139784946237],
[1669296600.0, 0.6999249812453113],
[1669383000.0, 0.6849335863377608],
[1669469400.0, 0.6734254992319509],
[1669555800.0, 0.6816129032258064],
[1669642200.0, 0.6211213517665132],
[1669728600.0, 0.6304364326375712],
[1669815000.0, 0.6406831119544594],
[1669901400.0, 0.5860672614962251],
[1669987800.0, 0.6330170777988616],
[1670074200.0, 0.6086988039144619],
[1670160600.0, 0.5963754983689743],
[1670247000.0, 0.5626928471248246],
[1670333400.0, 0.5303363074811256],
[1670419800.0, 0.543942652329749],
[1670506200.0, 0.5833657209483093],
[1670592600.0, 0.6038709677419354],
[1670679000.0, 0.6292803970223324],
[1670765400.0, 0.6174524400330851],
[1670851800.0, 0.584453944811504],
[1670938200.0, 0.5824884792626729],
[1671024600.0, 0.6171498570845242],
[1671111000.0, 0.5927035330261136],
[1671197400.0, 0.6025487853444843],
[1671283800.0, 0.5913181999203504],
[1671370200.0, 0.5870171246515331],
[1671456600.0, 0.5830841856805664],
[1671543000.0, 0.5790322580645161],
[1671629400.0, 0.5853225806451613],
[1671715800.0, 0.6001675743611227],
[1671802200.0, 0.5624850657108721],
[1671888600.0, 0.5654838709677419],
[1671975000.0, 0.564758064516129],
[1672061400.0, 0.5737799834574029],
[1672147800.0, 0.5785504817762883],
[1672234200.0, 0.5650124069478907],
[1672320600.0, 0.5941348973607038],
[1672407000.0, 0.5911072362685266],
[1672493400.0, 0.6128123580190822],
[1672579800.0, 0.6244974287050022],
[1672666200.0, 0.6207573632538569],
[1672752600.0, 0.5936367653557225],
[1672839000.0, 0.5772098868873062],
[1672925400.0, 0.566401340594889],
[1673011800.0, 0.6045591397849462],
[1673098200.0, 0.6096774193548388],
[1673184600.0, 0.6105492589363557],
[1673271000.0, 0.6153443766346992],
[1673357400.0, 0.656405529953917],
[1673443800.0, 0.6623963133640552],
[1673530200.0, 0.6895745675549321],
[1673616600.0, 0.6474838709677421],
[1673703000.0, 0.6466893039049235],
[1673789400.0, 0.6559999999999999],
[1673875800.0, 0.652920662598082],
[1673962200.0, 0.6080446037435284],
[1674048600.0, 0.6257258064516128],
[1674135000.0, 0.6477746018783177],
[1674221400.0, 0.6703960800326665],
[1674307800.0, 0.6666935483870967],
[1674394200.0, 0.6525],
[1674480600.0, 0.6575137686860739],
[1674567000.0, 0.6787407695297318],
[1674653400.0, 0.6855606758832565],
[1674739800.0, 0.6440964898619725],
[1674826200.0, 0.6655267161442973],
[1674912600.0, 0.6538884206246548],
[1674999000.0, 0.6434219136869886],
[1675085400.0, 0.6505952147822472],
[1675171800.0, 0.6922427035330261],
[1675258200.0, 0.667357910906298],
[1675344600.0, 0.6519165085388995],
[1675431000.0, 0.6448576850094877],
[1675517400.0, 0.6370199692780337],
[1675603800.0, 0.6470814132104454],
[1675690200.0, 0.6398481973434534],
[1675776600.0, 0.6554838709677419],
[1675863000.0, 0.6477119279819955],
[1675949400.0, 0.6477119279819955],
