[1635773400.0, 136.55141078561917],
[1635859800.0, 141.22089114513986],
[1635946200.0, 143.24295213049268],
[1636032600.0, 140.75142383488682],
[1636119000.0, 134.34294760319574],
[1636205400.0, 140.24825306258322],
[1636291800.0, 137.78511957390145],
[1636378200.0, 139.97530552596538],
[1636464600.0, 133.7471688415446],
[1636551000.0, 137.22643355525963],
[1636637400.0, 138.99232876165112],
[1636723800.0, 140.72249287616512],
[1636810200.0, 144.29159360852196],
[1636896600.0, 144.90148548601863],
[1636983000.0, 144.26510013315578],
[1637069400.0, 145.735427563249],
[1637155800.0, 149.30984207723037],
[1637242200.0, 153.3492177097204],
[1637328600.0, 155.44247470039943],
[1637415000.0, 156.65417303595208],
[1637501400.0, 159.37050226364846],
[1637587800.0, 160.63066691078564],
[1637674200.0, 158.33161910785617],
[1637760600.0, 158.8674222370173],
[1637847000.0, 162.87052723035953],
[1637933400.0, 163.68183841544607],
[1638019800.0, 163.2803154460719],
[1638106200.0, 164.8863674434088],
[1638192600.0, 163.69657243675098],
[1638279000.0, 165.44071977363518],
[1638365400.0, 161.12820825565913],
[1638451800.0, 168.35031178428764],
[1638538200.0, 168.6659119840213],
[1638624600.0, 162.9214986018642],
[1638711000.0, 168.05107829560586],
[1638797400.0, 168.7276452729694],
[1638883800.0, 169.39658848202393],
[1638970200.0, 170.65069653794941],
[1639056600.0, 173.02027130492675],
[1639143000.0, 190.88164340878825],
[1639229400.0, 194.34648761651133],
[1639315800.0, 188.67689187749664],
[1639402200.0, 186.6916804926764],
[1639488600.0, 185.7558272969374],
[1639575000.0, 188.15504067909453],
[1639661400.0, 173.69511817576563],
[1639747800.0, 175.30150552596538],
[1639834200.0, 178.01083328894805],
[1639920600.0, 175.8934360186418],
[1640007000.0, 176.19131131824236],
[1640093400.0, 178.87357263648468],
[1640179800.0, 178.77262996005325],
[1640266200.0, 183.54537889480693],
[1640352600.0, 180.1760703062583],
[1640439000.0, 182.92858814913447],
[1640525400.0, 181.17142197070567],
[1640611800.0, 180.7714774966711],
[1640698200.0, 196.56039440745673],
[1640784600.0, 201.77054573901464],
[1640871000.0, 204.0563251664447],
[1640957400.0, 211.43736431424767],
[1641043800.0, 181.21982629826897],
[1641130200.0, 170.45532443408788],
[1641216600.0, 172.1184357523302],
[1641303000.0, 178.510608988016],
[1641389400.0, 176.542958322237],
[1641475800.0, 191.427087816245],
[1641562200.0, 196.10941085219707],
[1641648600.0, 176.1359119840213],
[1641735000.0, 192.402606391478],
[1641821400.0, 183.77355246338215],
[1641907800.0, 175.5753051930759],
[1641994200.0, 179.88507123834884],
[1642080600.0, 176.55837796271635],
[1642167000.0, 182.42880765645802],
[1642253400.0, 180.6799881491345],
[1642339800.0, 177.1966037283622],
[1642426200.0, 176.48020885486017],
[1642512600.0, 181.99486458055927],
[1642599000.0, 181.3614769640479],
[1642685400.0, 182.20885545938745],
[1642771800.0, 185.1457790279627],
[1642858200.0, 187.19559047936087],
[1642944600.0, 184.79607296937417],
[1643031000.0, 184.91904154460718],
[1643117400.0, 193.49914707057255],
[1643203800.0, 194.45825592543278],
[1643290200.0, 185.1046014647137],
[1643376600.0, 195.41491238348868],
[1643463000.0, 200.682898069241],
[1643549400.0, 182.08701278295604],
[1643635800.0, 182.08701278295604],
[1643722200.0, 182.08701278295604],
[1643808600.0, 183.36606291611184],
[1643895000.0, 181.0316476697736],
[1643981400.0, 176.71112230359523],
[1644067800.0, 174.61556990679097],
[1644154200.0, 178.7113090545939],
[1644240600.0, 183.34856964047935],
[1644327000.0, 183.47339007989348],
[1644413400.0, 184.0210502663116],
[1644499800.0, 182.77986311584553],
[1644586200.0, 182.6451085885486],
[1644672600.0, 183.74279367509985],
[1644759000.0, 183.40298015978695],
[1644845400.0, 192.98047649800267],
[1644931800.0, 194.07744926764315],
[1645018200.0, 200.58812829560586],
[1645104600.0, 199.57767183754993],
[1645191000.0, 207.47821065246342],
[1645277400.0, 210.05126597869506],
[1645363800.0, 221.41485153129162],
[1645450200.0, 219.73829640479363],
[1645536600.0, 218.06619580559254],
[1645623000.0, 215.92517556591207],
[1645709400.0, 217.0690513315579],
[1645795800.0, 215.527414114514],
[1645882200.0, 203.95738375499337],
[1645968600.0, 211.56011098535288],
[1646055000.0, 236.74297716378157],
[1646141400.0, 233.43091125166447],
[1646227800.0, 224.10176617842876],
[1646314200.0, 219.9340446737683],
[1646400600.0, 222.93553841544608],
[1646487000.0, 224.44107170439412],
[1646573400.0, 219.53957110519306],
[1646659800.0, 209.21255432756325],
[1646746200.0, 210.48502290279626],
[1646832600.0, 208.5407104527297],
[1646919000.0, 215.4820498668442],
[1647005400.0, 210.5998837549933],
[1647091800.0, 216.19614540612514],
[1647178200.0, 213.6772117177097],
[1647264600.0, 213.3041605193076],
[1647351000.0, 219.4400533954727],
[1647437400.0, 242.2557959387483],
[1647523800.0, 242.8304613848202],
[1647610200.0, 213.73378748335554],
[1647696600.0, 212.72309407456723],
[1647783000.0, 215.0404583888149],
[1647869400.0, 214.73163082556593],
[1647955800.0, 222.90780645805594],
[1648042200.0, 224.24187330226366],
[1648128600.0, 222.8462862849534],
[1648215000.0, 217.81604340878826],
[1648301400.0, 216.64878255659121],
[1648387800.0, 216.76778249001333],
[1648474200.0, 216.99879187749667],
[1648560600.0, 217.11459047936086],
[1648647000.0, 218.96548814913447],
[1648733400.0, 218.92892809587215],
[1648819800.0, 222.4766916111851],
[1648906200.0, 219.55984740346207],
[1648996200.0, 230.2776792276964],
[1649082600.0, 227.79950066577896],
[1649169000.0, 228.68154167776297],
[1649255400.0, 229.2857806258322],
[1649341800.0, 230.20765226364847],
[1649428200.0, 236.61709034620503],
[1649514600.0, 237.0436635153129],
[1649601000.0, 237.0436635153129],
[1649687400.0, 237.0436635153129],
[1649773800.0, 237.0436635153129],
[1649860200.0, 237.02389460719039],
[1649946600.0, 230.38280079893477],
[1650033000.0, 225.58428442077226],
[1650119400.0, 222.2687592543276],
[1650205800.0, 224.4856478695073],
[1650292200.0, 222.75250213049262],
[1650378600.0, 221.9659468708389],
[1650465000.0, 220.99455426098538],
[1650551400.0, 220.99455426098538],
[1650637800.0, 220.99455426098538],
[1650724200.0, 220.06934041278296],
[1650810600.0, 221.17049360852195],
[1650897000.0, 219.64852523302264],
[1650983400.0, 223.34850892143805],
[1651069800.0, 225.23634913448734],
[1651156200.0, 225.18443368841545],
[1651242600.0, 230.1183924101198],
[1651329000.0, 229.2316107190413],
[1651415400.0, 239.60029021304928],
[1651501800.0, 238.26831930758985],
[1651588200.0, 242.97160565912117],
[1651674600.0, 231.44452316910787],
[1651761000.0, 229.28737942743007],
[1651847400.0, 224.8403220372836],
[1651933800.0, 220.1461873501997],
[1652020200.0, 230.11804187749667],
[1652106600.0, 232.2444598535286],
[1652193000.0, 229.6884857523302],
[1652279400.0, 233.11093608521972],
[1652365800.0, 223.92010239680423],
[1652452200.0, 223.1549637150466],
[1652538600.0, 222.04846777629825],
[1652625000.0, 222.94835406125165],
[1652711400.0, 218.21112463382156],
[1652797800.0, 219.89270858854857],
[1652884200.0, 218.83686924101195],
[1652970600.0, 218.6748117842876],
[1653057000.0, 220.19140399467375],
[1653143400.0, 218.00705099866846],
[1653229800.0, 214.31932177097207],
[1653316200.0, 214.70547583222373],
[1653402600.0, 215.40083368841545],
[1653489000.0, 213.19715439414114],
[1653575400.0, 213.90442363515314],
[1653661800.0, 222.7051211051931],
[1653748200.0, 218.2465189747004],
[1653834600.0, 220.91609747003992],
[1653921000.0, 225.19366245006654],
[1654007400.0, 228.0768691744341],
[1654093800.0, 231.65303195739014],
[1654180200.0, 231.30120838881493],
[1654266600.0, 230.85773735019973],
[1654353000.0, 230.40767543275632],
[1654439400.0, 232.39036391478027],
[1654525800.0, 231.45135945406125],
[1654612200.0, 214.5813107856192],
[1654698600.0, 216.52137709720378],
[1654785000.0, 216.00768848202392],
[1654871400.0, 215.953316045273],
[1654957800.0, 215.71079833555257],
[1655044200.0, 216.11901957390145],
[1655130600.0, 216.69706884154456],
[1655217000.0, 220.10487536617842],
[1655303400.0, 222.82487263648466],
[1655389800.0, 223.46946231691075],
[1655476200.0, 222.32526950732358],
[1655562600.0, 221.0123605858855],
[1655649000.0, 222.71324513981358],
[1655735400.0, 215.14123901464717],
[1655821800.0, 208.066076298269],
[1655908200.0, 200.54375239680425],
[1655994600.0, 200.4371426098535],
[1656081000.0, 214.54129507323572],
[1656167400.0, 211.37000952063914],
[1656253800.0, 209.21775199733688],
[1656340200.0, 212.64540699067905],
[1656426600.0, 211.4554191078562],
[1656513000.0, 212.26282170439416],
[1656599400.0, 212.33090186418107],
[1656685800.0, 212.091344873502],
[1656772200.0, 229.84790559254327],
[1656858600.0, 250.96774553928097],
[1656945000.0, 245.13489334221038],
[1657031400.0, 239.90815239680424],
[1657117800.0, 229.0431902130493],
[1657204200.0, 224.06326451398138],
[1657290600.0, 222.41070146471372],
[1657377000.0, 226.26154347536612],
[1657463400.0, 222.98968908122504],
[1657549800.0, 220.41022516644472],
[1657636200.0, 220.04677503328898],
[1657722600.0, 216.51391691078555],
[1657809000.0, 210.55754121171768],
[1657895400.0, 206.16282276964046],
[1657981800.0, 200.2201316910786],
[1658068200.0, 197.72256458055926],
[1658154600.0, 202.59282123834885],
[1658241000.0, 203.63196830892142],
[1658327400.0, 205.9795441411451],
[1658413800.0, 204.32114960053264],
[1658500200.0, 205.03389760319575],
[1658586600.0, 205.03172916111848],
[1658673000.0, 207.0459821571238],
[1658759400.0, 203.11430559254327],
[1658845800.0, 201.70123388814915],
[1658932200.0, 209.7631740346205],
[1659018600.0, 209.60368661784292],
[1659105000.0, 209.06627210386154],
[1659191400.0, 208.75838095872172],
[1659277800.0, 209.5681534620506],
[1659364200.0, 209.26019700399468],
[1659450600.0, 211.41056924101198],
[1659537000.0, 214.11282683089215],
[1659623400.0, 216.94899227696402],
[1659709800.0, 213.79954727030625],
[1659796200.0, 212.6251872836218],
[1659882600.0, 212.5108729693742],
[1659969000.0, 213.56923994673767],
[1660055400.0, 213.49898402130492],
[1660141800.0, 214.71488808255657],
[1660228200.0, 217.04412856191743],
[1660314600.0, 213.92342163781626],
[1660401000.0, 213.92342163781626],
[1660487400.0, 213.92342163781626],
[1660573800.0, 213.92342163781626],
[1660660200.0, 202.91295758988016],
[1660746600.0, 203.11094693741674],
[1660833000.0, 202.85562849533952],
[1660919400.0, 200.41863648468706],
[1661005800.0, 202.4528118508655],
[1661092200.0, 208.78631205059924],
[1661178600.0, 207.95348182423433],
[1661265000.0, 226.8680260319574],
[1661351400.0, 227.82993069241007],
[1661437800.0, 225.46571091877493],
[1661524200.0, 231.14256797603198],
[1661610600.0, 233.87294960053265],
[1661697000.0, 237.64137290279626],
[1661783400.0, 237.66388655126497],
[1661869800.0, 236.51066464713713],
[1661956200.0, 235.7784481358189],
[1662042600.0, 235.0927888149134],
[1662129000.0, 240.84977776298268],
[1662215400.0, 243.76492077230355],
[1662301800.0, 218.93937869507326],
[1662388200.0, 219.16501471371504],
[1662474600.0, 226.1880964047936],
[1662561000.0, 225.72259527296933],
[1662647400.0, 228.13298741677758],
[1662733800.0, 222.3906591211718],
[1662820200.0, 248.9196980026631],
[1662906600.0, 267.8453908788282],
[1662993000.0, 279.56802723035946],
[1663079400.0, 259.16812316910784],
[1663165800.0, 261.0372896804261],
[1663252200.0, 267.32482256990676],
[1663338600.0, 257.71053328894806],
[1663425000.0, 252.5084740346205],
[1663511400.0, 255.13681997336883],
[1663597800.0, 256.374553861518],
[1663684200.0, 255.8407361517976],
[1663770600.0, 272.0374323568575],
[1663857000.0, 271.1467498002663],
[1663943400.0, 263.89519620505996],
[1664029800.0, 268.68027263648463],
[1664116200.0, 264.9245355525965],
[1664202600.0, 259.34947676431426],
[1664289000.0, 255.71154360852194],
[1664375400.0, 256.11410765645803],
[1664461800.0, 251.2842104527297],
[1664548200.0, 254.2400810918775],
[1664634600.0, 256.1981944740346],
[1664717400.0, 253.79759567243676],
[1664803800.0, 258.53859174434086],
[1664890200.0, 268.5734706391478],
[1664976600.0, 272.107386551265],
[1665063000.0, 272.7716428761651],
[1665149400.0, 263.4466957390146],
[1665235800.0, 269.2720079893475],
[1665322200.0, 270.99785466045273],
[1665408600.0, 268.1307964047936],
[1665495000.0, 317.63488295605856],
[1665581400.0, 317.67488754993343],
[1665667800.0, 311.4267142476698],
[1665754200.0, 312.43083661784283],
[1665840600.0, 305.4819603861518],
[1665927000.0, 303.36414687083885],
[1666013400.0, 296.18745892143806],
[1666099800.0, 299.8679503328895],
[1666186200.0, 300.1219545938748],
[1666272600.0, 303.56591611185087],
[1666359000.0, 306.51024813581887],
[1666445400.0, 302.57090079893476],
[1666531800.0, 307.2152121171771],
[1666618200.0, 315.489023701731],
[1666704600.0, 302.3569029960053],
[1666791000.0, 299.14257623169107],
[1666877400.0, 300.1219774966711],
[1666963800.0, 299.03118928095864],
[1667050200.0, 298.1375936750998],
[1667136600.0, 290.9513924766977],
[1667223000.0, 293.89967157123834],
[1667309400.0, 302.78868288948064],
[1667395800.0, 317.36475892143807],
[1667482200.0, 303.10261964047936],
[1667568600.0, 300.9502673768309],
[1667655000.0, 296.823955792277],
[1667741400.0, 293.46192336884155],
[1667827800.0, 292.93233275632485],
[1667914200.0, 292.28509920106524],
[1668000600.0, 292.99873195739013],
[1668087000.0, 296.85349340878827],
[1668173400.0, 296.2021914114514],
[1668259800.0, 303.8353389480692],
[1668346200.0, 282.0515055259654],
[1668432600.0, 289.6205062583222],
[1668519000.0, 280.15546770972037],
[1668605400.0, 280.40909993342206],
[1668691800.0, 282.935092276964],
[1668778200.0, 262.72077623169105],
[1668864600.0, 267.92004680426095],
[1668951000.0, 267.50325266311586],
[1669037400.0, 274.5008257656458],
[1669123800.0, 268.00458229027964],
[1669210200.0, 269.8154362183755],
[1669296600.0, 262.26252023968044],
[1669383000.0, 270.95398981358187],
[1669469400.0, 267.5613256990679],
[1669555800.0, 265.8030197736352],
[1669642200.0, 265.07300912117176],
[1669728600.0, 268.8579530625832],
[1669815000.0, 260.74629540612517],
[1669901400.0, 261.8523432756325],
[1669987800.0, 272.1609374833555],
[1670074200.0, 276.4776521304927],
[1670160600.0, 264.57547842876164],
[1670247000.0, 268.35886584553924],
[1670333400.0, 275.45275059920107],
[1670419800.0, 274.2616809587217],
[1670506200.0, 271.9888979360852],
[1670592600.0, 271.0828639813582],
[1670679000.0, 276.5269479360852],
[1670765400.0, 272.4879582556591],
[1670851800.0, 257.066657723036],
[1670938200.0, 254.31815992010652],
[1671024600.0, 257.74922796271636],
[1671111000.0, 260.0195648468708],
[1671197400.0, 255.80054201065246],
[1671283800.0, 254.20189280958724],
[1671370200.0, 253.74521478029294],
[1671456600.0, 267.65450113182425],
[1671543000.0, 262.92712290279627],
[1671629400.0, 262.5929998002663],
[1671715800.0, 260.27631491344874],
[1671802200.0, 253.48427896138483],
[1671888600.0, 247.74908675099869],
[1671975000.0, 247.94245765645803],
[1672061400.0, 245.5745669107856],
[1672147800.0, 241.1254753661784],
[1672234200.0, 240.0414002663116],
[1672320600.0, 238.59694027962718],
[1672407000.0, 234.35043382157122],
[1672493400.0, 234.76087010652464],
[1672579800.0, 237.66630745672435],
[1672666200.0, 236.81880419440748],
[1672752600.0, 237.87710119840213],
[1672839000.0, 235.28025079893476],
[1672925400.0, 236.9638122503329],
[1673011800.0, 237.34803388814916],
[1673098200.0, 236.41211964047937],
[1673184600.0, 236.98579234354193],
[1673271000.0, 233.3231689081225],
[1673357400.0, 236.50666651131823],
[1673443800.0, 237.10371258322235],
[1673530200.0, 237.33624707057257],
[1673616600.0, 240.02085938748334],
[1673703000.0, 249.7065944074567],
[1673789400.0, 260.78265579227696],
[1673875800.0, 262.7790218375499],
[1673962200.0, 274.8859084553928],
[1674048600.0, 276.9281362183755],
[1674135000.0, 279.9309075898801],
[1674221400.0, 290.2167569906791],
[1674307800.0, 284.49448988015985],
[1674394200.0, 284.0764675099867],
[1674480600.0, 262.2076274300932],
[1674567000.0, 258.18884014647136],
[1674653400.0, 268.5219730359521],
[1674739800.0, 285.07482583222367],
[1674826200.0, 285.30503601864183],
[1674912600.0, 280.90779833555257],
[1674999000.0, 281.5249123169108],
[1675085400.0, 279.20401657789614],
[1675171800.0, 274.21744647137155],
[1675258200.0, 273.92722543275636],
[1675344600.0, 277.45033701731023],
[1675431000.0, 283.71732130492677],
[1675517400.0, 286.0122828894807],
[1675603800.0, 295.4758553928096],
[1675690200.0, 298.4820063249001],
[1675776600.0, 294.36593934753665],
[1675863000.0, 294.0296600532623],
[1675949400.0, 294.0296600532623],
