[1635773400.0, 0.6236842105263157],
[1635859800.0, 0.6127819548872181],
[1635946200.0, 0.6127819548872181],
[1636032600.0, 0.6120300751879699],
[1636119000.0, 0.6120300751879699],
[1636205400.0, 0.7436090225563908],
[1636291800.0, 0.6736842105263159],
[1636378200.0, 0.7075187969924812],
[1636464600.0, 0.7161654135338346],
[1636551000.0, 0.7093984962406014],
[1636637400.0, 0.7342105263157894],
[1636723800.0, 0.7417293233082705],
[1636810200.0, 0.7417293233082705],
[1636896600.0, 0.7300751879699247],
[1636983000.0, 0.7289473684210525],
[1637069400.0, 0.7281954887218044],
[1637155800.0, 0.7281954887218045],
[1637242200.0, 0.743609022556391],
[1637328600.0, 0.7428571428571429],
[1637415000.0, 0.7366037735849057],
[1637501400.0, 0.7407969639468691],
[1637587800.0, 0.7415559772296015],
[1637674200.0, 0.742034548944338],
[1637760600.0, 0.756201550387597],
[1637847000.0, 0.756640625],
[1637933400.0, 0.764102564102564],
[1638019800.0, 0.7191321499013806],
[1638106200.0, 0.7226190476190477],
[1638192600.0, 0.7469061876247506],
[1638279000.0, 0.7650602409638555],
[1638365400.0, 0.7425101214574898],
[1638451800.0, 0.745010183299389],
[1638538200.0, 0.7506122448979593],
[1638624600.0, 0.7277551020408165],
[1638711000.0, 0.6288930581613508],
[1638797400.0, 0.624765478424015],
[1638883800.0, 0.6225140712945592],
[1638970200.0, 0.6315196998123827],
[1639056600.0, 0.6412757973733585],
[1639143000.0, 0.6472795497185742],
[1639229400.0, 0.6622889305816134],
[1639315800.0, 0.6626641651031894],
[1639402200.0, 0.6626641651031894],
[1639488600.0, 0.6626641651031894],
[1639575000.0, 0.7106941838649155],
[1639661400.0, 0.7428571428571429],
[1639747800.0, 0.7233082706766918],
[1639834200.0, 0.7323308270676692],
[1639920600.0, 0.7018796992481202],
[1640007000.0, 0.7015037593984963],
[1640093400.0, 0.7007518796992479],
[1640179800.0, 0.6890977443609021],
[1640266200.0, 0.6860902255639098],
[1640352600.0, 0.6996240601503759],
[1640439000.0, 0.6853383458646616],
[1640525400.0, 0.6823308270676691],
[1640611800.0, 0.6823308270676691],
[1640698200.0, 0.67593984962406],
[1640784600.0, 0.6672932330827067],
[1640871000.0, 0.6672932330827067],
[1640957400.0, 0.6669172932330826],
[1641043800.0, 0.6772983114446528],
[1641130200.0, 0.6790960451977399],
[1641216600.0, 0.6719397363465159],
[1641303000.0, 0.6711864406779661],
[1641389400.0, 0.6704331450094161],
[1641475800.0, 0.679472693032015],
[1641562200.0, 0.7338374291115313],
[1641648600.0, 0.7213610586011343],
[1641735000.0, 0.71531190926276],
[1641821400.0, 0.6956521739130436],
[1641907800.0, 0.6924528301886792],
[1641994200.0, 0.6845283018867926],
[1642080600.0, 0.6837735849056604],
[1642167000.0, 0.6890566037735848],
[1642253400.0, 0.6538606403013183],
[1642339800.0, 0.6806026365348399],
[1642426200.0, 0.6804511278195489],
[1642512600.0, 0.6793233082706766],
[1642599000.0, 0.6781954887218045],
[1642685400.0, 0.7430927835051547],
[1642771800.0, 0.7574380165289254],
[1642858200.0, 0.7892116182572614],
[1642944600.0, 0.7139097744360902],
[1643031000.0, 0.745],
[1643117400.0, 0.7920833333333335],
[1643203800.0, 0.6868913857677903],
[1643290200.0, 0.6941619585687382],
[1643376600.0, 0.7512711864406779],
[1643463000.0, 0.7791489361702127],
[1643549400.0, 0.7731343283582088],
[1643635800.0, 0.7731343283582088],
[1643722200.0, 0.7731343283582088],
[1643808600.0, 0.6804511278195488],
[1643895000.0, 0.6736842105263157],
[1643981400.0, 0.6394736842105262],
[1644067800.0, 0.6188323917137476],
[1644154200.0, 0.671939736346516],
[1644240600.0, 0.6685393258426967],
[1644327000.0, 0.6981273408239702],
[1644413400.0, 0.6659176029962547],
[1644499800.0, 0.6835205992509363],
[1644586200.0, 0.6973782771535582],
[1644672600.0, 0.697560975609756],
[1644759000.0, 0.6983114446529081],
[1644845400.0, 0.6971962616822428],
[1644931800.0, 0.6973880597014925],
[1645018200.0, 0.7232774674115455],
[1645104600.0, 0.7160940325497287],
[1645191000.0, 0.8636528028933093],
[1645277400.0, 0.7666666666666666],
[1645363800.0, 0.7442028985507245],
[1645450200.0, 0.7294755877034358],
[1645536600.0, 0.6905797101449275],
[1645623000.0, 0.7198555956678699],
[1645709400.0, 0.7186256781193489],
[1645795800.0, 0.7162454873646209],
[1645882200.0, 0.7121157323688968],
[1645968600.0, 0.7143375680580762],
[1646055000.0, 0.7186256781193489],
[1646141400.0, 0.7121157323688968],
[1646227800.0, 0.7088929219600726],
[1646314200.0, 0.7012704174228676],
[1646400600.0, 0.6945454545454545],
[1646487000.0, 0.6790528233151184],
[1646573400.0, 0.7027322404371585],
[1646659800.0, 0.7032727272727272],
[1646746200.0, 0.7229090909090908],
[1646832600.0, 0.725318761384335],
[1646919000.0, 0.7240875912408758],
[1647005400.0, 0.739051094890511],
[1647091800.0, 0.7425959780621572],
[1647178200.0, 0.7180987202925044],
[1647264600.0, 0.7179487179487181],
[1647351000.0, 0.7194139194139194],
[1647437400.0, 0.7418647166361971],
[1647523800.0, 0.7343065693430657],
[1647610200.0, 0.7216117216117217],
[1647696600.0, 0.7139194139194138],
[1647783000.0, 0.7273408239700374],
[1647869400.0, 0.7078610603290676],
[1647955800.0, 0.6853479853479854],
[1648042200.0, 0.683302752293578],
[1648128600.0, 0.6814678899082569],
[1648215000.0, 0.6840366972477064],
[1648301400.0, 0.6816176470588234],
[1648387800.0, 0.6794117647058824],
[1648474200.0, 0.6403669724770642],
[1648560600.0, 0.6787545787545788],
[1648647000.0, 0.6405850091407678],
[1648733400.0, 0.6762773722627737],
[1648819800.0, 0.676923076923077],
[1648906200.0, 0.6774311926605505],
[1648996200.0, 0.7009174311926604],
[1649082600.0, 0.7010989010989009],
[1649169000.0, 0.6611721611721613],
[1649255400.0, 0.6622710622710622],
[1649341800.0, 0.6586080586080586],
[1649428200.0, 0.6564102564102563],
[1649514600.0, 0.660036832412523],
[1649601000.0, 0.660036832412523],
[1649687400.0, 0.660036832412523],
[1649773800.0, 0.660036832412523],
[1649860200.0, 0.6612546125461253],
[1649946600.0, 0.7699047619047618],
[1650033000.0, 0.8181818181818181],
[1650119400.0, 0.827402862985685],
[1650205800.0, 0.8608510638297873],
[1650292200.0, 0.8608137044967877],
[1650378600.0, 0.8416309012875535],
[1650465000.0, 0.8825806451612904],
[1650551400.0, 0.8825806451612904],
[1650637800.0, 0.8825806451612904],
[1650724200.0, 0.8736383442265794],
[1650810600.0, 0.873202614379085],
[1650897000.0, 0.8753812636165578],
[1650983400.0, 0.8740740740740739],
[1651069800.0, 0.8592592592592591],
[1651156200.0, 0.8566292134831461],
[1651242600.0, 0.8672645739910314],
[1651329000.0, 0.8611235955056179],
[1651415400.0, 0.8576576576576576],
[1651501800.0, 0.8585585585585584],
[1651588200.0, 0.8570786516853932],
[1651674600.0, 0.8551569506726457],
[1651761000.0, 0.85],
[1651847400.0, 0.7184615384615384],
[1651933800.0, 0.714450867052023],
[1652020200.0, 0.6739884393063583],
[1652106600.0, 0.7125725338491296],
[1652193000.0, 0.7117988394584137],
[1652279400.0, 0.7145067698259187],
[1652365800.0, 0.6815533980582524],
[1652452200.0, 0.6792233009708737],
[1652538600.0, 0.678988326848249],
[1652625000.0, 0.6704280155642023],
[1652711400.0, 0.6699029126213593],
[1652797800.0, 0.6643545279383428],
[1652884200.0, 0.6625482625482626],
[1652970600.0, 0.6503846153846153],
[1653057000.0, 0.6609195402298849],
[1653143400.0, 0.6762452107279693],
[1653229800.0, 0.6559386973180075],
[1653316200.0, 0.6551330798479088],
[1653402600.0, 0.6547528517110266],
[1653489000.0, 0.654302103250478],
[1653575400.0, 0.6526923076923076],
[1653661800.0, 0.6514395393474087],
[1653748200.0, 0.6511538461538462],
[1653834600.0, 0.6491362763915547],
[1653921000.0, 0.6479999999999999],
[1654007400.0, 0.6464761904761903],
[1654093800.0, 0.6438931297709923],
[1654180200.0, 0.6434285714285713],
[1654266600.0, 0.6430476190476189],
[1654353000.0, 0.6415238095238094],
[1654439400.0, 0.6399239543726237],
[1654525800.0, 0.6384030418250952],
[1654612200.0, 0.6397705544933079],
[1654698600.0, 0.6379310344827587],
[1654785000.0, 0.636015325670498],
[1654871400.0, 0.6346153846153846],
[1654957800.0, 0.6346820809248556],
[1655044200.0, 0.6332046332046332],
[1655130600.0, 0.630174081237911],
[1655217000.0, 0.6286266924564796],
[1655303400.0, 0.6272552783109404],
[1655389800.0, 0.6625719769673705],
[1655476200.0, 0.6607692307692308],
[1655562600.0, 0.6593448940269748],
[1655649000.0, 0.6580769230769231],
[1655735400.0, 0.6607692307692308],
[1655821800.0, 0.8138755980861244],
[1655908200.0, 0.7942446043165469],
[1655994600.0, 0.7928229665071771],
[1656081000.0, 0.7933014354066987],
[1656167400.0, 0.7928229665071771],
[1656253800.0, 0.7913461538461539],
[1656340200.0, 0.7918269230769229],
[1656426600.0, 0.7918072289156624],
[1656513000.0, 0.7918072289156624],
[1656599400.0, 0.816867469879518],
[1656685800.0, 0.8149397590361446],
[1656772200.0, 0.8768115942028986],
[1656858600.0, 0.6403846153846153],
[1656945000.0, 0.6610364683301344],
[1657031400.0, 0.6611538461538462],
[1657117800.0, 0.6119230769230769],
[1657204200.0, 0.6602687140115164],
[1657290600.0, 0.671401151631478],
[1657377000.0, 0.6472168905950095],
[1657463400.0, 0.6460652591170827],
[1657549800.0, 0.6442307692307693],
[1657636200.0, 0.7236994219653178],
[1657722600.0, 0.6458574181117532],
[1657809000.0, 0.6441005802707931],
[1657895400.0, 0.6434108527131781],
[1657981800.0, 0.6356589147286822],
[1658068200.0, 0.6352713178294573],
[1658154600.0, 0.6332688588007735],
[1658241000.0, 0.6312741312741313],
[1658327400.0, 0.628957528957529],
[1658413800.0, 0.6085106382978722],
[1658500200.0, 0.5891891891891893],
[1658586600.0, 0.6186770428015563],
[1658673000.0, 0.7015384615384616],
[1658759400.0, 0.7072847682119204],
[1658845800.0, 0.7266666666666668],
[1658932200.0, 0.7275555555555555],
[1659018600.0, 0.7322939866369713],
[1659105000.0, 0.7314031180400891],
[1659191400.0, 0.7349775784753363],
[1659277800.0, 0.7396396396396396],
[1659364200.0, 0.7395033860045149],
[1659450600.0, 0.6312741312741313],
[1659537000.0, 0.6305019305019306],
[1659623400.0, 0.6293436293436295],
[1659709800.0, 0.6316602316602317],
[1659796200.0, 0.6313346228239844],
[1659882600.0, 0.6305609284332688],
[1659969000.0, 0.6301158301158302],
[1660055400.0, 0.6416988416988418],
[1660141800.0, 0.6411538461538462],
[1660228200.0, 0.6407692307692308],
[1660314600.0, 0.6416184971098267],
[1660401000.0, 0.6416184971098267],
[1660487400.0, 0.6416184971098267],
[1660573800.0, 0.6416184971098267],
[1660660200.0, 0.7284046692607005],
[1660746600.0, 0.7280155642023346],
[1660833000.0, 0.7290448343079924],
[1660919400.0, 0.7294117647058823],
[1661005800.0, 0.7343873517786561],
[1661092200.0, 0.73399209486166],
[1661178600.0, 0.7334653465346533],
[1661265000.0, 0.634990059642147],
[1661351400.0, 0.635928143712575],
[1661437800.0, 0.6354581673306773],
[1661524200.0, 0.6552000000000001],
[1661610600.0, 0.6352705410821644],
[1661697000.0, 0.6356713426853707],
[1661783400.0, 0.6494969818913481],
[1661869800.0, 0.6490945674044263],
[1661956200.0, 0.6481927710843375],
[1662042600.0, 0.6441767068273092],
[1662129000.0, 0.6430583501006035],
[1662215400.0, 0.6431451612903225],
[1662301800.0, 0.6444444444444444],
[1662388200.0, 0.7184584178498987],
[1662474600.0, 0.7206543967280162],
[1662561000.0, 0.6466257668711656],
[1662647400.0, 0.6466257668711656],
[1662733800.0, 0.6478527607361962],
[1662820200.0, 0.7725409836065575],
[1662906600.0, 0.7697341513292433],
[1662993000.0, 0.7640816326530613],
[1663079400.0, 0.7602459016393441],
[1663165800.0, 0.7597535934291582],
[1663252200.0, 0.7575257731958764],
[1663338600.0, 0.7574380165289254],
[1663425000.0, 0.7580912863070539],
[1663511400.0, 0.76125],
[1663597800.0, 0.7640918580375782],
[1663684200.0, 0.7688421052631579],
[1663770600.0, 0.7707006369426751],
[1663857000.0, 0.755],
[1663943400.0, 0.7487394957983193],
[1664029800.0, 0.7490526315789473],
[1664116200.0, 0.7549473684210526],
[1664202600.0, 0.8443037974683544],
[1664289000.0, 0.7828451882845188],
[1664375400.0, 0.6372822299651567],
[1664461800.0, 0.6358885017421603],
[1664548200.0, 0.6353552859618717],
[1664634600.0, 0.6357019064124784],
[1664717400.0, 0.6416666666666668],
[1664803800.0, 0.6409722222222223],
[1664890200.0, 0.6604166666666667],
[1664976600.0, 0.6597222222222221],
[1665063000.0, 0.6427083333333333],
[1665149400.0, 0.6479999999999999],
[1665235800.0, 0.6626086956521737],
[1665322200.0, 0.6622608695652172],
[1665408600.0, 0.6589877835951136],
[1665495000.0, 0.6460732984293193],
[1665581400.0, 0.2613523131672597],
[1665667800.0, 0.27914590747330953],
[1665754200.0, 0.27131672597864764],
[1665840600.0, 0.3369395017793594],
[1665927000.0, 0.3336654804270463],
[1666013400.0, 0.3530935251798561],
[1666099800.0, 0.2958092485549133],
[1666186200.0, 0.293073593073593],
[1666272600.0, 0.2857349746560463],
[1666359000.0, 0.2835626357711803],
[1666445400.0, 0.2826937002172339],
[1666531800.0, 0.2826937002172339],
[1666618200.0, 0.27070854638422215],
[1666704600.0, 0.3765166340508807],
[1666791000.0, 0.3630285152409046],
[1666877400.0, 0.39664363277393877],
[1666963800.0, 0.4495557749259625],
[1667050200.0, 0.45275827482447356],
[1667136600.0, 0.4486322188449848],
[1667223000.0, 0.44888888888888895],
[1667309400.0, 0.4541751527494907],
[1667395800.0, 0.4622950819672132],
[1667482200.0, 0.49364278506559045],
[1667568600.0, 0.4668016194331984],
[1667655000.0, 0.45045592705167165],
[1667741400.0, 0.4480572597137014],
[1667827800.0, 0.4509240246406571],
[1667914200.0, 0.48674203494347373],
[1668000600.0, 0.4865306122448979],
[1668087000.0, 0.4746208291203236],
[1668173400.0, 0.4690909090909091],
[1668259800.0, 0.4682828282828282],
[1668346200.0, 0.4846231155778895],
[1668432600.0, 0.4814814814814815],
[1668519000.0, 0.4825075834175936],
[1668605400.0, 0.48331627430910956],
[1668691800.0, 0.4858606557377049],
[1668778200.0, 0.48143589743589754],
[1668864600.0, 0.4369453044375645],
[1668951000.0, 0.42562500000000003],
[1669037400.0, 0.42767950052029136],
[1669123800.0, 0.4234800838574424],
[1669210200.0, 0.421218487394958],
[1669296600.0, 0.40695468914646993],
[1669383000.0, 0.44355179704016917],
[1669469400.0, 0.4438095238095238],
[1669555800.0, 0.44747583243823835],
[1669642200.0, 0.4504833512352309],
[1669728600.0, 0.45497326203208555],
[1669815000.0, 0.46281352235550705],
[1669901400.0, 0.4613043478260871],
[1669987800.0, 0.49811320754717003],
[1670074200.0, 0.5352112676056338],
[1670160600.0, 0.5403329065300897],
[1670247000.0, 0.5462532299741601],
[1670333400.0, 0.5521456436931079],
[1670419800.0, 0.6095104895104896],
[1670506200.0, 0.7039436619718309],
[1670592600.0, 0.6864864864864866],
[1670679000.0, 0.6904148783977111],
[1670765400.0, 0.6893063583815031],
[1670851800.0, 0.6904899135446686],
[1670938200.0, 0.6916184971098267],
[1671024600.0, 0.69288824383164],
[1671111000.0, 0.6982456140350878],
[1671197400.0, 0.6603221083455344],
[1671283800.0, 0.7243323442136498],
[1671370200.0, 0.7257485029940121],
[1671456600.0, 0.688622754491018],
[1671543000.0, 0.7221719457013572],
[1671629400.0, 0.652359208523592],
[1671715800.0, 0.6560490045941808],
[1671802200.0, 0.6560490045941808],
[1671888600.0, 0.6549382716049382],
[1671975000.0, 0.602803738317757],
[1672061400.0, 0.6113385826771653],
[1672147800.0, 0.6218298555377206],
[1672234200.0, 0.6268174474959611],
[1672320600.0, 0.6302250803858519],
[1672407000.0, 0.697749196141479],
[1672493400.0, 0.6213247172859451],
[1672579800.0, 0.6485666104553119],
[1672666200.0, 0.6508474576271186],
[1672752600.0, 0.7445945945945946],
[1672839000.0, 0.761790017211704],
[1672925400.0, 0.7648275862068965],
[1673011800.0, 0.7697391304347825],
[1673098200.0, 0.8596296296296296],
[1673184600.0, 0.8601834862385322],
[1673271000.0, 0.8497237569060775],
[1673357400.0, 0.9049723756906078],
[1673443800.0, 0.8359633027522934],
[1673530200.0, 0.8357664233576643],
[1673616600.0, 0.8510948905109489],
[1673703000.0, 0.9106227106227105],
[1673789400.0, 0.9132841328413283],
[1673875800.0, 0.9087198515769944],
[1673962200.0, 0.9423791821561337],
[1674048600.0, 0.8697761194029852],
[1674135000.0, 0.851214953271028],
[1674221400.0, 0.8831067961165048],
[1674307800.0, 0.937037037037037],
[1674394200.0, 0.8849484536082475],
[1674480600.0, 0.9134020618556703],
[1674567000.0, 1.1229050279329609],
[1674653400.0, 0.9565768621236133],
[1674739800.0, 0.9502377179080824],
[1674826200.0, 0.9619047619047617],
[1674912600.0, 1.1473851030110935],
[1674999000.0, 0.46315789473684216],
[1675085400.0, 0.49507089804186366],
[1675171800.0, 0.5219676549865229],
[1675258200.0, 0.43566621803499334],
[1675344600.0, 0.39552845528455294],
[1675431000.0, 0.3941734417344173],
[1675517400.0, 0.4388888888888889],
[1675603800.0, 0.42921195652173916],
[1675690200.0, 0.9236883942766295],
[1675776600.0, 0.36374745417515275],
[1675863000.0, 0.36374745417515275],
[1675949400.0, 0.36374745417515275],
