[1635773400.0, 0.8035523978685615],
[1635859800.0, 0.7896980461811725],
[1635946200.0, 0.7854351687388988],
[1636032600.0, 0.7843694493783304],
[1636119000.0, 0.7793960923623445],
[1636205400.0, 0.7619893428063943],
[1636291800.0, 0.7234323432343235],
[1636378200.0, 0.7380471380471381],
[1636464600.0, 0.7387205387205387],
[1636551000.0, 0.7353535353535353],
[1636637400.0, 0.7353535353535353],
[1636723800.0, 0.7346801346801346],
[1636810200.0, 0.7346801346801346],
[1636896600.0, 0.7346801346801346],
[1636983000.0, 0.7175084175084175],
[1637069400.0, 0.7350604490500864],
[1637155800.0, 0.7538188277087033],
[1637242200.0, 0.74336917562724],
[1637328600.0, 0.7605893186003684],
[1637415000.0, 0.7827067669172931],
[1637501400.0, 0.8331337325349303],
[1637587800.0, 0.8753684210526317],
[1637674200.0, 0.8780590717299579],
[1637760600.0, 0.8717299578059071],
[1637847000.0, 0.8700421940928271],
[1637933400.0, 0.8683544303797469],
[1638019800.0, 0.8675105485232067],
[1638106200.0, 0.8670886075949368],
[1638192600.0, 0.8518987341772154],
[1638279000.0, 0.853276955602537],
[1638365400.0, 0.8211416490486257],
[1638451800.0, 0.8266384778012684],
[1638538200.0, 0.8266384778012684],
[1638624600.0, 0.8236786469344608],
[1638711000.0, 0.8232067510548523],
[1638797400.0, 0.8172995780590716],
[1638883800.0, 0.889873417721519],
[1638970200.0, 0.889451476793249],
[1639056600.0, 0.8951167728237792],
[1639143000.0, 0.8951167728237792],
[1639229400.0, 0.9316348195329087],
[1639315800.0, 0.832696390658174],
[1639402200.0, 0.832696390658174],
[1639488600.0, 0.8309978768577495],
[1639575000.0, 0.8309978768577495],
[1639661400.0, 0.8305732484076433],
[1639747800.0, 0.8345415778251599],
[1639834200.0, 0.8260127931769722],
[1639920600.0, 0.8336886993603411],
[1640007000.0, 0.8341151385927504],
[1640093400.0, 0.8328358208955222],
[1640179800.0, 0.8328358208955222],
[1640266200.0, 0.8328358208955222],
[1640352600.0, 0.8328358208955222],
[1640439000.0, 0.8315565031982941],
[1640525400.0, 0.8315565031982941],
[1640611800.0, 0.8315565031982941],
[1640698200.0, 0.8494669509594883],
[1640784600.0, 0.8473347547974414],
[1640871000.0, 1.064957264957265],
[1640957400.0, 1.063675213675214],
[1641043800.0, 1.0614072494669509],
[1641130200.0, 1.0609808102345415],
[1641216600.0, 1.0571428571428572],
[1641303000.0, 1.0562899786780384],
[1641389400.0, 1.033832976445396],
[1641475800.0, 1.060813704496788],
[1641562200.0, 1.0603854389721625],
[1641648600.0, 1.0626609442060087],
[1641735000.0, 1.0618025751072961],
[1641821400.0, 1.0609442060085839],
[1641907800.0, 1.061935483870968],
[1641994200.0, 0.82751677852349],
[1642080600.0, 0.8748322147651008],
[1642167000.0, 0.9680170575692963],
[1642253400.0, 0.96468085106383],
[1642339800.0, 0.9638297872340426],
[1642426200.0, 0.7591973244147157],
[1642512600.0, 0.75752508361204],
[1642599000.0, 0.7575250836120401],
[1642685400.0, 0.7585976627712854],
[1642771800.0, 0.7609348914858096],
[1642858200.0, 0.7374581939799331],
[1642944600.0, 0.7367892976588628],
[1643031000.0, 0.737],
[1643117400.0, 0.755],
[1643203800.0, 0.7565943238731219],
[1643290200.0, 0.7567114093959731],
[1643376600.0, 0.7563025210084033],
[1643463000.0, 0.9577825159914711],
[1643549400.0, 0.9582089552238806],
[1643635800.0, 0.9582089552238806],
[1643722200.0, 0.9582089552238806],
[1643808600.0, 0.8848993288590603],
[1643895000.0, 0.885234899328859],
[1643981400.0, 0.8848993288590603],
[1644067800.0, 0.8865319865319865],
[1644154200.0, 0.8873524451939292],
[1644240600.0, 0.8868686868686869],
[1644327000.0, 0.8861952861952863],
[1644413400.0, 0.9498316498316498],
[1644499800.0, 0.9962962962962965],
[1644586200.0, 0.9966273187183812],
[1644672600.0, 0.9966216216216217],
[1644759000.0, 0.9956155143338955],
[1644845400.0, 0.9956302521008403],
[1644931800.0, 1.1510067114093963],
[1645018200.0, 1.1504187604690117],
[1645104600.0, 1.4999999999999998],
[1645191000.0, 1.500423728813559],
[1645277400.0, 1.038559322033898],
[1645363800.0, 0.9944915254237287],
[1645450200.0, 1.0322033898305083],
[1645536600.0, 1.0444915254237288],
[1645623000.0, 1.0448202959830866],
[1645709400.0, 1.0076271186440677],
[1645795800.0, 1.0016949152542372],
[1645882200.0, 1.0004237288135591],
[1645968600.0, 1.0042553191489363],
[1646055000.0, 1.0420382165605095],
[1646141400.0, 1.0416135881104036],
[1646227800.0, 1.0140127388535034],
[1646314200.0, 1.0131634819532909],
[1646400600.0, 1.0071881606765327],
[1646487000.0, 1.0076271186440677],
[1646573400.0, 1.2216101694915253],
[1646659800.0, 1.220718816067653],
[1646746200.0, 0.9419249592169655],
[1646832600.0, 0.9419249592169655],
[1646919000.0, 0.7735725938009786],
[1647005400.0, 0.7740983606557376],
[1647091800.0, 0.7759868421052629],
[1647178200.0, 0.7469522240527182],
[1647264600.0, 0.7686468646864686],
[1647351000.0, 0.9931769722814497],
[1647437400.0, 0.9978632478632479],
[1647523800.0, 1.032409381663113],
[1647610200.0, 1.028205128205128],
[1647696600.0, 1.0300429184549356],
[1647783000.0, 1.0025751072961373],
[1647869400.0, 1.0008565310492505],
[1647955800.0, 0.9403433476394849],
[1648042200.0, 0.9367741935483872],
[1648128600.0, 0.9363440860215055],
[1648215000.0, 0.9350537634408603],
[1648301400.0, 0.9344827586206894],
[1648387800.0, 0.931465517241379],
[1648474200.0, 0.9316129032258065],
[1648560600.0, 0.9283261802575106],
[1648647000.0, 0.9284796573875802],
[1648733400.0, 0.929764453961456],
[1648819800.0, 0.9274678111587983],
[1648906200.0, 1.2408602150537635],
[1648996200.0, 1.2404301075268815],
[1649082600.0, 1.2356223175965664],
[1649169000.0, 1.2334763948497853],
[1649255400.0, 1.2330472103004293],
[1649341800.0, 1.2356223175965664],
[1649428200.0, 1.0747663551401867],
[1649514600.0, 1.0736448598130839],
[1649601000.0, 1.0736448598130839],
[1649687400.0, 1.0736448598130839],
[1649773800.0, 1.0736448598130839],
[1649860200.0, 1.0736448598130839],
[1649946600.0, 0.6728538283062645],
[1650033000.0, 0.6744779582366589],
[1650119400.0, 0.6387470997679815],
[1650205800.0, 0.706459525756337],
[1650292200.0, 0.746551724137931],
[1650378600.0, 0.7460344827586207],
[1650465000.0, 0.7605902777777778],
[1650551400.0, 0.7605902777777778],
[1650637800.0, 0.7605902777777778],
[1650724200.0, 0.7656249999999999],
[1650810600.0, 0.7579861111111109],
[1650897000.0, 0.7565972222222223],
[1650983400.0, 0.7965137614678899],
[1651069800.0, 0.6559334845049132],
[1651156200.0, 0.6964374482187241],
[1651242600.0, 0.6986754966887416],
[1651329000.0, 0.7745200698080278],
[1651415400.0, 0.7741258741258741],
[1651501800.0, 0.7542127659574468],
[1651588200.0, 0.8629969418960244],
[1651674600.0, 0.7095723014256619],
[1651761000.0, 0.7569672131147541],
[1651847400.0, 0.7812765957446809],
[1651933800.0, 0.7805347593582888],
[1652020200.0, 0.9218710493046776],
[1652106600.0, 0.9840108401084011],
[1652193000.0, 0.8905521472392638],
[1652279400.0, 0.888779284833539],
[1652365800.0, 1.051963746223565],
[1652452200.0, 0.9644886363636365],
[1652538600.0, 0.9643874643874641],
[1652625000.0, 0.9802857142857143],
[1652711400.0, 0.9814020028612302],
[1652797800.0, 1.328709055876686],
[1652884200.0, 1.0324324324324323],
[1652970600.0, 1.0420574886535552],
[1653057000.0, 1.269277108433735],
[1653143400.0, 1.2733333333333332],
[1653229800.0, 2.3983122362869196],
[1653316200.0, 1.5220196353436184],
[1653402600.0, 1.5707670043415336],
[1653489000.0, 1.6258358662613983],
[1653575400.0, 1.3316455696202532],
[1653661800.0, 1.2572230014025245],
[1653748200.0, 1.1037037037037039],
[1653834600.0, 1.10308261405672],
[1653921000.0, 1.1013463892288862],
[1654007400.0, 1.1413202933985331],
[1654093800.0, 1.0694478527607358],
[1654180200.0, 1.0205378973105135],
[1654266600.0, 0.9017114914425428],
[1654353000.0, 0.8501835985312117],
[1654439400.0, 0.8481074481074482],
[1654525800.0, 0.8483516483516487],
[1654612200.0, 0.783108935128519],
[1654698600.0, 0.7901840490797546],
[1654785000.0, 0.7808588957055215],
[1654871400.0, 0.7800492610837441],
[1654957800.0, 0.779753086419753],
[1655044200.0, 0.7779975278121137],
[1655130600.0, 0.7771995043370508],
[1655217000.0, 0.7504950495049504],
[1655303400.0, 0.7387453874538745],
[1655389800.0, 0.7305418719211823],
[1655476200.0, 0.7312731767614339],
[1655562600.0, 0.7386897404202718],
[1655649000.0, 0.7159456118665019],
[1655735400.0, 0.6771886559802713],
[1655821800.0, 0.7188118811881189],
[1655908200.0, 0.7589041095890412],
[1655994600.0, 0.7605985037406484],
[1656081000.0, 0.7622500000000001],
[1656167400.0, 0.7636591478696743],
[1656253800.0, 0.7647798742138365],
[1656340200.0, 0.7680503144654088],
[1656426600.0, 0.770164348925411],
[1656513000.0, 0.7718631178707224],
[1656599400.0, 0.7735705209656923],
[1656685800.0, 1.045859872611465],
[1656772200.0, 1.0467432950191573],
[1656858600.0, 1.0486555697823305],
[1656945000.0, 1.048849104859335],
[1657031400.0, 1.0500641848523748],
[1657117800.0, 1.0514800514800513],
[1657204200.0, 1.0381443298969073],
[1657290600.0, 1.0333333333333334],
[1657377000.0, 1.0354463130659768],
[1657463400.0, 1.073929961089494],
[1657549800.0, 1.0713541666666666],
[1657636200.0, 1.0732026143790847],
[1657722600.0, 1.0763779527559054],
[1657809000.0, 1.065785997357992],
[1657895400.0, 1.0590728476821192],
[1657981800.0, 1.0574468085106385],
[1658068200.0, 1.0572569906790945],
[1658154600.0, 1.0236387782204515],
[1658241000.0, 1.0263297872340427],
[1658327400.0, 1.1236315086782376],
[1658413800.0, 1.1093833780160856],
[1658500200.0, 1.1045698924731182],
[1658586600.0, 1.0909581646423752],
[1658673000.0, 1.0933694181326115],
[1658759400.0, 1.1407307171853858],
[1658845800.0, 1.1447619047619046],
[1658932200.0, 1.1487039563437926],
[1659018600.0, 1.1535519125683058],
[1659105000.0, 1.1569272976680385],
[1659191400.0, 1.1608275862068966],
[1659277800.0, 1.1638121546961324],
[1659364200.0, 1.1263157894736844],
[1659450600.0, 1.1229916897506926],
[1659537000.0, 1.0603042876901796],
[1659623400.0, 1.062240663900415],
[1659709800.0, 1.0612188365650972],
[1659796200.0, 1.0599167822468794],
[1659882600.0, 1.281924577373212],
[1659969000.0, 1.282857142857143],
[1660055400.0, 1.2817120622568092],
[1660141800.0, 1.223285899094437],
[1660228200.0, 1.1065976714100902],
[1660314600.0, 1.106217616580311],
[1660401000.0, 1.106217616580311],
[1660487400.0, 1.106217616580311],
[1660573800.0, 1.106217616580311],
[1660660200.0, 0.9001303780964799],
[1660746600.0, 1.0130208333333333],
[1660833000.0, 1.000521512385919],
[1660919400.0, 0.8280471821756225],
[1661005800.0, 1.0204993429697766],
[1661092200.0, 10.294612352168201],
[1661178600.0, 10.288421052631579],
[1661265000.0, 9.826633165829145],
[1661351400.0, 9.827455919395467],
[1661437800.0, 4.417336683417085],
[1661524200.0, 2.5883838383838387],
[1661610600.0, 2.046],
[1661697000.0, 0.7860139860139861],
[1661783400.0, 0.7237713139418257],
[1661869800.0, 0.6760280842527584],
[1661956200.0, 0.6668668668668669],
[1662042600.0, 0.7691599539700806],
[1662129000.0, 0.7658986175115208],
[1662215400.0, 0.7905420991926181],
[1662301800.0, 0.7820276497695852],
[1662388200.0, 0.7824480369515012],
[1662474600.0, 0.7830626450116009],
[1662561000.0, 0.7466357308584688],
[1662647400.0, 0.7466975666280417],
[1662733800.0, 0.899029126213592],
[1662820200.0, 0.8991666666666666],
[1662906600.0, 0.8897222222222223],
[1662993000.0, 0.8858725761772854],
[1663079400.0, 0.8816666666666667],
[1663165800.0, 0.8952646239554317],
[1663252200.0, 0.8925874125874125],
[1663338600.0, 0.9044817927170868],
[1663425000.0, 0.9043478260869565],
[1663511400.0, 0.8900420757363254],
[1663597800.0, 0.8901960784313725],
[1663684200.0, 0.7963534361851331],
[1663770600.0, 0.7921015514809591],
[1663857000.0, 0.792079207920792],
[1663943400.0, 0.803988603988604],
[1664029800.0, 0.8034285714285715],
[1664116200.0, 0.7974285714285714],
[1664202600.0, 0.7934191702432045],
[1664289000.0, 0.7893830703012914],
[1664375400.0, 0.8474964234620889],
[1664461800.0, 0.8765042979942693],
[1664548200.0, 0.8749642346208869],
[1664634600.0, 0.882758620689655],
[1664717400.0, 0.8619596541786746],
[1664803800.0, 0.8611832611832613],
[1664890200.0, 0.8611832611832613],
[1664976600.0, 0.8611832611832613],
[1665063000.0, 0.8611832611832613],
[1665149400.0, 0.8611832611832613],
[1665235800.0, 0.8349206349206348],
[1665322200.0, 0.8292329956584658],
[1665408600.0, 0.8563134978229319],
[1665495000.0, 0.8588064046579331],
[1665581400.0, 0.8663729809104258],
[1665667800.0, 0.9461764705882354],
[1665754200.0, 0.9458823529411764],
[1665840600.0, 0.9452941176470588],
[1665927000.0, 0.8794117647058824],
[1666013400.0, 0.8791666666666667],
[1666099800.0, 0.8786248131539612],
[1666186200.0, 0.8782089552238806],
[1666272600.0, 0.8766467065868262],
[1666359000.0, 0.8802395209580838],
[1666445400.0, 0.8553892215568861],
[1666531800.0, 0.8579579579579577],
[1666618200.0, 0.8584848484848485],
[1666704600.0, 0.8575260804768999],
[1666791000.0, 0.8577844311377245],
[1666877400.0, 0.8953383458646614],
[1666963800.0, 0.5398005439709881],
[1667050200.0, 0.5398005439709881],
[1667136600.0, 0.7527812113720642],
[1667223000.0, 0.7527093596059115],
[1667309400.0, 0.7233045622688039],
[1667395800.0, 0.7250000000000001],
[1667482200.0, 0.7244823386114494],
[1667568600.0, 0.7574257425742574],
[1667655000.0, 0.7569306930693069],
[1667741400.0, 0.7843088418430885],
[1667827800.0, 0.7715355805243447],
[1667914200.0, 0.77325],
[1668000600.0, 0.7729528535980149],
[1668087000.0, 0.767076167076167],
[1668173400.0, 0.7433128834355829],
[1668259800.0, 0.7492024539877301],
[1668346200.0, 0.8766788766788769],
[1668432600.0, 0.7841849148418492],
[1668519000.0, 0.780392156862745],
[1668605400.0, 0.7633663366336635],
[1668691800.0, 0.7644004944375772],
[1668778200.0, 0.7824257425742575],
[1668864600.0, 0.7853416149068324],
[1668951000.0, 0.7867167919799499],
[1669037400.0, 0.784769038701623],
[1669123800.0, 0.7844806007509387],
[1669210200.0, 0.78575],
[1669296600.0, 0.7859649122807019],
[1669383000.0, 0.7889724310776944],
[1669469400.0, 0.7814536340852131],
[1669555800.0, 0.7803278688524591],
[1669642200.0, 0.7802005012531328],
[1669728600.0, 0.7848822800495662],
[1669815000.0, 0.8974647887323941],
[1669901400.0, 0.897191011235955],
[1669987800.0, 0.8969101123595505],
[1670074200.0, 0.15559346819400438],
[1670160600.0, 0.9490370370370371],
[1670247000.0, 0.15483244293346282],
[1670333400.0, 0.15484027105517914],
[1670419800.0, 0.154776299879081],
[1670506200.0, 0.15478260869565214],
[1670592600.0, 0.9789799072642968],
[1670679000.0, 0.9876352395672334],
[1670765400.0, 0.9875968992248062],
[1670851800.0, 1.0947530864197532],
[1670938200.0, 1.0865533230293665],
[1671024600.0, 1.0955038759689921],
[1671111000.0, 1.095813953488372],
[1671197400.0, 1.0955038759689921],
[1671283800.0, 1.0955038759689921],
[1671370200.0, 1.093953488372093],
[1671456600.0, 0.9873065015479875],
[1671543000.0, 0.9804347826086957],
[1671629400.0, 0.9801242236024844],
[1671715800.0, 1.0149068322981365],
[1671802200.0, 1.0145962732919256],
[1671888600.0, 1.131338028169014],
[1671975000.0, 1.1313380281690142],
[1672061400.0, 1.1326278659611992],
[1672147800.0, 1.151236749116608],
[1672234200.0, 1.2275132275132277],
[1672320600.0, 1.1671902268760905],
[1672407000.0, 0.16005747126436784],
[1672493400.0, 0.9786377708978327],
[1672579800.0, 0.15134099616858238],
[1672666200.0, 0.14937619961612286],
[1672752600.0, 0.14921090387374464],
[1672839000.0, 0.14921165790731009],
[1672925400.0, 0.1586992641822929],
[1673011800.0, 0.1506290054592927],
[1673098200.0, 0.15029670068834558],
[1673184600.0, 0.8509960159362548],
[1673271000.0, 0.8422310756972112],
[1673357400.0, 0.843559096945551],
[1673443800.0, 0.8595687331536387],
[1673530200.0, 0.8592493297587132],
[1673616600.0, 0.8589812332439677],
[1673703000.0, 1.2536398467432952],
[1673789400.0, 1.2523076923076923],
[1673875800.0, 1.2491295938104447],
[1673962200.0, 1.380732177263969],
[1674048600.0, 1.382912621359223],
[1674135000.0, 1.3746588693957118],
[1674221400.0, 1.265497076023392],
[1674307800.0, 1.2580896686159846],
[1674394200.0, 1.2978557504873296],
[1674480600.0, 1.2167641325536063],
[1674567000.0, 0.873404255319149],
[1674653400.0, 1.0112324492979716],
[1674739800.0, 0.9834633385335412],
[1674826200.0, 0.9653786707882536],
[1674912600.0, 0.9530139103554868],
[1674999000.0, 0.9350769230769231],
[1675085400.0, 1.0471494607087828],
[1675171800.0, 0.8697388632872503],
[1675258200.0, 0.8506134969325153],
[1675344600.0, 0.8487654320987654],
[1675431000.0, 0.8449367088607594],
[1675517400.0, 0.8427215189873418],
[1675603800.0, 0.8761904761904762],
[1675690200.0, 0.8881685575364668],
[1675776600.0, 0.8739059967585089],
[1675863000.0, 0.8739059967585089],
[1675949400.0, 0.8739059967585089],
