[1598970600.0, 0.010775996589940324],
[1599057000.0, 0.010775996589940324],
[1599143400.0, 0.010775996589940324],
[1599229800.0, 0.010775996589940324],
[1599316200.0, 0.010775996589940324],
[1599402600.0, 0.010775996589940324],
[1599489000.0, 0.010775996589940324],
[1599575400.0, 0.010775996589940324],
[1599661800.0, 0.010775996589940324],
[1599748200.0, 0.010775996589940324],
[1599834600.0, 0.010775996589940324],
[1599921000.0, 0.010775996589940324],
[1600007400.0, 0.010775996589940324],
[1600093800.0, 0.010775996589940324],
[1600180200.0, 0.010775996589940324],
[1600266600.0, 0.010775996589940324],
[1600353000.0, 0.010775996589940324],
[1600439400.0, 0.010775996589940324],
[1600525800.0, 0.010775996589940324],
[1600612200.0, 0.010775996589940324],
[1600698600.0, 0.010775996589940324],
[1600785000.0, 0.010775996589940324],
[1600871400.0, 0.010775996589940324],
[1600957800.0, 0.010775996589940324],
[1601044200.0, 0.010775996589940324],
[1601130600.0, 0.010775996589940324],
[1601217000.0, 0.010775996589940324],
[1601303400.0, 0.010775996589940324],
[1601389800.0, 0.010775996589940324],
[1601476200.0, 0.010775996589940324],
[1601562600.0, 0.010775996589940324],
[1601649000.0, 0.010775996589940324],
[1601735400.0, 0.010775996589940324],
[1601818200.0, 0.010775996589940324],
[1601904600.0, 0.010775996589940324],
[1601991000.0, 0.010775996589940324],
[1602077400.0, 0.010775996589940324],
[1602163800.0, 0.010775996589940324],
[1602250200.0, 0.010775996589940324],
[1602336600.0, 0.010775996589940324],
[1602423000.0, 0.010775996589940324],
[1602509400.0, 0.010775996589940324],
[1602595800.0, 0.010775996589940324],
[1602682200.0, 0.010775996589940324],
[1602768600.0, 0.010775996589940324],
[1602855000.0, 0.010775996589940324],
[1602941400.0, 0.010775996589940324],
[1603027800.0, 0.010775996589940324],
[1603114200.0, 0.010775996589940324],
[1603200600.0, 0.010775996589940324],
[1603287000.0, 0.010775996589940324],
[1603373400.0, 0.010775996589940324],
[1603459800.0, 0.010775996589940324],
[1603546200.0, 0.010775996589940324],
[1603632600.0, 0.010775996589940324],
[1603719000.0, 0.010775996589940324],
[1603805400.0, 0.010775996589940324],
[1603891800.0, 0.010775996589940324],
[1603978200.0, 0.010775996589940324],
[1604064600.0, 0.010775996589940324],
[1604151000.0, 0.010775996589940324],
[1604237400.0, 0.010775996589940324],
[1604323800.0, 0.010775996589940324],
[1604410200.0, 0.010775996589940324],
[1604496600.0, 0.010775996589940324],
[1604583000.0, 0.010775996589940324],
[1604669400.0, 0.010775996589940324],
[1604755800.0, 0.010775996589940324],
[1604842200.0, 0.010775996589940324],
[1604928600.0, 0.010775996589940324],
[1605015000.0, 0.010775996589940324],
[1605101400.0, 0.010775996589940324],
[1605187800.0, 0.010775996589940324],
[1605274200.0, 0.010775996589940324],
[1605360600.0, 0.010775996589940324],
[1605447000.0, 0.010775996589940324],
[1605533400.0, 0.010775996589940324],
[1605619800.0, 0.010775996589940324],
[1605706200.0, 0.010775996589940324],
[1605792600.0, 0.010775996589940324],
[1605879000.0, 0.010775996589940324],
[1605965400.0, 0.010775996589940324],
[1606051800.0, 0.010775996589940324],
[1606138200.0, 0.010775996589940324],
[1606224600.0, 0.010775996589940324],
[1606311000.0, 0.010775996589940324],
[1606397400.0, 0.010775996589940324],
[1606483800.0, 0.010775996589940324],
[1606570200.0, 0.010775996589940324],
[1606656600.0, 0.010775996589940324],
[1606743000.0, 0.010775996589940324],
[1606829400.0, 0.010775996589940324],
[1606915800.0, 0.010775996589940324],
[1607002200.0, 0.010775996589940324],
[1607088600.0, 0.010775996589940324],
[1607175000.0, 0.010775996589940324],
[1607261400.0, 0.010775996589940324],
[1607347800.0, 0.010775996589940324],
[1607434200.0, 0.010775996589940324],
[1607520600.0, 0.010775996589940324],
[1607607000.0, 0.010775996589940324],
[1607693400.0, 0.010775996589940324],
[1607779800.0, 0.010775996589940324],
[1607866200.0, 0.010775996589940324],
[1607952600.0, 0.010775996589940324],
[1608039000.0, 0.010775996589940324],
[1608125400.0, 0.010775996589940324],
[1608211800.0, 0.010775996589940324],
[1608298200.0, 0.010775996589940324],
[1608384600.0, 0.010775996589940324],
[1608471000.0, 0.010775996589940324],
[1608557400.0, 0.010775996589940324],
[1608643800.0, 0.010775996589940324],
[1608730200.0, 0.010775996589940324],
[1608816600.0, 0.010775996589940324],
[1608903000.0, 0.010775996589940324],
[1608989400.0, 0.010775996589940324],
[1609075800.0, 0.010775996589940324],
[1609162200.0, 0.010775996589940324],
[1609248600.0, 0.010775996589940324],
[1609335000.0, 0.010775996589940324],
[1609421400.0, 0.010775996589940324],
[1609507800.0, 0.010775996589940324],
[1609594200.0, 0.010775996589940324],
[1609680600.0, 0.010775996589940324],
[1609767000.0, 0.010775996589940324],
[1609853400.0, 0.010775996589940324],
[1609939800.0, 0.010775996589940324],
[1610026200.0, 0.010775996589940324],
[1610112600.0, 0.010775996589940324],
[1610199000.0, 0.010775996589940324],
[1610285400.0, 0.010775996589940324],
[1610371800.0, 0.010775996589940324],
[1610458200.0, 0.010775996589940324],
[1610544600.0, 0.010775996589940324],
[1610631000.0, 0.010775996589940324],
[1610717400.0, 0.010775996589940324],
[1610803800.0, 0.010775996589940324],
[1610890200.0, 0.010775996589940324],
[1610976600.0, 0.010775996589940324],
[1611063000.0, 0.010775996589940324],
[1611149400.0, 0.010775996589940324],
[1611235800.0, 0.010775996589940324],
[1611322200.0, 0.010775996589940324],
[1611408600.0, 0.010775996589940324],
[1611495000.0, 0.010775996589940324],
[1611581400.0, 0.010775996589940324],
[1611667800.0, 0.010775996589940324],
[1611754200.0, 0.010775996589940324],
[1611840600.0, 0.010775996589940324],
[1611927000.0, 0.010775996589940324],
[1612013400.0, 0.010775996589940324],
[1612099800.0, 0.010775996589940324],
[1612186200.0, 0.010775996589940324],
[1612272600.0, 0.010775996589940324],
[1612359000.0, 0.010775996589940324],
[1612445400.0, 0.010775996589940324],
[1612531800.0, 0.010775996589940324],
[1612618200.0, 0.010775996589940324],
[1612704600.0, 0.010775996589940324],
[1612791000.0, 0.010775996589940324],
[1612877400.0, 0.010775996589940324],
[1612963800.0, 0.010775996589940324],
[1613050200.0, 0.010775996589940324],
[1613136600.0, 0.010775996589940324],
[1613223000.0, 0.010775996589940324],
[1613309400.0, 0.010775996589940324],
[1613395800.0, 0.010775996589940324],
[1613482200.0, 0.010775996589940324],
[1613568600.0, 0.010775996589940324],
[1613655000.0, 0.010775996589940324],
[1613741400.0, 0.010775996589940324],
[1613827800.0, 0.010775996589940324],
[1613914200.0, 0.010775996589940324],
[1614000600.0, 0.010775996589940324],
[1614087000.0, 0.010775996589940324],
[1614173400.0, 0.010775996589940324],
[1614259800.0, 0.010775996589940324],
[1614346200.0, 0.010775996589940324],
[1614432600.0, 0.010775996589940324],
[1614519000.0, 0.010775996589940324],
[1614605400.0, 0.010775996589940324],
[1614691800.0, 0.010775996589940324],
[1614778200.0, 0.010775996589940324],
[1614864600.0, 0.010775996589940324],
[1614951000.0, 0.010775996589940324],
[1615037400.0, 0.010775996589940324],
[1615123800.0, 0.010775996589940324],
[1615210200.0, 0.010775996589940324],
[1615296600.0, 0.010775996589940324],
[1615383000.0, 0.010775996589940324],
[1615469400.0, 0.010775996589940324],
[1615555800.0, 0.010775996589940324],
[1615642200.0, 0.010775996589940324],
[1615728600.0, 0.010775996589940324],
[1615815000.0, 0.010775996589940324],
[1615901400.0, 0.010775996589940324],
[1615987800.0, 0.010775996589940324],
[1616074200.0, 0.010775996589940324],
[1616160600.0, 0.010775996589940324],
[1616247000.0, 0.010775996589940324],
[1616333400.0, 0.010775996589940324],
[1616419800.0, 0.010775996589940324],
[1616506200.0, 0.010775996589940324],
[1616592600.0, 0.010775996589940324],
[1616679000.0, 0.010775996589940324],
[1616765400.0, 0.010775996589940324],
[1616851800.0, 0.010775996589940324],
[1616938200.0, 0.010775996589940324],
[1617024600.0, 0.010775996589940324],
[1617111000.0, 0.010775996589940324],
[1617197400.0, 0.010775996589940324],
[1617283800.0, 0.010775996589940324],
[1617370200.0, 0.010775996589940324],
[1617456600.0, 0.010775996589940324],
[1617546600.0, 0.010775996589940324],
[1617633000.0, 0.010775996589940324],
[1617719400.0, 0.010775996589940324],
[1617805800.0, 0.010775996589940324],
[1617892200.0, 0.010775996589940324],
[1617978600.0, 0.010775996589940324],
[1618065000.0, 0.010775996589940324],
[1618151400.0, 0.010775996589940324],
[1618237800.0, 0.010775996589940324],
[1618324200.0, 0.010775996589940324],
[1618410600.0, 0.010775996589940324],
[1618497000.0, 0.010775996589940324],
[1618583400.0, 0.010775996589940324],
[1618669800.0, 0.010775996589940324],
[1618756200.0, 0.010775996589940324],
[1618842600.0, 0.010775996589940324],
[1618929000.0, 0.010775996589940324],
[1619015400.0, 0.010775996589940324],
[1619101800.0, 0.010775996589940324],
[1619188200.0, 0.010775996589940324],
[1619274600.0, 0.010775996589940324],
[1619361000.0, 0.010775996589940324],
[1619447400.0, 0.010775996589940324],
[1619533800.0, 0.010775996589940324],
[1619620200.0, 0.010775996589940324],
[1619706600.0, 0.010775996589940324],
[1619793000.0, 0.010775996589940324],
[1619879400.0, 0.010775996589940324],
[1619965800.0, 0.010775996589940324],
[1620052200.0, 0.010775996589940324],
[1620138600.0, 0.010775996589940324],
[1620225000.0, 0.010775996589940324],
[1620311400.0, 0.010775996589940324],
[1620397800.0, 0.010775996589940324],
[1620484200.0, 0.010775996589940324],
[1620570600.0, 0.010775996589940324],
[1620657000.0, 0.010775996589940324],
[1620743400.0, 0.010775996589940324],
[1620829800.0, 0.010775996589940324],
[1620916200.0, 0.010775996589940324],
[1621002600.0, 0.010775996589940324],
[1621089000.0, 0.010775996589940324],
[1621175400.0, 0.010775996589940324],
[1621261800.0, 0.010775996589940324],
[1621348200.0, 0.010775996589940324],
[1621434600.0, 0.010775996589940324],
[1621521000.0, 0.010775996589940324],
[1621607400.0, 0.010775996589940324],
[1621693800.0, 0.010775996589940324],
[1621780200.0, 0.010775996589940324],
[1621866600.0, 0.010775996589940324],
[1621953000.0, 0.010775996589940324],
[1622039400.0, 0.010775996589940324],
[1622125800.0, 0.010775996589940324],
[1622212200.0, 0.010775996589940324],
[1622298600.0, 0.010775996589940324],
[1622385000.0, 0.010775996589940324],
[1622471400.0, 0.010775996589940324],
[1622557800.0, 0.010775996589940324],
[1622644200.0, 0.010775996589940324],
[1622730600.0, 0.010775996589940324],
[1622817000.0, 0.010775996589940324],
[1622903400.0, 0.010775996589940324],
[1622989800.0, 0.010775996589940324],
[1623076200.0, 0.010775996589940324],
[1623162600.0, 0.010775996589940324],
[1623249000.0, 0.010775996589940324],
[1623335400.0, 0.010775996589940324],
[1623421800.0, 0.010775996589940324],
[1623508200.0, 0.010775996589940324],
[1623594600.0, 0.010775996589940324],
[1623681000.0, 0.010775996589940324],
[1623767400.0, 0.010775996589940324],
[1623853800.0, 0.010775996589940324],
[1623940200.0, 0.010775996589940324],
[1624026600.0, 0.010775996589940324],
[1624113000.0, 0.010775996589940324],
[1624199400.0, 0.010775996589940324],
[1624285800.0, 0.010775996589940324],
[1624372200.0, 0.010775996589940324],
[1624458600.0, 0.010775996589940324],
[1624545000.0, 0.010775996589940324],
[1624631400.0, 0.010775996589940324],
[1624717800.0, 0.010775996589940324],
[1624804200.0, 0.010775996589940324],
[1624890600.0, 0.010775996589940324],
[1624977000.0, 0.010775996589940324],
[1625063400.0, 0.010775996589940324],
[1625149800.0, 0.010775996589940324],
[1625236200.0, 0.010775996589940324],
[1625322600.0, 0.010775996589940324],
[1625409000.0, 0.010775996589940324],
[1625495400.0, 0.010775996589940324],
[1625581800.0, 0.010775996589940324],
[1625668200.0, 0.010775996589940324],
[1625754600.0, 0.010775996589940324],
[1625841000.0, 0.010775996589940324],
[1625927400.0, 0.010775996589940324],
[1626013800.0, 0.010775996589940324],
[1626100200.0, 0.010775996589940324],
[1626186600.0, 0.010775996589940324],
[1626273000.0, 0.010775996589940324],
[1626359400.0, 0.010775996589940324],
[1626445800.0, 0.010775996589940324],
[1626532200.0, 0.010775996589940324],
[1626618600.0, 0.010775996589940324],
[1626705000.0, 0.010775996589940324],
[1626791400.0, 0.010775996589940324],
[1626877800.0, 0.010775996589940324],
[1626964200.0, 0.010775996589940324],
[1627050600.0, 0.010775996589940324],
[1627137000.0, 0.010775996589940324],
[1627223400.0, 0.010775996589940324],
[1627309800.0, 0.010775996589940324],
[1627396200.0, 0.010775996589940324],
[1627482600.0, 0.010775996589940324],
[1627569000.0, 0.010775996589940324],
[1627655400.0, 0.010775996589940324],
[1627741800.0, 0.010775996589940324],
[1627828200.0, 0.010775996589940324],
[1627914600.0, 0.010775996589940324],
[1628001000.0, 0.010775996589940324],
[1628087400.0, 0.010775996589940324],
[1628173800.0, 0.010775996589940324],
[1628260200.0, 0.010775996589940324],
[1628346600.0, 0.010775996589940324],
[1628433000.0, 0.010775996589940324],
[1628519400.0, 0.010775996589940324],
[1628605800.0, 0.010775996589940324],
[1628692200.0, 0.010775996589940324],
[1628778600.0, 0.010775996589940324],
[1628865000.0, 0.010775996589940324],
[1628951400.0, 0.010775996589940324],
[1629037800.0, 0.010775996589940324],
[1629124200.0, 0.010775996589940324],
[1629210600.0, 0.010775996589940324],
[1629297000.0, 0.014143525149190109],
[1629383400.0, 0.014143525149190109],
[1629469800.0, 0.019542182438192668],
[1629556200.0, 0.019542182438192668],
[1629642600.0, 0.019542182438192668],
[1629729000.0, 0.019542182438192668],
[1629815400.0, 0.019542182438192668],
[1629901800.0, 0.019542182438192668],
[1629988200.0, 0.019542182438192668],
[1630074600.0, 0.019542182438192668],
[1630161000.0, 0.019542182438192668],
[1630247400.0, 0.019542182438192668],
[1630333800.0, 0.019542182438192668],
[1630420200.0, 0.019542182438192668],
[1630506600.0, 0.019542182438192668],
[1630593000.0, 0.019542182438192668],
[1630679400.0, 0.019542182438192668],
[1630765800.0, 0.019542182438192668],
[1630852200.0, 0.019542182438192668],
[1630938600.0, 0.019542182438192668],
[1631025000.0, 0.019542182438192668],
[1631111400.0, 0.019542182438192668],
[1631197800.0, 0.019542182438192668],
[1631284200.0, 0.019542182438192668],
[1631370600.0, 0.019542182438192668],
[1631457000.0, 0.019542182438192668],
[1631543400.0, 0.019542182438192668],
[1631629800.0, 0.019542182438192668],
[1631716200.0, 0.019542182438192668],
[1631802600.0, 0.019542182438192668],
[1631889000.0, 0.019542182438192668],
[1631975400.0, 0.019542182438192668],
[1632061800.0, 0.019542182438192668],
[1632148200.0, 0.019542182438192668],
[1632234600.0, 0.014790264279624892],
[1632321000.0, 0.016836300085251492],
[1632407400.0, 0.014534509803921567],
[1632493800.0, 0.013657911338448422],
[1632580200.0, 0.016978243819266835],
[1632666600.0, 0.01404974850809889],
[1632753000.0, 0.01652204177323103],
[1632839400.0, 0.013487408354646206],
[1632925800.0, 0.015789198635976127],
[1633012200.0, 0.016350971014492753],
[1633098600.0, 0.01369783375959079],
[1633185000.0, 0.01404944671781756],
[1633267800.0, 0.014049001705029837],
[1633354200.0, 0.014925691389599316],
[1633440600.0, 0.014574028985507245],
[1633527000.0, 0.014811560954816708],
[1633613400.0, 0.013244425404944584],
[1633699800.0, 0.020178248934356352],
[1633786200.0, 0.019922494458653024],
[1633872600.0, 0.01946117732310316],
[1633959000.0, 0.014925691389599316],
[1634045400.0, 0.014925691389599316],
[1634131800.0, 0.014925691389599316],
[1634218200.0, 0.014363351236146632],
[1634304600.0, 0.014363351236146632],
[1634391000.0, 0.014925943734015344],
[1634477400.0, 0.014574281329923272],
[1634563800.0, 0.014574281329923272],
[1634650200.0, 0.014267695652173912],
[1634736600.0, 0.014574281329923272],
[1634823000.0, 0.014925943734015344],
[1634909400.0, 0.014925943734015344],
[1634995800.0, 0.014180526001705029],
[1635082200.0, 0.015057124467178174],
[1635168600.0, 0.01980264876385337],
[1635255000.0, 0.01648231628303495],
[1635341400.0, 0.019592610400682015],
[1635427800.0, 0.021598578005115093],
[1635514200.0, 0.021598578005115093],
[1635600600.0, 0.018899089514066495],
[1635687000.0, 0.019671468030690538],
[1635773400.0, 0.017227734015345265],
[1635859800.0, 0.01967121568627451],
[1635946200.0, 0.016350883205456093],
[1636032600.0, 0.02216066581415175],
[1636119000.0, 0.015312626598465471],
[1636205400.0, 0.02229184654731458],
[1636291800.0, 0.02201872208013641],
[1636378200.0, 0.02216066581415175],
[1636464600.0, 0.017273871270247227],
[1636551000.0, 0.021684783461210572],
[1636637400.0, 0.01775671440750213],
[1636723800.0, 0.015312980392156861],
[1636810200.0, 0.015057225916453537],
[1636896600.0, 0.015057225916453537],
[1636983000.0, 0.016482417732310312],
[1637069400.0, 0.016482417732310312],
[1637155800.0, 0.014180627450980391],
[1637242200.0, 0.014180627450980391],
[1637328600.0, 0.017359016197783458],
[1637415000.0, 0.017500959931798805],
[1637501400.0, 0.017500959931798805],
[1637587800.0, 0.015057225916453537],
[1637674200.0, 0.015057225916453537],
[1637760600.0, 0.024593990622335894],
[1637847000.0, 0.020058504688832055],
[1637933400.0, 0.017614770673486786],
[1638019800.0, 0.0196715694799659],
[1638106200.0, 0.020324702472293267],
[1638192600.0, 0.021398231884057973],
[1638279000.0, 0.020921995737425404],
[1638365400.0, 0.02066592583120205],
[1638451800.0, 0.018090337595907925],
[1638538200.0, 0.01773835976129582],
[1638624600.0, 0.018551658994032393],
[1638711000.0, 0.01931892242114237],
[1638797400.0, 0.019318670076726344],
[1638883800.0, 0.019669979539641943],
[1638970200.0, 0.019670332480818415],
[1639056600.0, 0.020533503836317135],
[1639143000.0, 0.023438554987212278],
[1639229400.0, 0.024205818414322254],
[1639315800.0, 0.01879373401534527],
[1639402200.0, 0.01879373401534527],
[1639488600.0, 0.02519654731457801],
[1639575000.0, 0.01992608695652174],
[1639661400.0, 0.02446157289002558],
[1639747800.0, 0.02459275362318841],
[1639834200.0, 0.02005726768968457],
[1639920600.0, 0.02005726768968457],
[1640007000.0, 0.020056952259164536],
[1640093400.0, 0.02005726768968457],
[1640179800.0, 0.02005726768968457],
[1640266200.0, 0.02459275362318841],
[1640352600.0, 0.02459275362318841],
[1640439000.0, 0.025583128729752776],
[1640525400.0, 0.024762902813299237],
[1640611800.0, 0.026616803069053712],
[1640698200.0, 0.02459239982949702],
[1640784600.0, 0.02459239982949702],
[1640871000.0, 0.022290609548167098],
[1640957400.0, 0.022461112531969314],
[1641043800.0, 0.022461112531969314],
[1641130200.0, 0.023984982949701625],
[1641216600.0, 0.02476350895140665],
[1641303000.0, 0.024763862745098043],
[1641389400.0, 0.024593359761295827],
[1641475800.0, 0.024593005967604435],
[1641562200.0, 0.023460653026427962],
[1641648600.0, 0.023500227621483377],
[1641735000.0, 0.02346090537084399],
[1641821400.0, 0.02433750383631714],
[1641907800.0, 0.0198020179028133],
[1641994200.0, 0.01945035549872123],
[1642080600.0, 0.01980237169650469],
[1642167000.0, 0.02433785763000853],
[1642253400.0, 0.02433785763000853],
[1642339800.0, 0.017500581415174764],
[1642426200.0, 0.02433785763000853],
[1642512600.0, 0.021894123614663256],
[1642599000.0, 0.01980237169650469],
[1642685400.0, 0.02459329667519182],
[1642771800.0, 0.02459329667519182],
[1642858200.0, 0.019050031543052],
[1642944600.0, 0.019220534526854217],
[1643031000.0, 0.020228313725490197],
[1643117400.0, 0.024763799658994036],
[1643203800.0, 0.02476411508951407],
[1643290200.0, 0.020096831202046035],
[1643376600.0, 0.02375571867007673],
[1643463000.0, 0.025495488491048594],
[1643549400.0, 0.02475007075873828],
[1643635800.0, 0.02475007075873828],
[1643722200.0, 0.02475007075873828],
[1643808600.0, 0.024763207161125324],
[1643895000.0, 0.024763256606990625],
[1643981400.0, 0.02575398550724638],
[1644067800.0, 0.0266171568627451],
[1644154200.0, 0.023886342710997446],
[1644240600.0, 0.02476294117647059],
[1644327000.0, 0.019801197783461212],
[1644413400.0, 0.02371583972719523],
[1644499800.0, 0.02371583972719523],
[1644586200.0, 0.019180353793691388],
[1644672600.0, 0.018924560954816712],
[1644759000.0, 0.01904878090366581],
[1644845400.0, 0.01892420716112532],
[1644931800.0, 0.019976476982097188],
[1645018200.0, 0.024631368286445014],
[1645104600.0, 0.025494185848252346],
[1645191000.0, 0.024762195225916456],
[1645277400.0, 0.022080609548167093],
[1645363800.0, 0.021217438192668372],
[1645450200.0, 0.02575292412617221],
[1645536600.0, 0.02575292412617221],
[1645623000.0, 0.025621995737425407],
[1645709400.0, 0.02558158994032396],
[1645795800.0, 0.024590861040068204],
[1645882200.0, 0.02558158994032396],
[1645968600.0, 0.02558128815004263],
[1646055000.0, 0.02437371099744246],
[1646141400.0, 0.024589827791986364],
[1646227800.0, 0.02433407331628304],
[1646314200.0, 0.024589827791986364],
[1646400600.0, 0.025580241261722085],
[1646487000.0, 0.024589827791986364],
[1646573400.0, 0.023883732310315434],
[1646659800.0, 0.024504576300085255],
[1646746200.0, 0.023627977834612107],
[1646832600.0, 0.023713229326513218],
[1646919000.0, 0.02345747485080989],
[1647005400.0, 0.023582402387041776],
[1647091800.0, 0.024203246376811597],
[1647178200.0, 0.024373749360613813],
[1647264600.0, 0.02445900085251492],
[1647351000.0, 0.023321745950554133],
[1647437400.0, 0.023753157715260022],
[1647523800.0, 0.023753157715260022],
[1647610200.0, 0.023884387894288154],
[1647696600.0, 0.023884387894288154],
[1647783000.0, 0.02190889769820972],
[1647869400.0, 0.025581980392156867],
[1647955800.0, 0.025581980392156867],
[1648042200.0, 0.02446007075873828],
[1648128600.0, 0.024591566922421145],
[1648215000.0, 0.024460386189258315],
[1648301400.0, 0.024460739982949703],
[1648387800.0, 0.025323911338448423],
[1648474200.0, 0.025455092071611254],
[1648560600.0, 0.024336481670929243],
[1648647000.0, 0.024336481670929243],
[1648733400.0, 0.02459258994032396],
[1648819800.0, 0.023694145780051152],
[1648906200.0, 0.024205654731457804],
[1648996200.0, 0.024205654731457804],
[1649082600.0, 0.024205970161977838],
[1649169000.0, 0.019669890878090367],
[1649255400.0, 0.01879329241261722],
[1649341800.0, 0.019669122762148338],
[1649428200.0, 0.024204608695652177],
[1649514600.0, 0.024204608695652177],
[1649601000.0, 0.024204608695652177],
[1649687400.0, 0.024204608695652177],
[1649773800.0, 0.024204608695652177],
[1649860200.0, 0.026051262574595058],
[1649946600.0, 0.024456473145780054],
[1650033000.0, 0.02357874339300938],
[1650119400.0, 0.023579622335890883],
[1650205800.0, 0.023579622335890883],
[1650292200.0, 0.023579583972719524],
[1650378600.0, 0.0245873631713555],
[1650465000.0, 0.023228366581415177],
[1650551400.0, 0.023228366581415177],
[1650637800.0, 0.023228366581415177],
[1650724200.0, 0.024236499573742545],
[1650810600.0, 0.02423618414322251],
[1650897000.0, 0.02423618414322251],
[1650983400.0, 0.02440700255754476],
[1651069800.0, 0.023360254901960788],
[1651156200.0, 0.02268889940323956],
[1651242600.0, 0.023325612958226768],
[1651329000.0, 0.023325612958226768],
[1651415400.0, 0.019666725490196078],
[1651501800.0, 0.019570502131287297],
[1651588200.0, 0.01869390366581415],
[1651674600.0, 0.018790165387894287],
[1651761000.0, 0.01879093350383632],
[1651847400.0, 0.01886561381074169],
[1651933800.0, 0.018865929241261722],
[1652020200.0, 0.01886561381074169],
[1652106600.0, 0.018746523870417735],
[1652193000.0, 0.02328200980392157],
[1652279400.0, 0.016444733589087806],
[1652365800.0, 0.01849108482523444],
[1652452200.0, 0.01860940664961637],
[1652538600.0, 0.01860940664961637],
[1652625000.0, 0.01860940664961637],
[1652711400.0, 0.01948632054560955],
[1652797800.0, 0.017184530264279622],
[1652884200.0, 0.01576249914748508],
[1652970600.0, 0.01576249914748508],
[1653057000.0, 0.015797053708439895],
[1653143400.0, 0.01542189386189258],
[1653229800.0, 0.015421578431372547],
[1653316200.0, 0.016155917732310315],
[1653402600.0, 0.015421263000852514],
[1653489000.0, 0.012977528985507247],
[1653575400.0, 0.012948547740835462],
[1653661800.0, 0.012977213554987212],
[1653748200.0, 0.012977213554987212],
[1653834600.0, 0.017722737851662403],
[1653921000.0, 0.015279003836317135],
[1654007400.0, 0.017814045183290706],
[1654093800.0, 0.016421994884910484],
[1654180200.0, 0.018951210571184995],
[1654266600.0, 0.015636691389599316],
[1654353000.0, 0.015016101023017902],
[1654439400.0, 0.014248837595907927],
[1654525800.0, 0.016393627450980393],
[1654612200.0, 0.016308461210571185],
[1654698600.0, 0.015541197783461209],
[1654785000.0, 0.015541197783461209],
[1654871400.0, 0.01594641304347826],
[1654957800.0, 0.015421476982097185],
[1655044200.0, 0.01516572250639386],
[1655130600.0, 0.01594641304347826],
[1655217000.0, 0.017065338874680303],
[1655303400.0, 0.015006483375959077],
[1655389800.0, 0.017309395566922417],
[1655476200.0, 0.017309395566922417],
[1655562600.0, 0.018140494884910485],
[1655649000.0, 0.016848587382779195],
[1655735400.0, 0.016848587382779195],
[1655821800.0, 0.017200299232736572],
[1655908200.0, 0.016810625319693094],
[1655994600.0, 0.016081373401534524],
[1656081000.0, 0.017199531116794543],
[1656167400.0, 0.01705244032395567],
[1656253800.0, 0.01605298380221654],
[1656340200.0, 0.013919799658994031],
[1656426600.0, 0.015933932225063938],
[1656513000.0, 0.01360960358056266],
[1656599400.0, 0.01222210358056266],
[1656685800.0, 0.013098702046035806],
[1656772200.0, 0.013421698635976129],
[1656858600.0, 0.01263093776641091],
[1656945000.0, 0.011402676896845694],
[1657031400.0, 0.012694268968456946],
[1657117800.0, 0.012722934782608695],
[1657204200.0, 0.012722934782608695],
[1657290600.0, 0.01122066496163683],
[1657377000.0, 0.012212348678601876],
[1657463400.0, 0.012723250213128728],
[1657549800.0, 0.01230794117647059],
[1657636200.0, 0.012212033248081842],
[1657722600.0, 0.011335434782608695],
[1657809000.0, 0.01077309462915601],
[1657895400.0, 0.01077309462915601],
[1657981800.0, 0.01077309462915601],
[1658068200.0, 0.011125072463768116],
[1658154600.0, 0.012103013640238703],
[1658241000.0, 0.012103329070758739],
[1658327400.0, 0.012103013640238703],
[1658413800.0, 0.012103013640238703],
[1658500200.0, 0.012103013640238703],
[1658586600.0, 0.012103013640238703],
[1658673000.0, 0.012536324381926683],
[1658759400.0, 0.014526605711849957],
[1658845800.0, 0.016303459931798804],
[1658932200.0, 0.014001985080988918],
[1659018600.0, 0.012539804774083545],
[1659105000.0, 0.011988243819266838],
[1659191400.0, 0.011783320545609549],
[1659277800.0, 0.011431910485933503],
[1659364200.0, 0.012199173913043478],
[1659450600.0, 0.011431910485933503],
[1659537000.0, 0.012103265984654731],
[1659623400.0, 0.014547],
[1659709800.0, 0.012103265984654731],
[1659796200.0, 0.012103265984654731],
[1659882600.0, 0.011540673486786019],
[1659969000.0, 0.014546432225063938],
[1660055400.0, 0.010858260869565216],
[1660141800.0, 0.01077309462915601],
[1660228200.0, 0.01409374254049446],
[1660314600.0, 0.012065002131287297],
[1660401000.0, 0.012065002131287297],
[1660487400.0, 0.012065002131287297],
[1660573800.0, 0.012065002131287297],
[1660660200.0, 0.012150533248081841],
[1660746600.0, 0.012270706734867857],
[1660833000.0, 0.012479306479113383],
[1660919400.0, 0.013514828644501278],
[1661005800.0, 0.013514828644501278],
[1661092200.0, 0.012308402813299231],
[1661178600.0, 0.012574898976982097],
[1661265000.0, 0.013451497442455242],
[1661351400.0, 0.012455809036658142],
[1661437800.0, 0.012223552003410059],
[1661524200.0, 0.014666970588235293],
[1661610600.0, 0.011341518755328218],
[1661697000.0, 0.011126205456095481],
[1661783400.0, 0.014719907502131287],
[1661869800.0, 0.015640044757033247],
[1661956200.0, 0.012319358482523444],
[1662042600.0, 0.012671020886615515],
[1662129000.0, 0.01443297186700767],
[1662215400.0, 0.01255157800511509],
[1662301800.0, 0.01255157800511509],
[1662388200.0, 0.014995312020460356],
[1662474600.0, 0.01255157800511509],
[1662561000.0, 0.014132493606138106],
[1662647400.0, 0.016191096760443308],
[1662733800.0, 0.016191096760443308],
[1662820200.0, 0.016191096760443308],
[1662906600.0, 0.015839434356351236],
[1662993000.0, 0.016310502131287298],
[1663079400.0, 0.016566256606990622],
[1663165800.0, 0.01656650895140665],
[1663252200.0, 0.017443107416879794],
[1663338600.0, 0.017443107416879794],
[1663425000.0, 0.016420089514066493],
[1663511400.0, 0.019489143222506392],
[1663597800.0, 0.018783047740835463],
[1663684200.0, 0.018783047740835463],
[1663770600.0, 0.015629011082693947],
[1663857000.0, 0.015629011082693947],
[1663943400.0, 0.016652028985507245],
[1664029800.0, 0.014753020034100596],
[1664116200.0, 0.01974493606138107],
[1664202600.0, 0.018721564364876382],
[1664289000.0, 0.018773015771526],
[1664375400.0, 0.019793950980392157],
[1664461800.0, 0.016971992753623186],
[1664548200.0, 0.016370330349531115],
[1664634600.0, 0.024411517476555844],
[1664717400.0, 0.018647770673486788],
[1664803800.0, 0.019124006820119353],
[1664890200.0, 0.023488989769820973],
[1664976600.0, 0.02062383887468031],
[1665063000.0, 0.021186947144075024],
[1665149400.0, 0.022670642796248936],
[1665235800.0, 0.020579530264279625],
[1665322200.0, 0.018601488491048594],
[1665408600.0, 0.016300013640238704],
[1665495000.0, 0.020965912190963346],
[1665581400.0, 0.021413482523444164],
[1665667800.0, 0.019619556692242114],
[1665754200.0, 0.019488375959079283],
[1665840600.0, 0.01958428388746803],
[1665927000.0, 0.018356023017902814],
[1666013400.0, 0.017964185848252344],
[1666099800.0, 0.019488290707587383],
[1666186200.0, 0.01900063086104007],
[1666272600.0, 0.019562971014492753],
[1666359000.0, 0.01991396504688832],
[1666445400.0, 0.016920089514066497],
[1666531800.0, 0.018926035805626597],
[1666618200.0, 0.01813460358056266],
[1666704600.0, 0.018926488491048592],
[1666791000.0, 0.018697295822676898],
[1666877400.0, 0.018708971440750212],
[1666963800.0, 0.018488797527706734],
[1667050200.0, 0.01640335421994885],
[1667136600.0, 0.016487486786018756],
[1667223000.0, 0.01879310400682012],
[1667309400.0, 0.018612029838022164],
[1667395800.0, 0.018261135549872125],
[1667482200.0, 0.018698279624893437],
[1667568600.0, 0.018698279624893437],
[1667655000.0, 0.01639648934356351],
[1667741400.0, 0.016526901960784313],
[1667827800.0, 0.01882869224211424],
[1667914200.0, 0.018710054987212277],
[1668000600.0, 0.018829460358056268],
[1668087000.0, 0.018829106564364876],
[1668173400.0, 0.019706411764705882],
[1668259800.0, 0.018829497868712703],
[1668346200.0, 0.019574915601023018],
[1668432600.0, 0.019830670076726342],
[1668519000.0, 0.018698632566069906],
[1668605400.0, 0.01869859505541347],
[1668691800.0, 0.01983031713554987],
[1668778200.0, 0.019830001705029836],
[1668864600.0, 0.019925909633418584],
[1668951000.0, 0.01967015515771526],
[1669037400.0, 0.01957393179880648],
[1669123800.0, 0.023329358056265986],
[1669210200.0, 0.02221078516624041],
[1669296600.0, 0.022978048593350387],
[1669383000.0, 0.01879422506393862],
[1669469400.0, 0.0162545831202046],
[1669555800.0, 0.017131181585677745],
[1669642200.0, 0.019670823529411765],
[1669728600.0, 0.019670823529411765],
[1669815000.0, 0.019670823529411765],
[1669901400.0, 0.019670823529411765],
[1669987800.0, 0.01910848337595908],
[1670074200.0, 0.019670609548167094],
[1670160600.0, 0.019107915601023016],
[1670247000.0, 0.023329143222506392],
[1670333400.0, 0.02176200767263427],
[1670419800.0, 0.02176200767263427],
[1670506200.0, 0.024461748508098895],
[1670592600.0, 0.024461748508098895],
[1670679000.0, 0.024461748508098895],
[1670765400.0, 0.021359766410912192],
[1670851800.0, 0.02192210656436488],
[1670938200.0, 0.02446130349531117],
[1671024600.0, 0.024205902813299235],
[1671111000.0, 0.02332867348678602],
[1671197400.0, 0.020322283887468033],
[1671283800.0, 0.015833415174765556],
[1671370200.0, 0.018793453537936915],
[1671456600.0, 0.02276659931798807],
[1671543000.0, 0.023547251491901112],
[1671715800.0, 0.024191757033248086],
[1671802200.0, 0.018793099744245527],
[1671888600.0, 0.023232677749360615],
[1671975000.0, 0.01743133248081841],
[1672061400.0, 0.019012210571184997],
[1672147800.0, 0.0212462600170503],
[1672234200.0, 0.021246575447570335],
[1672320600.0, 0.02036997698209719],
[1672407000.0, 0.0201650537084399],
[1672493400.0, 0.020164801364023873],
[1672579800.0, 0.019602107416879795],
[1672666200.0, 0.015066621483375958],
[1672752600.0, 0.02180834782608696],
[1672839000.0, 0.019495794543904522],
[1672925400.0, 0.02106324552429668],
[1673011800.0, 0.016527759590792838],
[1673098200.0, 0.014084025575447568],
[1673184600.0, 0.016527759590792838],
[1673271000.0, 0.01638581585677749],
[1673357400.0, 0.016527759590792838],
[1673443800.0, 0.016698262574595054],
[1673530200.0, 0.016698830349531117],
[1673616600.0, 0.016567649616368287],
[1673703000.0, 0.016567649616368287],
[1673789400.0, 0.016567649616368287],
[1673875800.0, 0.021979418584825237],
[1673962200.0, 0.021028540494458653],
[1674048600.0, 0.023234422847399832],
[1674135000.0, 0.023234422847399832],
[1674221400.0, 0.02424184825234442],
[1674307800.0, 0.021939328218243823],
[1674394200.0, 0.02449687297527707],
[1674480600.0, 0.024592780903665817],
[1674567000.0, 0.024762614663256608],
[1674653400.0, 0.025753974424552434],
[1674739800.0, 0.024764013640238707],
[1674826200.0, 0.025627184995737427],
[1674912600.0, 0.025627184995737427],
[1674999000.0, 0.023012947996589945],
[1675085400.0, 0.024592742540494462],
[1675171800.0, 0.025324733162830352],
[1675258200.0, 0.022898369138959936],
[1675344600.0, 0.02459351065643649],
[1675431000.0, 0.019285646206308613],
[1675517400.0, 0.02424184825234442],
[1675603800.0, 0.023679508098891733],
[1675690200.0, 0.023935262574595058],
[1675776600.0, 0.022802909633418588],
[1675863000.0, 0.02106345950554135],
[1675949400.0, 0.023365249786871274],
[1676035800.0, 0.023537884057971015],
[1676122200.0, 0.021587756180733168],
[1676208600.0, 0.02346090537084399],
[1676295000.0, 0.02346090537084399],
[1676381400.0, 0.02346055242966752],
[1676467800.0, 0.024323471440750217],
[1676554200.0, 0.020499693947144078],
[1676640600.0, 0.020930853367433933],
[1676727000.0, 0.02093110571184996],
[1676813400.0, 0.01945956265984655],
[1676899800.0, 0.021807956521739134],
[1676986200.0, 0.020989508098891732],
[1677072600.0, 0.021903447570332486],
[1677159000.0, 0.021903447570332486],
[1677245400.0, 0.024336734015345272],
[1677331800.0, 0.0185834305200341],
[1677418200.0, 0.01871496504688832],
[1677504600.0, 0.021903801364023874],
[1677591000.0, 0.023853929241261725],
[1677677400.0, 0.02297733077578858],
[1677763800.0, 0.023328993179880648],
[1677850200.0, 0.023328993179880648],
[1677936600.0, 0.02332930861040068],
[1678023000.0, 0.022977961636828647],
[1678109400.0, 0.023329624040920715],
[1678195800.0, 0.022767283887468032],
[1678282200.0, 0.018136529411764704],
[1678368600.0, 0.02093227962489344],
[1678455000.0, 0.02332977493606138],
[1678541400.0, 0.021457012787723787],
[1678627800.0, 0.02001807416879795],
[1678714200.0, 0.021027984654731456],
[1678800600.0, 0.020465644501278774],
[1678887000.0, 0.015930158567774935],
[1678973400.0, 0.019346718670076722],
[1679059800.0, 0.017465261722080135],
[1679146200.0, 0.01901321568627451],
[1679232600.0, 0.020676259164535377],
[1679319000.0, 0.02254358653026428],
[1679405400.0, 0.02099051747655584],
[1679491800.0, 0.021552503836317134],
[1679578200.0, 0.020017972719522593],
[1679664600.0, 0.02131471526001705],
[1679751000.0, 0.019108580562659846],
[1679837400.0, 0.022387106564364878],
[1679923800.0, 0.017017434782608695],
[1680010200.0, 0.019346718670076722],
[1680096600.0, 0.015231629156010227],
[1680183000.0, 0.01920442114236999],
[1680269400.0, 0.01680672293265132],
[1680355800.0, 0.012271236999147481],
[1680445800.0, 0.015340643648763853],
[1680532200.0, 0.01680707587382779],
[1680618600.0, 0.020752728047740837],
[1680705000.0, 0.019109185848252344],
[1680791400.0, 0.013601193520886613],
[1680877800.0, 0.015902983802216535],
[1680964200.0, 0.02069387041773231],
[1681050600.0, 0.01535371696504689],
[1681137000.0, 0.01647264279624893],
[1681223400.0, 0.024110110826939472],
[1681309800.0, 0.023547770673486786],
[1681396200.0, 0.023292016197783462],
[1681482600.0, 0.021971150895140665],
[1681569000.0, 0.019222144075021312],
[1681655400.0, 0.015340643648763853],
[1681741800.0, 0.013039207161125317],
[1681828200.0, 0.01534068201193521],
[1681914600.0, 0.018794288150042627],
[1682001000.0, 0.01869838022165388],
[1682087400.0, 0.02420637254901961],
[1682173800.0, 0.018442625745950552],
[1682260200.0, 0.02314861466325661],
[1682346600.0, 0.01967149275362319],
[1682433000.0, 0.024377481670929242],
[1682519400.0, 0.018698331628303495],
[1682605800.0, 0.022733317988064793],
[1682692200.0, 0.0242066768968457],
[1682778600.0, 0.018794592497868714],
[1682865000.0, 0.016492802216538788],
[1682951400.0, 0.016492802216538788],
[1683037800.0, 0.016492802216538788],
[1683124200.0, 0.016602148337595907],
[1683210600.0, 0.01625073827791986],
[1683297000.0, 0.01625073827791986],
[1683383400.0, 0.016506177323103152],
[1683469800.0, 0.018903875532821822],
[1683556200.0, 0.016045849104859334],
[1683642600.0, 0.019575900255754477],
[1683729000.0, 0.01869894884910486],
[1683815400.0, 0.01715435166240409],
[1683901800.0, 0.016368492753623187],
[1683988200.0, 0.015806468030690538],
[1684074600.0, 0.01636880818414322],
[1684161000.0, 0.015175287297527706],
[1684247400.0, 0.013157810741687977],
[1684333800.0, 0.015067870417732308],
[1684420200.0, 0.019575862745098038],
[1684506600.0, 0.017273757033248082],
[1684593000.0, 0.01872311764705882],
[1684679400.0, 0.018216710144927536],
[1684765800.0, 0.016807640238704177],
[1684852200.0, 0.019223884910485933],
[1684938600.0, 0.015725803069053707],
[1685025000.0, 0.018808283887468028],
[1685111400.0, 0.018273006820119352],
[1685197800.0, 0.019575862745098038],
[1685284200.0, 0.017932000852514916],
[1685370600.0, 0.018723180733162828],
[1685457000.0, 0.01793174850809889],
[1685543400.0, 0.017931243819266834],
[1685629800.0, 0.018794667519181588],
[1685716200.0, 0.018610416879795397],
[1685802600.0, 0.015593502131287294],
[1685889000.0, 0.014815582267689684],
[1685975400.0, 0.01789081670929241],
[1686061800.0, 0.01454186786018755],
[1686148200.0, 0.018241544757033244],
[1686234600.0, 0.01718418755328218],
[1686321000.0, 0.01675828303495311],
[1686407400.0, 0.015178073316283035],
[1686493800.0, 0.017776718670076724],
[1686580200.0, 0.010317341005967606],
[1686666600.0, 0.014336665387894288],
[1686753000.0, 0.011210383631713554],
[1686839400.0, 0.015881312872975277],
[1686925800.0, 0.015881312872975277],
[1687012200.0, 0.015254106990622338],
[1687098600.0, 0.012075718243819266],
[1687185000.0, 0.013699495737425404],
[1687271400.0, 0.010904099317988063],
[1687357800.0, 0.011513945865302641],
[1687444200.0, 0.011513945865302641],
[1687530600.0, 0.011940203324808182],
[1687617000.0, 0.011513945865302641],
[1687703400.0, 0.010225214833759592],
[1687789800.0, 0.010651472293265131],
[1687876200.0, 0.010225530264279626],
[1687962600.0, 0.012079462489343561],
[1688049000.0, 0.011613030264279626],
[1688135400.0, 0.01161271483375959],
[1688221800.0, 0.01173212020460358],
[1688308200.0, 0.011516806905370843],
[1688394600.0, 0.011516806905370843],
[1688481000.0, 0.011517122335890879],
[1688567400.0, 0.011517122335890879],
[1688653800.0, 0.011517122335890879],
[1688740200.0, 0.011517122335890879],
[1688826600.0, 0.011602288576300086],
[1688913000.0, 0.011630954390451833],
[1688999400.0, 0.011630954390451833],
[1689085800.0, 0.011630954390451833],
[1689172200.0, 0.01073695396419437],
[1689258600.0, 0.010310342710997442],
[1689345000.0, 0.011601934782608696],
[1689431400.0, 0.012147597612958225],
[1689517800.0, 0.012147597612958225],
[1689604200.0, 0.01172102472293265],
[1689690600.0, 0.01160161935208866],
[1689777000.0, 0.01151613768115942],
[1689863400.0, 0.01160161935208866],
[1689949800.0, 0.01151613768115942],
[1690036200.0, 0.011635858482523442],
[1690122600.0, 0.011516806905370843],
[1690209000.0, 0.011516806905370843],
[1690295400.0, 0.011635444160272804],
[1690381800.0, 0.010224446717817562],
[1690468200.0, 0.011516038789428815],
[1690554600.0, 0.011516038789428815],
[1690641000.0, 0.011516038789428815],
[1690727400.0, 0.012062017050298378],
[1690813800.0, 0.011942611679454389],
[1690900200.0, 0.011942611679454389],
[1690986600.0, 0.012026894714407502],
[1691073000.0, 0.012026894714407502],
[1691159400.0, 0.012026894714407502],
[1691245800.0, 0.01224195566922421],
[1691332200.0, 0.012242723785166238],
[1691418600.0, 0.012061965046888317],
[1691505000.0, 0.012061965046888317],
[1691591400.0, 0.012147131287297525],
[1691677800.0, 0.010855539215686272],
[1691764200.0, 0.012062280477408352],
[1691850600.0, 0.012062280477408352],
[1691937000.0, 0.01214744671781756],
[1692023400.0, 0.012147699062233588],
[1692109800.0, 0.012243557544757032],
[1692196200.0, 0.012243557544757032],
[1692282600.0, 0.012243242114236998],
[1692369000.0, 0.012243242114236998],
[1692455400.0, 0.012243242114236998],
[1692541800.0, 0.01224317902813299],
[1692628200.0, 0.01224317902813299],
[1692714600.0, 0.012243494458653024],
[1692801000.0, 0.012243494458653024],
[1692887400.0, 0.012158012787723783],
[1692973800.0, 0.012158012787723783],
[1693060200.0, 0.01224317902813299],
[1693146600.0, 0.01224317902813299],
[1693233000.0, 0.012805519181585675],
[1693319400.0, 0.01224317902813299],
[1693405800.0, 0.01224317902813299],
[1693492200.0, 0.012123773657289002],
[1693578600.0, 0.01271947399829497],
[1693665000.0, 0.013155949701619776],
[1693751400.0, 0.01307042966751918],
[1693837800.0, 0.01215646462063086],
[1693924200.0, 0.012509384484228472],
[1694010600.0, 0.01259455072463768],
[1694097000.0, 0.014544363171355497],
[1694183400.0, 0.014590398976982097],
[1694269800.0, 0.012146664961636827],
[1694356200.0, 0.013023263427109974],
[1694442600.0, 0.013156890878090365],
[1694529000.0, 0.017902415174765558],
[1694615400.0, 0.013157497016197782],
[1694701800.0, 0.016368494458653026],
[1694788200.0, 0.015038575447570332],
[1694874600.0, 0.013010088661551577],
[1694961000.0, 0.014017552429667518],
[1695047400.0, 0.012403025575447568],
[1695133800.0, 0.013906514492753621],
[1695220200.0, 0.014817841432225061],
[1695306600.0, 0.014846468883205455],
[1695393000.0, 0.014847075021312871],
[1695479400.0, 0.012152401960784313],
[1695565800.0, 0.012715095055413468],
[1695652200.0, 0.012403025575447568],
[1695738600.0, 0.01225495439045183],
[1695825000.0, 0.012243140664961636],
[1695911400.0, 0.012157974424552428],
[1695997800.0, 0.010746976982097187],
[1696084200.0, 0.012157974424552428],
[1696167000.0, 0.010962644075021311],
[1696253400.0, 0.012134830775788575],
[1696339800.0, 0.012243494458653024],
[1696426200.0, 0.012186994032395565],
[1696512600.0, 0.012539263853367432],
[1696599000.0, 0.010775996589940324],
[1696685400.0, 0.010775996589940324],
[1696771800.0, 0.01601324083546462],
[1696858200.0, 0.014295391304347826],
[1696944600.0, 0.013941323103154307],
[1697117400.0, 0.010321438192668373],
[1697203800.0, 0.012623228473998296],
[1697290200.0, 0.015612625319693093],
[1697376600.0, 0.01446048337595908],
[1697463000.0, 0.013305226342710997],
[1697549400.0, 0.012742886189258312],
[1697635800.0, 0.013915072890025576],
[1697722200.0, 0.012623480818414324],
[1697808600.0, 0.013390744245524298],
[1697895000.0, 0.014824280051150895],
[1697981400.0, 0.014682336317135551],
[1698067800.0, 0.011088953964194374],
[1698154200.0, 0.0103216905370844],
[1698240600.0, 0.011088953964194374],
[1698327000.0, 0.0103216905370844],
[1698413400.0, 0.0103216905370844],
[1698499800.0, 0.0103216905370844],
[1698586200.0, 0.0103216905370844],
[1698672600.0, 0.0103216905370844],
[1698759000.0, 0.0103216905370844],
[1698845400.0, 0.0103216905370844],
[1698931800.0, 0.0103216905370844],
[1699018200.0, 0.0103216905370844],
[1699104600.0, 0.0103216905370844],
[1699191000.0, 0.0103216905370844],
[1699277400.0, 0.0103216905370844],
[1699363800.0, 0.0103216905370844],
[1699450200.0, 0.0103216905370844],
[1699536600.0, 0.0103216905370844],
[1699623000.0, 0.0103216905370844],
[1699709400.0, 0.0103216905370844],
[1699795800.0, 0.0103216905370844],
[1699882200.0, 0.0103216905370844],
[1699968600.0, 0.0103216905370844],
[1700055000.0, 0.0103216905370844],
[1700141400.0, 0.0103216905370844],
[1700227800.0, 0.0103216905370844],
[1700314200.0, 0.0103216905370844],
[1700400600.0, 0.0103216905370844],
[1700487000.0, 0.0103216905370844],
[1700573400.0, 0.0103216905370844],
[1700659800.0, 0.0103216905370844],
[1700746200.0, 0.0103216905370844],
[1700832600.0, 0.0103216905370844],
[1700919000.0, 0.0103216905370844],
[1701005400.0, 0.0103216905370844],
[1701091800.0, 0.0103216905370844],
[1701178200.0, 0.0103216905370844],
[1701264600.0, 0.0103216905370844],
[1701351000.0, 0.0103216905370844],
[1701437400.0, 0.0103216905370844],
[1701523800.0, 0.0103216905370844],
