[1635773400.0, 31.167896666666664],
[1635859800.0, 31.183740999999998],
[1635946200.0, 31.179012333333333],
[1636032600.0, 31.174983666666662],
[1636119000.0, 31.226680666666663],
[1636205400.0, 31.285837666666662],
[1636291800.0, 31.256737666666663],
[1636378200.0, 30.964776999999998],
[1636464600.0, 31.072405666666665],
[1636551000.0, 31.110722666666664],
[1636637400.0, 31.382172999999995],
[1636723800.0, 31.18893033333333],
[1636810200.0, 16.077908666666666],
[1636896600.0, 16.252851333333336],
[1636983000.0, 16.192851333333333],
[1637069400.0, 16.203651333333333],
[1637155800.0, 16.12528933333333],
[1637242200.0, 16.12098933333333],
[1637328600.0, 16.344660333333334],
[1637415000.0, 16.285932666666668],
[1637501400.0, 16.403683333333333],
[1637587800.0, 16.237176666666667],
[1637674200.0, 16.23057366666667],
[1637760600.0, 16.489684],
[1637847000.0, 16.458569333333333],
[1637933400.0, 16.653673333333334],
[1638019800.0, 16.688129333333332],
[1638106200.0, 16.6582],
[1638192600.0, 16.717811],
[1638279000.0, 16.644381666666668],
[1638365400.0, 11.980586666666667],
[1638451800.0, 12.073272000000003],
[1638538200.0, 11.862720000000001],
[1638624600.0, 12.707113666666666],
[1638711000.0, 13.045141000000001],
[1638797400.0, 13.530951333333334],
[1638883800.0, 12.933341999999998],
[1638970200.0, 12.653642666666668],
[1639056600.0, 12.525692999999999],
[1639143000.0, 12.781526999999999],
[1639229400.0, 12.736469666666666],
[1639315800.0, 12.605948333333332],
[1639402200.0, 12.567117666666666],
[1639488600.0, 13.356167333333332],
[1639575000.0, 13.384523333333332],
[1639661400.0, 13.401316333333332],
[1639747800.0, 13.436930666666663],
[1639834200.0, 13.009208333333332],
[1639920600.0, 13.427849333333333],
[1640007000.0, 14.183455333333333],
[1640093400.0, 14.138762999999999],
[1640179800.0, 13.416416666666665],
[1640266200.0, 13.453998],
[1640352600.0, 13.489198],
[1640439000.0, 13.472098],
[1640525400.0, 13.430783333333332],
[1640611800.0, 13.522534999999998],
[1640698200.0, 13.395617999999999],
[1640784600.0, 13.098343],
[1640871000.0, 13.071328666666666],
[1640957400.0, 13.092998333333332],
[1641043800.0, 13.098638333333332],
[1641130200.0, 14.309159],
[1641216600.0, 14.281659],
[1641303000.0, 13.432861333333333],
[1641389400.0, 13.443336333333333],
[1641475800.0, 13.422795666666666],
[1641562200.0, 13.399955666666669],
[1641648600.0, 13.505906999999999],
[1641735000.0, 13.717776999999998],
[1641821400.0, 13.668862666666667],
[1641907800.0, 15.485805999999998],
[1641994200.0, 15.477454666666667],
[1642080600.0, 15.666946000000001],
[1642167000.0, 15.868823333333333],
[1642253400.0, 15.929448999999998],
[1642339800.0, 15.921835666666666],
[1642426200.0, 16.262384666666666],
[1642512600.0, 16.238303000000002],
[1642599000.0, 16.118779333333332],
[1642685400.0, 15.943500333333334],
[1642771800.0, 16.126405333333334],
[1642858200.0, 16.065178],
[1642944600.0, 15.793334000000002],
[1643031000.0, 15.607183999999998],
[1643117400.0, 15.593999666666667],
[1643203800.0, 15.217277666666668],
[1643290200.0, 14.382756333333333],
[1643376600.0, 13.370492333333331],
[1643463000.0, 13.221654000000001],
[1643549400.0, 13.491589666666668],
[1643635800.0, 13.491589666666668],
[1643722200.0, 13.491589666666668],
[1643808600.0, 13.233547000000002],
[1643895000.0, 13.287396000000001],
[1643981400.0, 13.270379],
[1644067800.0, 13.408927666666665],
[1644154200.0, 13.093380666666667],
[1644240600.0, 13.182263],
[1644327000.0, 13.254467],
[1644413400.0, 13.258011666666668],
[1644499800.0, 13.445364333333336],
[1644586200.0, 13.42129133333333],
[1644672600.0, 13.209418],
[1644759000.0, 13.497900333333334],
[1644845400.0, 13.484744333333333],
[1644931800.0, 13.421884333333333],
[1645018200.0, 13.484969333333332],
[1645104600.0, 13.502396666666664],
[1645191000.0, 13.446702333333334],
[1645277400.0, 13.394762333333333],
[1645363800.0, 13.379218333333334],
[1645450200.0, 13.393379000000001],
[1645536600.0, 13.372373666666666],
[1645623000.0, 13.29681],
[1645709400.0, 13.186490666666666],
[1645795800.0, 15.526263666666667],
[1645882200.0, 14.488606333333331],
[1645968600.0, 14.425745],
[1646055000.0, 14.656696666666667],
[1646141400.0, 14.624017],
[1646227800.0, 14.580600333333331],
[1646314200.0, 14.552261000000001],
[1646400600.0, 10.980744999999999],
[1646487000.0, 10.910658],
[1646573400.0, 10.888518666666664],
[1646659800.0, 10.855716],
[1646746200.0, 10.943426666666666],
[1646832600.0, 10.715787],
[1646919000.0, 10.633042666666666],
[1647005400.0, 14.598831666666667],
[1647091800.0, 14.519162],
[1647178200.0, 14.462651666666666],
[1647264600.0, 14.572035666666666],
[1647351000.0, 14.551716333333331],
[1647437400.0, 14.589703],
[1647523800.0, 14.480074666666667],
[1647610200.0, 14.562552666666667],
[1647696600.0, 15.828689000000002],
[1647783000.0, 15.960468],
[1647869400.0, 15.952847333333333],
[1647955800.0, 15.891818],
[1648042200.0, 14.828887333333332],
[1648128600.0, 14.757887333333334],
[1648215000.0, 14.678008333333333],
[1648301400.0, 15.541635],
[1648387800.0, 15.990169333333334],
[1648474200.0, 16.165235666666664],
[1648560600.0, 16.086598666666667],
[1648647000.0, 16.938641333333333],
[1648733400.0, 16.912409333333333],
[1648819800.0, 16.752808],
[1648906200.0, 18.117998666666665],
[1648996200.0, 18.21116533333333],
[1649082600.0, 18.230970000000003],
[1649169000.0, 18.347761333333334],
[1649255400.0, 18.49183833333333],
[1649341800.0, 18.38900933333333],
[1649428200.0, 18.422501999999998],
[1649514600.0, 18.559807333333335],
[1649601000.0, 18.559807333333335],
[1649687400.0, 18.559807333333335],
[1649773800.0, 18.559807333333335],
[1649860200.0, 18.557231666666667],
[1649946600.0, 17.374108666666668],
[1650033000.0, 16.98656133333333],
[1650119400.0, 16.937368000000003],
[1650205800.0, 16.640474666666666],
[1650292200.0, 16.61835233333333],
[1650378600.0, 16.604884666666667],
[1650465000.0, 17.854923],
[1650551400.0, 17.854923],
[1650637800.0, 17.854923],
[1650724200.0, 24.574004333333335],
[1650810600.0, 24.40333433333333],
[1650897000.0, 24.476129333333333],
[1650983400.0, 21.840394333333332],
[1651069800.0, 21.218095333333334],
[1651156200.0, 20.23217733333333],
[1651242600.0, 19.924228333333332],
[1651329000.0, 19.736158],
[1651415400.0, 19.652173333333334],
[1651501800.0, 19.59100033333333],
[1651588200.0, 20.593869333333334],
[1651674600.0, 20.493385333333336],
[1651761000.0, 19.885704333333333],
[1651847400.0, 20.365176666666663],
[1651933800.0, 20.123281333333335],
[1652020200.0, 20.091278000000003],
[1652106600.0, 18.784903333333332],
[1652193000.0, 18.481134333333333],
[1652279400.0, 18.800265666666665],
[1652365800.0, 18.613029666666666],
[1652452200.0, 18.513943],
[1652538600.0, 17.278491],
[1652625000.0, 17.243917333333336],
[1652711400.0, 17.28599233333333],
[1652797800.0, 17.34859833333333],
[1652884200.0, 17.304734333333332],
[1652970600.0, 17.407928000000002],
[1653057000.0, 17.434049],
[1653143400.0, 17.424378333333333],
[1653229800.0, 17.394545],
[1653316200.0, 17.414176333333334],
[1653402600.0, 17.677834333333333],
[1653489000.0, 17.544614999999997],
[1653575400.0, 17.396760666666665],
[1653661800.0, 17.377396666666666],
[1653748200.0, 17.32076566666667],
[1653834600.0, 17.257921333333332],
[1653921000.0, 17.27831533333333],
[1654007400.0, 18.154103333333335],
[1654093800.0, 17.741816],
[1654180200.0, 17.765491],
[1654266600.0, 17.952557666666667],
[1654353000.0, 17.789386666666665],
[1654439400.0, 17.752717],
[1654525800.0, 17.764946],
[1654612200.0, 17.707487333333333],
[1654698600.0, 17.736555],
[1654785000.0, 17.768054000000003],
[1654871400.0, 17.486918333333332],
[1654957800.0, 17.398562333333334],
[1655044200.0, 17.918617333333334],
[1655130600.0, 18.531745],
[1655217000.0, 18.272125999999997],
[1655303400.0, 17.806318666666666],
[1655389800.0, 17.821378666666664],
[1655476200.0, 17.765355333333336],
[1655562600.0, 17.796080333333332],
[1655649000.0, 17.669366999999998],
[1655735400.0, 17.699698333333334],
[1655821800.0, 17.518481666666666],
[1655908200.0, 17.37329766666667],
[1655994600.0, 17.329865],
[1656081000.0, 17.488836666666668],
[1656167400.0, 17.394003],
[1656253800.0, 17.29545333333333],
[1656340200.0, 17.339541],
[1656426600.0, 17.539131],
[1656513000.0, 17.332269333333333],
[1656599400.0, 17.711629333333335],
[1656685800.0, 17.658124666666666],
[1656772200.0, 18.02549766666667],
[1656858600.0, 18.147369],
[1656945000.0, 18.168844666666665],
[1657031400.0, 18.00218466666667],
[1657117800.0, 19.016254],
[1657204200.0, 18.952310333333333],
[1657290600.0, 18.660195333333334],
[1657377000.0, 18.471168666666667],
[1657463400.0, 18.477069333333336],
[1657549800.0, 18.342391],
[1657636200.0, 18.313111666666668],
[1657722600.0, 18.354758666666665],
[1657809000.0, 18.175424333333336],
[1657895400.0, 17.860104],
[1657981800.0, 17.579003333333333],
[1658068200.0, 17.51913933333333],
[1658154600.0, 17.60778133333333],
[1658241000.0, 17.570817333333334],
[1658327400.0, 17.180982666666665],
[1658413800.0, 17.412929000000002],
[1658500200.0, 17.382358333333332],
[1658586600.0, 17.334368666666666],
[1658673000.0, 17.173278333333332],
[1658759400.0, 16.928214666666666],
[1658845800.0, 17.172599],
[1658932200.0, 17.168753],
[1659018600.0, 17.588356333333333],
[1659105000.0, 17.669095666666667],
[1659191400.0, 17.272830666666668],
[1659277800.0, 17.406474666666664],
[1659364200.0, 17.371371333333332],
[1659450600.0, 17.436418],
[1659537000.0, 17.457829666666665],
[1659623400.0, 17.462818000000002],
[1659709800.0, 17.433228],
[1659796200.0, 18.107138],
[1659882600.0, 18.107462666666667],
[1659969000.0, 18.109225666666664],
[1660055400.0, 18.11735566666667],
[1660141800.0, 18.046186333333335],
[1660228200.0, 17.890651666666667],
[1660314600.0, 19.048606333333336],
[1660401000.0, 19.048606333333336],
[1660487400.0, 19.048606333333336],
[1660573800.0, 19.048606333333336],
[1660660200.0, 23.675997],
[1660746600.0, 23.663642999999997],
[1660833000.0, 23.641927],
[1660919400.0, 23.479545],
[1661005800.0, 23.309777999999998],
[1661092200.0, 22.558864],
[1661178600.0, 24.314430666666663],
[1661265000.0, 24.393830666666663],
[1661351400.0, 25.007876],
[1661437800.0, 25.323452000000003],
[1661524200.0, 25.189875666666666],
[1661610600.0, 27.10846833333333],
[1661697000.0, 23.86710633333333],
[1661783400.0, 26.69481966666667],
[1661869800.0, 26.28200766666667],
[1661956200.0, 26.243505999999996],
[1662042600.0, 22.922423],
[1662129000.0, 22.809498666666666],
[1662215400.0, 22.844979],
[1662301800.0, 22.95537733333333],
[1662388200.0, 22.463499666666667],
[1662474600.0, 22.398418333333336],
[1662561000.0, 22.39230166666667],
[1662647400.0, 22.316649666666663],
[1662733800.0, 22.43443333333333],
[1662820200.0, 22.353900333333332],
[1662906600.0, 21.908396999999997],
[1662993000.0, 21.091341],
[1663079400.0, 21.080438],
[1663165800.0, 21.105712666666665],
[1663252200.0, 20.535416],
[1663338600.0, 20.464066666666668],
[1663425000.0, 20.365493],
[1663511400.0, 20.375883333333334],
[1663597800.0, 20.383718666666667],
[1663684200.0, 25.357921333333334],
[1663770600.0, 25.30173933333333],
[1663857000.0, 25.275696333333332],
[1663943400.0, 25.097612999999996],
[1664029800.0, 25.002336333333332],
[1664116200.0, 25.164746333333337],
[1664202600.0, 21.771982666666663],
[1664289000.0, 22.03739966666667],
[1664375400.0, 17.65991],
[1664461800.0, 17.883210000000002],
[1664548200.0, 17.94869033333333],
[1664634600.0, 17.763029],
[1664717400.0, 17.14405066666666],
[1664803800.0, 17.144650666666664],
[1664890200.0, 17.31039733333333],
[1664976600.0, 17.37369766666667],
[1665063000.0, 17.431479666666664],
[1665149400.0, 17.414779666666664],
[1665235800.0, 17.306154666666668],
[1665322200.0, 17.63189733333333],
[1665408600.0, 17.695079333333332],
[1665495000.0, 17.644011333333335],
[1665581400.0, 17.657938666666666],
[1665667800.0, 17.694081],
[1665754200.0, 17.67947733333333],
[1665840600.0, 17.597745666666665],
[1665927000.0, 17.55503033333333],
[1666013400.0, 17.305964333333336],
[1666099800.0, 17.210797333333336],
[1666186200.0, 17.219304333333337],
[1666272600.0, 17.345970333333334],
[1666359000.0, 17.281384666666664],
[1666445400.0, 17.257450666666667],
[1666531800.0, 17.19018133333333],
[1666618200.0, 16.969464],
[1666704600.0, 20.375411666666665],
[1666791000.0, 20.322564666666665],
[1666877400.0, 20.21799366666667],
[1666963800.0, 20.201965333333334],
[1667050200.0, 21.235736666666668],
[1667136600.0, 21.069335],
[1667223000.0, 21.144157999999997],
[1667309400.0, 21.285235333333333],
[1667395800.0, 21.26161133333333],
[1667482200.0, 21.386603999999995],
[1667568600.0, 21.302608666666668],
[1667655000.0, 20.862073666666664],
[1667741400.0, 20.68220433333333],
[1667827800.0, 20.571086333333337],
[1667914200.0, 20.702465],
[1668000600.0, 20.82358433333333],
[1668087000.0, 21.312061333333332],
[1668173400.0, 18.087967333333335],
[1668259800.0, 18.06735433333333],
[1668346200.0, 18.143669],
[1668432600.0, 15.655562333333334],
[1668519000.0, 15.456814666666665],
[1668605400.0, 15.238365333333332],
[1668691800.0, 15.473838666666666],
[1668778200.0, 15.48514533333333],
[1668864600.0, 15.484245333333334],
[1668951000.0, 15.401453666666667],
[1669037400.0, 14.596784333333332],
[1669123800.0, 15.645786999999999],
[1669210200.0, 15.814192333333333],
[1669296600.0, 15.743769999999998],
[1669383000.0, 16.086173666666667],
[1669469400.0, 15.975085333333332],
[1669555800.0, 15.872345999999999],
[1669642200.0, 15.836680999999999],
[1669728600.0, 16.141444],
[1669815000.0, 18.497082000000002],
[1669901400.0, 18.500719333333336],
[1669987800.0, 16.584791],
[1670074200.0, 16.541391],
[1670160600.0, 16.816713000000004],
[1670247000.0, 16.773653333333332],
[1670333400.0, 16.734115],
[1670419800.0, 16.793149666666665],
[1670506200.0, 16.93081533333333],
[1670592600.0, 17.071915],
[1670679000.0, 17.333417],
[1670765400.0, 17.928106],
[1670851800.0, 17.710582666666667],
[1670938200.0, 14.111677333333333],
[1671024600.0, 17.04045233333333],
[1671111000.0, 17.080500666666666],
[1671197400.0, 17.251929],
[1671283800.0, 16.71770366666667],
[1671370200.0, 18.500872666666666],
[1671456600.0, 15.069861000000001],
[1671543000.0, 15.016859333333334],
[1671629400.0, 14.98236],
[1671715800.0, 16.896764333333333],
[1671802200.0, 16.893302000000002],
[1671888600.0, 17.888837666666667],
[1671975000.0, 17.874178666666666],
[1672061400.0, 17.62365133333333],
[1672147800.0, 17.733577333333333],
[1672234200.0, 17.566281],
[1672320600.0, 16.888402666666668],
[1672407000.0, 16.751746999999998],
[1672493400.0, 16.678975],
[1672579800.0, 16.460451333333335],
[1672666200.0, 16.307229000000003],
[1672752600.0, 16.396203333333332],
[1672839000.0, 16.361025666666666],
[1672925400.0, 15.381244666666666],
[1673011800.0, 20.607983666666666],
[1673098200.0, 17.987035000000002],
[1673184600.0, 16.969427666666665],
[1673271000.0, 15.642723666666663],
[1673357400.0, 14.860963333333332],
[1673443800.0, 15.465850333333336],
[1673530200.0, 15.710534],
[1673616600.0, 15.689334666666666],
[1673703000.0, 15.40743],
[1673789400.0, 15.307839999999999],
[1673875800.0, 15.136597333333333],
[1673962200.0, 15.388967666666668],
[1674048600.0, 18.462431666666667],
[1674135000.0, 18.327192666666665],
[1674221400.0, 18.401063333333337],
[1674307800.0, 18.668989],
[1674394200.0, 18.66296133333333],
[1674480600.0, 18.59724633333333],
[1674567000.0, 19.325346333333332],
[1674653400.0, 19.316723],
[1674739800.0, 22.836330666666665],
[1674826200.0, 22.57157033333333],
[1674912600.0, 23.283568666666667],
[1674999000.0, 23.368223333333333],
[1675085400.0, 24.839703000000004],
[1675171800.0, 23.989489666666667],
[1675258200.0, 30.909162],
[1675344600.0, 30.682691999999992],
[1675431000.0, 26.849113999999997],
[1675517400.0, 26.848813999999994],
[1675603800.0, 26.761448],
[1675690200.0, 25.62918733333333],
[1675776600.0, 25.617446666666666],
[1675863000.0, 25.618822999999995],
[1675949400.0, 25.618822999999995],
