[1635773400.0, 0.46295140063526913],
[1635859800.0, 0.4692097624461168],
[1635946200.0, 0.46699511991745196],
[1636032600.0, 0.4726800706527214],
[1636119000.0, 0.4690190116531151],
[1636205400.0, 0.4728792934806265],
[1636291800.0, 0.4718732030221681],
[1636378200.0, 0.47452645225448475],
[1636464600.0, 0.4719974051430806],
[1636551000.0, 0.4703871975708361],
[1636637400.0, 0.47599581959133197],
[1636723800.0, 0.47482494354917404],
[1636810200.0, 0.47534431910640657],
[1636896600.0, 0.45562518893412496],
[1636983000.0, 0.46514351249752356],
[1637069400.0, 0.46631382664830157],
[1637155800.0, 0.4645764091373899],
[1637242200.0, 0.4596010410526687],
[1637328600.0, 0.4756856445586848],
[1637415000.0, 0.46622405006086953],
[1637501400.0, 0.4599396482612779],
[1637587800.0, 0.46098734897786625],
[1637674200.0, 0.4629404778929717],
[1637760600.0, 0.458763080277315],
[1637847000.0, 0.4556493802673731],
[1637933400.0, 0.45042157358105206],
[1638019800.0, 0.43997701486327007],
[1638106200.0, 0.4417332861521283],
[1638192600.0, 0.4455151831152012],
[1638279000.0, 0.45650159790460954],
[1638365400.0, 0.4590677222478546],
[1638451800.0, 0.4516453677390293],
[1638538200.0, 0.45464125083110934],
[1638624600.0, 0.4599771088758364],
[1638711000.0, 0.458304308166157],
[1638797400.0, 0.4607721376243767],
[1638883800.0, 0.468231296182106],
[1638970200.0, 0.47974280023406235],
[1639056600.0, 0.48564133011864985],
[1639143000.0, 0.4767692934670795],
[1639229400.0, 0.47980392937767224],
[1639315800.0, 0.4844186076505324],
[1639402200.0, 0.4823127168521164],
[1639488600.0, 0.48250943068111724],
[1639575000.0, 0.48797784631072505],
[1639661400.0, 0.48647289728294313],
[1639747800.0, 0.48482070162261154],
[1639834200.0, 0.48638719537142955],
[1639920600.0, 0.4918573469090783],
[1640007000.0, 0.4864605933031495],
[1640093400.0, 0.5011048068246606],
[1640179800.0, 0.49562174324955294],
[1640266200.0, 0.4901321499753154],
[1640352600.0, 0.4918677895575922],
[1640439000.0, 0.4946424491864302],
[1640525400.0, 0.4915099969381267],
[1640611800.0, 0.49261187224742137],
[1640698200.0, 0.4941926353848455],
[1640784600.0, 0.491775732117014],
[1640871000.0, 0.4931900241528845],
[1640957400.0, 0.49490795927714504],
[1641043800.0, 0.49552614171879944],
[1641130200.0, 0.49887391674736314],
[1641216600.0, 0.4984442319695979],
[1641303000.0, 0.49841137314421247],
[1641389400.0, 0.5073082470030286],
[1641475800.0, 0.5074360132347504],
[1641562200.0, 0.505146328846042],
[1641648600.0, 0.5043832247653748],
[1641735000.0, 0.5174900454809189],
[1641821400.0, 0.5144748637558424],
[1641907800.0, 0.5099789958604428],
[1641994200.0, 0.5086246211001487],
[1642080600.0, 0.5205685058714431],
[1642167000.0, 0.5059775486279062],
[1642253400.0, 0.509342425054115],
[1642339800.0, 0.5144843485016348],
[1642426200.0, 0.5142377144814335],
[1642512600.0, 0.5059123109313518],
[1642599000.0, 0.47928741552520626],
[1642685400.0, 0.4880257299036342],
[1642771800.0, 0.4912486678041479],
[1642858200.0, 0.4959139169110403],
[1642944600.0, 0.4916132875901743],
[1643031000.0, 0.4905114070077211],
[1643117400.0, 0.4922131652778537],
[1643203800.0, 0.4963372797156914],
[1643290200.0, 0.49679307885022894],
[1643376600.0, 0.49031665334921704],
[1643463000.0, 0.4923524133353326],
[1643549400.0, 0.48740071494257636],
[1643635800.0, 0.48740071494257636],
[1643722200.0, 0.48740071494257636],
[1643808600.0, 0.4939183929323516],
[1643895000.0, 0.5013218164374673],
[1643981400.0, 0.5018395605977435],
[1644067800.0, 0.49414314829941636],
[1644154200.0, 0.5017441204365064],
[1644240600.0, 0.50438121841987],
[1644327000.0, 0.5128971408697093],
[1644413400.0, 0.5135606484410098],
[1644499800.0, 0.5092442722472054],
[1644586200.0, 0.51807359269651],
[1644672600.0, 0.5213758185361648],
[1644759000.0, 0.5251532145847115],
[1644845400.0, 0.5259956039575472],
[1644931800.0, 0.5209876701809442],
[1645018200.0, 0.5199850636564393],
[1645104600.0, 0.5159282225054608],
[1645191000.0, 0.5140281874066418],
[1645277400.0, 0.5227425503462069],
[1645363800.0, 0.5240730677086542],
[1645450200.0, 0.5236432194431668],
[1645536600.0, 0.5213935244170896],
[1645623000.0, 0.527385043685569],
[1645709400.0, 0.5272040561663291],
[1645795800.0, 0.5267903389189917],
[1645882200.0, 0.5193067420712543],
[1645968600.0, 0.519083608926068],
[1646055000.0, 0.5241067173298699],
[1646141400.0, 0.5242664265230934],
[1646227800.0, 0.5211354954461337],
[1646314200.0, 0.5213112190916971],
[1646400600.0, 0.5153446376657683],
[1646487000.0, 0.52610270141547],
[1646573400.0, 0.533096115246527],
[1646659800.0, 0.5382373060943778],
[1646746200.0, 0.5458278340446808],
[1646832600.0, 0.5428780557141878],
[1646919000.0, 0.5410894273221435],
[1647005400.0, 0.5436942997111192],
[1647091800.0, 0.5422989971538702],
[1647178200.0, 0.5453016647844989],
[1647264600.0, 0.5486628226373897],
[1647351000.0, 0.5384331183902044],
[1647437400.0, 0.5407737885435233],
[1647523800.0, 0.5443394221721689],
[1647610200.0, 0.5439432434725506],
[1647696600.0, 0.537064684764425],
[1647783000.0, 0.5414590904384815],
[1647869400.0, 0.5462036568510666],
[1647955800.0, 0.5498570935146502],
[1648042200.0, 0.5492920049676941],
[1648128600.0, 0.5452087297702056],
[1648215000.0, 0.551030359024207],
[1648301400.0, 0.5505625969297601],
[1648387800.0, 0.5475701145067771],
[1648474200.0, 0.5470023372438634],
[1648560600.0, 0.5443019388068359],
[1648647000.0, 0.5469742534744217],
[1648733400.0, 0.5440174694826717],
[1648819800.0, 0.5480915785422017],
[1648906200.0, 0.5486448011798067],
[1648996200.0, 0.5531138939005441],
[1649082600.0, 0.5504530596432083],
[1649169000.0, 0.5524447774003103],
[1649255400.0, 0.552185336492626],
[1649341800.0, 0.5513261092257872],
[1649428200.0, 0.5469527424649117],
[1649514600.0, 0.5546645027026758],
[1649601000.0, 0.5612380479280733],
[1649687400.0, 0.5620397183285971],
[1649773800.0, 0.5626444309610803],
[1649860200.0, 0.5610499699359469],
[1649946600.0, 0.5789194703207565],
[1650033000.0, 0.5615721619836133],
[1650119400.0, 0.5658980122569053],
[1650205800.0, 0.5633833726676254],
[1650292200.0, 0.5906822964061261],
[1650378600.0, 0.5718098206970681],
[1650465000.0, 0.5720123866021076],
[1650551400.0, 0.5720123866021076],
[1650637800.0, 0.5720123866021076],
[1650724200.0, 0.5789751854702696],
[1650810600.0, 0.5778545899151838],
[1650897000.0, 0.5748018456473206],
[1650983400.0, 0.5699949103455159],
[1651069800.0, 0.5687438220761728],
[1651156200.0, 0.5670189783070125],
[1651242600.0, 0.5683068400037717],
[1651329000.0, 0.5657551814739813],
[1651415400.0, 0.5625759801727571],
[1651501800.0, 0.5633316970273696],
[1651588200.0, 0.5654699500710267],
[1651674600.0, 0.5662609984177704],
[1651761000.0, 0.5472707138173595],
[1651847400.0, 0.5505456231427808],
[1651933800.0, 0.5440116220175437],
[1652020200.0, 0.5423151821016114],
[1652106600.0, 0.5407680533402291],
[1652193000.0, 0.5488939034230548],
[1652279400.0, 0.5477813598510894],
[1652365800.0, 0.551312091221622],
[1652452200.0, 0.5466667108412006],
[1652538600.0, 0.5460561118391838],
[1652625000.0, 0.5455186380978624],
[1652711400.0, 0.5471412306020683],
[1652797800.0, 0.5485898713286431],
[1652884200.0, 0.5510668715604861],
[1652970600.0, 0.5433722328833573],
[1653057000.0, 0.5358894489063123],
[1653143400.0, 0.5359621227362208],
[1653229800.0, 0.5320809265958378],
[1653316200.0, 0.531858857104398],
[1653402600.0, 0.538881189613398],
[1653489000.0, 0.5342420653805817],
[1653575400.0, 0.5378978998607647],
[1653661800.0, 0.5387806456138886],
[1653748200.0, 0.5302126701741507],
[1653834600.0, 0.5323804076938536],
[1653921000.0, 0.530888319641244],
[1654007400.0, 0.535432946183545],
[1654093800.0, 0.5256917686224393],
[1654180200.0, 0.5231903680617065],
[1654266600.0, 0.5167041736053983],
[1654353000.0, 0.5147840632256473],
[1654439400.0, 0.5365461657340427],
[1654525800.0, 0.5299494882160928],
[1654612200.0, 0.5230198188154139],
[1654698600.0, 0.5245125611085549],
[1654785000.0, 0.5276224641602658],
[1654871400.0, 0.5234435960043959],
[1654957800.0, 0.522751336150945],
[1655044200.0, 0.5258687681830797],
[1655130600.0, 0.5168177911284716],
[1655217000.0, 0.5171678341466839],
[1655303400.0, 0.531282072642708],
[1655389800.0, 0.5293480792012595],
[1655476200.0, 0.5250952735285646],
[1655562600.0, 0.522191566077542],
[1655649000.0, 0.5216482623785428],
[1655735400.0, 0.5179053395913213],
[1655821800.0, 0.515213648004693],
[1655908200.0, 0.5118470266555485],
[1655994600.0, 0.5179878647018719],
[1656081000.0, 0.5118490591251545],
[1656167400.0, 0.5057587545101216],
[1656253800.0, 0.5123851303309158],
[1656340200.0, 0.502976093456189],
[1656426600.0, 0.5145087711963666],
[1656513000.0, 0.5092719362524967],
[1656599400.0, 0.5146341004100796],
[1656685800.0, 0.515063519894288],
[1656772200.0, 0.5131283907896531],
[1656858600.0, 0.5179511302874811],
[1656945000.0, 0.5223220572578903],
[1657031400.0, 0.522946584245882],
[1657117800.0, 0.5132479234399465],
[1657204200.0, 0.5193749261441545],
[1657290600.0, 0.5168969726750693],
[1657377000.0, 0.5152964690013275],
[1657463400.0, 0.516070899476628],
[1657549800.0, 0.5174753086388388],
[1657636200.0, 0.520570996796185],
[1657722600.0, 0.5272926035402352],
[1657809000.0, 0.5269214127077203],
[1657895400.0, 0.5253530496785654],
[1657981800.0, 0.5278766463769962],
[1658068200.0, 0.5328494550874319],
[1658154600.0, 0.5324370447654166],
[1658241000.0, 0.5364538160669453],
[1658327400.0, 0.5452750849428911],
[1658413800.0, 0.5492573511432467],
[1658500200.0, 0.5456130423820416],
[1658586600.0, 0.5476741733591661],
[1658673000.0, 0.5481582655828228],
[1658759400.0, 0.5504335047290154],
[1658845800.0, 0.5336661970909449],
[1658932200.0, 0.534780045153483],
[1659018600.0, 0.5348208808434662],
[1659105000.0, 0.5390413351542926],
[1659191400.0, 0.5369427078247498],
[1659277800.0, 0.5313947009743893],
[1659364200.0, 0.519469905910398],
[1659450600.0, 0.5280829170308655],
[1659537000.0, 0.5318437973956063],
[1659623400.0, 0.5277056486711456],
[1659709800.0, 0.5303143624838769],
[1659796200.0, 0.5284143126958415],
[1659882600.0, 0.5238864133814113],
[1659969000.0, 0.5248820170388411],
[1660055400.0, 0.523995578306165],
[1660141800.0, 0.5267357804033233],
[1660228200.0, 0.526429095196439],
[1660314600.0, 0.5297381451462901],
[1660401000.0, 0.5297381451462901],
[1660487400.0, 0.5297381451462901],
[1660573800.0, 0.5297381451462901],
[1660660200.0, 0.5150397756001505],
[1660746600.0, 0.5234416679929852],
[1660833000.0, 0.5194416128488132],
[1660919400.0, 0.520110166421323],
[1661005800.0, 0.5128359940594817],
[1661092200.0, 0.5142550241116071],
[1661178600.0, 0.5151974885976062],
[1661265000.0, 0.5167336296708899],
[1661351400.0, 0.5173828823114797],
[1661437800.0, 0.5082668936625456],
[1661524200.0, 0.5014456688106438],
[1661610600.0, 0.5077307017584658],
[1661697000.0, 0.509233019001868],
[1661783400.0, 0.5103585077349179],
[1661869800.0, 0.5309266385234865],
[1661956200.0, 0.5222761804989647],
[1662042600.0, 0.5207004789727221],
[1662129000.0, 0.5217386011178099],
[1662215400.0, 0.5306179855112337],
[1662301800.0, 0.5320279809190935],
[1662388200.0, 0.5253151518380579],
[1662474600.0, 0.524098793533593],
[1662561000.0, 0.5344571827311051],
[1662647400.0, 0.5372158398705752],
[1662733800.0, 0.534200743066313],
[1662820200.0, 0.5353099189689158],
[1662906600.0, 0.5230894689501614],
[1662993000.0, 0.5279663081435454],
[1663079400.0, 0.5335334301479155],
[1663165800.0, 0.5242130136800908],
[1663252200.0, 0.5243556453635476],
[1663338600.0, 0.5199129535628105],
[1663425000.0, 0.5239154837174199],
[1663511400.0, 0.5188535380626179],
[1663597800.0, 0.5081974784114388],
[1663684200.0, 0.5073017159501098],
[1663770600.0, 0.5133478067181529],
[1663857000.0, 0.5118319697428206],
[1663943400.0, 0.5069854518858036],
[1664029800.0, 0.5017833484226792],
[1664116200.0, 0.5131835435300325],
[1664202600.0, 0.5004214806394327],
[1664289000.0, 0.5003881656282252],
[1664375400.0, 0.49696166171349415],
[1664461800.0, 0.5045896774377397],
[1664548200.0, 0.5032532944287887],
[1664634600.0, 0.49828974019429667],
[1664717400.0, 0.49799533559931236],
[1664803800.0, 0.49669767527614467],
[1664890200.0, 0.5031394157841255],
[1664976600.0, 0.5055654939602127],
[1665063000.0, 0.5046623281653689],
[1665149400.0, 0.5138030574891955],
[1665235800.0, 0.5146707022227407],
[1665322200.0, 0.5129918297009147],
[1665408600.0, 0.5225370548863802],
[1665495000.0, 0.5209185411253294],
[1665581400.0, 0.526402431491921],
[1665667800.0, 0.5274408684082256],
[1665754200.0, 0.5218928863632378],
[1665840600.0, 0.5332334598938432],
[1665927000.0, 0.5269288886527569],
[1666013400.0, 0.5312403800420422],
[1666099800.0, 0.5308488321927063],
[1666186200.0, 0.5285229583282599],
[1666272600.0, 0.5273608237953817],
[1666359000.0, 0.5279868893276364],
[1666445400.0, 0.5201545232661299],
[1666531800.0, 0.5097306943947525],
[1666618200.0, 0.5148810862795796],
[1666704600.0, 0.5047241803816614],
[1666791000.0, 0.5062543039469278],
[1666877400.0, 0.5118519014300298],
[1666963800.0, 0.511910182620492],
[1667050200.0, 0.5097627439318442],
[1667136600.0, 0.5120713598828814],
[1667223000.0, 0.5085545612959553],
[1667309400.0, 0.508949425662935],
[1667395800.0, 0.5022909226019874],
[1667482200.0, 0.5059158476565411],
[1667568600.0, 0.5066986917558421],
[1667655000.0, 0.5121543021217003],
[1667741400.0, 0.5104440384237092],
[1667827800.0, 0.5171438028057954],
[1667914200.0, 0.5161271095044098],
[1668000600.0, 0.513231300018329],
[1668087000.0, 0.5130343838804203],
[1668173400.0, 0.5111157907840727],
[1668259800.0, 0.5125227739156109],
[1668346200.0, 0.5128180919905287],
[1668432600.0, 0.511767812917941],
[1668519000.0, 0.5187988430355324],
[1668605400.0, 0.5126042859253604],
[1668691800.0, 0.5130974266026987],
[1668778200.0, 0.5106129738165813],
[1668864600.0, 0.5101180875558489],
[1668951000.0, 0.5067810318045793],
[1669037400.0, 0.5077067632773046],
[1669123800.0, 0.505440034313918],
[1669210200.0, 0.5121548420651147],
[1669296600.0, 0.5050967170066231],
[1669383000.0, 0.4885206195994945],
[1669469400.0, 0.4941315012206045],
[1669555800.0, 0.4958165640873755],
[1669642200.0, 0.4929065821766552],
[1669728600.0, 0.4978234560560181],
[1669815000.0, 0.5003600601921578],
[1669901400.0, 0.5031985244425009],
[1669987800.0, 0.5114161863719365],
[1670074200.0, 0.5148082912424117],
[1670160600.0, 0.519242182479803],
[1670247000.0, 0.5224058333250258],
[1670333400.0, 0.5275952601752536],
[1670419800.0, 0.524764250123912],
[1670506200.0, 0.5271999896315985],
[1670592600.0, 0.5299267797252292],
[1670679000.0, 0.5302489754464114],
[1670765400.0, 0.5360638582420604],
[1670851800.0, 0.530427928398484],
[1670938200.0, 0.5312158000736988],
[1671024600.0, 0.5370313260628846],
[1671111000.0, 0.537237639051601],
[1671197400.0, 0.5311777366724021],
[1671283800.0, 0.5296490134565768],
[1671370200.0, 0.5298785890525265],
[1671456600.0, 0.5340908925898532],
[1671543000.0, 0.5407120070844682],
[1671629400.0, 0.5323275117967375],
[1671715800.0, 0.5362144358399549],
[1671802200.0, 0.5363924638329706],
[1671888600.0, 0.533844038785411],
[1671975000.0, 0.5438907185213383],
[1672061400.0, 0.5366790818239],
[1672147800.0, 0.5358086204139587],
[1672234200.0, 0.5395492352635872],
[1672320600.0, 0.5333718504900233],
[1672407000.0, 0.5384589509046848],
[1672493400.0, 0.5166127435721255],
[1672579800.0, 0.5356082890383841],
[1672666200.0, 0.524994492332899],
[1672752600.0, 0.5300025699547898],
[1672839000.0, 0.5272488943305788],
[1672925400.0, 0.5311410628343753],
[1673011800.0, 0.5401830672237456],
[1673098200.0, 0.5418831576906968],
[1673184600.0, 0.5440337909508609],
[1673271000.0, 0.5563323185532509],
[1673357400.0, 0.5589358321770029],
[1673443800.0, 0.556831150758777],
[1673530200.0, 0.5577192433872971],
[1673616600.0, 0.5535057048033357],
[1673703000.0, 0.5688938763538639],
[1673789400.0, 0.5694071425461634],
[1673875800.0, 0.5674935381240566],
[1673962200.0, 0.5708330756819537],
[1674048600.0, 0.5690098914511006],
[1674135000.0, 0.5737982820782108],
[1674221400.0, 0.5722754315766034],
[1674307800.0, 0.5727031420163584],
[1674394200.0, 0.5754837663274456],
[1674480600.0, 0.565403388644852],
[1674567000.0, 0.5709331816192369],
[1674653400.0, 0.5735790066561302],
[1674739800.0, 0.5722860836956077],
[1674826200.0, 0.5729509380770496],
[1674912600.0, 0.5706324066677347],
[1674999000.0, 0.5679076685841462],
[1675085400.0, 0.579940558517263],
[1675171800.0, 0.577886378297498],
[1675258200.0, 0.5782049158014675],
[1675344600.0, 0.5787609584227688],
[1675431000.0, 0.5780180307554336],
[1675517400.0, 0.5553964583483328],
[1675603800.0, 0.557637929791095],
[1675690200.0, 0.558889163339915],
[1675776600.0, 0.5578277033093724],
[1675863000.0, 0.5578176279332834],
[1675949400.0, 0.5578176279332834],
