[1633098600, 7.96],
[1633185000, 7.9],
[1633267800, 7.77],
[1633354200, 7.73],
[1633440600, 7.72],
[1633527000, 7.69],
[1633613400, 7.59],
[1633699800, 7.58],
[1633786200, 7.58],
[1633872600, 7.58],
[1633959000, 7.57],
[1634045400, 7.57],
[1634131800, 7.57],
[1634218200, 7.57],
[1634304600, 7.55],
[1634391000, 7.53],
[1634477400, 7.55],
[1634563800, 7.53],
[1634650200, 7.53],
[1634736600, 7.5],
[1634823000, 7.46],
[1634909400, 7.36],
[1634995800, 7.2],
[1635082200, 7.18],
[1635168600, 7.15],
[1635255000, 7.2],
[1635341400, 7.2],
[1635427800, 7.25],
[1635514200, 7.47],
[1635600600, 7.43],
[1635687000, 7.35],
[1635773400, 7.3],
[1635859800, 7.28],
[1635946200, 7.29],
[1636032600, 7.29],
[1636119000, 7.28],
[1636205400, 7.27],
[1636291800, 7.26],
[1636464600, 7.26],
[1636551000, 7.44],
[1636637400, 7.42],
[1636896600, 7.36],
[1636983000, 7.34],
[1637069400, 7.33],
[1637155800, 7.33],
[1637242200, 7.26],
[1637328600, 7.23],
[1637415000, 7.18],
[1637501400, 7.17],
[1637587800, 7.15],
[1637674200, 7.13],
[1637760600, 7.12],
[1637847000, 7.12],
[1637933400, 7.12],
[1638019800, 7.11],
[1638106200, 7.11],
[1638192600, 7.09],
[1638279000, 6.88],
[1638365400, 6.65],
[1638451800, 6.51],
[1638538200, 6.45],
[1638624600, 6.41],
[1638711000, 7.21],
[1638797400, 7.19],
[1638883800, 7.16],
[1638970200, 7.13],
[1639056600, 7.11],
[1639143000, 7.1],
[1639229400, 7.07],
[1639315800, 7.05],
[1639402200, 7.04],
[1639488600, 7.03],
[1639575000, 7.03],
[1639661400, 7.03],
[1639747800, 7.03],
[1639834200, 7.03],
[1639920600, 7.03],
[1640007000, 7.03],
[1640093400, 7.02],
[1640179800, 7.02],
[1640266200, 7.02],
[1640352600, 7.02],
[1640439000, 7.18],
[1640525400, 7.18],
[1640611800, 7.18],
[1640698200, 7.18],
[1640784600, 7.98],
[1640871000, 7.97],
[1640957400, 7.94],
[1641043800, 7.95],
[1641130200, 7.93],
[1641216600, 7.93],
[1641303000, 7.97],
[1641389400, 7.95],
[1641475800, 7.94],
[1641562200, 7.85],
[1641648600, 7.67],
[1641735000, 7.63],
[1641821400, 7.62],
[1641907800, 7.55],
[1641994200, 7.35],
[1642080600, 7.35],
[1642167000, 7.35],
[1642253400, 7.41],
[1642339800, 7.41],
[1642426200, 7.42],
[1642512600, 7.42],
[1642599000, 7.48],
[1642685400, 8.02],
[1642771800, 8.02],
[1642858200, 8.17],
[1642944600, 8.08],
[1643031000, 8],
[1643117400, 7.84],
[1643203800, 7.73],
[1643290200, 7.59],
[1643376600, 7.54],
[1643463000, 7.8],
[1643549400, 7.76],
[1643635800, 7.76],
[1643722200, 7.76],
[1643808600, 8.65],
[1643895000, 8.4],
[1643981400, 8.1],
[1644067800, 7.9],
[1644154200, 7.86],
[1644240600, 7.92],
[1644327000, 7.9],
[1644413400, 7.9],
[1644499800, 7.86],
[1644586200, 7.91],
[1644672600, 8.54],
[1644759000, 8.5],
[1644845400, 8.65],
[1644931800, 10.24],
[1645018200, 10.25],
[1645104600, 10.1],
[1645191000, 10.1],
[1645277400, 9.98],
[1645363800, 9.95],
[1645450200, 9.9],
[1645536600, 9.31],
[1645623000, 8.55],
[1645709400, 8.44],
[1645795800, 8.38],
[1645882200, 8.19],
[1645968600, 8.05],
[1646055000, 8.01],
[1646141400, 8.16],
[1646227800, 8.86],
[1646314200, 8.86],
[1646400600, 8.67],
[1646487000, 8.36],
[1646573400, 8.24],
[1646659800, 7.59],
[1646746200, 7.55],
[1646832600, 7.53],
[1646919000, 7.51],
[1647005400, 7.45],
[1647091800, 7.44],
[1647178200, 7.43],
[1647264600, 6.98],
[1647351000, 6.65],
[1647437400, 6.68],
[1647523800, 6.89],
[1647610200, 7.36],
[1647696600, 7.34],
[1647783000, 8.16],
[1647869400, 7.51],
[1647955800, 7.81],
[1648042200, 7.77],
[1648128600, 7.42],
[1648215000, 7.63],
[1648301400, 7.72],
[1648387800, 7.7],
[1648474200, 7.68],
[1648560600, 7.61],
[1648647000, 7.62],
[1648733400, 7.64],
[1648819800, 7.6],
[1648906200, 7.55],
[1648996200, 7.5],
[1649082600, 7.49],
[1649169000, 7.67],
[1649255400, 7.67],
[1649341800, 7.65],
[1649514600, 7.61],
[1649601000, 7.61],
[1649687400, 7.61],
[1649773800, 7.61],
[1649860200, 7.61],
[1649946600, 7.43],
[1650033000, 7.42],
[1650119400, 7.26],
[1650205800, 7.06],
[1650292200, 7.05],
[1650378600, 7.13],
[1650465000, 6.99],
[1650551400, 6.99],
[1650637800, 6.99],
[1650724200, 7.04],
[1650810600, 6.99],
[1650897000, 6.94],
[1650983400, 6.94],
[1651069800, 6.97],
[1651156200, 6.74],
[1651242600, 6.76],
[1651329000, 6.97],
[1651415400, 6.96],
[1651501800, 6.97],
[1651588200, 6.98],
[1651674600, 6.97],
[1651761000, 6.87],
[1651847400, 6.79],
[1651933800, 6.75],
[1652020200, 6.78],
[1652106600, 6.74],
[1652193000, 6.62],
[1652279400, 6.57],
[1652365800, 6.42],
[1652970600, 6.62],
[1653057000, 6.65],
[1653143400, 6.64],
[1653229800, 6.64],
[1653316200, 6.69],
[1653402600, 6.69],
[1653489000, 6.66],
[1653575400, 6.55],
[1653661800, 6.56],
[1653748200, 6.54],
[1653834600, 6.54],
[1653921000, 6.57],
[1654007400, 6.61],
[1654093800, 6.59],
[1654180200, 6.61],
[1654266600, 6.61],
[1654353000, 6.59],
[1654439400, 6.69],
[1654525800, 6.62],
[1654612200, 6.61],
[1654698600, 6.86],
[1654785000, 7.46],
[1654871400, 7.42],
[1654957800, 7.4],
[1655044200, 7.36],
[1655130600, 6.73],
[1655217000, 6.71],
[1655303400, 6.72],
[1655389800, 6.78],
[1655476200, 6.75],
[1655562600, 6.73],
[1655649000, 6.74],
[1655735400, 6.75],
[1655821800, 7.39],
[1655908200, 7.36],
[1655994600, 7.35],
[1656081000, 7.33],
[1656167400, 7.29],
[1656253800, 7.18],
[1656340200, 7.14],
[1656426600, 7.11],
[1656513000, 7.13],
[1656599400, 7.1],
[1656685800, 7.07],
[1656772200, 7.06],
[1656858600, 7.06],
[1656945000, 7.07],
[1657031400, 7.04],
[1657117800, 7.02],
[1657290600, 7.06],
[1657377000, 7.05],
[1657463400, 7],
[1657549800, 6.94],
[1657636200, 6.92],
[1657722600, 6.89],
[1657809000, 6.85],
[1657895400, 6.88],
[1657981800, 6.87],
[1658068200, 6.87],
[1658154600, 6.87],
[1658241000, 6.87],
[1658327400, 6.81],
[1658413800, 6.75],
[1658673000, 6.71],
[1658759400, 6.71],
[1658845800, 6.69],
[1658932200, 6.69],
[1659018600, 7.05],
[1659105000, 6.89],
[1659191400, 6.78],
[1659277800, 6.67],
[1659364200, 6.57],
[1659450600, 6.54],
[1659537000, 6.53],
[1659623400, 6.53],
[1659709800, 6.5],
[1659796200, 6.6],
[1659882600, 6.58],
[1659969000, 6.6],
[1660055400, 6.63],
[1660228200, 7.24],
[1660314600, 7.2],
[1660401000, 7.2],
[1660487400, 7.2],
[1660573800, 7.2],
[1660660200, 7.22],
[1660746600, 7.29],
[1660833000, 7.06],
[1660919400, 7.21],
[1661005800, 9.45],
[1661178600, 9.06],
[1661265000, 8.47],
[1661351400, 8.38],
[1661437800, 8.31],
[1661524200, 8.14],
[1661610600, 8.02],
[1661697000, 7.82],
[1661783400, 7.52],
[1661869800, 7.17],
[1661956200, 7.12],
[1662042600, 7.09],
[1662129000, 7.13],
[1662215400, 7.11],
[1662301800, 7.39],
[1662561000, 6.87],
[1662647400, 7.2],
[1662733800, 7.15],
[1662820200, 7.08],
[1662906600, 7.04],
[1662993000, 7.05],
[1663079400, 7.02],
[1663165800, 7.08],
[1663252200, 7.04],
[1663338600, 7.01],
[1663425000, 7],
[1663511400, 7.17],
[1663597800, 7.62],
[1663684200, 7.6],
[1663770600, 7.5],
[1663857000, 7.48],
[1663943400, 7.42],
[1664029800, 7.47],
[1664116200, 7.47],
[1664202600, 7.46],
[1664289000, 7.44],
[1664375400, 7.8],
[1664461800, 9.04],
[1664548200, 9.02],
[1664634600, 8.96],
[1664717400, 8.92],
[1664803800, 8.88],
[1664890200, 8.86],
[1664976600, 8.82],
[1665063000, 8.69],
[1665149400, 8.43],
[1665235800, 7.86],
[1665322200, 7.41],
[1665408600, 7.35],
[1665495000, 7.33],
[1665581400, 7.33],
[1665667800, 7.33],
[1665754200, 7.32],
[1665840600, 7.3],
[1665927000, 7.28],
[1666013400, 7.24],
[1666099800, 7.2],
[1666186200, 7.2],
[1666272600, 7.16],
[1666359000, 7.16],
[1666445400, 7.52],
[1666531800, 7.45],
[1666618200, 7.27],
[1666704600, 7.4],
[1666791000, 7.56],
[1666877400, 7.56],
[1666963800, 7.55],
[1667050200, 7.51],
[1667136600, 7.5],
[1667223000, 7.52],
[1667309400, 7.5],
[1667395800, 7.49],
[1667482200, 7.61],
[1667568600, 7.57],
[1667655000, 7.53],
[1667741400, 7.45],
[1667827800, 7.36],
[1667914200, 7.51],
[1668000600, 7.54],
[1668087000, 7.64],
[1668173400, 7.65],
[1668259800, 7.65],
[1668346200, 7.69],
[1668432600, 7.7],
[1668519000, 7.68],
[1668605400, 8.94],
[1668691800, 8.85],
[1668778200, 8.53],
[1668864600, 8.41],
[1668951000, 8.48],
[1669037400, 8.51],
[1669123800, 9.78],
[1669210200, 9.62],
[1669296600, 9.58],
[1669383000, 9.54],
[1669469400, 10.29],
[1669555800, 10.22],
[1669642200, 10.26],
[1669728600, 10.35],
[1669815000, 10.37],
[1669901400, 9.94],
[1669987800, 9.81],
[1670074200, 9.05],
[1670160600, 8.91],
[1670247000, 8.72],
[1670333400, 9.54],
[1670419800, 9.49],
[1670506200, 8.96],
[1670592600, 8.84],
[1670679000, 8.75],
[1670765400, 8.65],
[1670851800, 8.6],
[1670938200, 8.5],
[1671024600, 9.26],
[1671111000, 8.77],
[1671197400, 8.7],
[1671283800, 8.65],
[1671370200, 8.58],
[1671456600, 8.54],
[1671543000, 8.34],
[1671629400, 8.16],
[1671715800, 8.7],
[1671802200, 8.59],
[1671888600, 8.57],
[1671975000, 8.33],
[1672061400, 8.26],
[1672147800, 8.13],
[1672234200, 7.91],
[1672320600, 7.39],
[1672407000, 7.48],
[1672493400, 7.17],
[1672579800, 7.41],
[1672666200, 7.37],
[1672752600, 7.28],
[1672839000, 7.22],
[1672925400, 7.24],
[1673011800, 7.2],
[1673098200, 7.14],
[1673184600, 7.06],
[1673271000, 7.02],
[1673357400, 7.03],
[1673443800, 7.29],
[1673530200, 8.25],
[1673616600, 8.19],
[1673703000, 8.15],
[1673789400, 8.07],
[1673875800, 8],
[1673962200, 8.01],
[1674048600, 7.95],
[1674135000, 7.91],
[1674221400, 7.9],
[1674307800, 7.87],
[1674394200, 7.84],
[1674480600, 8.1],
[1674567000, 8.8],
[1674653400, 8.7],
[1674739800, 8.53],
[1674826200, 8.4],
[1674912600, 8.53],
[1674999000, 8.56],
[1675085400, 8.55],
[1675171800, 8.55],
[1675258200, 8.52],
[1675344600, 8.43],
[1675431000, 8.35],
[1675517400, 8.48],
[1675603800, 8.42],
[1675690200, 8.41],
[1675776600, 8.4],
[1675863000, 8.4],
[1675949400, 8.36],
[1676035800, 8.35],
[1676122200, 8.34],
[1676208600, 8.32],
[1676295000, 8.31],
[1676381400, 8.27],
[1676467800, 8.25],
[1676554200, 8.22],
[1676640600, 8.19],
[1676727000, 8.18],
[1676813400, 8.15],
[1676899800, 12.81],
[1677072600, 9.63],
[1677159000, 9.54],
[1677245400, 9.53],
[1677331800, 9.53],
[1677418200, 9.46],
[1677504600, 9.35],
[1677591000, 8.5],
[1677677400, 9.25],
[1677763800, 9.17],
[1677850200, 9],
[1677936600, 8.94],
[1678023000, 8.89],
[1678109400, 8.6],
[1678195800, 8.16],
[1678282200, 7.82],
[1678368600, 7.69],
[1678455000, 8.06],
[1678541400, 7.95],
[1678627800, 8],
[1678714200, 7.97],
[1678800600, 8.04],
[1678887000, 8.33],
[1678973400, 8.21],
[1679059800, 8.32],
[1679146200, 8.18],
[1679232600, 8],
[1679319000, 8.06],
[1679405400, 8.13],
[1679491800, 8.17],
[1679578200, 8.13],
[1679664600, 8.12],
[1679751000, 8.09],
[1679837400, 8.08],
[1679923800, 8.07],
[1680010200, 8.47],
[1680096600, 8.53],
[1680183000, 8.49],
[1680269400, 8.37],
[1680355800, 8.37],
