[1635773400.0, 5.78],
[1635859800.0, 5.8149999999999995],
[1635946200.0, 5.8149999999999995],
[1636032600.0, 5.9350000000000005],
[1636119000.0, 6.035],
[1636205400.0, 6.335000000000001],
[1636291800.0, 6.565],
[1636378200.0, 6.5],
[1636464600.0, 6.49],
[1636551000.0, 6.3100000000000005],
[1636637400.0, 6.44],
[1636723800.0, 6.515000000000001],
[1636810200.0, 6.46],
[1636896600.0, 6.5600000000000005],
[1636983000.0, 6.32],
[1637069400.0, 6.390000000000001],
[1637155800.0, 6.6000000000000005],
[1637242200.0, 6.345000000000001],
[1637328600.0, 6.495],
[1637415000.0, 6.470000000000001],
[1637501400.0, 6.73],
[1637587800.0, 6.645],
[1637674200.0, 6.630000000000001],
[1637760600.0, 6.515000000000001],
[1637847000.0, 6.485],
[1637933400.0, 6.69],
[1638019800.0, 6.630000000000001],
[1638106200.0, 6.609999999999999],
[1638192600.0, 6.74],
[1638279000.0, 6.6850000000000005],
[1638365400.0, 6.575],
[1638451800.0, 6.635],
[1638538200.0, 6.49],
[1638624600.0, 6.390000000000001],
[1638711000.0, 6.41],
[1638797400.0, 6.36],
[1638883800.0, 6.385],
[1638970200.0, 6.41],
[1639056600.0, 6.615],
[1639143000.0, 6.51],
[1639229400.0, 6.6000000000000005],
[1639315800.0, 6.54],
[1639402200.0, 6.41],
[1639488600.0, 6.37],
[1639575000.0, 6.485],
[1639661400.0, 6.470000000000001],
[1639747800.0, 6.52],
[1639834200.0, 6.754999999999999],
[1639920600.0, 6.74],
[1640007000.0, 6.85],
[1640093400.0, 6.92],
[1640179800.0, 6.859999999999999],
[1640266200.0, 6.790000000000001],
[1640352600.0, 6.87],
[1640439000.0, 6.890000000000001],
[1640525400.0, 7.055],
[1640611800.0, 7.045],
[1640698200.0, 7.005000000000001],
[1640784600.0, 6.860000000000001],
[1640871000.0, 6.61],
[1640957400.0, 6.780000000000001],
[1641043800.0, 6.949999999999999],
[1641130200.0, 6.82],
[1641216600.0, 6.735],
[1641303000.0, 6.85],
[1641389400.0, 6.834999999999999],
[1641475800.0, 6.94],
[1641562200.0, 6.91],
[1641648600.0, 6.95],
[1641735000.0, 6.955],
[1641821400.0, 6.9350000000000005],
[1641907800.0, 6.92],
[1641994200.0, 6.890000000000001],
[1642080600.0, 6.83],
[1642167000.0, 6.895],
[1642253400.0, 6.79],
[1642339800.0, 6.89],
[1642426200.0, 7.05],
[1642512600.0, 7.08],
[1642599000.0, 7.005000000000001],
[1642685400.0, 7.03],
[1642771800.0, 7.015000000000001],
[1642858200.0, 7.125],
[1642944600.0, 7.220000000000001],
[1643031000.0, 7.21],
[1643117400.0, 7.29],
[1643203800.0, 7.085000000000001],
[1643290200.0, 7.359999999999999],
[1643376600.0, 7.119999999999999],
[1643463000.0, 6.765000000000001],
[1643549400.0, 7.125],
[1643635800.0, 7.125],
[1643722200.0, 7.125],
[1643808600.0, 7.535],
[1643895000.0, 7.489999999999999],
[1643981400.0, 7.445],
[1644067800.0, 7.535],
[1644154200.0, 7.46],
[1644240600.0, 7.465],
[1644327000.0, 7.385],
[1644413400.0, 7.465],
[1644499800.0, 7.42],
[1644586200.0, 7.3149999999999995],
[1644672600.0, 7.32],
[1644759000.0, 7.525],
[1644845400.0, 7.800000000000001],
[1644931800.0, 7.58],
[1645018200.0, 7.365],
[1645104600.0, 7.390000000000001],
[1645191000.0, 7.515],
[1645277400.0, 7.51],
[1645363800.0, 7.48],
[1645450200.0, 7.65],
[1645536600.0, 7.515000000000001],
[1645623000.0, 7.33],
[1645709400.0, 7.4750000000000005],
[1645795800.0, 7.395],
[1645882200.0, 7.4350000000000005],
[1645968600.0, 7.43],
[1646055000.0, 7.48],
[1646141400.0, 7.715000000000001],
[1646227800.0, 7.66],
[1646314200.0, 7.915],
[1646400600.0, 7.965],
[1646487000.0, 7.805],
[1646573400.0, 7.555],
[1646659800.0, 7.55],
[1646746200.0, 7.484999999999999],
[1646832600.0, 7.455000000000001],
[1646919000.0, 7.404999999999999],
[1647005400.0, 7.695],
[1647091800.0, 7.685],
[1647178200.0, 7.63],
[1647264600.0, 7.63],
[1647351000.0, 7.62],
[1647437400.0, 7.640000000000001],
[1647523800.0, 7.654999999999999],
[1647610200.0, 7.515],
[1647696600.0, 7.55],
[1647783000.0, 7.6899999999999995],
[1647869400.0, 7.630000000000001],
[1647955800.0, 7.66],
[1648042200.0, 7.705],
[1648128600.0, 7.7700000000000005],
[1648215000.0, 7.71],
[1648301400.0, 7.75],
[1648387800.0, 7.755],
[1648474200.0, 7.785],
[1648560600.0, 7.720000000000001],
[1648647000.0, 7.720000000000001],
[1648733400.0, 7.709999999999999],
[1648819800.0, 7.5],
[1648906200.0, 7.520000000000001],
[1648996200.0, 7.695],
[1649082600.0, 7.720000000000001],
[1649169000.0, 7.67],
[1649255400.0, 7.715],
[1649341800.0, 7.75],
[1649428200.0, 7.75],
[1649514600.0, 7.815],
[1649601000.0, 7.815],
[1649687400.0, 7.815],
[1649773800.0, 7.815],
[1649860200.0, 7.8100000000000005],
[1649946600.0, 7.715000000000001],
[1650033000.0, 7.6850000000000005],
[1650119400.0, 7.75],
[1650205800.0, 7.755],
[1650292200.0, 7.59],
[1650378600.0, 7.56],
[1650465000.0, 7.55],
[1650551400.0, 7.55],
[1650637800.0, 7.55],
[1650724200.0, 7.51],
[1650810600.0, 7.529999999999999],
[1650897000.0, 7.54],
[1650983400.0, 7.51],
[1651069800.0, 7.510000000000001],
[1651156200.0, 7.27],
[1651242600.0, 7.3100000000000005],
[1651329000.0, 7.265000000000001],
[1651415400.0, 7.355],
[1651501800.0, 7.234999999999999],
[1651588200.0, 7.359999999999999],
[1651674600.0, 7.4399999999999995],
[1651761000.0, 7.345],
[1651847400.0, 7.275],
[1651933800.0, 7.28],
[1652020200.0, 7.074999999999999],
[1652106600.0, 6.975],
[1652193000.0, 6.88],
[1652279400.0, 6.76],
[1652365800.0, 6.595],
[1652452200.0, 6.6],
[1652538600.0, 6.52],
[1652625000.0, 6.52],
[1652711400.0, 6.255000000000001],
[1652797800.0, 6.58],
[1652884200.0, 6.555],
[1652970600.0, 6.33],
[1653057000.0, 6.595000000000001],
[1653143400.0, 6.57],
[1653229800.0, 6.795],
[1653316200.0, 6.61],
[1653402600.0, 6.865],
[1653489000.0, 6.575],
[1653575400.0, 6.57],
[1653661800.0, 6.575000000000001],
[1653748200.0, 6.735],
[1653834600.0, 6.7299999999999995],
[1653921000.0, 6.705],
[1654007400.0, 6.755],
[1654093800.0, 6.755],
[1654180200.0, 6.805000000000001],
[1654266600.0, 6.83],
[1654353000.0, 6.790000000000001],
[1654439400.0, 6.885],
[1654525800.0, 6.855],
[1654612200.0, 6.705],
[1654698600.0, 6.654999999999999],
[1654785000.0, 6.555000000000001],
[1654871400.0, 6.66],
[1654957800.0, 6.645],
[1655044200.0, 6.625],
[1655130600.0, 6.58],
[1655217000.0, 6.725],
[1655303400.0, 6.75],
[1655389800.0, 6.73],
[1655476200.0, 6.69],
[1655562600.0, 6.825],
[1655649000.0, 6.61],
[1655735400.0, 6.805],
[1655821800.0, 6.75],
[1655908200.0, 6.765],
[1655994600.0, 6.715],
[1656081000.0, 6.61],
[1656167400.0, 6.65],
[1656253800.0, 6.755],
[1656340200.0, 6.85],
[1656426600.0, 6.755000000000001],
[1656513000.0, 6.695],
[1656599400.0, 6.675000000000001],
[1656685800.0, 6.715],
[1656772200.0, 6.65],
[1656858600.0, 6.725],
[1656945000.0, 6.734999999999999],
[1657031400.0, 6.69],
[1657117800.0, 6.715],
[1657204200.0, 6.640000000000001],
[1657290600.0, 6.58],
[1657377000.0, 6.41],
[1657463400.0, 6.215],
[1657549800.0, 6.54],
[1657636200.0, 6.675000000000001],
[1657722600.0, 6.385],
[1657809000.0, 6.48],
[1657895400.0, 6.465],
[1657981800.0, 6.51],
[1658068200.0, 6.515000000000001],
[1658154600.0, 6.36],
[1658241000.0, 6.38],
[1658327400.0, 6.43],
[1658413800.0, 6.395000000000001],
[1658500200.0, 6.4],
[1658586600.0, 6.574999999999999],
[1658673000.0, 6.5],
[1658759400.0, 6.5],
[1658845800.0, 6.42],
[1658932200.0, 6.525],
[1659018600.0, 6.635],
[1659105000.0, 6.605],
[1659191400.0, 6.710000000000001],
[1659277800.0, 6.65],
[1659364200.0, 6.635],
[1659450600.0, 6.700000000000001],
[1659537000.0, 6.859999999999999],
[1659623400.0, 6.779999999999999],
[1659709800.0, 6.83],
[1659796200.0, 6.92],
[1659882600.0, 7],
[1659969000.0, 6.87],
[1660055400.0, 6.8],
[1660141800.0, 6.76],
[1660228200.0, 6.765000000000001],
[1660314600.0, 6.73],
[1660401000.0, 6.73],
[1660487400.0, 6.73],
[1660573800.0, 6.73],
[1660660200.0, 7.334999999999999],
[1660746600.0, 7.38],
[1660833000.0, 7.43],
[1660919400.0, 7.18],
[1661005800.0, 7.215],
[1661092200.0, 7.17],
[1661178600.0, 7.295],
[1661265000.0, 7.279999999999999],
[1661351400.0, 7.25],
[1661437800.0, 7.180000000000001],
[1661524200.0, 7.2],
[1661610600.0, 7.135],
[1661697000.0, 7.005000000000001],
[1661783400.0, 7.039999999999999],
[1661869800.0, 7.029999999999999],
[1661956200.0, 7.025],
[1662042600.0, 7.035],
[1662129000.0, 7.13],
[1662215400.0, 7.145],
[1662301800.0, 7.145],
[1662388200.0, 7.115],
[1662474600.0, 7.1],
[1662561000.0, 6.965000000000001],
[1662647400.0, 6.9399999999999995],
[1662733800.0, 6.885],
[1662820200.0, 6.65],
[1662906600.0, 6.645],
[1662993000.0, 6.5600000000000005],
[1663079400.0, 6.725],
[1663165800.0, 6.825],
[1663252200.0, 6.915],
[1663338600.0, 6.930000000000001],
[1663425000.0, 6.975],
[1663511400.0, 7.120000000000001],
[1663597800.0, 7.105],
[1663684200.0, 6.83],
[1663770600.0, 6.664999999999999],
[1663857000.0, 6.705],
[1663943400.0, 6.635],
[1664029800.0, 6.73],
[1664116200.0, 6.609999999999999],
[1664202600.0, 6.675000000000001],
[1664289000.0, 6.49],
[1664375400.0, 6.465000000000001],
[1664461800.0, 6.440000000000001],
[1664548200.0, 6.66],
[1664634600.0, 6.66],
[1664717400.0, 6.620000000000001],
[1664803800.0, 6.61],
[1664890200.0, 6.484999999999999],
[1664976600.0, 6.58],
[1665063000.0, 6.605],
[1665149400.0, 6.485],
[1665235800.0, 6.4],
[1665322200.0, 6.32],
[1665408600.0, 6.35],
[1665495000.0, 6.42],
[1665581400.0, 6.485],
[1665667800.0, 6.465],
[1665754200.0, 6.43],
[1665840600.0, 6.4350000000000005],
[1665927000.0, 6.3950000000000005],
[1666013400.0, 6.390000000000001],
[1666099800.0, 6.28],
[1666186200.0, 6.3100000000000005],
[1666272600.0, 6.415000000000001],
[1666359000.0, 6.595000000000001],
[1666445400.0, 6.585],
[1666531800.0, 6.635],
[1666618200.0, 6.34],
[1666704600.0, 6.195],
[1666791000.0, 6.65],
[1666877400.0, 6.640000000000001],
[1666963800.0, 6.57],
[1667050200.0, 6.4350000000000005],
[1667136600.0, 6.355],
[1667223000.0, 6.355],
[1667309400.0, 6.255000000000001],
[1667395800.0, 6.415000000000001],
[1667482200.0, 6.42],
[1667568600.0, 6.515],
[1667655000.0, 6.61],
[1667741400.0, 6.5600000000000005],
[1667827800.0, 6.53],
[1667914200.0, 6.525],
[1668000600.0, 6.675000000000001],
[1668087000.0, 6.765000000000001],
[1668173400.0, 6.755],
[1668259800.0, 6.9750000000000005],
[1668346200.0, 6.955],
[1668432600.0, 7.14],
[1668519000.0, 6.965],
[1668605400.0, 7.0600000000000005],
[1668691800.0, 7.115],
[1668778200.0, 7.085],
[1668864600.0, 7.12],
[1668951000.0, 7.07],
[1669037400.0, 7.135],
[1669123800.0, 7.180000000000001],
[1669210200.0, 7.119999999999999],
[1669296600.0, 7.055],
[1669383000.0, 7.025],
[1669469400.0, 6.93],
[1669555800.0, 6.825],
[1669642200.0, 6.805000000000001],
[1669728600.0, 6.84],
[1669815000.0, 6.710000000000001],
[1669901400.0, 6.675000000000001],
[1669987800.0, 6.6850000000000005],
[1670074200.0, 6.69],
[1670160600.0, 6.62],
[1670247000.0, 6.575],
[1670333400.0, 6.635],
[1670419800.0, 6.530000000000001],
[1670506200.0, 6.605],
[1670592600.0, 6.57],
[1670679000.0, 6.545],
[1670765400.0, 6.7250000000000005],
[1670851800.0, 6.675000000000001],
[1670938200.0, 6.75],
[1671024600.0, 6.745000000000001],
[1671111000.0, 6.705],
[1671197400.0, 6.84],
[1671283800.0, 7.065],
[1671370200.0, 6.985],
[1671456600.0, 7.049999999999999],
[1671543000.0, 6.985],
[1671629400.0, 6.859999999999999],
[1671715800.0, 6.99],
[1671802200.0, 6.94],
[1671888600.0, 6.5],
[1671975000.0, 6.475],
[1672061400.0, 6.42],
[1672147800.0, 6.420000000000001],
[1672234200.0, 6.375],
[1672320600.0, 6.82],
[1672407000.0, 6.725],
[1672493400.0, 6.66],
[1672579800.0, 6.535],
[1672666200.0, 6.255],
[1672752600.0, 6.095000000000001],
[1672839000.0, 6.24],
[1672925400.0, 6.665],
[1673011800.0, 6.635],
[1673098200.0, 6.745],
[1673184600.0, 6.91],
[1673271000.0, 6.8],
[1673357400.0, 6.775],
[1673443800.0, 6.880000000000001],
[1673530200.0, 6.925],
[1673616600.0, 7.3999999999999995],
[1673703000.0, 7.529999999999999],
[1673789400.0, 7.345000000000001],
[1673875800.0, 7.42],
[1673962200.0, 7.34],
[1674048600.0, 7.24],
[1674135000.0, 7.155],
[1674221400.0, 7.275],
[1674307800.0, 7.369999999999999],
[1674394200.0, 7.279999999999999],
[1674480600.0, 7.290000000000001],
[1674567000.0, 7.340000000000001],
[1674653400.0, 7.325000000000001],
[1674739800.0, 7.3950000000000005],
[1674826200.0, 7.275],
[1674912600.0, 7.3950000000000005],
[1674999000.0, 7.49],
[1675085400.0, 7.494999999999999],
[1675171800.0, 7.614999999999999],
[1675258200.0, 7.635],
[1675344600.0, 7.654999999999999],
[1675431000.0, 7.654999999999999],
[1675517400.0, 7.6450000000000005],
[1675603800.0, 7.870000000000001],
[1675690200.0, 7.75],
[1675776600.0, 7.74],
[1675863000.0, 8.05],
[1675949400.0, 8.05],
