[1635773400.0, 19.638963746886336],
[1635859800.0, 19.582109463384256],
[1635946200.0, 19.719511475794754],
[1636032600.0, 20.434666550434976],
[1636119000.0, 20.377606107070676],
[1636205400.0, 20.621626293504303],
[1636291800.0, 19.915400698433288],
[1636378200.0, 20.000063265322986],
[1636464600.0, 20.116461435454926],
[1636551000.0, 19.5475105568227],
[1636637400.0, 19.993922456329656],
[1636723800.0, 19.945888740524996],
[1636810200.0, 20.006362653000856],
[1636896600.0, 20.50344112497268],
[1636983000.0, 20.32718081456526],
[1637069400.0, 20.25001062584025],
[1637155800.0, 20.32570580671253],
[1637242200.0, 19.98031849791262],
[1637328600.0, 20.448606745837598],
[1637415000.0, 20.823493117375396],
[1637501400.0, 20.19880101649372],
[1637587800.0, 20.3533421357427],
[1637674200.0, 19.985357934875385],
[1637760600.0, 19.71550543564446],
[1637847000.0, 19.4300199388049],
[1637933400.0, 20.043665643717667],
[1638019800.0, 19.59694927997927],
[1638106200.0, 19.659828766880167],
[1638192600.0, 19.345690169080626],
[1638279000.0, 18.62028569246581],
[1638365400.0, 19.53479335256761],
[1638451800.0, 19.798142805362545],
[1638538200.0, 20.436529376098072],
[1638624600.0, 20.170508896555834],
[1638711000.0, 21.17631084423412],
[1638797400.0, 21.10067406360015],
[1638883800.0, 21.672386750355308],
[1638970200.0, 21.527191889628913],
[1639056600.0, 21.55976148325164],
[1639143000.0, 20.869675841545313],
[1639229400.0, 22.01642332280574],
[1639315800.0, 21.569417838507196],
[1639402200.0, 21.41109157372947],
[1639488600.0, 21.747075913556735],
[1639575000.0, 21.27101010731593],
[1639661400.0, 21.21061315010589],
[1639747800.0, 20.658216055463708],
[1639834200.0, 21.205912766501275],
[1639920600.0, 22.044062552513047],
[1640007000.0, 21.963364635252027],
[1640093400.0, 21.800793186616684],
[1640179800.0, 20.611222592482893],
[1640266200.0, 20.918212024701923],
[1640352600.0, 21.148564252599467],
[1640439000.0, 22.35114749396873],
[1640525400.0, 22.382939694745026],
[1640611800.0, 21.829568628102248],
[1640698200.0, 22.253910658122038],
[1640784600.0, 22.469394128682374],
[1640871000.0, 21.880927391183114],
[1640957400.0, 22.708632562489747],
[1641043800.0, 23.03372614540119],
[1641130200.0, 22.837627106706627],
[1641216600.0, 23.720821757470862],
[1641303000.0, 23.167167734176047],
[1641389400.0, 23.371843526758603],
[1641475800.0, 24.098615925675233],
[1641562200.0, 24.57015012393249],
[1641648600.0, 23.378574135363248],
[1641735000.0, 23.42964981903246],
[1641821400.0, 23.726743985915725],
[1641907800.0, 23.40352310073263],
[1641994200.0, 23.594293122254676],
[1642080600.0, 23.499782732724846],
[1642167000.0, 23.956373021555407],
[1642253400.0, 23.78434877640388],
[1642339800.0, 23.662360823943075],
[1642426200.0, 23.7830527506378],
[1642512600.0, 23.625020005156586],
[1642599000.0, 23.150476284056765],
[1642685400.0, 23.244527205769437],
[1642771800.0, 24.053901354841805],
[1642858200.0, 23.355517832169305],
[1642944600.0, 23.090362957658876],
[1643031000.0, 22.80683867948109],
[1643117400.0, 23.34011691815547],
[1643203800.0, 22.83126741797051],
[1643290200.0, 23.05876156361461],
[1643376600.0, 22.6711292732444],
[1643463000.0, 22.954756222820777],
[1643549400.0, 22.747028490471376],
[1643635800.0, 22.747028490471376],
[1643722200.0, 22.747028490471376],
[1643808600.0, 22.895272957405602],
[1643895000.0, 23.175372472476198],
[1643981400.0, 22.943449308817204],
[1644067800.0, 23.082837859367935],
[1644154200.0, 23.50115112211331],
[1644240600.0, 22.799048737985725],
[1644327000.0, 23.09959700004495],
[1644413400.0, 23.14054429449711],
[1644499800.0, 23.023988830628117],
[1644586200.0, 23.50340760205411],
[1644672600.0, 23.812607977023216],
[1644759000.0, 24.092473478266776],
[1644845400.0, 23.288947826792917],
[1644931800.0, 23.68946399191717],
[1645018200.0, 23.597528976630585],
[1645104600.0, 23.74440177181448],
[1645191000.0, 24.018406527651177],
[1645277400.0, 24.55841202075241],
[1645363800.0, 24.635250878987286],
[1645450200.0, 23.88222954185066],
[1645536600.0, 23.577658251173105],
[1645623000.0, 23.723185997824086],
[1645709400.0, 24.03859919140966],
[1645795800.0, 24.036276866554385],
[1645882200.0, 24.296435015207155],
[1645968600.0, 24.027367992747298],
[1646055000.0, 23.871302571504636],
[1646141400.0, 23.83573033454746],
[1646227800.0, 23.781737628667777],
[1646314200.0, 23.78525027941121],
[1646400600.0, 24.627767603326365],
[1646487000.0, 24.21686817005987],
[1646573400.0, 24.56488232792524],
[1646659800.0, 24.0323027092103],
[1646746200.0, 24.25029965079353],
[1646832600.0, 24.45984753099383],
[1646919000.0, 24.32187357579953],
[1647005400.0, 24.038777559488402],
[1647091800.0, 24.402512195485453],
[1647178200.0, 25.22619575947691],
[1647264600.0, 24.937801560819892],
[1647351000.0, 24.86437601192533],
[1647437400.0, 24.321426102349808],
[1647523800.0, 24.34408882188564],
[1647610200.0, 25.04728956592301],
[1647696600.0, 24.68917526984092],
[1647783000.0, 25.43434684313946],
[1647869400.0, 24.708073083002933],
[1647955800.0, 24.757341737430615],
[1648042200.0, 24.545076570900374],
[1648128600.0, 24.359976568312096],
[1648215000.0, 24.411667446292853],
[1648301400.0, 24.55977745763102],
[1648387800.0, 25.50199928628547],
[1648474200.0, 24.888650927014474],
[1648560600.0, 24.75579617296297],
[1648647000.0, 24.31476650285975],
[1648733400.0, 24.453770890499094],
[1648819800.0, 24.51142707071636],
[1648906200.0, 24.87223510748371],
[1648996200.0, 25.03918682263022],
[1649082600.0, 25.337039210717236],
[1649169000.0, 25.646970560676696],
[1649255400.0, 26.162264861191396],
[1649341800.0, 25.832289186120498],
[1649428200.0, 25.676570457751524],
[1649514600.0, 26.01949615951191],
[1649601000.0, 26.134427029298205],
[1649687400.0, 25.891539791641286],
[1649773800.0, 26.390870900174317],
[1649860200.0, 25.910834569479945],
[1649946600.0, 26.57786886570069],
[1650033000.0, 25.93439050518428],
[1650119400.0, 25.6258447859803],
[1650205800.0, 25.834188994535605],
[1650292200.0, 25.989128994956125],
[1650378600.0, 25.67126927433054],
[1650465000.0, 26.281116623259756],
[1650551400.0, 26.281116623259756],
[1650637800.0, 26.281116623259756],
[1650724200.0, 26.67062398348319],
[1650810600.0, 26.194740322626565],
[1650897000.0, 26.32531196189327],
[1650983400.0, 26.36119578066387],
[1651069800.0, 26.698240318986297],
[1651156200.0, 25.565396772760888],
[1651242600.0, 25.11544832128134],
[1651329000.0, 25.704794996623576],
[1651415400.0, 25.05528078118446],
[1651501800.0, 25.340388370849503],
[1651588200.0, 25.337989226873553],
[1651674600.0, 23.5694994144045],
[1651761000.0, 23.99388312693314],
[1651847400.0, 24.42227606222471],
[1651933800.0, 24.241512850809904],
[1652020200.0, 24.37760892123046],
[1652106600.0, 24.60158699783129],
[1652193000.0, 24.232142737967305],
[1652279400.0, 24.223107224088743],
[1652365800.0, 24.39460751152346],
[1652452200.0, 24.343466785593936],
[1652538600.0, 24.625796225964145],
[1652625000.0, 24.58877575883926],
[1652711400.0, 24.323245982500858],
[1652797800.0, 24.54103922567047],
[1652884200.0, 24.551398425154193],
[1652970600.0, 24.178694071732856],
[1653057000.0, 24.20344121040725],
[1653143400.0, 23.933875011942447],
[1653229800.0, 23.61381313573311],
[1653316200.0, 24.21693491066193],
[1653402600.0, 24.221687403157134],
[1653489000.0, 24.786768135926753],
[1653575400.0, 24.411574055121683],
[1653661800.0, 24.23765152633362],
[1653748200.0, 23.902442248838653],
[1653834600.0, 23.76287091276867],
[1653921000.0, 23.870626730056053],
[1654007400.0, 23.863759985337524],
[1654093800.0, 24.47723741318889],
[1654180200.0, 24.367145780333725],
[1654266600.0, 23.914349893320296],
[1654353000.0, 24.12676219046684],
[1654439400.0, 23.751877734527614],
[1654525800.0, 23.904025018091566],
[1654612200.0, 25.126434973325274],
[1654698600.0, 24.15678071447922],
[1654785000.0, 24.345464524117208],
[1654871400.0, 24.573491542763858],
[1654957800.0, 23.944038188401635],
[1655044200.0, 24.297018911460334],
[1655130600.0, 24.076390297955562],
[1655217000.0, 24.186741323362504],
[1655303400.0, 25.4351948400483],
[1655389800.0, 24.74191301731064],
[1655476200.0, 23.493423514490587],
[1655562600.0, 23.85917455606476],
[1655649000.0, 23.791160689206787],
[1655735400.0, 23.148598440895658],
[1655821800.0, 22.276853361792988],
[1655908200.0, 22.334952589652996],
[1655994600.0, 21.92967862876712],
[1656081000.0, 21.724476426948403],
[1656167400.0, 22.20899663417998],
[1656253800.0, 22.099584632605506],
[1656340200.0, 21.85472812569357],
[1656426600.0, 21.861333102164313],
[1656513000.0, 21.883682189286375],
[1656599400.0, 22.622037587506618],
[1656685800.0, 23.125887096649574],
[1656772200.0, 22.577444423437324],
[1656858600.0, 22.390830613355472],
[1656945000.0, 22.666742929292468],
[1657031400.0, 22.289630669315624],
[1657117800.0, 22.020049613871123],
[1657204200.0, 22.314112837418364],
[1657290600.0, 22.22015459717202],
[1657377000.0, 21.94069322609993],
[1657463400.0, 21.903807428626934],
[1657549800.0, 21.799434813316253],
[1657636200.0, 21.895715692165826],
[1657722600.0, 23.246556852426966],
[1657809000.0, 22.996595635696828],
[1657895400.0, 23.409150622847935],
[1657981800.0, 23.906131002557157],
[1658068200.0, 23.52835347134321],
[1658154600.0, 23.51669509801006],
[1658241000.0, 23.378636846151394],
[1658327400.0, 24.36961323165597],
[1658413800.0, 23.42378904992454],
[1658500200.0, 23.666651446085815],
[1658586600.0, 23.54724957875115],
[1658673000.0, 23.482299063576658],
[1658759400.0, 23.378395175171296],
[1658845800.0, 23.1201670060115],
[1658932200.0, 22.86354124517284],
[1659018600.0, 23.30998881164105],
[1659105000.0, 23.182453065616954],
[1659191400.0, 23.69592348853698],
[1659277800.0, 23.672660407328923],
[1659364200.0, 23.553764858732105],
[1659450600.0, 23.701488998023983],
[1659537000.0, 23.89396012724574],
[1659623400.0, 23.480569741482114],
[1659709800.0, 23.58507251409703],
[1659796200.0, 23.498647602357778],
[1659882600.0, 24.340233516063037],
[1659969000.0, 23.811294750470942],
[1660055400.0, 24.230692622798617],
[1660141800.0, 24.027059461154703],
[1660228200.0, 23.917481507043366],
[1660314600.0, 24.216269968437693],
[1660401000.0, 24.216269968437693],
[1660487400.0, 24.216269968437693],
[1660573800.0, 24.216269968437693],
[1660660200.0, 23.75114831931125],
[1660746600.0, 23.25444174432929],
[1660833000.0, 23.906057418751743],
[1660919400.0, 24.182313408861706],
[1661005800.0, 23.888229869023043],
[1661092200.0, 23.66231430066325],
[1661178600.0, 24.020163464943888],
[1661265000.0, 24.101059768809588],
[1661351400.0, 22.92638881832586],
[1661437800.0, 23.33367886595073],
[1661524200.0, 23.133684830555037],
[1661610600.0, 23.42333410139789],
[1661697000.0, 23.501545190759625],
[1661783400.0, 24.46787790512682],
[1661869800.0, 23.26125619685849],
[1661956200.0, 23.502311015945054],
[1662042600.0, 22.92676737913782],
[1662129000.0, 23.069564202197824],
[1662215400.0, 22.68718907002525],
[1662301800.0, 23.18877347824436],
[1662388200.0, 23.17715973137316],
[1662474600.0, 23.185679149542526],
[1662561000.0, 23.121211014301643],
[1662647400.0, 23.826664072333894],
[1662733800.0, 23.190723307202255],
[1662820200.0, 23.669385285416332],
[1662906600.0, 23.535028756297802],
[1662993000.0, 23.206938271583113],
[1663079400.0, 22.84801810879039],
[1663165800.0, 22.542395148689167],
[1663252200.0, 22.673335736967886],
[1663338600.0, 22.734507130664028],
[1663425000.0, 23.23537328812133],
[1663511400.0, 22.73015315154816],
[1663597800.0, 22.501487780131182],
[1663684200.0, 22.093524183797165],
[1663770600.0, 21.81476224175102],
[1663857000.0, 21.930062601473274],
[1663943400.0, 21.66014788753494],
[1664029800.0, 21.542204510200598],
[1664116200.0, 21.5501269818713],
[1664202600.0, 22.249114361622606],
[1664289000.0, 21.7634673091266],
[1664375400.0, 21.709702029845886],
[1664461800.0, 21.934478591082065],
[1664548200.0, 21.664546623996177],
[1664634600.0, 22.13536249253647],
[1664717400.0, 21.93295749284495],
[1664803800.0, 22.45246303579873],
[1664890200.0, 22.583829081813313],
[1664976600.0, 22.3998769397037],
[1665063000.0, 22.375763355090456],
[1665149400.0, 22.709271276324646],
[1665235800.0, 22.83716898481321],
[1665322200.0, 22.932347956959006],
[1665408600.0, 23.104037454059178],
[1665495000.0, 22.973609698208925],
[1665581400.0, 23.090867546501464],
[1665667800.0, 22.74696858392383],
[1665754200.0, 22.622593354812683],
[1665840600.0, 23.006111898118377],
[1665927000.0, 22.678934885421324],
[1666013400.0, 22.418349470350158],
[1666099800.0, 22.879535258761877],
[1666186200.0, 22.827303607235],
[1666272600.0, 22.625860838045085],
[1666359000.0, 22.29252259733562],
[1666445400.0, 21.787187803862224],
[1666531800.0, 22.3801627096543],
[1666618200.0, 21.808278954097975],
[1666704600.0, 20.966203061180014],
[1666791000.0, 21.822027509605135],
[1666877400.0, 22.199555698767703],
[1666963800.0, 21.66471556516538],
[1667050200.0, 21.239840966811112],
[1667136600.0, 22.052717378114416],
[1667223000.0, 21.527302667846495],
[1667309400.0, 21.873865517032506],
[1667395800.0, 22.056294043943094],
[1667482200.0, 22.300979596607732],
[1667568600.0, 22.271636591672046],
[1667655000.0, 22.244551753899273],
[1667741400.0, 22.51597178124713],
[1667827800.0, 22.13136579467987],
[1667914200.0, 22.168423891311868],
[1668000600.0, 22.637296087513533],
[1668087000.0, 22.287929745633264],
[1668173400.0, 22.25769309774732],
[1668259800.0, 22.506666260849872],
[1668346200.0, 22.268444354389914],
[1668432600.0, 22.696856218233677],
[1668519000.0, 22.53897626351862],
[1668605400.0, 23.15401210140763],
[1668691800.0, 22.909216898957848],
[1668778200.0, 22.27961226197892],
[1668864600.0, 22.19273573662958],
[1668951000.0, 21.791930507377845],
[1669037400.0, 21.588600507276347],
[1669123800.0, 21.65687423828239],
[1669210200.0, 21.29432520036072],
[1669296600.0, 21.13924989217472],
[1669383000.0, 20.910198246141128],
[1669469400.0, 20.937388934920204],
[1669555800.0, 21.2093091036566],
[1669642200.0, 21.426815359013137],
[1669728600.0, 21.373359249682252],
[1669815000.0, 20.846424200958197],
[1669901400.0, 22.190453027186926],
[1669987800.0, 22.334721565961086],
[1670074200.0, 22.787177552534942],
[1670160600.0, 22.65007468633457],
[1670247000.0, 22.31523307124593],
[1670333400.0, 22.815081670932763],
[1670419800.0, 22.77524028107862],
[1670506200.0, 21.972972978956932],
[1670592600.0, 23.11717358999846],
[1670679000.0, 22.597479525171373],
[1670765400.0, 22.40819783240731],
[1670851800.0, 22.740884296355297],
[1670938200.0, 21.8697762621315],
[1671024600.0, 22.10272653122395],
[1671111000.0, 22.308288621784897],
[1671197400.0, 22.138314235695756],
[1671283800.0, 22.457363783773452],
[1671370200.0, 22.821025293092635],
[1671456600.0, 22.74772831908992],
[1671543000.0, 23.09044292928825],
[1671629400.0, 23.768513155894542],
[1671715800.0, 23.482346978884454],
[1671802200.0, 23.830211037214298],
[1671888600.0, 23.4774971984278],
[1671975000.0, 23.646557929807795],
[1672061400.0, 23.600265401824238],
[1672147800.0, 23.372470313145218],
[1672234200.0, 21.86725105342859],
[1672320600.0, 21.930301978786165],
[1672407000.0, 22.270492200888683],
[1672493400.0, 23.10206268583877],
[1672579800.0, 22.240345107071725],
[1672666200.0, 22.446368582165675],
[1672752600.0, 22.514531035255178],
[1672839000.0, 24.118361846357107],
[1672925400.0, 23.365851371197472],
[1673011800.0, 23.75176958400835],
[1673098200.0, 24.63513162315395],
[1673184600.0, 24.21032698268168],
[1673271000.0, 24.041737400970412],
[1673357400.0, 24.201414292245914],
[1673443800.0, 24.335921565420506],
[1673530200.0, 24.020323932915304],
[1673616600.0, 24.749686689544095],
[1673703000.0, 24.487181260217053],
[1673789400.0, 24.824878779922628],
[1673875800.0, 25.024646942322114],
[1673962200.0, 24.447201831934457],
[1674048600.0, 24.608539204060914],
[1674135000.0, 25.002025142430035],
[1674221400.0, 24.52819325776445],
[1674307800.0, 25.511527151872297],
[1674394200.0, 25.55165148254549],
[1674480600.0, 25.62144251519853],
[1674567000.0, 24.229050832436545],
[1674653400.0, 25.310566117075656],
[1674739800.0, 24.71002957366008],
[1674826200.0, 24.99114899387237],
[1674912600.0, 25.55783016188626],
[1674999000.0, 25.256394742594324],
[1675085400.0, 25.294150445164394],
[1675171800.0, 25.331711618388653],
[1675258200.0, 25.092040846774943],
[1675344600.0, 25.31042510988916],
[1675431000.0, 25.504861657924174],
[1675517400.0, 25.73528276269242],
[1675603800.0, 25.40327050783926],
[1675690200.0, 26.07897251213653],
[1675776600.0, 25.4785113853464],
[1675863000.0, 25.478181924722783],
[1675949400.0, 25.478181924722783],
