[1635773400.0, 5.496373999999999],
[1635859800.0, 5.4408719],
[1635946200.0, 5.5522451],
[1636032600.0, 5.4931448000000005],
[1636119000.0, 5.505898599999999],
[1636205400.0, 5.374666799999999],
[1636291800.0, 5.2523146],
[1636378200.0, 5.326994300000001],
[1636464600.0, 5.313555900000001],
[1636551000.0, 5.3256013],
[1636637400.0, 5.412823899999999],
[1636723800.0, 5.3983095],
[1636810200.0, 5.2345272000000005],
[1636896600.0, 5.445678000000001],
[1636983000.0, 5.4335694],
[1637069400.0, 5.3623965],
[1637155800.0, 5.2428305],
[1637242200.0, 5.227822100000001],
[1637328600.0, 5.3090893],
[1637415000.0, 5.3147421],
[1637501400.0, 5.3735342],
[1637587800.0, 5.434284099999999],
[1637674200.0, 5.3507808],
[1637760600.0, 5.3157117],
[1637847000.0, 5.3027478],
[1637933400.0, 5.348332599999999],
[1638019800.0, 5.3008374],
[1638106200.0, 5.296941299999999],
[1638192600.0, 5.335278000000001],
[1638279000.0, 5.455928400000001],
[1638365400.0, 4.666178600000001],
[1638451800.0, 4.786494200000001],
[1638538200.0, 4.865510600000001],
[1638624600.0, 4.820615600000001],
[1638711000.0, 4.818377200000001],
[1638797400.0, 4.910499100000001],
[1638883800.0, 5.175065399999999],
[1638970200.0, 5.1559505],
[1639056600.0, 5.154219300000001],
[1639143000.0, 5.1246],
[1639229400.0, 5.6981402],
[1639315800.0, 5.7095405],
[1639402200.0, 5.6497835],
[1639488600.0, 5.2828031],
[1639575000.0, 5.1700283],
[1639661400.0, 5.1732186],
[1639747800.0, 5.2580279],
[1639834200.0, 5.367789899999999],
[1639920600.0, 5.333415],
[1640007000.0, 5.2670181],
[1640093400.0, 5.207257000000001],
[1640179800.0, 5.221600500000001],
[1640266200.0, 5.2949631],
[1640352600.0, 5.793327000000001],
[1640439000.0, 5.7719161],
[1640525400.0, 5.6231263],
[1640611800.0, 5.7936455],
[1640698200.0, 5.7997174000000005],
[1640784600.0, 5.8694842000000005],
[1640871000.0, 5.666968400000001],
[1640957400.0, 5.640812500000001],
[1641043800.0, 5.751707800000001],
[1641130200.0, 5.7846025],
[1641216600.0, 5.693567100000001],
[1641303000.0, 5.708090900000001],
[1641389400.0, 5.504750800000001],
[1641475800.0, 5.609738900000002],
[1641562200.0, 5.615102800000001],
[1641648600.0, 5.598442600000001],
[1641735000.0, 5.4602759999999995],
[1641821400.0, 5.5290577],
[1641907800.0, 5.106964500000001],
[1641994200.0, 5.1197527],
[1642080600.0, 5.1438404],
[1642167000.0, 5.0928651],
[1642253400.0, 5.0689581],
[1642339800.0, 5.0704693],
[1642426200.0, 5.037945500000001],
[1642512600.0, 5.0274585],
[1642599000.0, 5.632920300000001],
[1642685400.0, 5.594574600000001],
[1642771800.0, 5.6223259],
[1642858200.0, 5.1956538000000005],
[1642944600.0, 5.1532786],
[1643031000.0, 5.742485],
[1643117400.0, 5.748278200000001],
[1643203800.0, 5.6988766],
[1643290200.0, 4.919211000000001],
[1643376600.0, 4.8686339],
[1643463000.0, 4.8576575],
[1643549400.0, 5.033549000000001],
[1643635800.0, 5.033549000000001],
[1643722200.0, 5.033549000000001],
[1643808600.0, 4.974174200000001],
[1643895000.0, 5.2623693000000005],
[1643981400.0, 5.1872423],
[1644067800.0, 5.1542164],
[1644154200.0, 5.1027705],
[1644240600.0, 5.030204],
[1644327000.0, 4.9129023],
[1644413400.0, 4.8670857],
[1644499800.0, 4.843871900000002],
[1644586200.0, 4.7685452999999995],
[1644672600.0, 4.7957328],
[1644759000.0, 4.8028371000000005],
[1644845400.0, 4.772555500000001],
[1644931800.0, 4.8244047000000005],
[1645018200.0, 4.905880300000001],
[1645104600.0, 5.088697300000001],
[1645191000.0, 5.2838237],
[1645277400.0, 5.162547],
[1645363800.0, 5.252952700000001],
[1645450200.0, 5.066531200000002],
[1645536600.0, 5.089446200000001],
[1645623000.0, 5.0253567],
[1645709400.0, 5.0286083],
[1645795800.0, 4.9621071],
[1645882200.0, 5.888703770937191],
[1645968600.0, 5.939914649638833],
[1646055000.0, 5.9972801],
[1646141400.0, 6.0448784],
[1646227800.0, 6.086042000000001],
[1646314200.0, 5.926842300000001],
[1646400600.0, 5.9186474],
[1646487000.0, 5.9180154],
[1646573400.0, 6.0533326],
[1646659800.0, 6.011592200000001],
[1646746200.0, 5.968473100000001],
[1646832600.0, 5.885141600000001],
[1646919000.0, 5.831309200000001],
[1647005400.0, 5.836852600000001],
[1647091800.0, 5.8040342],
[1647178200.0, 5.807350600000001],
[1647264600.0, 5.7779949],
[1647351000.0, 5.9302907000000005],
[1647437400.0, 5.9047289],
[1647523800.0, 6.0354087000000005],
[1647610200.0, 5.972118399999999],
[1647696600.0, 5.9257227],
[1647783000.0, 5.8344167],
[1647869400.0, 5.765151599999999],
[1647955800.0, 5.917558700000001],
[1648042200.0, 5.7760299],
[1648128600.0, 5.713693900000001],
[1648215000.0, 6.0891799],
[1648301400.0, 6.038533500000001],
[1648387800.0, 6.0891244],
[1648474200.0, 6.077620600000001],
[1648560600.0, 5.553829200000001],
[1648647000.0, 5.4161416000000004],
[1648733400.0, 5.3775154],
