[1635773400.0, 18.46],
[1635859800.0, 18.46],
[1635946200.0, 18.46],
[1636032600.0, 18.46],
[1636119000.0, 18.46],
[1636205400.0, 18.46],
[1636291800.0, 18.380000000000003],
[1636378200.0, 18.299999999999997],
[1636464600.0, 18.22],
[1636551000.0, 18.46],
[1636637400.0, 18.46],
[1636723800.0, 18.46],
[1636810200.0, 18.46],
[1636896600.0, 18.46],
[1636983000.0, 18.46],
[1637069400.0, 18.46],
[1637155800.0, 18.46],
[1637242200.0, 18.46],
[1637328600.0, 18.46],
[1637415000.0, 18.46],
[1637501400.0, 18.46],
[1637587800.0, 18.46],
[1637674200.0, 18.46],
[1637760600.0, 18.46],
[1637847000.0, 18.46],
[1637933400.0, 18.46],
[1638019800.0, 18.46],
[1638106200.0, 18.46],
[1638192600.0, 18.46],
[1638279000.0, 16.43],
[1638365400.0, 16.43],
[1638451800.0, 16.43],
[1638538200.0, 14.81],
[1638624600.0, 14.81],
[1638711000.0, 14.819999999999999],
[1638797400.0, 14.819999999999999],
[1638883800.0, 14.819999999999999],
[1638970200.0, 14.83],
[1639056600.0, 14.83],
[1639143000.0, 16.47],
[1639229400.0, 16.47],
[1639315800.0, 16.47],
[1639402200.0, 16.47],
[1639488600.0, 16.47],
[1639575000.0, 16.47],
[1639661400.0, 16.48],
[1639747800.0, 16.48],
[1639834200.0, 16.48],
[1639920600.0, 16.48],
[1640007000.0, 16.48],
[1640093400.0, 16.47],
[1640179800.0, 16.459999999999997],
[1640266200.0, 16.459999999999997],
[1640352600.0, 16.459999999999997],
[1640439000.0, 16.459999999999997],
[1640525400.0, 16.459999999999997],
[1640611800.0, 16.459999999999997],
[1640698200.0, 16.459999999999997],
[1640784600.0, 16.459999999999997],
[1640871000.0, 16.459999999999997],
[1640957400.0, 16.459999999999997],
[1641043800.0, 16.49],
[1641130200.0, 16.49],
[1641216600.0, 16.49],
[1641303000.0, 16.49],
[1641389400.0, 16.49],
[1641475800.0, 16.49],
[1641562200.0, 16.49],
[1641648600.0, 16.49],
[1641735000.0, 16.49],
[1641821400.0, 16.49],
[1641907800.0, 16.459999999999997],
[1641994200.0, 16.459999999999997],
[1642080600.0, 16.459999999999997],
[1642167000.0, 16.459999999999997],
[1642253400.0, 16.48],
[1642339800.0, 16.49],
[1642426200.0, 16.52],
[1642512600.0, 16.52],
[1642599000.0, 16.52],
[1642685400.0, 16.54],
[1642771800.0, 16.54],
[1642858200.0, 16.53],
[1642944600.0, 16.53],
[1643031000.0, 16.34],
[1643117400.0, 16.34],
[1643203800.0, 16.31],
[1643290200.0, 16.23],
[1643376600.0, 16.2],
[1643463000.0, 16.18],
[1643549400.0, 16.18],
[1643635800.0, 16.18],
[1643722200.0, 16.18],
[1643808600.0, 15.41],
[1643895000.0, 15.41],
[1643981400.0, 15.41],
[1644067800.0, 15.39],
[1644154200.0, 15.379999999999999],
[1644240600.0, 15.399999999999999],
[1644327000.0, 15.39],
[1644413400.0, 15.399999999999999],
[1644499800.0, 15.41],
[1644586200.0, 15.379999999999999],
[1644672600.0, 15.36],
[1644759000.0, 15.370000000000001],
[1644845400.0, 15.41],
[1644931800.0, 15.450000000000001],
[1645018200.0, 15.47],
[1645104600.0, 15.47],
[1645191000.0, 15.459999999999999],
[1645277400.0, 15.44],
[1645363800.0, 15.42],
[1645450200.0, 15.43],
[1645536600.0, 15.44],
[1645623000.0, 15.47],
[1645709400.0, 15.450000000000001],
[1645795800.0, 15.450000000000001],
[1645882200.0, 15.44],
[1645968600.0, 15.44],
[1646055000.0, 15.52],
[1646141400.0, 15.52],
[1646227800.0, 15.509999999999998],
[1646314200.0, 15.509999999999998],
[1646400600.0, 15.49],
[1646487000.0, 15.47],
[1646573400.0, 15.459999999999999],
[1646659800.0, 15.5],
[1646746200.0, 15.509999999999998],
[1646832600.0, 15.509999999999998],
[1646919000.0, 15.5],
[1647005400.0, 14.950000000000001],
[1647091800.0, 14.92],
[1647178200.0, 14.879999999999999],
[1647264600.0, 14.85],
[1647351000.0, 14.81],
[1647437400.0, 14.840000000000002],
[1647523800.0, 14.86],
[1647610200.0, 14.83],
[1647696600.0, 14.81],
[1647783000.0, 14.819999999999999],
[1647869400.0, 14.840000000000002],
[1647955800.0, 14.83],
[1648042200.0, 14.81],
[1648128600.0, 14.81],
[1648215000.0, 14.8],
[1648301400.0, 14.780000000000001],
[1648387800.0, 14.780000000000001],
[1648474200.0, 14.81],
[1648560600.0, 14.43],
[1648647000.0, 14.17],
[1648733400.0, 14.18],
[1648819800.0, 14.14],
[1648906200.0, 14.12],
[1648996200.0, 14.12],
[1649082600.0, 14.14],
[1649169000.0, 14.129999999999999],
[1649255400.0, 14.149999999999999],
[1649341800.0, 14.149999999999999],
[1649428200.0, 14.129999999999999],
[1649514600.0, 14.129999999999999],
[1649601000.0, 14.129999999999999],
[1649687400.0, 14.129999999999999],
[1649773800.0, 14.129999999999999],
[1649860200.0, 14.129999999999999],
[1649946600.0, 13.780000000000001],
[1650033000.0, 13.780000000000001],
[1650119400.0, 13.76],
[1650205800.0, 13.76],
[1650292200.0, 13.75],
[1650378600.0, 13.75],
[1650465000.0, 13.6],
[1650551400.0, 13.6],
[1650637800.0, 13.6],
[1650724200.0, 13.6],
[1650810600.0, 13.6],
[1650897000.0, 13.6],
[1650983400.0, 13.6],
[1651069800.0, 13.6],
[1651156200.0, 13.18],
[1651242600.0, 13.190000000000001],
[1651329000.0, 13.169999999999998],
[1651415400.0, 13.149999999999999],
[1651501800.0, 13.16],
[1651588200.0, 13.18],
[1651674600.0, 11.940000000000001],
[1651761000.0, 11.889999999999999],
[1651847400.0, 11.809999999999999],
[1651933800.0, 11.770000000000001],
[1652020200.0, 11.770000000000001],
[1652106600.0, 11.71],
[1652193000.0, 11.71],
[1652279400.0, 11.73],
[1652365800.0, 11.63],
[1652452200.0, 11.61],
[1652538600.0, 11.59],
[1652625000.0, 11.579999999999998],
[1652711400.0, 11.6],
[1652797800.0, 11.68],
[1652884200.0, 11.63],
[1652970600.0, 11.68],
[1653057000.0, 11.73],
[1653143400.0, 11.71],
[1653229800.0, 11.719999999999999],
[1653316200.0, 11.8],
[1653402600.0, 11.8],
[1653489000.0, 11.749999999999998],
[1653575400.0, 11.66],
[1653661800.0, 11.67],
[1653748200.0, 11.66],
[1653834600.0, 11.66],
[1653921000.0, 11.749999999999998],
[1654007400.0, 11.749999999999998],
[1654093800.0, 11.7],
[1654180200.0, 11.74],
[1654266600.0, 11.74],
[1654353000.0, 11.73],
[1654439400.0, 11.749999999999998],
[1654525800.0, 11.76],
[1654612200.0, 11.73],
[1654698600.0, 11.7],
[1654785000.0, 11.690000000000001],
[1654871400.0, 11.639999999999999],
[1654957800.0, 11.62],
[1655044200.0, 11.6],
[1655130600.0, 11.57],
[1655217000.0, 11.579999999999998],
[1655303400.0, 11.65],
[1655389800.0, 11.66],
[1655476200.0, 11.639999999999999],
[1655562600.0, 11.63],
[1655649000.0, 11.63],
[1655735400.0, 11.67],
[1655821800.0, 11.68],
[1655908200.0, 11.65],
[1655994600.0, 11.66],
[1656081000.0, 11.67],
[1656167400.0, 11.639999999999999],
[1656253800.0, 11.639999999999999],
[1656340200.0, 11.66],
[1656426600.0, 11.639999999999999],
[1656513000.0, 11.639999999999999],
[1656599400.0, 11.65],
[1656685800.0, 11.639999999999999],
[1656772200.0, 11.61],
[1656858600.0, 11.6],
[1656945000.0, 11.6],
[1657031400.0, 11.55],
[1657117800.0, 11.53],
[1657204200.0, 11.53],
[1657290600.0, 11.53],
[1657377000.0, 11.499999999999998],
[1657463400.0, 11.499999999999998],
[1657549800.0, 11.469999999999999],
[1657636200.0, 11.46],
[1657722600.0, 11.440000000000001],
[1657809000.0, 11.389999999999999],
[1657895400.0, 11.38],
[1657981800.0, 11.36],
[1658068200.0, 11.36],
[1658154600.0, 11.4],
[1658241000.0, 11.41],
[1658327400.0, 11.38],
[1658413800.0, 11.37],
[1658500200.0, 11.37],
[1658586600.0, 11.36],
[1658673000.0, 11.34],
[1658759400.0, 11.36],
[1658845800.0, 11.329999999999998],
[1658932200.0, 11.329999999999998],
[1659018600.0, 11.32],
[1659105000.0, 11.290000000000001],
[1659191400.0, 11.270000000000001],
[1659277800.0, 11.249999999999998],
[1659364200.0, 11.2],
[1659450600.0, 11.2],
[1659537000.0, 11.19],
[1659623400.0, 11.17],
[1659709800.0, 11.139999999999999],
[1659796200.0, 11.1],
[1659882600.0, 11.11],
[1659969000.0, 11.13],
[1660055400.0, 11.139999999999999],
[1660141800.0, 11.17],
[1660228200.0, 11.139999999999999],
[1660314600.0, 11.13],
[1660401000.0, 11.13],
[1660487400.0, 11.13],
[1660573800.0, 11.13],
[1660660200.0, 11.01],
[1660746600.0, 11],
[1660833000.0, 10.969999999999999],
[1660919400.0, 10.92],
[1661005800.0, 10.9],
[1661092200.0, 10.88],
[1661178600.0, 10.51],
[1661265000.0, 10.5],
[1661351400.0, 9.909999999999998],
[1661437800.0, 11.54],
[1661524200.0, 11.49],
[1661610600.0, 11.469999999999999],
[1661697000.0, 11.48],
[1661783400.0, 11.440000000000001],
[1661869800.0, 11.440000000000001],
[1661956200.0, 11.46],
[1662042600.0, 11.45],
[1662129000.0, 11.43],
[1662215400.0, 11.42],
[1662301800.0, 11.43],
[1662388200.0, 11.4],
[1662474600.0, 11.36],
[1662561000.0, 11.35],
[1662647400.0, 11.36],
[1662733800.0, 11.389999999999999],
[1662820200.0, 11.37],
[1662906600.0, 11.38],
[1662993000.0, 11.42],
[1663079400.0, 11.38],
[1663165800.0, 11.35],
[1663252200.0, 11.3],
[1663338600.0, 11.28],
[1663425000.0, 11.270000000000001],
[1663511400.0, 11.270000000000001],
[1663597800.0, 11.28],
[1663684200.0, 11.26],
[1663770600.0, 11.2],
[1663857000.0, 11.18],
[1663943400.0, 11.09],
[1664029800.0, 11.07],
[1664116200.0, 11.07],
[1664202600.0, 11.05],
[1664289000.0, 11.03],
[1664375400.0, 11.059999999999999],
[1664461800.0, 11.059999999999999],
[1664548200.0, 11.1],
[1664634600.0, 11.1],
[1664717400.0, 11.1],
[1664803800.0, 14.76],
[1664890200.0, 14.76],
[1664976600.0, 14.76],
[1665063000.0, 14.76],
[1665149400.0, 14.76],
[1665235800.0, 14.76],
[1665322200.0, 14.76],
[1665408600.0, 14.76],
[1665495000.0, 14.76],
[1665581400.0, 14.76],
[1665667800.0, 14.76],
[1665754200.0, 14.76],
[1665840600.0, 14.76],
[1665927000.0, 14.76],
[1666013400.0, 13.62],
[1666099800.0, 13.559999999999999],
[1666186200.0, 13.59],
[1666272600.0, 13.54],
[1666359000.0, 13.54],
[1666445400.0, 13.54],
[1666531800.0, 13.54],
[1666618200.0, 13.41],
[1666704600.0, 13.63],
[1666791000.0, 13.57],
[1666877400.0, 13.52],
[1666963800.0, 13.52],
[1667050200.0, 13.52],
[1667136600.0, 13.41],
[1667223000.0, 13.459999999999999],
[1667309400.0, 13.419999999999998],
[1667395800.0, 13.37],
[1667482200.0, 13.59],
[1667568600.0, 13.57],
[1667655000.0, 13.559999999999999],
[1667741400.0, 13.479999999999999],
[1667827800.0, 13.44],
[1667914200.0, 13.44],
[1668000600.0, 13.54],
[1668087000.0, 13.68],
[1668173400.0, 13.69],
[1668259800.0, 13.69],
[1668346200.0, 13.76],
[1668432600.0, 13.809999999999999],
[1668519000.0, 13.72],
[1668605400.0, 13.58],
[1668691800.0, 13.64],
[1668778200.0, 13.64],
[1668864600.0, 13.610000000000001],
[1668951000.0, 13.51],
[1669037400.0, 13.559999999999999],
[1669123800.0, 13.52],
[1669210200.0, 13.52],
[1669296600.0, 13.5],
[1669383000.0, 13.5],
[1669469400.0, 13.68],
[1669555800.0, 13.6],
[1669642200.0, 13.68],
[1669728600.0, 13.83],
[1669815000.0, 13.89],
[1669901400.0, 13.93],
[1669987800.0, 13.93],
[1670074200.0, 13.93],
[1670160600.0, 14.05],
[1670247000.0, 13.979999999999999],
[1670333400.0, 14.030000000000001],
[1670419800.0, 14.04],
[1670506200.0, 14.06],
[1670592600.0, 13.89],
[1670679000.0, 14.06],
[1670765400.0, 14.02],
[1670851800.0, 14.089999999999998],
[1670938200.0, 14.1],
[1671024600.0, 14.06],
[1671111000.0, 14.06],
[1671197400.0, 14.06],
[1671283800.0, 14.06],
[1671370200.0, 14.05],
[1671456600.0, 14.08],
[1671543000.0, 14.04],
[1671629400.0, 14.030000000000001],
[1671715800.0, 14.030000000000001],
[1671802200.0, 14.030000000000001],
[1671888600.0, 14.030000000000001],
[1671975000.0, 14.08],
[1672061400.0, 14.08],
[1672147800.0, 14.05],
[1672234200.0, 14.08],
[1672320600.0, 14.209999999999999],
[1672407000.0, 14.209999999999999],
[1672493400.0, 14.209999999999999],
[1672579800.0, 14.209999999999999],
[1672666200.0, 14.18],
[1672752600.0, 14.229999999999999],
[1672839000.0, 14.25],
[1672925400.0, 14.33],
[1673011800.0, 14.33],
[1673098200.0, 14.33],
[1673184600.0, 14.479999999999999],
[1673271000.0, 14.459999999999999],
[1673357400.0, 14.479999999999999],
[1673443800.0, 14.55],
[1673530200.0, 14.62],
[1673616600.0, 14.62],
[1673703000.0, 14.62],
[1673789400.0, 14.56],
[1673875800.0, 14.47],
[1673962200.0, 14.530000000000001],
[1674048600.0, 14.47],
[1674135000.0, 14.44],
[1674221400.0, 14.450000000000001],
[1674307800.0, 14.450000000000001],
[1674394200.0, 14.450000000000001],
[1674480600.0, 14.450000000000001],
[1674567000.0, 14.43],
[1674653400.0, 14.43],
[1674739800.0, 14.43],
[1674826200.0, 14.43],
[1674912600.0, 14.43],
[1674999000.0, 14.5],
[1675085400.0, 14.49],
[1675171800.0, 14.52],
[1675258200.0, 14.54],
[1675344600.0, 14.44],
[1675431000.0, 14.44],
[1675517400.0, 14.43],
[1675603800.0, 14.39],
[1675690200.0, 14.339999999999998],
[1675776600.0, 14.22],
[1675863000.0, 14.22],
[1675949400.0, 14.22],
