[1633098600, 2.95],
[1633185000, 3.26],
[1633267800, 3.28],
[1633354200, 3.21],
[1633440600, 3.23],
[1633527000, 3.23],
[1633613400, 3.24],
[1633699800, 3.03],
[1633786200, 2.69],
[1633872600, 2.69],
[1633959000, 2.69],
[1634045400, 2.69],
[1634131800, 2.69],
[1634218200, 2.95],
[1634304600, 3.08],
[1634391000, 3.31],
[1634477400, 4.18],
[1634563800, 3.17],
[1634650200, 3.88],
[1634736600, 3.65],
[1634823000, 3.21],
[1634909400, 2.7],
[1634995800, 2.66],
[1635082200, 2.59],
[1635168600, 3.01],
[1635255000, 2.86],
[1635341400, 2.67],
[1635427800, 3.02],
[1635514200, 2.67],
[1635600600, 2.68],
[1635687000, 2.6],
[1635773400, 2.49],
[1635859800, 2.59],
[1635946200, 2.59],
[1636032600, 2.73],
[1636119000, 2.59],
[1636205400, 2.59],
[1636291800, 2.56],
[1636464600, 2.77],
[1636551000, 2.58],
[1636637400, 2.5],
[1636896600, 2.39],
[1636983000, 2.5],
[1637069400, 2.62],
[1637155800, 2.73],
[1637242200, 2.85],
[1637328600, 2.9],
[1637415000, 2.7],
[1637501400, 3.13],
[1637587800, 2.56],
[1637674200, 3.13],
[1637760600, 2.85],
[1637847000, 2.85],
[1637933400, 2.84],
[1638019800, 2.84],
[1638106200, 2.81],
[1638192600, 2.99],
[1638279000, 2.99],
[1638365400, 3.06],
[1638451800, 3.06],
[1638538200, 3.06],
[1638624600, 3.29],
[1638711000, 3.12],
[1638797400, 3.2],
[1638883800, 3.29],
[1638970200, 3.95],
[1639056600, 3.62],
[1639143000, 3.62],
[1639229400, 3.9],
[1639315800, 3.93],
[1639402200, 3.93],
[1639488600, 3.93],
[1639575000, 3.93],
[1639661400, 3.9],
[1639747800, 3.9],
[1639834200, 2.83],
[1639920600, 2.83],
[1640007000, 2.83],
[1640093400, 3.11],
[1640179800, 2.89],
[1640266200, 2.93],
[1640352600, 3.05],
[1640439000, 3.1],
[1640525400, 3.1],
[1640611800, 3.1],
[1640698200, 3.51],
[1640784600, 3.51],
[1640871000, 3.51],
[1640957400, 3.44],
[1641043800, 3.51],
[1641130200, 3.48],
[1641216600, 3.48],
[1641303000, 3.48],
[1641389400, 3.48],
[1641475800, 3.87],
[1641562200, 3.69],
[1641648600, 3.87],
[1641735000, 3.87],
[1641821400, 3.87],
[1641907800, 3.87],
[1641994200, 3.87],
[1642080600, 3.26],
[1642167000, 3.87],
[1642253400, 4.04],
[1642339800, 3.98],
[1642426200, 3.98],
[1642512600, 3.98],
[1642599000, 3.98],
[1642685400, 3.98],
[1642771800, 4.04],
[1642858200, 3.79],
[1642944600, 3.79],
[1643031000, 5.5],
[1643117400, 5.5],
[1643203800, 5.5],
[1643290200, 5.5],
[1643376600, 5.5],
[1643463000, 5.5],
[1643549400, 5.5],
[1643635800, 5.5],
[1643722200, 5.5],
[1643808600, 3.95],
[1643895000, 3.95],
[1643981400, 4.19],
[1644067800, 4.19],
[1644154200, 5.22],
[1644240600, 4.63],
[1644327000, 4.41],
[1644413400, 4.41],
[1644499800, 4.63],
[1644586200, 4.63],
[1644672600, 4.63],
[1644759000, 4.63],
[1644845400, 4.41],
[1644931800, 4.41],
[1645018200, 4.41],
[1645104600, 4.41],
[1645191000, 4.41],
[1645277400, 4.41],
[1645363800, 4.41],
[1645450200, 4.41],
[1645536600, 4.41],
[1645623000, 4.41],
[1645709400, 4.41],
[1645795800, 2.85],
[1645882200, 2.85],
[1645968600, 2.97],
[1646055000, 2.97],
[1646141400, 2.88],
[1646227800, 2.87],
[1646314200, 3.3],
[1646400600, 2.91],
[1646487000, 2.91],
[1646573400, 2.91],
[1646659800, 2.91],
[1646746200, 2.57],
[1646832600, 2.65],
[1646919000, 2.62],
[1647005400, 2.79],
[1647091800, 2.65],
[1647178200, 3.51],
[1647264600, 3.52],
[1647351000, 2.96],
[1647437400, 3.28],
[1647523800, 3.28],
[1647610200, 3.45],
[1647696600, 3.5],
[1647783000, 3.49],
[1647869400, 3.45],
[1647955800, 3.45],
[1648042200, 3.41],
[1648128600, 3.33],
[1648215000, 3.33],
[1648301400, 3.33],
[1648387800, 3.33],
[1648474200, 3.34],
[1648560600, 3.35],
[1648647000, 3.21],
[1648733400, 3.38],
[1648819800, 3.48],
[1648906200, 3.49],
[1648996200, 3.43],
[1649082600, 3.37],
[1649169000, 3.37],
[1649255400, 4.03],
[1649341800, 3.54],
[1649514600, 4.01],
[1649601000, 4.03],
[1649687400, 4.01],
[1649773800, 3.41],
[1649860200, 4.03],
[1649946600, 3.72],
[1650033000, 3.72],
[1650119400, 3.78],
[1650205800, 3.78],
[1650292200, 3.72],
[1650378600, 3.72],
[1650465000, 3.72],
[1650551400, 3.72],
[1650637800, 3.72],
[1650724200, 3.67],
[1650810600, 3.67],
[1650897000, 3.66],
[1650983400, 3.42],
[1651069800, 3.62],
[1651156200, 3.62],
[1651242600, 3.42],
[1651329000, 3.56],
[1651415400, 3.58],
[1651501800, 3.5],
[1651588200, 3.58],
[1651674600, 3.56],
[1651761000, 3.56],
[1651847400, 3.58],
[1651933800, 3.58],
[1652020200, 3.58],
[1652106600, 3.58],
[1652193000, 3.64],
[1652279400, 3.11],
[1652365800, 3.11],
[1652970600, 3.93],
[1653057000, 3.93],
[1653143400, 3.51],
[1653229800, 3.77],
[1653316200, 3.71],
[1653402600, 3.59],
[1653489000, 3.64],
[1653575400, 3.64],
[1653661800, 3.64],
[1653748200, 3.21],
[1653834600, 3.21],
[1653921000, 4.06],
[1654007400, 3.63],
[1654093800, 4.43],
[1654180200, 4.03],
[1654266600, 4.03],
[1654353000, 4.31],
[1654439400, 4.97],
[1654525800, 4.61],
[1654612200, 4.61],
[1654698600, 4.99],
[1654785000, 4.98],
[1654871400, 4.98],
[1654957800, 4.98],
[1655044200, 5.08],
[1655130600, 5.03],
[1655217000, 5.03],
[1655303400, 3.62],
[1655389800, 3.62],
[1655476200, 4.17],
[1655562600, 3.75],
[1655649000, 3.75],
[1655735400, 3.75],
[1655821800, 3.65],
[1655908200, 3.31],
[1655994600, 3.71],
[1656081000, 3.48],
[1656167400, 3.48],
[1656253800, 3.48],
[1656340200, 3.48],
[1656426600, 3.42],
[1656513000, 3.42],
[1656599400, 3.64],
[1656685800, 3.57],
[1656772200, 4.3],
[1656858600, 3.73],
[1656945000, 3.19],
[1657031400, 3.67],
[1657117800, 3.67],
[1657290600, 3.71],
[1657377000, 3.66],
[1657463400, 3.58],
[1657549800, 3.67],
[1657636200, 3.67],
[1657722600, 3.67],
[1657809000, 3.67],
[1657895400, 3.66],
[1657981800, 5.44],
[1658068200, 4.56],
[1658154600, 4.56],
[1658241000, 5.47],
[1658327400, 5.89],
[1658413800, 5.19],
[1658673000, 5.61],
[1658759400, 5.61],
[1658845800, 5.89],
[1658932200, 4.07],
[1659018600, 4.12],
[1659105000, 4.12],
[1659191400, 4.16],
[1659277800, 6.5],
[1659364200, 6.5],
[1659450600, 6.5],
[1659537000, 6.5],
[1659623400, 6.5],
[1659709800, 6.5],
[1659796200, 6.5],
[1659882600, 4.62],
[1659969000, 5.19],
[1660055400, 5.19],
[1660228200, 5.19],
[1660314600, 4.81],
[1660401000, 4.81],
[1660487400, 4.81],
[1660573800, 4.81],
[1660660200, 4.81],
[1660746600, 4.81],
[1660833000, 4.81],
[1660919400, 4.81],
[1661005800, 4.81],
[1661178600, 4.81],
[1661265000, 4.81],
[1661351400, 5.93],
[1661437800, 5.93],
[1661524200, 5.93],
[1661610600, 5.99],
[1661697000, 5.96],
[1661783400, 6.14],
[1661869800, 6.02],
[1661956200, 6.07],
[1662042600, 6.07],
[1662129000, 6.07],
[1662215400, 6.14],
[1662301800, 4.45],
[1662561000, 5.53],
[1662647400, 5.53],
[1662733800, 5.53],
[1662820200, 5.53],
[1662906600, 5.82],
[1662993000, 5.82],
[1663079400, 4.86],
[1663165800, 4.86],
[1663252200, 4.86],
[1663338600, 4.86],
[1663425000, 4.86],
[1663511400, 4.86],
[1663597800, 4.86],
[1663684200, 5.03],
[1663770600, 5.03],
[1663857000, 5.03],
[1663943400, 5.03],
[1664029800, 5.03],
[1664116200, 5.03],
[1664202600, 5.03],
[1664289000, 5.03],
[1664375400, 4.81],
[1664461800, 4.81],
[1664548200, 4.81],
[1664634600, 4.81],
[1664717400, 4.81],
[1664803800, 5.24],
[1664890200, 5.24],
[1664976600, 5.24],
[1665063000, 5.24],
[1665149400, 5.24],
[1665235800, 5.24],
[1665322200, 5.01],
[1665408600, 5.01],
[1665495000, 5.01],
[1665581400, 5.01],
[1665667800, 5.17],
[1665754200, 5.17],
[1665840600, 5.17],
[1665927000, 5.17],
[1666013400, 5.17],
[1666099800, 5.08],
[1666186200, 5.08],
[1666272600, 5.08],
[1666359000, 5.08],
[1666445400, 5.08],
[1666531800, 5.79],
[1666618200, 5.61],
[1666704600, 5.79],
[1666791000, 5.79],
[1666877400, 5.79],
[1666963800, 5.79],
[1667050200, 5.79],
[1667136600, 5.49],
[1667223000, 5.49],
[1667309400, 5.61],
[1667395800, 5.61],
[1667482200, 5.61],
[1667568600, 5.61],
[1667655000, 5.61],
[1667741400, 4.6],
[1667827800, 4.6],
[1667914200, 4.6],
[1668000600, 4.6],
[1668087000, 4.6],
[1668173400, 4.3],
[1668259800, 4.45],
[1668346200, 4.3],
[1668432600, 4.3],
[1668519000, 4.3],
[1668605400, 4.3],
[1668691800, 4.3],
[1668778200, 5.03],
[1668864600, 5.03],
[1668951000, 4.44],
[1669037400, 4.44],
[1669123800, 4.44],
[1669210200, 4.44],
[1669296600, 4.44],
[1669383000, 4.1],
[1669469400, 4.45],
[1669555800, 4.45],
[1669642200, 5.01],
[1669728600, 5.01],
[1669815000, 5.12],
[1669901400, 5.06],
[1669987800, 5.06],
[1670074200, 5.06],
[1670160600, 5.12],
[1670247000, 5.12],
[1670333400, 5.12],
[1670419800, 4.58],
[1670506200, 4.58],
[1670592600, 4.58],
[1670679000, 4.29],
[1670765400, 4.29],
[1670851800, 4.29],
[1670938200, 4.29],
[1671024600, 4.29],
[1671111000, 4.29],
[1671197400, 5.67],
[1671283800, 5.67],
[1671370200, 5.67],
[1671456600, 5.67],
[1671543000, 5.67],
[1671629400, 5.67],
[1671715800, 5.67],
[1671802200, 5.15],
[1671888600, 5.15],
[1671975000, 5.15],
[1672061400, 5.15],
[1672147800, 5.18],
[1672234200, 5.18],
[1672320600, 5.18],
[1672407000, 5.21],
[1672493400, 5.21],
[1672579800, 5.21],
[1672666200, 5.21],
[1672752600, 4.9],
[1672839000, 4.9],
[1672925400, 4.9],
[1673011800, 4.9],
[1673098200, 4.9],
[1673184600, 4.9],
[1673271000, 4.9],
[1673357400, 5.41],
[1673443800, 5.41],
[1673530200, 5.41],
[1673616600, 5.41],
[1673703000, 5.41],
[1673789400, 4.9],
[1673875800, 4.9],
[1673962200, 4.57],
[1674048600, 4.57],
[1674135000, 4.57],
[1674221400, 4.57],
[1674307800, 4.57],
[1674394200, 4.57],
[1674480600, 4.57],
[1674567000, 4.73],
[1674653400, 5.32],
[1674739800, 5.32],
[1674826200, 5.35],
[1674912600, 5.34],
[1674999000, 5.34],
[1675085400, 5.34],
[1675171800, 5.34],
[1675258200, 5.35],
[1675344600, 5.91],
[1675431000, 5.91],
[1675517400, 5.91],
[1675603800, 5.91],
[1675690200, 5.91],
[1675776600, 5.91],
[1675863000, 6.29],
[1675949400, 6.29],
[1676035800, 6.29],
[1676122200, 6.29],
[1676208600, 6.29],
[1676295000, 6.29],
[1676381400, 6.29],
[1676467800, 5.58],
[1676554200, 5.21],
[1676640600, 5.21],
[1676727000, 5.21],
[1676813400, 5.21],
[1676899800, 5.21],
[1677072600, 5.17],
[1677159000, 5.13],
[1677245400, 5.13],
[1677331800, 5.13],
[1677418200, 5.13],
[1677504600, 5.18],
[1677591000, 5.18],
[1677677400, 5.18],
[1677763800, 5.18],
[1677850200, 5.05],
[1677936600, 4.55],
[1678023000, 5.05],
[1678109400, 4.88],
[1678195800, 4.88],
[1678282200, 4.88],
[1678368600, 6.05],
[1678455000, 5.42],
[1678541400, 5.71],
[1678627800, 6.05],
[1678714200, 6.05],
[1678800600, 6.05],
[1678887000, 6.05],
[1678973400, 5.28],
[1679059800, 5.28],
[1679146200, 5.29],
[1679232600, 5.29],
[1679319000, 5.29],
[1679405400, 5.29],
[1679491800, 5.97],
[1679578200, 5.97],
[1679664600, 5.89],
[1679751000, 6.39],
[1679837400, 6.06],
[1679923800, 6.06],
[1680010200, 5.29],
[1680096600, 5.7],
[1680183000, 6.3],
[1680269400, 5.91],
[1680355800, 5.91],
