[1635773400.0, 0.9943775100401607],
[1635859800.0, 0.7011583011583014],
[1635946200.0, 0.7575289575289577],
[1636032600.0, 0.8652014652014652],
[1636119000.0, 0.8092664092664094],
[1636205400.0, 0.8092664092664094],
[1636291800.0, 0.8273437499999999],
[1636378200.0, 0.8176245210727969],
[1636464600.0, 0.9646209386281589],
[1636551000.0, 1.035658914728682],
[1636637400.0, 0.9800000000000001],
[1636723800.0, 0.8380952380952381],
[1636810200.0, 0.8301587301587302],
[1636896600.0, 0.7815899581589959],
[1636983000.0, 0.7824000000000001],
[1637069400.0, 0.7137404580152671],
[1637155800.0, 0.7904761904761907],
[1637242200.0, 0.7298245614035088],
[1637328600.0, 0.7137931034482757],
[1637415000.0, 0.7659259259259259],
[1637501400.0, 0.7067092651757191],
[1637587800.0, 0.8640625000000001],
[1637674200.0, 0.6798722044728435],
[1637760600.0, 0.719298245614035],
[1637847000.0, 0.7270175438596491],
[1637933400.0, 0.7232394366197182],
[1638019800.0, 0.7063380281690143],
[1638106200.0, 0.6768683274021353],
[1638192600.0, 0.620066889632107],
[1638279000.0, 0.6755852842809366],
[1638365400.0, 0.6509803921568628],
[1638451800.0, 0.6633986928104576],
[1638538200.0, 0.6836601307189543],
[1638624600.0, 0.6370820668693009],
[1638711000.0, 0.7102564102564103],
[1638797400.0, 0.6793750000000001],
[1638883800.0, 0.6729483282674772],
[1638970200.0, 0.589367088607595],
[1639056600.0, 0.6138121546961325],
[1639143000.0, 0.6160220994475137],
[1639229400.0, 0.4723076923076923],
[1639315800.0, 0.4860050890585242],
[1639402200.0, 0.4707379134860051],
[1639488600.0, 0.49465648854961825],
[1639575000.0, 0.4768447837150127],
[1639661400.0, 0.5020512820512821],
[1639747800.0, 0.5005128205128206],
[1639834200.0, 0.7045936395759718],
[1639920600.0, 0.6968197879858657],
[1640007000.0, 0.7335689045936395],
[1640093400.0, 0.6649517684887459],
[1640179800.0, 0.7155709342560553],
[1640266200.0, 0.7071672354948805],
[1640352600.0, 0.7468852459016393],
[1640439000.0, 0.7477419354838709],
[1640525400.0, 0.7632258064516128],
[1640611800.0, 0.7767741935483871],
[1640698200.0, 0.6826210826210826],
[1640784600.0, 0.6826210826210826],
[1640871000.0, 0.6826210826210826],
[1640957400.0, 0.6860465116279069],
[1641043800.0, 0.6957264957264957],
[1641130200.0, 0.7080459770114942],
[1641216600.0, 0.628735632183908],
[1641303000.0, 0.689080459770115],
[1641389400.0, 0.6948275862068966],
[1641475800.0, 0.620671834625323],
[1641562200.0, 0.6276422764227643],
[1641648600.0, 0.6263565891472869],
[1641735000.0, 0.6263565891472869],
[1641821400.0, 0.6821705426356589],
[1641907800.0, 0.6806201550387597],
[1641994200.0, 0.6811369509043927],
[1642080600.0, 0.7723926380368097],
[1642167000.0, 0.6423772609819121],
[1642253400.0, 0.6188118811881187],
[1642339800.0, 0.721105527638191],
[1642426200.0, 0.6939698492462312],
[1642512600.0, 0.6256281407035176],
[1642599000.0, 0.6824120603015076],
[1642685400.0, 0.7326633165829145],
[1642771800.0, 0.7217821782178216],
[1642858200.0, 0.7868073878627969],
[1642944600.0, 0.762005277044855],
[1643031000.0, 0.5],
[1643117400.0, 0.47309090909090906],
[1643203800.0, 0.47309090909090906],
[1643290200.0, 0.4724021650091021],
[1643376600.0, 0.4568049112344873],
[1643463000.0, 0.48581818181818187],
[1643549400.0, 0.48363636363636364],
[1643635800.0, 0.48363636363636364],
[1643722200.0, 0.48363636363636364],
[1643808600.0, 0.8334177215189874],
[1643895000.0, 0.7777215189873418],
[1643981400.0, 0.7341288782816229],
[1644067800.0, 0.7460620525059665],
[1644154200.0, 0.6114942528735632],
[1644240600.0, 0.6894168466522679],
[1644327000.0, 0.6857142857142857],
[1644413400.0, 0.6852607709750567],
[1644499800.0, 0.5062634989200864],
[1644586200.0, 0.48380129589632825],
[1644672600.0, 0.5637149028077755],
[1644759000.0, 0.5650107991360692],
[1644845400.0, 0.5664399092970522],
[1644931800.0, 0.5641723356009071],
[1645018200.0, 0.5664399092970522],
[1645104600.0, 0.6126984126984126],
[1645191000.0, 0.6108843537414965],
[1645277400.0, 0.5900226757369615],
[1645363800.0, 0.5868480725623583],
[1645450200.0, 0.6063492063492064],
[1645536600.0, 0.6072562358276644],
[1645623000.0, 0.616326530612245],
[1645709400.0, 0.5496598639455783],
[1645795800.0, 0.8624561403508773],
[1645882200.0, 0.904561403508772],
[1645968600.0, 0.8350168350168351],
[1646055000.0, 0.7656565656565656],
[1646141400.0, 0.8694444444444447],
[1646227800.0, 0.8529616724738676],
[1646314200.0, 0.7418181818181819],
[1646400600.0, 0.8432989690721648],
[1646487000.0, 0.7862542955326461],
[1646573400.0, 0.8625429553264605],
[1646659800.0, 0.8343642611683848],
[1646746200.0, 0.9478599221789884],
[1646832600.0, 0.9064150943396225],
[1646919000.0, 0.9129770992366413],
[1647005400.0, 0.8215053763440862],
[1647091800.0, 0.8830188679245281],
[1647178200.0, 0.752136752136752],
[1647264600.0, 0.7198863636363637],
[1647351000.0, 0.9641891891891893],
[1647437400.0, 0.873170731707317],
[1647523800.0, 0.9134146341463414],
[1647610200.0, 0.8684057971014493],
[1647696600.0, 0.8337142857142857],
[1647783000.0, 0.7060171919770775],
[1647869400.0, 0.7286956521739131],
[1647955800.0, 0.7402898550724637],
[1648042200.0, 0.7472140762463342],
[1648128600.0, 0.8438438438438437],
[1648215000.0, 0.7939939939939937],
[1648301400.0, 0.7939939939939937],
[1648387800.0, 0.8162162162162161],
[1648474200.0, 0.810179640718563],
[1648560600.0, 0.768358208955224],
[1648647000.0, 0.8193146417445484],
[1648733400.0, 0.7213017751479289],
[1648819800.0, 0.6672413793103448],
[1648906200.0, 0.8108882521489972],
[1648996200.0, 0.7160349854227406],
[1649082600.0, 0.768545994065282],
[1649169000.0, 0.772700296735905],
[1649255400.0, 0.6813895781637717],
[1649341800.0, 0.7446327683615821],
[1649428200.0, 0.7605633802816902],
[1649514600.0, 0.6832917705735659],
[1649601000.0, 0.658560794044665],
[1649687400.0, 0.6164588528678303],
[1649773800.0, 0.7313782991202346],
[1649860200.0, 0.6064516129032258],
[1649946600.0, 0.6575268817204302],
[1650033000.0, 0.821505376344086],
[1650119400.0, 0.6846560846560846],
[1650205800.0, 0.6592592592592592],
[1650292200.0, 0.6768817204301075],
[1650378600.0, 0.6811827956989248],
[1650465000.0, 0.8091397849462367],
[1650551400.0, 0.8091397849462367],
[1650637800.0, 0.8091397849462367],
[1650724200.0, 0.8021798365122614],
[1650810600.0, 0.815258855585831],
[1650897000.0, 0.8295081967213115],
[1650983400.0, 0.824561403508772],
[1651069800.0, 0.8204419889502762],
[1651156200.0, 0.8187845303867402],
[1651242600.0, 0.8660818713450292],
[1651329000.0, 0.8393258426966292],
[1651415400.0, 0.8379888268156425],
[1651501800.0, 0.8874285714285713],
[1651588200.0, 0.9804469273743017],
[1651674600.0, 0.8629213483146069],
[1651761000.0, 0.9011235955056182],
[1651847400.0, 0.8960893854748605],
[1651933800.0, 0.8810055865921789],
[1652020200.0, 0.8815642458100559],
[1652106600.0, 0.8815642458100559],
[1652193000.0, 0.8307692307692307],
[1652279400.0, 0.9909967845659162],
[1652365800.0, 0.9909967845659162],
[1652452200.0, 1.0038585209003215],
[1652538600.0, 1.0167202572347265],
[1652625000.0, 1.007073954983923],
[1652711400.0, 1.0405144694533761],
[1652797800.0, 1.042443729903537],
[1652884200.0, 0.9194366197183098],
[1652970600.0, 0.8300254452926209],
[1653057000.0, 0.8473282442748092],
[1653143400.0, 0.9595441595441595],
[1653229800.0, 0.8907161803713526],
[1653316200.0, 0.9126684636118598],
[1653402600.0, 0.8729805013927575],
[1653489000.0, 0.8434065934065934],
[1653575400.0, 0.8214285714285713],
[1653661800.0, 0.8258241758241759],
[1653748200.0, 0.9133956386292835],
[1653834600.0, 0.9102803738317756],
[1653921000.0, 0.7197044334975368],
[1654007400.0, 0.793939393939394],
[1654093800.0, 0.7322799097065462],
[1654180200.0, 0.7245657568238214],
[1654266600.0, 0.7342046522473328],
[1654353000.0, 0.6949956672277952],
[1654439400.0, 0.5888705536994835],
[1654525800.0, 0.6314664406187839],
[1654612200.0, 0.6777562039929909],
[1654698600.0, 0.5834639375599129],
[1654785000.0, 0.576939251287225],
[1654871400.0, 0.6160376638205355],
[1654957800.0, 0.6427090558958455],
[1655044200.0, 0.5654353545944101],
[1655130600.0, 0.5759590689706778],
[1655217000.0, 0.5262950666843932],
[1655303400.0, 0.8192259012125068],
[1655389800.0, 0.783631838924164],
[1655476200.0, 0.628870036626178],
[1655562600.0, 0.6985457111591235],
[1655649000.0, 0.6985315624354169],
[1655735400.0, 0.7137650578386975],
[1655821800.0, 0.7113745528360823],
[1655908200.0, 0.7468534626153629],
[1655994600.0, 0.667593585113801],
[1656081000.0, 0.720349705698586],
[1656167400.0, 0.7216590618065732],
[1656253800.0, 0.7208383705941879],
[1656340200.0, 0.6747821440625968],
[1656426600.0, 0.811286198407485],
[1656513000.0, 0.8173045313459005],
[1656599400.0, 0.7657517287346435],
[1656685800.0, 0.7815274601732167],
[1656772200.0, 0.6480122514812081],
[1656858600.0, 0.7455895116431449],
[1656945000.0, 0.9021473681435543],
[1657031400.0, 0.8908255390368937],
[1657117800.0, 0.8688731434080679],
[1657204200.0, 0.8598391040910334],
[1657290600.0, 0.8588343937149592],
[1657377000.0, 0.8772824272641725],
[1657463400.0, 1.0062090493046705],
[1657549800.0, 0.9664452550876482],
[1657636200.0, 0.9758565147408634],
[1657722600.0, 0.9753167764925783],
[1657809000.0, 0.9781640471104246],
[1657895400.0, 1.0372986964717574],
[1657981800.0, 0.6970398461749177],
[1658068200.0, 0.7302989621410806],
[1658154600.0, 0.7358208527900656],
[1658241000.0, 0.6200735498571361],
[1658327400.0, 0.6059223705120766],
[1658413800.0, 0.6852920982335752],
[1658500200.0, 0.6401240973419464],
[1658586600.0, 0.6361173277269204],
[1658673000.0, 0.6318620645839875],
[1658759400.0, 0.6575884632772033],
[1658845800.0, 0.6248061362869035],
[1658932200.0, 0.8481153478390793],
[1659018600.0, 0.832175345052934],
[1659105000.0, 0.867162441305424],
[1659191400.0, 0.9594085546130962],
[1659277800.0, 0.6295440803928395],
[1659364200.0, 0.6302712149764884],
[1659450600.0, 0.5752689418317848],
[1659537000.0, 0.5842276096785614],
[1659623400.0, 0.5733414024055395],
[1659709800.0, 0.5746797171354999],
[1659796200.0, 0.5277756223948843],
[1659882600.0, 0.821530689459692],
[1659969000.0, 0.7421223042339903],
[1660055400.0, 0.7870133704594625],
[1660141800.0, 0.7877471236004057],
[1660228200.0, 0.7801911861720889],
[1660314600.0, 0.8472583193365588],
[1660401000.0, 0.8472583193365588],
[1660487400.0, 0.8472583193365588],
[1660573800.0, 0.8472583193365588],
[1660660200.0, 0.8644477206048952],
[1660746600.0, 0.872463737314755],
[1660833000.0, 0.9276341739806733],
[1660919400.0, 0.9074402095419913],
[1661005800.0, 0.9061763154281797],
[1661092200.0, 0.8913204504821174],
[1661178600.0, 0.9213298484850351],
[1661265000.0, 0.9164100878101591],
[1661351400.0, 0.7146698498403115],
[1661437800.0, 0.7212134745560626],
[1661524200.0, 0.7217876787488845],
[1661610600.0, 0.6839297359295714],
[1661697000.0, 0.6410869412023803],
[1661783400.0, 0.6275853068627529],
[1661869800.0, 0.640750293260377],
[1661956200.0, 0.6778463459208081],
[1662042600.0, 0.681383449516066],
[1662129000.0, 0.6504118616144976],
[1662215400.0, 0.6543973941368079],
[1662301800.0, 0.9029213483146067],
[1662388200.0, 0.7265822784810125],
[1662474600.0, 0.7298372513562386],
[1662561000.0, 0.7244122965641953],
[1662647400.0, 0.7244122965641953],
[1662733800.0, 0.7244122965641953],
[1662820200.0, 0.7244122965641953],
[1662906600.0, 0.6883161512027491],
[1662993000.0, 0.7536082474226804],
[1663079400.0, 0.8325102880658436],
[1663165800.0, 0.8325102880658436],
[1663252200.0, 0.8311805041723485],
[1663338600.0, 0.7781912485321641],
[1663425000.0, 0.7648691122717324],
[1663511400.0, 0.7598940459367186],
[1663597800.0, 0.7531174453921132],
[1663684200.0, 0.7484951407597402],
[1663770600.0, 0.6857289378749775],
[1663857000.0, 0.6831013762305428],
[1663943400.0, 0.6141453322923597],
[1664029800.0, 0.6619097061535006],
[1664116200.0, 0.7128026788804356],
[1664202600.0, 0.7111982722974024],
[1664289000.0, 0.7138647251396815],
[1664375400.0, 0.7594850453964562],
[1664461800.0, 0.7136149950526459],
[1664548200.0, 0.8100312639678177],
[1664634600.0, 0.788645515662964],
[1664717400.0, 0.7920567515682306],
[1664803800.0, 0.6862797675894512],
[1664890200.0, 0.5855150053386207],
[1664976600.0, 0.6020914218232514],
[1665063000.0, 0.5974646546471608],
[1665149400.0, 0.6021684105106737],
[1665235800.0, 0.8482238650595182],
[1665322200.0, 0.8890877931814335],
[1665408600.0, 0.8865671648024677],
[1665495000.0, 0.8860343963087013],
[1665581400.0, 0.8679979481150237],
[1665667800.0, 0.7664611483408628],
[1665754200.0, 0.7515256024214928],
[1665840600.0, 0.7530115767451383],
[1665927000.0, 0.722513931934618],
[1666013400.0, 0.7116303575170223],
[1666099800.0, 0.7203596233881803],
[1666186200.0, 0.722152111531053],
[1666272600.0, 0.7710244331030591],
[1666359000.0, 0.7705283123520573],
[1666445400.0, 0.7637441305116771],
[1666531800.0, 0.6654578597549033],
[1666618200.0, 0.7333103512313831],
[1666704600.0, 0.7125164339360822],
[1666791000.0, 0.6451049630429613],
[1666877400.0, 0.6449840374788571],
[1666963800.0, 0.6481637770279125],
[1667050200.0, 0.6596948734514264],
[1667136600.0, 0.6763067640641851],
[1667223000.0, 0.727937092784177],
[1667309400.0, 0.7042540304853313],
[1667395800.0, 0.7063483270258991],
[1667482200.0, 0.7115328707181288],
[1667568600.0, 0.7048252813623075],
[1667655000.0, 0.7138852793931812],
[1667741400.0, 0.8712514504583777],
[1667827800.0, 0.8854590269040773],
[1667914200.0, 0.8850082639952082],
[1668000600.0, 0.8452894508164429],
[1668087000.0, 0.8475885354848941],
[1668173400.0, 0.8674418604651164],
[1668259800.0, 0.8278651685393259],
[1668346200.0, 0.9451162790697677],
[1668432600.0, 0.94],
[1668519000.0, 0.94],
[1668605400.0, 0.94],
[1668691800.0, 0.94],
[1668778200.0, 0.8099403578528827],
[1668864600.0, 0.8143141153081511],
[1668951000.0, 0.8072072072072073],
[1669037400.0, 0.8072072072072073],
[1669123800.0, 0.8072072072072073],
[1669210200.0, 0.9612612612612611],
[1669296600.0, 0.8509009009009009],
[1669383000.0, 0.9214634146341464],
[1669469400.0, 0.828314606741573],
[1669555800.0, 0.9752808988764047],
[1669642200.0, 0.8662674650698605],
[1669728600.0, 0.8415169660678643],
[1669815000.0, 0.7675781249999999],
[1669901400.0, 0.757707509881423],
[1669987800.0, 0.757707509881423],
[1670074200.0, 0.757707509881423],
[1670160600.0, 0.737109375],
[1670247000.0, 0.737109375],
[1670333400.0, 0.753125],
[1670419800.0, 0.8445414847161572],
[1670506200.0, 0.8135371179039301],
[1670592600.0, 0.9117903930131005],
[1670679000.0, 0.9734265734265735],
[1670765400.0, 0.9958041958041959],
[1670851800.0, 1.006993006993007],
[1670938200.0, 1.006993006993007],
[1671024600.0, 1.006993006993007],
[1671111000.0, 1.006993006993007],
[1671197400.0, 0.7361552028218694],
[1671283800.0, 0.7361552028218694],
[1671370200.0, 0.7361552028218694],
[1671456600.0, 0.7216931216931218],
[1671543000.0, 0.7432098765432099],
[1671629400.0, 0.7432098765432099],
[1671715800.0, 0.7502645502645503],
[1671802200.0, 0.8003883495145632],
[1671888600.0, 0.8003883495145632],
[1671975000.0, 0.8003883495145632],
[1672061400.0, 0.8003883495145632],
[1672147800.0, 0.7706563706563707],
[1672234200.0, 0.7706563706563707],
[1672320600.0, 0.7776061776061778],
[1672407000.0, 0.7650671785028791],
[1672493400.0, 0.7650671785028791],
[1672579800.0, 0.7650671785028791],
[1672666200.0, 0.7462571976967372],
[1672752600.0, 0.7934693877551022],
[1672839000.0, 0.7934693877551022],
[1672925400.0, 0.9424489795918369],
[1673011800.0, 0.9424489795918369],
[1673098200.0, 0.9424489795918369],
[1673184600.0, 0.9122448979591837],
[1673271000.0, 0.9179591836734694],
[1673357400.0, 0.8314232902033271],
[1673443800.0, 0.8314232902033271],
[1673530200.0, 0.7578558225508317],
[1673616600.0, 0.7578558225508317],
[1673703000.0, 0.7578558225508317],
[1673789400.0, 0.849795918367347],
[1673875800.0, 0.849795918367347],
[1673962200.0, 0.911159737417943],
[1674048600.0, 0.911159737417943],
[1674135000.0, 0.9352297592997811],
[1674221400.0, 0.9566739606126916],
[1674307800.0, 0.9317286652078776],
[1674394200.0, 0.9480564347423956],
[1674480600.0, 0.9465412323743254],
[1674567000.0, 1.0109936575052854],
[1674653400.0, 0.8988721804511278],
[1674739800.0, 0.9409774436090226],
[1674826200.0, 0.9618691588785045],
[1674912600.0, 0.9760299625468166],
[1674999000.0, 0.9760299625468166],
[1675085400.0, 0.9760299625468166],
[1675171800.0, 0.9760299625468166],
[1675258200.0, 0.9742056074766355],
[1675344600.0, 0.8818950930626058],
[1675431000.0, 0.8521150592216581],
[1675517400.0, 0.7815491927625354],
[1675603800.0, 0.7855356354105906],
[1675690200.0, 0.7849483371067312],
[1675776600.0, 0.8003384094754654],
[1675863000.0, 0.8003384094754654],
[1675949400.0, 0.8003384094754654],
