[1635773400.0, 0.31003898],
[1635859800.0, 0.31450388],
[1635946200.0, 0.30800412000000005],
[1636032600.0, 0.30737508],
[1636119000.0, 0.3140686200000001],
[1636205400.0, 0.30311988],
[1636291800.0, 0.30147622],
[1636378200.0, 0.30197652],
[1636464600.0, 0.30332072000000004],
[1636551000.0, 0.31603284000000004],
[1636637400.0, 0.31671368],
[1636723800.0, 0.31412120000000004],
[1636810200.0, 0.3034968],
[1636896600.0, 0.31634360000000006],
[1636983000.0, 0.30643712],
[1637069400.0, 0.31442512],
[1637155800.0, 0.32166920000000004],
[1637242200.0, 0.33750608000000004],
[1637328600.0, 0.34487278000000005],
[1637415000.0, 0.33502610000000005],
[1637501400.0, 0.34685018],
[1637587800.0, 0.33841932],
[1637674200.0, 0.3282929],
[1637760600.0, 0.32916860000000003],
[1637847000.0, 0.34770604000000005],
[1637933400.0, 0.3524636],
[1638019800.0, 0.33764968],
[1638106200.0, 0.3483698],
[1638192600.0, 0.35017406000000006],
[1638279000.0, 0.35196526000000006],
[1638365400.0, 0.35579086000000004],
[1638451800.0, 0.35501348],
[1638538200.0, 0.3543285],
[1638624600.0, 0.34569404000000004],
[1638711000.0, 0.33623900000000007],
[1638797400.0, 0.33674952],
[1638883800.0, 0.33672888],
[1638970200.0, 0.33275786],
[1639056600.0, 0.34629812000000004],
[1639143000.0, 0.37400289999999997],
[1639229400.0, 0.35155442000000003],
[1639315800.0, 0.3502250800000001],
[1639402200.0, 0.34502398],
[1639488600.0, 0.35742262],
[1639575000.0, 0.37429382],
[1639661400.0, 0.37810224000000003],
[1639747800.0, 0.35927732],
[1639834200.0, 0.34991286],
[1639920600.0, 0.37330588000000003],
[1640007000.0, 0.35849568],
[1640093400.0, 0.37317940000000005],
[1640179800.0, 0.36362072],
[1640266200.0, 0.38952788000000005],
[1640352600.0, 0.37566212],
[1640439000.0, 0.35819934],
[1640525400.0, 0.36206868000000003],
[1640611800.0, 0.35475348000000007],
[1640698200.0, 0.37152318],
[1640784600.0, 0.3597433],
[1640871000.0, 0.36413582],
[1640957400.0, 0.39357376000000005],
[1641043800.0, 0.41754418000000004],
[1641130200.0, 0.39549496],
[1641216600.0, 0.3818994600000001],
[1641303000.0, 0.36784288000000004],
[1641389400.0, 0.35887608000000004],
[1641475800.0, 0.37948822],
[1641562200.0, 0.36835326],
[1641648600.0, 0.36529566],
[1641735000.0, 0.36550526000000005],
[1641821400.0, 0.36353018000000004],
[1641907800.0, 0.35716904000000005],
[1641994200.0, 0.35317149999999997],
[1642080600.0, 0.3544671600000001],
[1642167000.0, 0.35089497999999997],
[1642253400.0, 0.35896710000000004],
[1642339800.0, 0.34493640000000003],
[1642426200.0, 0.36116528000000003],
[1642512600.0, 0.3729753800000001],
[1642599000.0, 0.38024794],
[1642685400.0, 0.38403126000000004],
[1642771800.0, 0.38735514000000004],
[1642858200.0, 0.37190132000000004],
[1642944600.0, 0.37554754],
[1643031000.0, 0.38134776000000004],
[1643117400.0, 0.3801437000000001],
[1643203800.0, 0.3841524800000001],
[1643290200.0, 0.37461576],
[1643376600.0, 0.38584918],
[1643463000.0, 0.38445758],
[1643549400.0, 0.41410656],
[1643635800.0, 0.41410656],
[1643722200.0, 0.41410656],
[1643808600.0, 0.41970272],
[1643895000.0, 0.42301051999999995],
[1643981400.0, 0.4316588800000001],
[1644067800.0, 0.41761119999999996],
[1644154200.0, 0.4187912],
[1644240600.0, 0.38574626],
[1644327000.0, 0.38980070000000006],
[1644413400.0, 0.38024310000000006],
[1644499800.0, 0.38631574],
[1644586200.0, 0.38527310000000003],
[1644672600.0, 0.39082217999999996],
[1644759000.0, 0.38304496],
[1644845400.0, 0.40091978000000006],
[1644931800.0, 0.40264762000000004],
[1645018200.0, 0.39605778],
[1645104600.0, 0.40216850000000004],
[1645191000.0, 0.40611822000000003],
[1645277400.0, 0.41077972],
[1645363800.0, 0.4082707000000001],
[1645450200.0, 0.41308122],
[1645536600.0, 0.4007124],
[1645623000.0, 0.4110873400000001],
[1645709400.0, 0.42045254000000004],
[1645795800.0, 0.40070542],
[1645882200.0, 0.40468008],
[1645968600.0, 0.42569608],
[1646055000.0, 0.41628522000000007],
[1646141400.0, 0.41657890000000003],
[1646227800.0, 0.42215922000000006],
[1646314200.0, 0.4196408400000001],
[1646400600.0, 0.420463],
[1646487000.0, 0.39924066],
[1646573400.0, 0.40351956],
[1646659800.0, 0.375888],
[1646746200.0, 0.36805366000000006],
[1646832600.0, 0.3783913],
[1646919000.0, 0.37742304000000004],
[1647005400.0, 0.37836932],
[1647091800.0, 0.38406222],
[1647178200.0, 0.36645524000000007],
[1647264600.0, 0.32267062],
[1647351000.0, 0.36545492],
[1647437400.0, 0.36662738],
[1647523800.0, 0.37212760000000006],
[1647610200.0, 0.37461182],
[1647696600.0, 0.37694520000000004],
[1647783000.0, 0.38612357999999997],
[1647869400.0, 0.39116362000000005],
[1647955800.0, 0.3861467800000001],
[1648042200.0, 0.38187440000000006],
[1648128600.0, 0.38214294000000004],
[1648215000.0, 0.38537748],
[1648301400.0, 0.37943266000000003],
[1648387800.0, 0.37781732],
[1648474200.0, 0.3811478],
[1648560600.0, 0.38676894],
[1648647000.0, 0.38087944000000007],
[1648733400.0, 0.38792418000000006],
[1648819800.0, 0.39404002],
[1648906200.0, 0.37625026000000006],
[1648996200.0, 0.3802974],
[1649082600.0, 0.38571024],
[1649169000.0, 0.38601062],
[1649255400.0, 0.37513111999999993],
[1649341800.0, 0.38947066],
[1649428200.0, 0.37959208],
[1649514600.0, 0.37285448],
[1649601000.0, 0.37285448],
[1649687400.0, 0.37285448],
[1649773800.0, 0.37285448],
[1649860200.0, 0.37281005999999994],
[1649946600.0, 0.38118394],
[1650033000.0, 0.38717804],
[1650119400.0, 0.39374738000000004],
[1650205800.0, 0.37492770000000003],
[1650292200.0, 0.38087126000000004],
[1650378600.0, 0.38756373999999993],
[1650465000.0, 0.3696546],
[1650551400.0, 0.3696546],
[1650637800.0, 0.3696546],
[1650724200.0, 0.37926818],
[1650810600.0, 0.37681334000000005],
[1650897000.0, 0.3643043600000001],
[1650983400.0, 0.36754334],
[1651069800.0, 0.36512052000000006],
[1651156200.0, 0.35498944000000004],
[1651242600.0, 0.35933232000000004],
[1651329000.0, 0.3597704600000001],
[1651415400.0, 0.35997796000000004],
[1651501800.0, 0.36747214],
[1651588200.0, 0.36520108],
[1651674600.0, 0.35557588],
[1651761000.0, 0.35646316],
[1651847400.0, 0.34812026000000007],
[1651933800.0, 0.33973268000000006],
[1652020200.0, 0.3301661],
[1652106600.0, 0.33665140000000005],
[1652193000.0, 0.32321528],
[1652279400.0, 0.33998928000000006],
[1652365800.0, 0.32976604000000004],
[1652452200.0, 0.31973490000000004],
[1652538600.0, 0.30737866],
[1652625000.0, 0.31375596],
[1652711400.0, 0.3102700800000001],
[1652797800.0, 0.31320808000000006],
[1652884200.0, 0.31117318000000005],
[1652970600.0, 0.32023174],
[1653057000.0, 0.32270830000000006],
[1653143400.0, 0.30742008000000004],
[1653229800.0, 0.3100936000000001],
[1653316200.0, 0.30515142],
[1653402600.0, 0.30195530000000004],
[1653489000.0, 0.29884052000000005],
[1653575400.0, 0.31330566000000004],
[1653661800.0, 0.30296022],
[1653748200.0, 0.30507132000000003],
[1653834600.0, 0.30310300000000007],
[1653921000.0, 0.29639558],
[1654007400.0, 0.3057824800000001],
[1654093800.0, 0.31960318],
[1654180200.0, 0.31232248000000007],
[1654266600.0, 0.31821424],
[1654353000.0, 0.32012832],
[1654439400.0, 0.31411976],
[1654525800.0, 0.29961866000000004],
[1654612200.0, 0.3011266600000001],
[1654698600.0, 0.2954593],
[1654785000.0, 0.30177188],
[1654871400.0, 0.3090195400000001],
[1654957800.0, 0.29578210000000005],
[1655044200.0, 0.28981036000000004],
[1655130600.0, 0.29588204000000007],
[1655217000.0, 0.29861916],
[1655303400.0, 0.31189459999999997],
[1655389800.0, 0.30866904],
[1655476200.0, 0.32201130000000006],
[1655562600.0, 0.30896086],
[1655649000.0, 0.3134455],
[1655735400.0, 0.30880054],
[1655821800.0, 0.31085260000000003],
[1655908200.0, 0.30034018],
[1655994600.0, 0.31187992000000003],
[1656081000.0, 0.31100005999999997],
[1656167400.0, 0.31519452000000003],
[1656253800.0, 0.30411092],
[1656340200.0, 0.30843876000000003],
[1656426600.0, 0.30779276000000005],
[1656513000.0, 0.30215778000000004],
[1656599400.0, 0.3114112],
[1656685800.0, 0.3311409],
[1656772200.0, 0.3505429],
[1656858600.0, 0.35424930000000004],
[1656945000.0, 0.36167008],
[1657031400.0, 0.35298382000000006],
[1657117800.0, 0.34898777999999997],
[1657204200.0, 0.3416815000000001],
[1657290600.0, 0.35490626000000003],
[1657377000.0, 0.35346168],
[1657463400.0, 0.35811104],
[1657549800.0, 0.3750597],
[1657636200.0, 0.361002],
[1657722600.0, 0.37712890000000004],
[1657809000.0, 0.37316256000000003],
[1657895400.0, 0.39300852000000003],
[1657981800.0, 0.3875486800000001],
[1658068200.0, 0.39873518],
[1658154600.0, 0.3907963200000001],
[1658241000.0, 0.37832832],
[1658327400.0, 0.37796776000000004],
[1658413800.0, 0.3834505200000001],
[1658500200.0, 0.36613912000000004],
[1658586600.0, 0.38426686],
[1658673000.0, 0.3675425600000001],
[1658759400.0, 0.37681003999999996],
[1658845800.0, 0.38316168000000006],
[1658932200.0, 0.37625601999999997],
[1659018600.0, 0.37999306],
[1659105000.0, 0.37331802000000003],
[1659191400.0, 0.37426334000000006],
[1659277800.0, 0.38551424],
[1659364200.0, 0.39202326],
[1659450600.0, 0.39231328000000004],
[1659537000.0, 0.39366702000000003],
[1659623400.0, 0.38391686],
[1659709800.0, 0.39677644],
[1659796200.0, 0.38926382000000004],
[1659882600.0, 0.40238676],
[1659969000.0, 0.36896592000000006],
[1660055400.0, 0.38144782],
[1660141800.0, 0.39874292],
[1660228200.0, 0.39110678000000004],
[1660314600.0, 0.39810212],
[1660401000.0, 0.39810212],
[1660487400.0, 0.39810212],
[1660573800.0, 0.39810212],
[1660660200.0, 0.40449957999999997],
[1660746600.0, 0.40403010000000006],
[1660833000.0, 0.40591124],
[1660919400.0, 0.4113971],
[1661005800.0, 0.425319],
[1661092200.0, 0.43684199999999995],
[1661178600.0, 0.43234976],
[1661265000.0, 0.42721282],
[1661351400.0, 0.44471360000000004],
[1661437800.0, 0.46038018],
[1661524200.0, 0.47369748000000006],
[1661610600.0, 0.47282070000000004],
[1661697000.0, 0.46678530000000007],
[1661783400.0, 0.43983216],
[1661869800.0, 0.4656534800000001],
[1661956200.0, 0.44672622000000006],
[1662042600.0, 0.46610334],
[1662129000.0, 0.45083544],
[1662215400.0, 0.45041080000000006],
[1662301800.0, 0.45018916000000003],
[1662388200.0, 0.46983786000000005],
[1662474600.0, 0.4481863800000001],
[1662561000.0, 0.4420511600000001],
[1662647400.0, 0.45621108],
[1662733800.0, 0.47822072000000004],
[1662820200.0, 0.46088304],
[1662906600.0, 0.43606360000000005],
[1662993000.0, 0.44256652],
[1663079400.0, 0.4219755600000001],
[1663165800.0, 0.41667244000000003],
[1663252200.0, 0.41795964],
[1663338600.0, 0.42311936],
[1663425000.0, 0.41442826000000005],
[1663511400.0, 0.42143518],
[1663597800.0, 0.43515232],
[1663684200.0, 0.43761142],
[1663770600.0, 0.43134158000000006],
[1663857000.0, 0.42629072000000007],
[1663943400.0, 0.42842924],
[1664029800.0, 0.41090998],
[1664116200.0, 0.4003025000000001],
[1664202600.0, 0.4268548000000001],
[1664289000.0, 0.40791388],
[1664375400.0, 0.42955586000000007],
[1664461800.0, 0.43545284000000006],
[1664548200.0, 0.44807872],
[1664634600.0, 0.47558502],
[1664717400.0, 0.4614283200000001],
[1664803800.0, 0.46497453999999994],
[1664890200.0, 0.45771558000000007],
[1664976600.0, 0.45320524000000006],
[1665063000.0, 0.45524585999999995],
[1665149400.0, 0.43531237999999994],
[1665235800.0, 0.4357773],
[1665322200.0, 0.43916898],
[1665408600.0, 0.43886758000000003],
[1665495000.0, 0.43610312],
[1665581400.0, 0.45577442],
[1665667800.0, 0.44662626000000005],
[1665754200.0, 0.45168754],
[1665840600.0, 0.44929140000000006],
[1665927000.0, 0.46938142000000005],
[1666013400.0, 0.4624926800000001],
[1666099800.0, 0.4448115],
[1666186200.0, 0.4545026400000001],
[1666272600.0, 0.4535288800000001],
[1666359000.0, 0.4656489],
[1666445400.0, 0.44359780000000004],
[1666531800.0, 0.42926840000000005],
[1666618200.0, 0.4427410600000001],
[1666704600.0, 0.4255048],
[1666791000.0, 0.4403206600000001],
[1666877400.0, 0.44839219999999996],
[1666963800.0, 0.4693057200000001],
[1667050200.0, 0.46331542],
[1667136600.0, 0.4386582600000001],
[1667223000.0, 0.44740194000000005],
[1667309400.0, 0.43904454],
[1667395800.0, 0.48274641999999995],
[1667482200.0, 0.4625102],
[1667568600.0, 0.46010836],
[1667655000.0, 0.43787082],
[1667741400.0, 0.44377146000000006],
[1667827800.0, 0.42238442000000004],
[1667914200.0, 0.43129090000000003],
[1668000600.0, 0.43128400000000006],
[1668087000.0, 0.45952712],
[1668173400.0, 0.4741815000000001],
[1668259800.0, 0.46929892000000006],
[1668346200.0, 0.46307316],
[1668432600.0, 0.46294998000000004],
[1668519000.0, 0.44558188000000004],
[1668605400.0, 0.4522731200000001],
[1668691800.0, 0.45499678],
[1668778200.0, 0.46503200000000006],
[1668864600.0, 0.44412616000000005],
[1668951000.0, 0.44638636],
[1669037400.0, 0.45470316000000005],
[1669123800.0, 0.46073484000000003],
[1669210200.0, 0.44264902],
[1669296600.0, 0.44304972],
[1669383000.0, 0.43141576],
[1669469400.0, 0.43444782000000004],
[1669555800.0, 0.43111958],
[1669642200.0, 0.43355126000000005],
[1669728600.0, 0.44922322000000003],
[1669815000.0, 0.47208416],
[1669901400.0, 0.47939046],
[1669987800.0, 0.46604952000000005],
[1670074200.0, 0.4570202],
[1670160600.0, 0.45652038000000006],
[1670247000.0, 0.46468146],
[1670333400.0, 0.46617526],
[1670419800.0, 0.45987048],
[1670506200.0, 0.45264044000000003],
[1670592600.0, 0.45721018],
[1670679000.0, 0.43510618],
[1670765400.0, 0.43900167999999995],
[1670851800.0, 0.44659526000000005],
[1670938200.0, 0.43567804],
[1671024600.0, 0.42786338000000007],
[1671111000.0, 0.45209558000000005],
[1671197400.0, 0.4412191000000001],
[1671283800.0, 0.42977490000000007],
[1671370200.0, 0.4319564400000001],
[1671456600.0, 0.43524638000000004],
[1671543000.0, 0.42073543999999996],
[1671629400.0, 0.41881308000000006],
[1671715800.0, 0.41003542],
[1671802200.0, 0.39835628],
[1671888600.0, 0.39301820000000004],
[1671975000.0, 0.39332894000000007],
[1672061400.0, 0.39197896],
[1672147800.0, 0.37866158000000005],
[1672234200.0, 0.37899489999999997],
[1672320600.0, 0.37757066],
[1672407000.0, 0.37814216000000006],
[1672493400.0, 0.38444668000000004],
[1672579800.0, 0.37349062],
[1672666200.0, 0.37806078000000004],
[1672752600.0, 0.38500094],
[1672839000.0, 0.38908180000000003],
[1672925400.0, 0.40794611999999997],
[1673011800.0, 0.38989934000000004],
[1673098200.0, 0.38481336],
[1673184600.0, 0.40227844],
[1673271000.0, 0.4015482],
[1673357400.0, 0.40011051999999997],
[1673443800.0, 0.40303472000000007],
[1673530200.0, 0.4033565600000001],
[1673616600.0, 0.3980047000000001],
[1673703000.0, 0.41487268000000005],
[1673789400.0, 0.41376206],
[1673875800.0, 0.42409982],
[1673962200.0, 0.4252468200000001],
[1674048600.0, 0.43276780000000004],
[1674135000.0, 0.43622782000000004],
[1674221400.0, 0.4520856600000001],
[1674307800.0, 0.4623771400000001],
[1674394200.0, 0.4863793],
[1674480600.0, 0.49544628],
[1674567000.0, 0.5067806600000001],
[1674653400.0, 0.5040804000000001],
[1674739800.0, 0.48096894],
[1674826200.0, 0.47619902000000003],
[1674912600.0, 0.460431],
[1674999000.0, 0.46587614000000005],
[1675085400.0, 0.47772232],
[1675171800.0, 0.4835186800000001],
[1675258200.0, 0.47507573999999997],
[1675344600.0, 0.49491546],
[1675431000.0, 0.4984099000000001],
[1675517400.0, 0.48244275999999997],
[1675603800.0, 0.48498484],
[1675690200.0, 0.48607352000000004],
[1675776600.0, 0.47515560000000007],
[1675863000.0, 0.47397842],
[1675949400.0, 0.47397842],
