[1666445400.0, 4.288172235564972],
[1666531800.0, 4.340620665032775],
[1666618200.0, 4.030264858205224],
[1666704600.0, 4.119532212763744],
[1666791000.0, 4.15075565618732],
[1666877400.0, 4.201098558110513],
[1666963800.0, 4.0804991255264635],
[1667050200.0, 3.686701574431953],
[1667136600.0, 3.3134440864207733],
[1667223000.0, 3.467499999999999],
[1667309400.0, 3.970249999999999],
[1667395800.0, 3.697],
[1667482200.0, 3.7515000000000014],
[1667568600.0, 4.08275],
[1667655000.0, 3.05125],
[1667741400.0, 2.7517500000000004],
[1667827800.0, 2.6109999999999998],
[1667914200.0, 2.363749999999999],
[1668000600.0, 2.2490000000000006],
[1668087000.0, 2.4029999999999996],
[1668173400.0, 2.115750000000001],
[1668259800.0, 2.61875],
[1668346200.0, 1.639],
[1668432600.0, 1.707],
[1668519000.0, 1.6564999999999994],
[1668605400.0, 1.61875],
[1668691800.0, 1.5339999999999998],
[1668778200.0, 1.4567500000000002],
[1668864600.0, 1.4195],
[1668951000.0, 1.4585000000000004],
[1669037400.0, 1.5602500000000008],
[1669123800.0, 1.5415000000000005],
[1669210200.0, 1.5700000000000007],
[1669296600.0, 1.4947500000000002],
[1669383000.0, 1.4967500000000005],
[1669469400.0, 1.567250000000001],
[1669555800.0, 1.4014999999999995],
[1669642200.0, 1.3882500000000002],
[1669728600.0, 1.4304999999999999],
[1669815000.0, 1.43025],
[1669901400.0, 1.4505000000000008],
[1669987800.0, 1.4602500000000005],
[1670074200.0, 1.5145000000000002],
[1670160600.0, 1.5292499999999996],
[1670247000.0, 1.5305000000000004],
[1670333400.0, 1.57575],
[1670419800.0, 1.5767499999999999],
[1670506200.0, 1.6052500000000003],
[1670592600.0, 1.59075],
[1670679000.0, 1.6167499999999997],
[1670765400.0, 1.57125],
[1670851800.0, 1.57225],
[1670938200.0, 1.4184999999999999],
[1671024600.0, 1.3120000000000003],
[1671111000.0, 1.239],
[1671197400.0, 1.2045000000000001],
[1671283800.0, 1.2109999999999999],
[1671370200.0, 1.19875],
[1671456600.0, 1.2092499999999997],
[1671543000.0, 0.80625],
[1671629400.0, 0.594],
[1671715800.0, 0.5405000000000002],
[1671802200.0, 0.6094999999999999],
[1671888600.0, 0.5542500000000001],
[1671975000.0, 0.5565],
[1672061400.0, 0.61425],
[1672147800.0, 0.5924999999999999],
[1672234200.0, 0.5705000000000001],
[1672320600.0, 0.575],
[1672407000.0, 0.5569999999999998],
[1672493400.0, 0.5719999999999998],
[1672579800.0, 0.5582499999999999],
[1672666200.0, 0.5209999999999999],
[1672752600.0, 0.5350000000000001],
[1672839000.0, 0.5402500000000003],
[1672925400.0, 0.55],
[1673011800.0, 0.5962500000000002],
[1673098200.0, 0.61025],
[1673184600.0, 0.6065],
[1673271000.0, 0.6177500000000002],
[1673357400.0, 0.6424999999999998],
[1673443800.0, 0.6570000000000001],
[1673530200.0, 0.6892500000000001],
[1673616600.0, 0.6772500000000001],
[1673703000.0, 0.68225],
[1673789400.0, 0.6635],
[1673875800.0, 0.6574999999999999],
[1673962200.0, 0.6614999999999999],
[1674048600.0, 0.6962500000000001],
[1674135000.0, 0.72475],
[1674221400.0, 0.7685000000000001],
[1674307800.0, 0.8202500000000003],
[1674394200.0, 0.88275],
[1674480600.0, 0.8714999999999998],
[1674567000.0, 0.8385],
[1674653400.0, 0.8452500000000003],
[1674739800.0, 0.8402499999999999],
[1674826200.0, 0.8089999999999999],
[1674912600.0, 0.7592500000000001],
[1674999000.0, 0.7452499999999999],
[1675085400.0, 0.7325000000000002],
[1675171800.0, 0.7252500000000001],
[1675258200.0, 0.7107500000000001],
[1675344600.0, 0.7459999999999998],
[1675431000.0, 0.7540000000000001],
[1675517400.0, 0.779],
[1675603800.0, 0.7977499999999997],
[1675690200.0, 0.7794999999999999],
[1675776600.0, 0.7714999999999999],
[1675863000.0, 0.7730000000000001],
[1675949400.0, 0.7730000000000001],
