[1635773400.0, 0],
[1635859800.0, 0],
[1635946200.0, 0],
[1636032600.0, 0],
[1636119000.0, 0],
[1636205400.0, 0],
[1636291800.0, 0],
[1636378200.0, 0],
[1636464600.0, 0],
[1636551000.0, 0],
[1636637400.0, 0],
[1636723800.0, 0],
[1636810200.0, 0],
[1636896600.0, 0],
[1636983000.0, 0],
[1637069400.0, 0],
[1637155800.0, 0],
[1637242200.0, 0],
[1637328600.0, 0],
[1637415000.0, 0],
[1637501400.0, 0],
[1637587800.0, 0],
[1637674200.0, 0],
[1637760600.0, 0],
[1637847000.0, 0],
[1637933400.0, 0],
[1638019800.0, 0],
[1638106200.0, 0],
[1638192600.0, 0],
[1638279000.0, 0],
[1638365400.0, 0],
[1638451800.0, 0],
[1638538200.0, 0],
[1638624600.0, 0],
[1638711000.0, 0],
[1638797400.0, 0],
[1638883800.0, 0],
[1638970200.0, 0],
[1639056600.0, 0],
[1639143000.0, 0],
[1639229400.0, 0],
[1639315800.0, 0],
[1639402200.0, 0],
[1639488600.0, 0],
[1639575000.0, 0],
[1639661400.0, 0],
[1639747800.0, 0],
[1639834200.0, 0],
[1639920600.0, 0],
[1640007000.0, 0],
[1640093400.0, 0],
[1640179800.0, 0],
[1640266200.0, 0],
[1640352600.0, 0],
[1640439000.0, 0],
[1640525400.0, 0],
[1640611800.0, 0],
[1640698200.0, 0],
[1640784600.0, 0],
[1640871000.0, 0],
[1640957400.0, 0],
[1641043800.0, 0],
[1641130200.0, 0],
[1641216600.0, 0],
[1641303000.0, 0],
[1641389400.0, 0],
[1641475800.0, 0],
[1641562200.0, 0],
[1641648600.0, 0],
[1641735000.0, 0],
[1641821400.0, 0],
[1641907800.0, 0],
[1641994200.0, 0],
[1642080600.0, 0],
[1642167000.0, 0],
[1642253400.0, 0],
[1642339800.0, 0],
[1642426200.0, 0],
[1642512600.0, 0],
[1642599000.0, 0],
[1642685400.0, 0],
[1642771800.0, 0],
[1642858200.0, 0],
[1642944600.0, 0],
[1643031000.0, 0],
[1643117400.0, 0],
[1643203800.0, 0],
[1643290200.0, 0],
[1643376600.0, 0],
[1643463000.0, 0],
[1643549400.0, 0],
[1643635800.0, 0],
[1643722200.0, 0],
[1643808600.0, 0],
[1643895000.0, 0],
[1643981400.0, 0],
[1644067800.0, 0],
[1644154200.0, 0],
[1644240600.0, 0],
[1644327000.0, 0],
[1644413400.0, 0],
[1644499800.0, 0],
[1644586200.0, 0],
[1644672600.0, 0],
[1644759000.0, 0],
[1644845400.0, 0],
[1644931800.0, 0],
[1645018200.0, 0],
[1645104600.0, 0],
[1645191000.0, 0],
[1645277400.0, 0],
[1645363800.0, 0],
[1645450200.0, 0],
[1645536600.0, 0],
[1645623000.0, 0],
[1645709400.0, 0],
[1645795800.0, 0],
[1645882200.0, 0],
[1645968600.0, 0],
[1646055000.0, 0],
[1646141400.0, 0],
[1646227800.0, 0],
[1646314200.0, 0],
[1646400600.0, 0],
[1646487000.0, 0],
[1646573400.0, 0],
[1646659800.0, 0],
[1646746200.0, 0],
[1646832600.0, 0],
[1646919000.0, 0],
[1647005400.0, 0],
[1647091800.0, 0],
[1647178200.0, 0],
[1647264600.0, 0],
[1647351000.0, 0],
[1647437400.0, 0],
[1647523800.0, 0],
[1647610200.0, 0],
[1647696600.0, 0],
[1647783000.0, 0],
[1647869400.0, 0],
[1647955800.0, 0],
[1648042200.0, 0],
[1648128600.0, 0],
[1648215000.0, 0],
[1648301400.0, 0],
[1648387800.0, 0],
[1648474200.0, 0],
[1648560600.0, 0],
[1648647000.0, 0],
[1648733400.0, 0],
[1648819800.0, 0],
[1648906200.0, 0],
[1648996200.0, 0],
[1649082600.0, 0],
[1649169000.0, 0],
[1649255400.0, 0],
[1649341800.0, 0],
[1649428200.0, 0],
[1649514600.0, 0],
[1649601000.0, 0],
[1649687400.0, 0],
[1649773800.0, 0],
[1649860200.0, 0],
[1649946600.0, 0],
[1650033000.0, 0],
[1650119400.0, 0],
[1650205800.0, 0],
[1650292200.0, 0],
[1650378600.0, 0],
[1650465000.0, 0],
[1650551400.0, 0],
[1650637800.0, 0],
[1650724200.0, 0],
[1650810600.0, 0],
[1650897000.0, 0],
[1650983400.0, 0],
[1651069800.0, 0],
[1651156200.0, 0],
[1651242600.0, 0],
[1651329000.0, 0],
[1651415400.0, 0],
[1651501800.0, 0],
[1651588200.0, 0],
[1651674600.0, 0],
[1651761000.0, 0],
[1651847400.0, 0],
[1651933800.0, 0],
[1652020200.0, 0],
[1652106600.0, 0],
[1652193000.0, 0],
[1652279400.0, 0],
[1652365800.0, 0],
[1652452200.0, 0],
[1652538600.0, 0],
[1652625000.0, 0],
[1652711400.0, 0],
[1652797800.0, 0],
[1652884200.0, 0],
[1652970600.0, 0],
[1653057000.0, 0],
[1653143400.0, 0],
[1653229800.0, 0],
[1653316200.0, 0],
[1653402600.0, 0],
[1653489000.0, 0],
[1653575400.0, 0],
[1653661800.0, 0],
[1653748200.0, 0],
[1653834600.0, 0],
[1653921000.0, 0],
[1654007400.0, 0],
[1654093800.0, 0],
[1654180200.0, 0],
[1654266600.0, 0],
[1654353000.0, 0],
[1654439400.0, 0],
[1654525800.0, 0],
[1654612200.0, 0],
[1654698600.0, 0],
[1654785000.0, 0],
[1654871400.0, 0],
[1654957800.0, 0],
[1655044200.0, 0],
[1655130600.0, 0],
[1655217000.0, 0],
[1655303400.0, 0],
[1655389800.0, 0],
[1655476200.0, 0],
[1655562600.0, 0],
[1655649000.0, 0],
[1655735400.0, 0],
[1655821800.0, 0],
[1655908200.0, 0],
[1655994600.0, 0],
[1656081000.0, 0],
[1656167400.0, 0],
[1656253800.0, 0],
[1656340200.0, 0],
[1656426600.0, 0],
[1656513000.0, 0],
[1656599400.0, 0],
[1656685800.0, 0],
[1656772200.0, 0],
[1656858600.0, 0],
[1656945000.0, 0],
[1657031400.0, 0],
[1657117800.0, 0],
[1657204200.0, 0],
[1657290600.0, 0],
[1657377000.0, 0],
[1657463400.0, 0],
[1657549800.0, 0],
[1657636200.0, 0],
[1657722600.0, 0],
[1657809000.0, 0],
[1657895400.0, 0],
[1657981800.0, 0],
[1658068200.0, 0],
[1658154600.0, 0],
[1658241000.0, 0],
[1658327400.0, 0],
[1658413800.0, 0],
[1658500200.0, 0],
[1658586600.0, 0],
[1658673000.0, 0],
[1658759400.0, 0],
[1658845800.0, 0],
[1658932200.0, 0],
[1659018600.0, 0],
[1659105000.0, 0],
[1659191400.0, 0],
[1659277800.0, 0],
[1659364200.0, 0],
[1659450600.0, 0],
[1659537000.0, 0],
[1659623400.0, 0],
[1659709800.0, 0],
[1659796200.0, 0],
[1659882600.0, 0],
[1659969000.0, 0],
[1660055400.0, 0],
[1660141800.0, 0],
[1660228200.0, 0],
[1660314600.0, 0],
[1660401000.0, 0],
[1660487400.0, 0],
[1660573800.0, 0],
[1660660200.0, 0],
[1660746600.0, 0],
[1660833000.0, 0],
[1660919400.0, 0],
[1661005800.0, 0],
[1661092200.0, 0],
[1661178600.0, 0],
[1661265000.0, 0],
[1661351400.0, 0],
[1661437800.0, 0],
[1661524200.0, 0],
[1661610600.0, 0],
[1661697000.0, 0],
[1661783400.0, 0],
[1661869800.0, 0],
[1661956200.0, 0],
[1662042600.0, 0],
[1662129000.0, 0],
[1662215400.0, 0],
[1662301800.0, 0],
[1662388200.0, 0],
[1662474600.0, 0],
[1662561000.0, 0],
[1662647400.0, 0],
[1662733800.0, 0],
[1662820200.0, 0],
[1662906600.0, 0],
[1662993000.0, 0],
[1663079400.0, 0],
[1663165800.0, 0],
[1663252200.0, 0],
[1663338600.0, 0],
[1663425000.0, 0],
[1663511400.0, 0],
[1663597800.0, 0],
[1663684200.0, 0],
[1663770600.0, 0],
[1663857000.0, 0],
[1663943400.0, 0],
[1664029800.0, 0],
[1664116200.0, 0],
[1664202600.0, 0],
[1664289000.0, 0],
[1664375400.0, 0],
[1664461800.0, 0],
[1664548200.0, 0],
[1664634600.0, 0],
[1664717400.0, 0],
[1664803800.0, 0],
[1664890200.0, 0],
[1664976600.0, 0],
[1665063000.0, 0],
[1665149400.0, 0],
[1665235800.0, 0],
[1665322200.0, 0],
[1665408600.0, 0],
[1665495000.0, 0],
[1665581400.0, 0],
[1665667800.0, 0],
[1665754200.0, 0],
[1665840600.0, 0],
[1665927000.0, 0],
[1666013400.0, 0],
[1666099800.0, 0],
[1666186200.0, 0],
[1666272600.0, 0],
[1666359000.0, 0],
[1666445400.0, 0.4177131698698804],
[1666531800.0, 0.4145017543200773],
[1666618200.0, 0.3866052558294284],
[1666704600.0, 0.3922542167941024],
[1666791000.0, 0.393597964576715],
[1666877400.0, 0.39614190943317384],
[1666963800.0, 0.3451886214976009],
[1667050200.0, 0.31521762990684193],
[1667136600.0, 0.46417377863955134],
[1667223000.0, 0.517163898584515],
[1667309400.0, 0.4997895648521732],
[1667395800.0, 0.4682405533063428],
[1667482200.0, 0.45176431823628077],
[1667568600.0, 0.6006955458630715],
[1667655000.0, 0.4914242274819197],
[1667741400.0, 0.3776062753036437],
[1667827800.0, 0.3084396258503401],
[1667914200.0, 0.33267322954822953],
[1668000600.0, 0.3600054824561404],
[1668087000.0, 0.3737323307034845],
[1668173400.0, 0.3876060520361991],
[1668259800.0, 0.44771581196581195],
[1668346200.0, 0.3045879120879121],
[1668432600.0, 0.349300468050468],
[1668519000.0, 0.38950774068698596],
[1668605400.0, 0.4344760312151616],
[1668691800.0, 0.307402812241522],
[1668778200.0, 0.3135870726495727],
[1668864600.0, 0.3525271203155818],
[1668951000.0, 0.379224358974359],
[1669037400.0, 0.35962110805860803],
[1669123800.0, 0.3833778490028492],
[1669210200.0, 0.3704458041958042],
[1669296600.0, 0.3771973619329389],
[1669383000.0, 0.3610139860139861],
[1669469400.0, 0.3574614298131248],
[1669555800.0, 0.27792177629134146],
[1669642200.0, 0.2671835500180571],
[1669728600.0, 0.26302467509659294],
[1669815000.0, 0.2726554267650158],
[1669901400.0, 0.28418652943300843],
[1669987800.0, 0.28912964969303007],
[1670074200.0, 0.30804893463344174],
[1670160600.0, 0.292189608636977],
[1670247000.0, 0.2924017094017095],
[1670333400.0, 0.2938195850202429],
[1670419800.0, 0.28414475819539114],
[1670506200.0, 0.28015361163227015],
[1670592600.0, 0.2805008495520544],
[1670679000.0, 0.284494215134459],
[1670765400.0, 0.2716133765832562],
[1670851800.0, 0.2628670989862851],
[1670938200.0, 0.34840277777777784],
[1671024600.0, 0.33299679487179484],
[1671111000.0, 0.2868772893772894],
[1671197400.0, 0.28336996336996334],
[1671283800.0, 0.2859821428571428],
[1671370200.0, 0.3226245864350703],
[1671456600.0, 0.35362470862470863],
[1671543000.0, 0.5645053058316291],
[1671629400.0, 0.5670522400986308],
[1671715800.0, 0.507851578184603],
[1671802200.0, 0.5032361808832938],
[1671888600.0, 0.49243895268896076],
[1671975000.0, 0.5024473669557459],
[1672061400.0, 0.5117424191554674],
[1672147800.0, 0.5172827029661966],
[1672234200.0, 0.5141838173465684],
[1672320600.0, 0.5812643404450198],
[1672407000.0, 0.522786383885653],
[1672493400.0, 0.5338198877995274],
[1672579800.0, 0.5233324882639853],
[1672666200.0, 0.4804622075683641],
[1672752600.0, 0.49833282519343347],
[1672839000.0, 0.5032273961095621],
[1672925400.0, 0.46899251610776255],
[1673011800.0, 0.5003582459263204],
[1673098200.0, 0.48034982722814923],
[1673184600.0, 0.4685436430003643],
[1673271000.0, 0.5013476669153903],
[1673357400.0, 0.49446035507374336],
[1673443800.0, 0.5549581037657312],
[1673530200.0, 0.5224368307939387],
[1673616600.0, 0.515393069532091],
[1673703000.0, 0.5029197873011263],
[1673789400.0, 0.4823369573741987],
[1673875800.0, 0.4629511952285566],
[1673962200.0, 0.406136317932921],
[1674048600.0, 0.4691661551161391],
[1674135000.0, 0.499677779501793],
[1674221400.0, 0.4697886470469189],
[1674307800.0, 0.4744824427538139],
[1674394200.0, 0.4945086949939872],
[1674480600.0, 0.558944807453374],
[1674567000.0, 0.5319000115175425],
[1674653400.0, 0.5385813514520752],
[1674739800.0, 0.49896561771561765],
[1674826200.0, 0.49786085765018895],
[1674912600.0, 0.5171862720331929],
[1674999000.0, 0.518698770593929],
[1675085400.0, 0.5181726794723306],
[1675171800.0, 0.484859652096076],
[1675258200.0, 0.4675387105057655],
[1675344600.0, 0.4741940453999563],
[1675431000.0, 0.4920580923812041],
[1675517400.0, 0.5305482178942349],
[1675603800.0, 0.504130581115307],
[1675690200.0, 0.51095869427738],
[1675776600.0, 0.532264547581118],
[1675863000.0, 0.5168907531903678],
[1675949400.0, 0.5168907531903678],
