[1635773400.0, 14.86],
[1635859800.0, 14.86],
[1635946200.0, 14.86],
[1636032600.0, 14.86],
[1636119000.0, 14.700000000000001],
[1636205400.0, 10.790000000000001],
[1636291800.0, 14.700000000000001],
[1636378200.0, 14.700000000000001],
[1636464600.0, 14.700000000000001],
[1636551000.0, 14.700000000000001],
[1636637400.0, 14.700000000000001],
[1636723800.0, 14.700000000000001],
[1636810200.0, 14.700000000000001],
[1636896600.0, 14.58],
[1636983000.0, 14.58],
[1637069400.0, 14.58],
[1637155800.0, 11.020000000000001],
[1637242200.0, 13.93],
[1637328600.0, 13.89],
[1637415000.0, 13.69],
[1637501400.0, 10.86],
[1637587800.0, 10.829999999999998],
[1637674200.0, 13.25],
[1637760600.0, 10.61],
[1637847000.0, 10.579999999999998],
[1637933400.0, 10.45],
[1638019800.0, 10],
[1638106200.0, 9.969999999999999],
[1638192600.0, 9.92],
[1638279000.0, 9.83],
[1638365400.0, 10.540000000000001],
[1638451800.0, 10.329999999999998],
[1638538200.0, 9.78],
[1638624600.0, 10.2],
[1638711000.0, 10.15],
[1638797400.0, 11.05],
[1638883800.0, 11.05],
[1638970200.0, 14.899999999999999],
[1639056600.0, 14.569999999999999],
[1639143000.0, 14.87],
[1639229400.0, 11.139999999999999],
[1639315800.0, 15.370000000000001],
[1639402200.0, 15.370000000000001],
[1639488600.0, 15.370000000000001],
[1639575000.0, 15.209999999999999],
[1639661400.0, 15.22],
[1639747800.0, 15.22],
[1639834200.0, 15.22],
[1639920600.0, 10.2],
[1640007000.0, 9.9],
[1640093400.0, 10.2],
[1640179800.0, 10.2],
[1640266200.0, 10.06],
[1640352600.0, 10.2],
[1640439000.0, 10.2],
[1640525400.0, 10.120000000000001],
[1640611800.0, 9.649999999999999],
[1640698200.0, 9.649999999999999],
[1640784600.0, 9.649999999999999],
[1640871000.0, 9.649999999999999],
[1640957400.0, 9.649999999999999],
[1641043800.0, 9.43],
[1641130200.0, 9.209999999999999],
[1641216600.0, 9.209999999999999],
[1641303000.0, 9.209999999999999],
[1641389400.0, 9.27],
[1641475800.0, 9.27],
[1641562200.0, 9.27],
[1641648600.0, 9.27],
[1641735000.0, 9.41],
[1641821400.0, 9.41],
[1641907800.0, 9.39],
[1641994200.0, 9.39],
[1642080600.0, 9.39],
[1642167000.0, 9.39],
[1642253400.0, 9.41],
[1642339800.0, 9.41],
[1642426200.0, 9.43],
[1642512600.0, 9.43],
[1642599000.0, 9.43],
[1642685400.0, 8.69],
[1642771800.0, 8.68],
[1642858200.0, 10.790000000000001],
[1642944600.0, 9.43],
[1643031000.0, 9.459999999999999],
[1643117400.0, 9.459999999999999],
[1643203800.0, 8.64],
[1643290200.0, 9.43],
[1643376600.0, 9.41],
[1643463000.0, 9.399999999999999],
[1643549400.0, 9.399999999999999],
[1643635800.0, 9.399999999999999],
[1643722200.0, 9.399999999999999],
[1643808600.0, 9.41],
[1643895000.0, 9.41],
[1643981400.0, 9.42],
[1644067800.0, 9.41],
[1644154200.0, 9.399999999999999],
[1644240600.0, 9.41],
[1644327000.0, 9.41],
[1644413400.0, 9.41],
[1644499800.0, 9.78],
[1644586200.0, 9.75],
[1644672600.0, 9.73],
[1644759000.0, 9.74],
[1644845400.0, 9.75],
[1644931800.0, 9.73],
[1645018200.0, 15.78],
[1645104600.0, 9.709999999999999],
[1645191000.0, 9.67],
[1645277400.0, 9.639999999999999],
[1645363800.0, 13.07],
[1645450200.0, 12.639999999999999],
[1645536600.0, 13.09],
[1645623000.0, 12.979999999999999],
[1645709400.0, 10.59],
[1645795800.0, 13.45],
[1645882200.0, 13.44],
[1645968600.0, 13.43],
[1646055000.0, 13.459999999999999],
[1646141400.0, 13.459999999999999],
[1646227800.0, 13.45],
[1646314200.0, 13.1],
[1646400600.0, 13.09],
[1646487000.0, 13.07],
[1646573400.0, 13.07],
[1646659800.0, 10.44],
[1646746200.0, 13.08],
[1646832600.0, 10.45],
[1646919000.0, 10.44],
[1647005400.0, 13.03],
[1647091800.0, 13.01],
[1647178200.0, 13],
[1647264600.0, 12.979999999999999],
[1647351000.0, 12.97],
[1647437400.0, 13],
[1647523800.0, 10.99],
[1647610200.0, 12.99],
[1647696600.0, 12.97],
[1647783000.0, 12.979999999999999],
[1647869400.0, 10.799999999999999],
[1647955800.0, 12.99],
[1648042200.0, 12.97],
[1648128600.0, 10.78],
[1648215000.0, 10.770000000000001],
[1648301400.0, 10.76],
[1648387800.0, 10.76],
[1648474200.0, 10.350000000000001],
[1648560600.0, 11.78],
[1648647000.0, 10.389999999999999],
[1648733400.0, 12.690000000000001],
[1648819800.0, 11.78],
[1648906200.0, 11.770000000000001],
[1648996200.0, 11.749999999999998],
[1649082600.0, 11.770000000000001],
[1649169000.0, 12.389999999999999],
[1649255400.0, 12.47],
[1649341800.0, 12.47],
[1649428200.0, 12.47],
[1649514600.0, 12.47],
[1649601000.0, 12.47],
[1649687400.0, 12.47],
[1649773800.0, 12.059999999999999],
[1649860200.0, 13.47],
[1649946600.0, 12.45],
[1650033000.0, 12.45],
[1650119400.0, 12.45],
[1650205800.0, 12.45],
[1650292200.0, 12.45],
[1650378600.0, 12.45],
[1650465000.0, 18.2],
[1650551400.0, 18.2],
[1650637800.0, 18.2],
[1650724200.0, 12.360000000000001],
[1650810600.0, 11.05],
[1650897000.0, 10.99],
[1650983400.0, 10.889999999999999],
[1651069800.0, 10.94],
[1651156200.0, 10.61],
[1651242600.0, 10.600000000000001],
[1651329000.0, 10.600000000000001],
[1651415400.0, 12.04],
[1651501800.0, 12.05],
[1651588200.0, 12.07],
[1651674600.0, 12.889999999999999],
[1651761000.0, 14.44],
[1651847400.0, 14.360000000000001],
[1651933800.0, 12.669999999999998],
[1652020200.0, 12.669999999999998],
[1652106600.0, 12.62],
[1652193000.0, 12.610000000000001],
[1652279400.0, 12.610000000000001],
[1652365800.0, 12.11],
[1652452200.0, 12.49],
[1652538600.0, 12.479999999999999],
[1652625000.0, 12.34],
[1652711400.0, 12.37],
[1652797800.0, 12.45],
[1652884200.0, 12.18],
[1652970600.0, 12.229999999999999],
[1653057000.0, 11.19],
[1653143400.0, 12.26],
[1653229800.0, 10.73],
[1653316200.0, 11.7],
[1653402600.0, 12.360000000000001],
[1653489000.0, 9.57],
[1653575400.0, 11.87],
[1653661800.0, 11.59],
[1653748200.0, 11.579999999999998],
[1653834600.0, 12.24],
[1653921000.0, 11.59],
[1654007400.0, 12.35],
[1654093800.0, 11.54],
[1654180200.0, 11.57],
[1654266600.0, 12.32],
[1654353000.0, 12.309999999999999],
[1654439400.0, 15.17],
[1654525800.0, 15.19],
[1654612200.0, 15.14],
[1654698600.0, 15.1],
[1654785000.0, 15.06],
[1654871400.0, 11.35],
[1654957800.0, 14.950000000000001],
[1655044200.0, 11.270000000000001],
[1655130600.0, 11.23],
[1655217000.0, 11.21],
[1655303400.0, 11.26],
[1655389800.0, 11.249999999999998],
[1655476200.0, 10.42],
[1655562600.0, 10.389999999999999],
[1655649000.0, 12.17],
[1655735400.0, 12.22],
[1655821800.0, 12.22],
[1655908200.0, 10.34],
[1655994600.0, 12.21],
[1656081000.0, 14.840000000000002],
[1656167400.0, 14.83],
[1656253800.0, 14.819999999999999],
[1656340200.0, 10.23],
[1656426600.0, 11.46],
[1656513000.0, 11.440000000000001],
[1656599400.0, 10.2],
[1656685800.0, 11.4],
[1656772200.0, 11.38],
[1656858600.0, 8.950000000000001],
[1656945000.0, 8.959999999999999],
[1657031400.0, 8.200000000000001],
[1657117800.0, 14.43],
[1657204200.0, 14.44],
[1657290600.0, 11.499999999999998],
[1657377000.0, 12.059999999999999],
[1657463400.0, 12.05],
[1657549800.0, 12.020000000000001],
[1657636200.0, 11.749999999999998],
[1657722600.0, 11.749999999999998],
[1657809000.0, 11.55],
[1657895400.0, 11.53],
[1657981800.0, 11.499999999999998],
[1658068200.0, 9.75],
[1658154600.0, 9.190000000000001],
[1658241000.0, 13.05],
[1658327400.0, 9.17],
[1658413800.0, 12.690000000000001],
[1658500200.0, 9.14],
[1658586600.0, 9.1],
[1658673000.0, 12.959999999999999],
[1658759400.0, 9.09],
[1658845800.0, 8.88],
[1658932200.0, 7.41],
[1659018600.0, 8.14],
[1659105000.0, 8.13],
[1659191400.0, 8.12],
[1659277800.0, 13.01],
[1659364200.0, 9.04],
[1659450600.0, 9.02],
[1659537000.0, 9.01],
[1659623400.0, 9],
[1659709800.0, 8.959999999999999],
[1659796200.0, 8.94],
[1659882600.0, 12.41],
[1659969000.0, 8.12],
[1660055400.0, 8.12],
[1660141800.0, 9],
[1660228200.0, 9.01],
[1660314600.0, 12.3],
[1660401000.0, 12.3],
[1660487400.0, 12.3],
[1660573800.0, 12.3],
[1660660200.0, 11.9],
[1660746600.0, 9.85],
[1660833000.0, 11.86],
[1660919400.0, 8.06],
[1661005800.0, 9.77],
[1661092200.0, 8.04],
[1661178600.0, 8.03],
[1661265000.0, 8.03],
[1661351400.0, 8.01],
[1661437800.0, 8.03],
[1661524200.0, 8.9],
[1661610600.0, 8.88],
[1661697000.0, 11.18],
[1661783400.0, 11.15],
[1661869800.0, 9.77],
[1661956200.0, 11.17],
[1662042600.0, 11.16],
[1662129000.0, 11.139999999999999],
[1662215400.0, 11.13],
[1662301800.0, 11.139999999999999],
[1662388200.0, 11.11],
[1662474600.0, 11.07],
[1662561000.0, 11.059999999999999],
[1662647400.0, 11.07],
[1662733800.0, 11.1],
[1662820200.0, 11.07],
[1662906600.0, 11.059999999999999],
[1662993000.0, 11.07],
[1663079400.0, 10.94],
[1663165800.0, 10.91],
[1663252200.0, 9.620000000000001],
[1663338600.0, 9.6],
[1663425000.0, 10.99],
[1663511400.0, 10.84],
[1663597800.0, 11],
[1663684200.0, 10.98],
[1663770600.0, 10.92],
[1663857000.0, 10.889999999999999],
[1663943400.0, 10.48],
[1664029800.0, 10.469999999999999],
[1664116200.0, 15.129999999999999],
[1664202600.0, 15.11],
[1664289000.0, 15.069999999999999],
[1664375400.0, 15.12],
[1664461800.0, 15.12],
[1664548200.0, 15.18],
[1664634600.0, 15.18],
[1664717400.0, 26.7],
[1664803800.0, 26.7],
[1664890200.0, 11.95],
[1664976600.0, 11.79],
[1665063000.0, 12.65],
[1665149400.0, 12.65],
[1665235800.0, 12.65],
[1665322200.0, 12.65],
[1665408600.0, 12.65],
[1665495000.0, 12.639999999999999],
[1665581400.0, 14.05],
[1665667800.0, 14.05],
[1665754200.0, 13.3],
[1665840600.0, 28.11],
[1665927000.0, 28.11],
[1666013400.0, 26.119999999999997],
[1666099800.0, 26.01],
[1666186200.0, 26.06],
[1666272600.0, 25.970000000000002],
[1666359000.0, 20.72],
[1666445400.0, 20.72],
[1666531800.0, 17.96],
[1666618200.0, 17.79],
[1666704600.0, 18.08],
[1666791000.0, 11.24],
[1666877400.0, 16.13],
[1666963800.0, 16.13],
[1667050200.0, 16.13],
[1667136600.0, 16.02],
[1667223000.0, 16.08],
[1667309400.0, 14.339999999999998],
[1667395800.0, 14.1],
[1667482200.0, 12.249999999999998],
[1667568600.0, 12.249999999999998],
[1667655000.0, 11.97],
[1667741400.0, 11.9],
[1667827800.0, 11.86],
[1667914200.0, 11.88],
[1668000600.0, 10.44],
[1668087000.0, 14.030000000000001],
[1668173400.0, 10.549999999999999],
[1668259800.0, 12.1],
[1668346200.0, 12.16],
[1668432600.0, 12.21],
[1668519000.0, 12.139999999999999],
[1668605400.0, 12.020000000000001],
[1668691800.0, 12.08],
[1668778200.0, 12.08],
[1668864600.0, 11.940000000000001],
[1668951000.0, 11.86],
[1669037400.0, 11.91],
[1669123800.0, 11.87],
[1669210200.0, 11.889999999999999],
[1669296600.0, 11.86],
[1669383000.0, 11.86],
[1669469400.0, 11.86],
[1669555800.0, 11.16],
[1669642200.0, 11.86],
[1669728600.0, 11.99],
[1669815000.0, 12.07],
[1669901400.0, 16.67],
[1669987800.0, 16.67],
[1670074200.0, 16.67],
[1670160600.0, 16.74],
[1670247000.0, 12.99],
[1670333400.0, 13.03],
[1670419800.0, 13.04],
[1670506200.0, 13.04],
[1670592600.0, 13.04],
[1670679000.0, 13.04],
[1670765400.0, 15.77],
[1670851800.0, 15.84],
[1670938200.0, 16.98],
[1671024600.0, 16.93],
[1671111000.0, 16.93],
[1671197400.0, 16.93],
[1671283800.0, 16.93],
[1671370200.0, 16.91],
[1671456600.0, 16.95],
[1671543000.0, 16.900000000000002],
[1671629400.0, 16.900000000000002],
[1671715800.0, 16.89],
[1671802200.0, 16.89],
[1671888600.0, 16.89],
[1671975000.0, 16.95],
[1672061400.0, 16.51],
[1672147800.0, 16.91],
[1672234200.0, 16.95],
[1672320600.0, 17.11],
[1672407000.0, 17.11],
[1672493400.0, 16.51],
[1672579800.0, 17.11],
[1672666200.0, 17.08],
[1672752600.0, 17.13],
[1672839000.0, 15.989999999999998],
[1672925400.0, 12.72],
[1673011800.0, 12.709999999999999],
[1673098200.0, 12.43],
[1673184600.0, 11.82],
[1673271000.0, 11.8],
[1673357400.0, 11.809999999999999],
[1673443800.0, 11.87],
[1673530200.0, 11.940000000000001],
[1673616600.0, 11.940000000000001],
[1673703000.0, 11.639999999999999],
[1673789400.0, 11.59],
[1673875800.0, 11.67],
[1673962200.0, 11.559999999999999],
[1674048600.0, 11.520000000000001],
[1674135000.0, 11.49],
[1674221400.0, 11.499999999999998],
[1674307800.0, 11.499999999999998],
[1674394200.0, 11.499999999999998],
[1674480600.0, 11.499999999999998],
[1674567000.0, 11.499999999999998],
[1674653400.0, 11.499999999999998],
[1674739800.0, 11.499999999999998],
[1674826200.0, 12.53],
[1674912600.0, 17.689999999999998],
[1674999000.0, 51.87],
[1675085400.0, 51.83],
[1675171800.0, 51.919999999999995],
[1675258200.0, 52.03],
[1675344600.0, 51.67999999999999],
[1675431000.0, 51.67999999999999],
[1675517400.0, 51.67999999999999],
[1675603800.0, 51.53],
[1675690200.0, 36.82],
[1675776600.0, 36.83],
[1675863000.0, 36.839999999999996],
[1675949400.0, 36.839999999999996],
