[1635773400.0, 3.559563433333334],
[1635859800.0, 3.6191651],
[1635946200.0, 3.536990166666667],
[1636032600.0, 3.758741166666667],
[1636119000.0, 3.7490781999999996],
[1636205400.0, 3.7496404000000005],
[1636291800.0, 3.698746700000001],
[1636378200.0, 3.7233552000000003],
[1636464600.0, 3.516529566666667],
[1636551000.0, 3.3217535],
[1636637400.0, 3.5826184],
[1636723800.0, 3.5781683],
[1636810200.0, 3.5330646],
[1636896600.0, 3.442293166666667],
[1636983000.0, 3.421744466666667],
[1637069400.0, 3.443156666666667],
[1637155800.0, 3.4742729666666663],
[1637242200.0, 3.4423122666666672],
[1637328600.0, 3.4810010000000005],
[1637415000.0, 3.5429088333333336],
[1637501400.0, 3.5346299],
[1637587800.0, 3.491758433333333],
[1637674200.0, 3.529384633333334],
[1637760600.0, 3.4399214666666666],
[1637847000.0, 3.338646033333333],
[1637933400.0, 3.3458073],
[1638019800.0, 3.285132466666667],
[1638106200.0, 3.3494463666666667],
[1638192600.0, 3.3641826],
[1638279000.0, 3.2999272000000004],
[1638365400.0, 3.3122902],
[1638451800.0, 3.4183026000000005],
[1638538200.0, 3.4668812],
[1638624600.0, 3.5881672000000004],
[1638711000.0, 3.6364797333333336],
[1638797400.0, 3.656597466666667],
[1638883800.0, 3.7584606333333337],
[1638970200.0, 3.7907342333333336],
[1639056600.0, 3.7120370333333335],
[1639143000.0, 3.7754966666666667],
[1639229400.0, 3.7183795666666666],
[1639315800.0, 3.6938096000000002],
[1639402200.0, 3.6873303333333336],
[1639488600.0, 3.6531524666666666],
[1639575000.0, 3.585023600000001],
[1639661400.0, 3.622324433333334],
[1639747800.0, 3.590344433333333],
[1639834200.0, 3.6556122666666666],
[1639920600.0, 3.6223214333333336],
[1640007000.0, 3.567441366666667],
[1640093400.0, 3.6305483333333335],
[1640179800.0, 3.5634766],
[1640266200.0, 3.5659398333333336],
[1640352600.0, 3.598935133333334],
[1640439000.0, 3.6648957333333336],
[1640525400.0, 3.6480522333333334],
[1640611800.0, 3.6743516333333335],
[1640698200.0, 3.6873831000000004],
[1640784600.0, 3.679293866666667],
[1640871000.0, 3.7350608666666667],
[1640957400.0, 3.729823833333334],
[1641043800.0, 3.6855281666666673],
[1641130200.0, 3.7292620000000003],
[1641216600.0, 3.752597733333333],
[1641303000.0, 3.766879566666667],
[1641389400.0, 3.7907460000000004],
[1641475800.0, 3.8210532],
[1641562200.0, 3.8149603333333335],
[1641648600.0, 3.8498273666666676],
[1641735000.0, 3.8550422],
[1641821400.0, 3.8501518333333338],
[1641907800.0, 3.859278966666667],
[1641994200.0, 3.8403862333333336],
[1642080600.0, 3.849489666666667],
[1642167000.0, 3.8662479333333337],
[1642253400.0, 3.804041633333334],
[1642339800.0, 3.7962485000000004],
[1642426200.0, 3.8411922],
[1642512600.0, 3.8002562],
[1642599000.0, 3.767634933333334],
[1642685400.0, 3.7806276333333337],
[1642771800.0, 3.6226073000000008],
[1642858200.0, 3.697579566666667],
[1642944600.0, 3.688932466666667],
[1643031000.0, 3.653876066666667],
[1643117400.0, 3.6672933999999997],
[1643203800.0, 3.6900515000000005],
[1643290200.0, 3.6517650333333336],
[1643376600.0, 3.5867167333333327],
[1643463000.0, 3.5072161000000004],
[1643549400.0, 3.485120666666667],
[1643635800.0, 3.485120666666667],
[1643722200.0, 3.485120666666667],
[1643808600.0, 3.5589055333333337],
[1643895000.0, 3.6180955333333333],
[1643981400.0, 3.636406733333334],
[1644067800.0, 3.6775857000000003],
[1644154200.0, 3.678850033333333],
[1644240600.0, 3.6934602],
[1644327000.0, 3.6045985666666667],
[1644413400.0, 3.5601483333333337],
[1644499800.0, 3.6587951000000003],
[1644586200.0, 3.5844881],
[1644672600.0, 3.5692983333333337],
[1644759000.0, 3.593928566666667],
[1644845400.0, 3.573793133333334],
[1644931800.0, 3.6137513000000006],
[1645018200.0, 3.5547145000000007],
[1645104600.0, 3.5871158666666667],
[1645191000.0, 3.600425733333333],
[1645277400.0, 3.6265591],
[1645363800.0, 3.5839070000000004],
[1645450200.0, 3.651957166666667],
[1645536600.0, 3.6080878000000003],
[1645623000.0, 3.6412703333333334],
[1645709400.0, 3.6014322],
[1645795800.0, 3.6160626666666666],
[1645882200.0, 3.6242083000000007],
[1645968600.0, 3.6309701333333337],
[1646055000.0, 3.6422866000000007],
[1646141400.0, 3.5917847333333337],
[1646227800.0, 3.5650398333333335],
[1646314200.0, 3.622798766666667],
[1646400600.0, 3.6052076666666673],
[1646487000.0, 3.6771985],
[1646573400.0, 3.6714658666666673],
[1646659800.0, 3.7822534000000005],
[1646746200.0, 3.568491966666667],
[1646832600.0, 3.487040533333334],
[1646919000.0, 3.5185774666666667],
[1647005400.0, 3.5280981666666666],
[1647091800.0, 3.5467104999999997],
[1647178200.0, 3.552497733333334],
[1647264600.0, 3.5606290333333335],
[1647351000.0, 3.556388866666667],
[1647437400.0, 3.5766169],
[1647523800.0, 3.5529756333333338],
[1647610200.0, 3.5550715333333343],
[1647696600.0, 3.5434302333333334],
[1647783000.0, 3.556654866666667],
[1647869400.0, 3.5514748333333332],
[1647955800.0, 3.5540440666666675],
[1648042200.0, 3.5614456333333337],
[1648128600.0, 3.5487402666666674],
[1648215000.0, 3.5704121666666673],
[1648301400.0, 3.5742248333333335],
[1648387800.0, 3.573172866666667],
[1648474200.0, 3.5922075333333336],
[1648560600.0, 3.5805315333333336],
[1648647000.0, 3.5958975],
[1648733400.0, 3.621049233333333],
[1648819800.0, 3.6243510000000003],
[1648906200.0, 3.6380535666666667],
[1648996200.0, 3.648540033333333],
[1649082600.0, 3.6613361333333336],
[1649169000.0, 3.928580366666667],
[1649255400.0, 3.873511966666667],
[1649341800.0, 3.885785066666667],
[1649428200.0, 3.8508714000000004],
[1649514600.0, 3.927061366666667],
[1649601000.0, 4.0069688],
[1649687400.0, 3.9658458333333333],
[1649773800.0, 4.025474066666667],
[1649860200.0, 3.916384566666667],
[1649946600.0, 3.9771158666666673],
[1650033000.0, 4.028510099999999],
[1650119400.0, 4.093592200000001],
[1650205800.0, 4.034741933333334],
[1650292200.0, 4.0804872],
[1650378600.0, 4.059746933333334],
[1650465000.0, 4.0914646333333335],
[1650551400.0, 4.0914646333333335],
[1650637800.0, 4.0914646333333335],
[1650724200.0, 4.115095833333334],
[1650810600.0, 4.191087333333333],
[1650897000.0, 4.113747633333333],
[1650983400.0, 4.087100066666667],
[1651069800.0, 4.016459033333334],
[1651156200.0, 4.057139933333334],
[1651242600.0, 3.9796236000000005],
[1651329000.0, 4.0344287],
[1651415400.0, 4.036102966666667],
[1651501800.0, 4.0383043],
[1651588200.0, 4.0058553],
[1651674600.0, 3.755659],
[1651761000.0, 3.7036821666666664],
[1651847400.0, 3.7288351333333334],
[1651933800.0, 3.767006633333333],
[1652020200.0, 3.7764265333333342],
[1652106600.0, 3.8184997000000007],
[1652193000.0, 3.7808005666666666],
[1652279400.0, 3.7262197999999995],
[1652365800.0, 3.7268313000000006],
[1652452200.0, 3.763294333333333],
[1652538600.0, 3.7639776000000005],
[1652625000.0, 3.764244066666667],
[1652711400.0, 3.7470114000000003],
[1652797800.0, 3.7315171],
[1652884200.0, 3.7249813],
[1652970600.0, 3.6894170666666675],
[1653057000.0, 3.6921077666666675],
[1653143400.0, 3.6722971333333336],
[1653229800.0, 3.6266010000000004],
[1653316200.0, 3.6583083999999997],
[1653402600.0, 3.622256333333334],
[1653489000.0, 3.683505066666667],
[1653575400.0, 3.704230833333334],
[1653661800.0, 3.725175966666667],
[1653748200.0, 3.719091800000001],
[1653834600.0, 3.7508705],
[1653921000.0, 3.7454861666666663],
[1654007400.0, 3.7451866333333332],
[1654093800.0, 3.7832480333333334],
[1654180200.0, 3.8347372666666675],
[1654266600.0, 3.728468233333333],
[1654353000.0, 3.7315265333333336],
[1654439400.0, 3.750011466666667],
[1654525800.0, 3.8044559333333337],
[1654612200.0, 3.8533886666666675],
[1654698600.0, 3.8376312000000006],
[1654785000.0, 3.906851766666667],
[1654871400.0, 3.919719433333333],
[1654957800.0, 3.8378272],
[1655044200.0, 3.7732164333333333],
[1655130600.0, 3.795727333333334],
[1655217000.0, 3.7460659333333335],
[1655303400.0, 3.700953166666667],
[1655389800.0, 3.7095733333333336],
[1655476200.0, 3.7137834999999995],
[1655562600.0, 3.6198048000000007],
[1655649000.0, 3.644148533333334],
[1655735400.0, 3.6461563666666663],
[1655821800.0, 3.619516433333333],
[1655908200.0, 3.593418900000001],
[1655994600.0, 3.6115642],
[1656081000.0, 3.4988979666666666],
[1656167400.0, 3.4345497333333337],
[1656253800.0, 3.3932475666666666],
[1656340200.0, 3.4426481],
[1656426600.0, 3.4764416666666667],
[1656513000.0, 3.4882425000000006],
[1656599400.0, 3.5208772333333336],
[1656685800.0, 3.596742666666667],
[1656772200.0, 3.6381411333333333],
[1656858600.0, 3.7407906333333334],
[1656945000.0, 3.7914312333333338],
[1657031400.0, 3.8117845],
[1657117800.0, 3.691157133333333],
[1657204200.0, 3.7150334],
[1657290600.0, 3.8413221666666675],
[1657377000.0, 3.8759658333333333],
[1657463400.0, 3.9319128333333335],
[1657549800.0, 3.968532666666667],
[1657636200.0, 3.9320613666666673],
[1657722600.0, 4.057799366666667],
[1657809000.0, 3.962403933333334],
[1657895400.0, 3.988568966666667],
[1657981800.0, 4.020234766666667],
[1658068200.0, 4.035114433333334],
[1658154600.0, 4.020457266666667],
[1658241000.0, 4.107738966666667],
[1658327400.0, 4.253524433333334],
[1658413800.0, 4.0984023],
[1658500200.0, 4.075674366666666],
[1658586600.0, 4.089419833333334],
[1658673000.0, 4.104081466666667],
[1658759400.0, 4.119341299999999],
[1658845800.0, 4.1637167],
[1658932200.0, 4.160387233333334],
[1659018600.0, 4.243119500000001],
[1659105000.0, 4.233899133333334],
[1659191400.0, 4.2461853000000005],
[1659277800.0, 4.236623300000001],
[1659364200.0, 4.2592413333333345],
[1659450600.0, 4.3358536333333335],
[1659537000.0, 4.3400933],
[1659623400.0, 4.267997733333334],
[1659709800.0, 4.392818533333333],
[1659796200.0, 4.328889233333334],
[1659882600.0, 4.3316019],
[1659969000.0, 4.4346225],
[1660055400.0, 4.428379566666667],
[1660141800.0, 4.356844833333334],
[1660228200.0, 4.383671466666667],
[1660314600.0, 4.419552],
[1660401000.0, 4.419552],
[1660487400.0, 4.419552],
[1660573800.0, 4.419552],
[1660660200.0, 4.423183300000001],
[1660746600.0, 4.221941966666667],
[1660833000.0, 4.469296866666666],
[1660919400.0, 4.3486020000000005],
[1661005800.0, 4.334953266666667],
[1661092200.0, 4.337043633333334],
[1661178600.0, 4.3185683],
[1661265000.0, 4.294758133333334],
[1661351400.0, 4.3158155],
[1661437800.0, 4.339346466666667],
[1661524200.0, 4.300164666666667],
[1661610600.0, 4.365720800000001],
[1661697000.0, 4.327787566666667],
[1661783400.0, 4.316939133333333],
[1661869800.0, 4.282702100000001],
[1661956200.0, 4.299121033333334],
[1662042600.0, 4.2795464333333335],
[1662129000.0, 4.201340433333333],
[1662215400.0, 4.2538898666666665],
[1662301800.0, 4.249647566666667],
[1662388200.0, 4.269836333333334],
[1662474600.0, 4.2665908],
[1662561000.0, 4.3326123999999995],
[1662647400.0, 4.369588233333334],
[1662733800.0, 4.400720833333334],
[1662820200.0, 4.364769766666666],
[1662906600.0, 4.371028266666666],
[1662993000.0, 4.370425833333333],
[1663079400.0, 4.394266933333333],
[1663165800.0, 4.326977233333333],
[1663252200.0, 4.2999366000000006],
[1663338600.0, 4.2620213],
[1663425000.0, 4.328232],
[1663511400.0, 4.2899869],
[1663597800.0, 4.288748833333334],
[1663684200.0, 4.264779266666667],
[1663770600.0, 4.209687700000001],
[1663857000.0, 4.1903318],
[1663943400.0, 4.228448433333334],
[1664029800.0, 4.1897463],
[1664116200.0, 4.197057666666667],
[1664202600.0, 4.2006234],
[1664289000.0, 4.147108],
[1664375400.0, 4.163172666666667],
[1664461800.0, 4.243720633333333],
[1664548200.0, 4.178364966666667],
[1664634600.0, 4.197739633333334],
[1664717400.0, 4.197259566666666],
[1664803800.0, 4.322282266666667],
[1664890200.0, 4.3599718],
[1664976600.0, 4.3546559],
[1665063000.0, 4.3744843],
[1665149400.0, 4.425913566666666],
[1665235800.0, 4.411606000000001],
[1665322200.0, 4.384132600000001],
[1665408600.0, 4.483084333333334],
[1665495000.0, 4.527950766666668],
[1665581400.0, 4.443068466666666],
[1665667800.0, 4.461725033333334],
[1665754200.0, 4.404809866666667],
[1665840600.0, 4.5347417666666665],
[1665927000.0, 4.546829333333334],
[1666013400.0, 4.6888309],
[1666099800.0, 4.580727866666667],
[1666186200.0, 4.5824331],
[1666272600.0, 4.5516559],
[1666359000.0, 4.527037966666668],
[1666445400.0, 4.257292733333333],
[1666531800.0, 4.226372733333333],
[1666618200.0, 4.190255133333333],
[1666704600.0, 4.2088667666666675],
[1666791000.0, 4.216494066666667],
[1666877400.0, 4.223286299999999],
[1666963800.0, 4.1521218666666675],
[1667050200.0, 4.157738666666667],
[1667136600.0, 4.164712766666667],
[1667223000.0, 4.202585866666667],
[1667309400.0, 4.190751166666668],
[1667395800.0, 4.201020966666667],
[1667482200.0, 4.1936599],
[1667568600.0, 4.328246833333333],
[1667655000.0, 4.305893800000001],
[1667741400.0, 4.265447866666667],
[1667827800.0, 4.351046433333334],
[1667914200.0, 4.322163066666667],
[1668000600.0, 4.352378566666667],
[1668087000.0, 4.361942099999999],
[1668173400.0, 4.427130633333333],
[1668259800.0, 4.435972400000001],
[1668346200.0, 4.435012066666667],
[1668432600.0, 4.397753600000001],
[1668519000.0, 4.406310666666667],
[1668605400.0, 4.434222066666667],
[1668691800.0, 4.392392600000001],
[1668778200.0, 4.300521966666667],
[1668864600.0, 4.286293966666666],
[1668951000.0, 4.1842078],
[1669037400.0, 4.1764092],
[1669123800.0, 4.078818766666667],
[1669210200.0, 3.925598733333334],
[1669296600.0, 3.8845167000000007],
[1669383000.0, 3.7864878666666666],
[1669469400.0, 3.8482754],
[1669555800.0, 3.871737300000001],
[1669642200.0, 3.8223726666666678],
[1669728600.0, 3.8968705],
[1669815000.0, 4.0485634],
[1669901400.0, 4.069927266666666],
[1669987800.0, 4.3246063],
[1670074200.0, 4.349012033333334],
[1670160600.0, 4.338655966666667],
[1670247000.0, 4.361753133333334],
[1670333400.0, 4.360809700000001],
[1670419800.0, 4.415152333333334],
[1670506200.0, 4.5174213666666665],
[1670592600.0, 4.489442533333333],
[1670679000.0, 4.516529233333333],
[1670765400.0, 4.492247866666667],
[1670851800.0, 4.4322028],
[1670938200.0, 4.4614232],
[1671024600.0, 4.478172433333333],
[1671111000.0, 4.47862],
[1671197400.0, 4.411895566666667],
[1671283800.0, 4.361287833333334],
[1671370200.0, 4.4071467333333345],
[1671456600.0, 4.464147566666667],
[1671543000.0, 4.405288966666666],
[1671629400.0, 4.511741],
[1671715800.0, 4.4500079333333336],
[1671802200.0, 4.3455842],
[1671888600.0, 4.434372866666667],
[1671975000.0, 4.444812166666667],
[1672061400.0, 4.4109933],
[1672147800.0, 4.427137466666667],
[1672234200.0, 4.348082233333334],
[1672320600.0, 4.440118166666667],
[1672407000.0, 4.542462700000001],
[1672493400.0, 4.508399066666667],
[1672579800.0, 4.4066059],
[1672666200.0, 4.415845567221726],
[1672752600.0, 4.431267748243214],
[1672839000.0, 4.417034833333333],
[1672925400.0, 4.5135179786096655],
[1673011800.0, 4.688286033333334],
[1673098200.0, 4.698857621056842],
[1673184600.0, 4.7295869],
[1673271000.0, 4.762841300000001],
[1673357400.0, 4.8860745],
[1673443800.0, 4.8535872666666675],
[1673530200.0, 4.9071302999999995],
[1673616600.0, 4.902938266666667],
[1673703000.0, 4.9741056666666665],
[1673789400.0, 5.1501619000000005],
[1673875800.0, 5.086553666666667],
[1673962200.0, 5.1086517],
[1674048600.0, 5.1916407],
[1674135000.0, 5.227594833333334],
[1674221400.0, 5.142266133333334],
[1674307800.0, 5.2167418],
[1674394200.0, 5.163561666666667],
[1674480600.0, 5.192092433333333],
[1674567000.0, 5.220298566666667],
[1674653400.0, 5.2015397000000005],
[1674739800.0, 5.2361789],
[1674826200.0, 5.2958777],
[1674912600.0, 5.339197000000001],
[1674999000.0, 5.342039533333334],
[1675085400.0, 5.383097799999999],
[1675171800.0, 5.348506266666668],
[1675258200.0, 5.319690933333334],
[1675344600.0, 5.3896319],
[1675431000.0, 5.4644333000000005],
[1675517400.0, 5.459655233333334],
[1675603800.0, 5.476640133333333],
[1675690200.0, 5.441818466666668],
[1675776600.0, 5.409890533333333],
[1675863000.0, 5.409890533333333],
[1675949400.0, 5.409890533333333],
