[1635773400.0, 1.65],
[1635859800.0, 1.65],
[1635946200.0, 1.6480000000000001],
[1636032600.0, 1.6480000000000001],
[1636119000.0, 1.6480000000000001],
[1636205400.0, 1.598],
[1636291800.0, 1.6039999999999999],
[1636378200.0, 1.6019999999999999],
[1636464600.0, 1.562],
[1636551000.0, 1.562],
[1636637400.0, 1.562],
[1636723800.0, 1.594],
[1636810200.0, 1.594],
[1636896600.0, 1.738],
[1636983000.0, 1.7079999999999997],
[1637069400.0, 1.7079999999999997],
[1637155800.0, 1.7079999999999997],
[1637242200.0, 1.7399999999999998],
[1637328600.0, 1.7280000000000002],
[1637415000.0, 1.7280000000000002],
[1637501400.0, 1.7240000000000002],
[1637587800.0, 1.7200000000000002],
[1637674200.0, 1.7180000000000004],
[1637760600.0, 1.7380000000000002],
[1637847000.0, 1.736],
[1637933400.0, 1.7280000000000002],
[1638019800.0, 1.7280000000000002],
[1638106200.0, 1.7260000000000002],
[1638192600.0, 3.8939999999999997],
[1638279000.0, 2.12],
[1638365400.0, 1.702],
[1638451800.0, 1.7],
[1638538200.0, 1.6880000000000002],
[1638624600.0, 1.6920000000000002],
[1638711000.0, 1.902],
[1638797400.0, 1.8980000000000001],
[1638883800.0, 1.8940000000000001],
[1638970200.0, 1.8880000000000003],
[1639056600.0, 1.886],
[1639143000.0, 1.9060000000000001],
[1639229400.0, 1.9060000000000001],
[1639315800.0, 1.8800000000000003],
[1639402200.0, 1.8800000000000003],
[1639488600.0, 1.542],
[1639575000.0, 1.7240000000000002],
[1639661400.0, 1.7240000000000002],
[1639747800.0, 1.722],
[1639834200.0, 1.682],
[1639920600.0, 1.6600000000000001],
[1640007000.0, 1.6439999999999997],
[1640093400.0, 1.626],
[1640179800.0, 1.574],
[1640266200.0, 1.5980000000000003],
[1640352600.0, 1.568],
[1640439000.0, 1.5640000000000003],
[1640525400.0, 1.56],
[1640611800.0, 1.5300000000000002],
[1640698200.0, 1.384],
[1640784600.0, 1.3780000000000001],
[1640871000.0, 1.3400000000000003],
[1640957400.0, 1.326],
[1641043800.0, 1.326],
[1641130200.0, 1.3220000000000003],
[1641216600.0, 1.3079999999999998],
[1641303000.0, 1.3060000000000003],
[1641389400.0, 1.2440000000000002],
[1641475800.0, 1.2900000000000003],
[1641562200.0, 1.284],
[1641648600.0, 1.262],
[1641735000.0, 1.2600000000000002],
[1641821400.0, 1.2600000000000002],
[1641907800.0, 1.2100000000000002],
[1641994200.0, 1.204],
[1642080600.0, 1.2],
[1642167000.0, 1.182],
[1642253400.0, 1.182],
[1642339800.0, 1.184],
[1642426200.0, 1.184],
[1642512600.0, 1.182],
[1642599000.0, 1.1780000000000002],
[1642685400.0, 1.1780000000000002],
[1642771800.0, 1.1780000000000002],
[1642858200.0, 1.2399999999999998],
[1642944600.0, 1.3980000000000001],
[1643031000.0, 1.42],
[1643117400.0, 1.254],
[1643203800.0, 1.4200000000000004],
[1643290200.0, 1.4060000000000001],
[1643376600.0, 1.242],
[1643463000.0, 1.228],
[1643549400.0, 1.384],
[1643635800.0, 1.384],
[1643722200.0, 1.384],
[1643808600.0, 1.486],
[1643895000.0, 1.488],
[1643981400.0, 1.466],
[1644067800.0, 1.4020000000000001],
[1644154200.0, 1.5500000000000003],
[1644240600.0, 1.5740000000000003],
[1644327000.0, 1.5740000000000003],
[1644413400.0, 1.4220000000000002],
[1644499800.0, 1.424],
[1644586200.0, 1.4760000000000002],
[1644672600.0, 1.4680000000000002],
[1644759000.0, 1.472],
[1644845400.0, 1.45],
[1644931800.0, 1.436],
[1645018200.0, 1.348],
[1645104600.0, 1.4440000000000002],
[1645191000.0, 1.3379999999999999],
[1645277400.0, 1.3199999999999998],
[1645363800.0, 1.3],
[1645450200.0, 1.286],
[1645536600.0, 1.284],
[1645623000.0, 1.286],
[1645709400.0, 1.286],
[1645795800.0, 1.216],
[1645882200.0, 1.2120000000000002],
[1645968600.0, 1.214],
[1646055000.0, 1.42],
[1646141400.0, 1.408],
[1646227800.0, 1.408],
[1646314200.0, 1.38],
[1646400600.0, 1.486],
[1646487000.0, 1.48],
[1646573400.0, 1.3760000000000001],
[1646659800.0, 1.394],
[1646746200.0, 1.4620000000000002],
[1646832600.0, 1.4620000000000002],
[1646919000.0, 1.4520000000000002],
[1647005400.0, 1.4540000000000002],
[1647091800.0, 1.3800000000000001],
[1647178200.0, 1.45],
[1647264600.0, 1.4540000000000002],
[1647351000.0, 1.4700000000000002],
[1647437400.0, 1.5239999999999998],
[1647523800.0, 2.092],
[1647610200.0, 2.1119999999999997],
[1647696600.0, 2.1060000000000003],
[1647783000.0, 2.104],
[1647869400.0, 1.614],
[1647955800.0, 1.4440000000000002],
[1648042200.0, 1.5820000000000003],
[1648128600.0, 1.7900000000000003],
[1648215000.0, 1.6300000000000001],
[1648301400.0, 1.6320000000000001],
[1648387800.0, 1.6300000000000001],
[1648474200.0, 1.31],
[1648560600.0, 1.638],
[1648647000.0, 1.6740000000000002],
[1648733400.0, 1.6759999999999997],
[1648819800.0, 1.6020000000000003],
[1648906200.0, 1.5960000000000003],
[1648996200.0, 1.5900000000000003],
[1649082600.0, 1.9860000000000002],
[1649169000.0, 1.936],
[1649255400.0, 1.9140000000000001],
[1649341800.0, 1.9120000000000001],
[1649428200.0, 1.9080000000000001],
[1649514600.0, 1.85],
[1649601000.0, 1.85],
[1649687400.0, 1.85],
[1649773800.0, 1.85],
[1649860200.0, 1.85],
[1649946600.0, 1.7879999999999998],
[1650033000.0, 1.7779999999999998],
[1650119400.0, 1.7739999999999998],
[1650205800.0, 1.764],
[1650292200.0, 1.9140000000000001],
[1650378600.0, 1.9140000000000001],
[1650465000.0, 1.6599999999999997],
[1650551400.0, 1.6599999999999997],
[1650637800.0, 1.6599999999999997],
[1650724200.0, 1.798],
[1650810600.0, 1.794],
[1650897000.0, 1.7240000000000002],
[1650983400.0, 1.746],
[1651069800.0, 1.738],
[1651156200.0, 1.6580000000000001],
[1651242600.0, 1.7260000000000002],
[1651329000.0, 1.7080000000000002],
[1651415400.0, 1.6220000000000003],
[1651501800.0, 1.634],
[1651588200.0, 1.6220000000000003],
[1651674600.0, 1.6300000000000001],
[1651761000.0, 1.612],
[1651847400.0, 1.5379999999999998],
[1651933800.0, 1.53],
[1652020200.0, 1.534],
[1652106600.0, 1.612],
[1652193000.0, 1.598],
[1652279400.0, 1.586],
[1652365800.0, 1.516],
[1652452200.0, 1.504],
[1652538600.0, 1.476],
[1652625000.0, 1.4700000000000002],
[1652711400.0, 1.5699999999999998],
[1652797800.0, 1.504],
[1652884200.0, 1.4920000000000002],
[1652970600.0, 1.486],
[1653057000.0, 1.568],
[1653143400.0, 1.546],
[1653229800.0, 1.528],
[1653316200.0, 1.48],
[1653402600.0, 1.464],
[1653489000.0, 1.4400000000000002],
[1653575400.0, 1.44],
[1653661800.0, 1.484],
[1653748200.0, 1.484],
[1653834600.0, 1.484],
[1653921000.0, 1.55],
[1654007400.0, 1.538],
[1654093800.0, 1.5320000000000003],
[1654180200.0, 1.534],
[1654266600.0, 1.532],
[1654353000.0, 1.528],
[1654439400.0, 1.5180000000000002],
[1654525800.0, 1.4700000000000002],
[1654612200.0, 1.466],
[1654698600.0, 1.46],
[1654785000.0, 1.432],
[1654871400.0, 1.424],
[1654957800.0, 1.42],
[1655044200.0, 1.4140000000000001],
[1655130600.0, 1.4140000000000001],
[1655217000.0, 1.4140000000000001],
[1655303400.0, 1.652],
[1655389800.0, 1.4120000000000001],
[1655476200.0, 1.39],
[1655562600.0, 1.3639999999999999],
[1655649000.0, 1.3639999999999999],
[1655735400.0, 1.37],
[1655821800.0, 1.3119999999999998],
[1655908200.0, 1.324],
[1655994600.0, 1.324],
[1656081000.0, 1.308],
[1656167400.0, 1.3780000000000001],
[1656253800.0, 1.3780000000000001],
[1656340200.0, 1.342],
[1656426600.0, 1.34],
[1656513000.0, 1.34],
[1656599400.0, 1.34],
[1656685800.0, 1.334],
[1656772200.0, 1.33],
[1656858600.0, 1.33],
[1656945000.0, 1.33],
[1657031400.0, 1.328],
[1657117800.0, 1.326],
[1657204200.0, 1.3279999999999998],
[1657290600.0, 1.3279999999999998],
[1657377000.0, 1.3279999999999998],
[1657463400.0, 1.326],
[1657549800.0, 1.3980000000000001],
[1657636200.0, 1.3780000000000001],
[1657722600.0, 1.37],
[1657809000.0, 1.364],
[1657895400.0, 1.356],
[1657981800.0, 1.352],
[1658068200.0, 1.5539999999999998],
[1658154600.0, 1.562],
[1658241000.0, 1.562],
[1658327400.0, 1.5400000000000003],
[1658413800.0, 1.5360000000000003],
[1658500200.0, 1.5360000000000003],
[1658586600.0, 1.594],
[1658673000.0, 1.594],
[1658759400.0, 1.6300000000000001],
[1658845800.0, 1.6219999999999999],
[1658932200.0, 1.536],
[1659018600.0, 1.534],
[1659105000.0, 1.474],
[1659191400.0, 1.424],
[1659277800.0, 1.416],
[1659364200.0, 1.4040000000000001],
[1659450600.0, 1.476],
[1659537000.0, 1.45],
[1659623400.0, 1.434],
[1659709800.0, 1.6840000000000004],
[1659796200.0, 1.682],
[1659882600.0, 1.6840000000000004],
[1659969000.0, 1.686],
[1660055400.0, 1.686],
[1660141800.0, 1.8199999999999998],
[1660228200.0, 1.8199999999999998],
[1660314600.0, 1.8399999999999999],
[1660401000.0, 1.8399999999999999],
[1660487400.0, 1.8399999999999999],
[1660573800.0, 1.8399999999999999],
[1660660200.0, 1.508],
[1660746600.0, 1.474],
[1660833000.0, 1.442],
[1660919400.0, 1.4360000000000002],
[1661005800.0, 1.4180000000000001],
[1661092200.0, 1.318],
[1661178600.0, 1.312],
[1661265000.0, 1.31],
[1661351400.0, 1.3980000000000001],
[1661437800.0, 1.386],
[1661524200.0, 1.39],
[1661610600.0, 1.384],
[1661697000.0, 1.334],
[1661783400.0, 1.334],
[1661869800.0, 1.334],
[1661956200.0, 1.326],
[1662042600.0, 1.314],
[1662129000.0, 1.56],
[1662215400.0, 1.5580000000000003],
[1662301800.0, 1.4120000000000004],
[1662388200.0, 1.438],
[1662474600.0, 1.434],
[1662561000.0, 1.432],
[1662647400.0, 1.3800000000000001],
[1662733800.0, 1.366],
[1662820200.0, 1.384],
[1662906600.0, 1.426],
[1662993000.0, 1.408],
[1663079400.0, 1.374],
[1663165800.0, 1.464],
[1663252200.0, 1.47],
[1663338600.0, 1.374],
[1663425000.0, 1.354],
[1663511400.0, 1.32],
[1663597800.0, 1.3139999999999998],
[1663684200.0, 1.308],
[1663770600.0, 1.2819999999999998],
[1663857000.0, 1.2799999999999998],
[1663943400.0, 1.266],
[1664029800.0, 1.3039999999999998],
[1664116200.0, 1.3039999999999998],
[1664202600.0, 1.332],
[1664289000.0, 1.328],
[1664375400.0, 1.322],
[1664461800.0, 1.31],
[1664548200.0, 1.2879999999999998],
[1664634600.0, 1.2799999999999998],
[1664717400.0, 1.468],
[1664803800.0, 1.464],
[1664890200.0, 1.8379999999999999],
[1664976600.0, 2.354],
[1665063000.0, 2.3520000000000003],
[1665149400.0, 1.56],
[1665235800.0, 1.56],
[1665322200.0, 1.5559999999999998],
[1665408600.0, 1.5459999999999998],
[1665495000.0, 1.526],
[1665581400.0, 1.426],
[1665667800.0, 1.5779999999999998],
[1665754200.0, 1.59],
[1665840600.0, 1.588],
[1665927000.0, 1.594],
[1666013400.0, 1.9459999999999997],
[1666099800.0, 1.7120000000000002],
[1666186200.0, 1.5580000000000003],
[1666272600.0, 1.552],
[1666359000.0, 1.552],
[1666445400.0, 1.54],
[1666531800.0, 1.54],
[1666618200.0, 1.524],
[1666704600.0, 1.5500000000000003],
[1666791000.0, 2.0420000000000003],
[1666877400.0, 2.1799999999999997],
[1666963800.0, 2.1799999999999997],
[1667050200.0, 2.1799999999999997],
[1667136600.0, 1.764],
[1667223000.0, 2.1280000000000006],
[1667309400.0, 2.332],
[1667395800.0, 2],
[1667482200.0, 1.7439999999999998],
[1667568600.0, 1.8920000000000001],
[1667655000.0, 2.774],
[1667741400.0, 2.4219999999999997],
[1667827800.0, 2.384],
[1667914200.0, 2.3340000000000005],
[1668000600.0, 2.0180000000000002],
[1668087000.0, 2.028],
[1668173400.0, 2.0300000000000002],
[1668259800.0, 1.752],
[1668346200.0, 1.6420000000000001],
[1668432600.0, 1.6800000000000002],
[1668519000.0, 1.6640000000000001],
[1668605400.0, 1.616],
[1668691800.0, 1.5700000000000003],
[1668778200.0, 1.5700000000000003],
[1668864600.0, 1.5680000000000003],
[1668951000.0, 1.554],
[1669037400.0, 1.496],
[1669123800.0, 1.5220000000000002],
[1669210200.0, 1.52],
[1669296600.0, 1.5000000000000002],
[1669383000.0, 1.848],
[1669469400.0, 1.762],
[1669555800.0, 1.7240000000000002],
[1669642200.0, 1.7340000000000004],
[1669728600.0, 1.7560000000000002],
[1669815000.0, 1.752],
[1669901400.0, 1.7580000000000002],
[1669987800.0, 1.754],
[1670074200.0, 1.754],
[1670160600.0, 1.7680000000000002],
[1670247000.0, 1.702],
[1670333400.0, 1.7100000000000002],
[1670419800.0, 1.714],
[1670506200.0, 1.6300000000000001],
[1670592600.0, 1.5219999999999998],
[1670679000.0, 1.8],
[1670765400.0, 1.768],
[1670851800.0, 1.768],
[1670938200.0, 1.768],
[1671024600.0, 1.754],
[1671111000.0, 1.768],
[1671197400.0, 1.768],
[1671283800.0, 1.766],
[1671370200.0, 1.8800000000000001],
[1671456600.0, 1.832],
[1671543000.0, 1.7939999999999998],
[1671629400.0, 1.782],
[1671715800.0, 1.7560000000000002],
[1671802200.0, 1.6200000000000003],
[1671888600.0, 1.6160000000000003],
[1671975000.0, 1.616],
[1672061400.0, 1.6160000000000003],
[1672147800.0, 1.534],
[1672234200.0, 1.528],
[1672320600.0, 1.542],
[1672407000.0, 1.704],
[1672493400.0, 1.6760000000000002],
[1672579800.0, 1.686],
[1672666200.0, 1.684],
[1672752600.0, 1.684],
[1672839000.0, 1.7060000000000002],
[1672925400.0, 1.576],
[1673011800.0, 1.5640000000000003],
[1673098200.0, 1.558],
[1673184600.0, 1.5619999999999998],
[1673271000.0, 1.558],
[1673357400.0, 1.558],
[1673443800.0, 1.564],
[1673530200.0, 1.5739999999999998],
[1673616600.0, 1.566],
[1673703000.0, 1.5719999999999998],
[1673789400.0, 1.6440000000000001],
[1673875800.0, 1.614],
[1673962200.0, 1.6260000000000001],
[1674048600.0, 1.536],
[1674135000.0, 1.61],
[1674221400.0, 1.5239999999999998],
[1674307800.0, 1.518],
[1674394200.0, 1.5080000000000002],
[1674480600.0, 1.616],
[1674567000.0, 1.614],
[1674653400.0, 1.544],
[1674739800.0, 1.5420000000000003],
[1674826200.0, 1.592],
[1674912600.0, 1.594],
[1674999000.0, 1.596],
[1675085400.0, 1.7120000000000002],
[1675171800.0, 1.7080000000000002],
[1675258200.0, 1.7080000000000002],
[1675344600.0, 1.56],
[1675431000.0, 1.6300000000000001],
[1675517400.0, 1.598],
[1675603800.0, 1.5400000000000003],
[1675690200.0, 1.5340000000000003],
[1675776600.0, 1.5340000000000003],
[1675863000.0, 1.5340000000000003],
[1675949400.0, 1.5340000000000003],
