[1635773400.0, 0.7375438596491227],
[1635859800.0, 0.691768826619965],
[1635946200.0, 0.6763385146804834],
[1636032600.0, 0.7517985611510791],
[1636119000.0, 0.7288201160541584],
[1636205400.0, 0.8096385542168674],
[1636291800.0, 0.7280733944954129],
[1636378200.0, 0.7337078651685394],
[1636464600.0, 0.7301343570057581],
[1636551000.0, 0.7777777777777775],
[1636637400.0, 0.780241935483871],
[1636723800.0, 0.7999999999999999],
[1636810200.0, 0.806896551724138],
[1636896600.0, 0.703972366148532],
[1636983000.0, 0.651114922813036],
[1637069400.0, 0.6416666666666666],
[1637155800.0, 0.703107861060329],
[1637242200.0, 0.72319391634981],
[1637328600.0, 0.6930232558139535],
[1637415000.0, 0.7356589147286822],
[1637501400.0, 0.6346218487394959],
[1637587800.0, 0.6302284710017574],
[1637674200.0, 0.6491349480968858],
[1637760600.0, 0.6170854271356783],
[1637847000.0, 0.48676716917922946],
[1637933400.0, 0.6305647840531562],
[1638019800.0, 0.627347611202636],
[1638106200.0, 0.5606498194945849],
[1638192600.0, 0.5794594594594593],
[1638279000.0, 0.681728880157171],
[1638365400.0, 0.6697286012526096],
[1638451800.0, 0.5999999999999999],
[1638538200.0, 0.6915572232645405],
[1638624600.0, 0.6430555555555557],
[1638711000.0, 0.6318021201413426],
[1638797400.0, 0.6229205175600739],
[1638883800.0, 0.6294896030245748],
[1638970200.0, 0.6455516014234874],
[1639056600.0, 0.6337308347529813],
[1639143000.0, 0.73558648111332],
[1639229400.0, 0.6103678929765886],
[1639315800.0, 0.7369696969696968],
[1639402200.0, 0.6811214953271026],
[1639488600.0, 0.7342155009451796],
[1639575000.0, 0.7370018975332069],
[1639661400.0, 0.7210019267822736],
[1639747800.0, 0.7100591715976332],
[1639834200.0, 0.7801556420233462],
[1639920600.0, 0.767557251908397],
[1640007000.0, 0.8083682008368201],
[1640093400.0, 0.8008547008547009],
[1640179800.0, 0.7235074626865672],
[1640266200.0, 0.7878296146044625],
[1640352600.0, 0.7633644859813085],
[1640439000.0, 0.6741444866920153],
[1640525400.0, 0.7271347248576849],
[1640611800.0, 0.6973782771535582],
[1640698200.0, 0.6457786116322702],
[1640784600.0, 0.6977777777777776],
[1640871000.0, 0.697037037037037],
[1640957400.0, 0.7430711610486892],
[1641043800.0, 0.7601562499999999],
[1641130200.0, 0.707380073800738],
[1641216600.0, 0.6932142857142857],
[1641303000.0, 0.6826241134751773],
[1641389400.0, 0.6842105263157894],
[1641475800.0, 0.612520593080725],
[1641562200.0, 0.6635914332784185],
[1641648600.0, 0.6777408637873754],
[1641735000.0, 0.7213793103448275],
[1641821400.0, 0.8826347305389222],
[1641907800.0, 0.7512544802867384],
[1641994200.0, 0.7091205211726387],
[1642080600.0, 0.6740259740259739],
[1642167000.0, 0.6786833855799372],
[1642253400.0, 0.656269113149847],
[1642339800.0, 0.668955223880597],
[1642426200.0, 0.720907617504052],
[1642512600.0, 0.7080314960629921],
[1642599000.0, 0.6957613814756672],
[1642685400.0, 0.665563909774436],
[1642771800.0, 0.6699088145896656],
[1642858200.0, 0.6425339366515836],
[1642944600.0, 0.6758308157099697],
[1643031000.0, 0.6554878048780487],
[1643117400.0, 0.6674735249621785],
[1643203800.0, 0.7059001512859303],
[1643290200.0, 0.8180152671755724],
[1643376600.0, 0.7783417935702199],
[1643463000.0, 0.7227272727272727],
[1643549400.0, 0.773972602739726],
[1643635800.0, 0.773972602739726],
[1643722200.0, 0.773972602739726],
[1643808600.0, 0.6793750000000001],
[1643895000.0, 0.6278366111951589],
[1643981400.0, 0.6656249999999999],
[1644067800.0, 0.6642313546423135],
[1644154200.0, 0.6802507836990596],
[1644240600.0, 0.6490045941807044],
[1644327000.0, 0.6297253634894993],
[1644413400.0, 0.5866666666666668],
[1644499800.0, 0.6403007518796993],
[1644586200.0, 0.6969889064976229],
[1644672600.0, 0.6371517027863776],
[1644759000.0, 0.7391150442477876],
[1644845400.0, 0.6870253164556962],
[1644931800.0, 0.7182266009852217],
[1645018200.0, 0.7311004784688994],
[1645104600.0, 0.6182890855457227],
[1645191000.0, 0.705654281098546],
[1645277400.0, 0.6969305331179321],
[1645363800.0, 0.672642967542504],
[1645450200.0, 0.685133020344288],
[1645536600.0, 0.5359765051395007],
[1645623000.0, 0.58600583090379],
[1645709400.0, 0.741772151898734],
[1645795800.0, 0.7104377104377105],
[1645882200.0, 0.5854368932038834],
[1645968600.0, 0.6646319569120288],
[1646055000.0, 0.7510273972602741],
[1646141400.0, 0.8043824701195219],
[1646227800.0, 0.7022556390977442],
[1646314200.0, 0.7219683655536027],
[1646400600.0, 0.7682600382409178],
[1646487000.0, 0.7157894736842105],
[1646573400.0, 0.668988391376451],
[1646659800.0, 0.6527363184079602],
[1646746200.0, 0.654424040066778],
[1646832600.0, 0.6624584717607974],
[1646919000.0, 0.6820598006644517],
[1647005400.0, 0.6762376237623764],
[1647091800.0, 0.7080419580419579],
[1647178200.0, 0.6819512195121952],
[1647264600.0, 0.7258320126782885],
[1647351000.0, 0.6985221674876848],
[1647437400.0, 0.723076923076923],
[1647523800.0, 0.7812606473594549],
[1647610200.0, 0.7764705882352941],
[1647696600.0, 0.8136286201022146],
[1647783000.0, 0.8281303602058319],
[1647869400.0, 0.8116838487972508],
[1647955800.0, 0.8190635451505017],
[1648042200.0, 0.772652388797364],
[1648128600.0, 0.7641109298531809],
[1648215000.0, 0.7644230769230769],
[1648301400.0, 0.7347242921013413],
[1648387800.0, 0.7350148367952521],
[1648474200.0, 0.6823691460055096],
[1648560600.0, 0.6778231292517006],
[1648647000.0, 0.671521456436931],
[1648733400.0, 0.6526054590570719],
[1648819800.0, 0.7212121212121211],
[1648906200.0, 0.6524875621890548],
[1648996200.0, 0.71],
[1649082600.0, 0.7613888888888888],
[1649169000.0, 0.73173198482933],
[1649255400.0, 0.7038167938931298],
[1649341800.0, 0.6817369093231161],
[1649428200.0, 0.7027166882276844],
[1649514600.0, 0.7569482288828336],
[1649601000.0, 0.758043758043758],
[1649687400.0, 0.7390524967989757],
[1649773800.0, 0.7636604774535809],
[1649860200.0, 0.735],
[1649946600.0, 0.728774193548387],
[1650033000.0, 0.7801324503311258],
[1650119400.0, 0.8604046242774566],
[1650205800.0, 0.7417553191489362],
[1650292200.0, 0.7497340425531915],
[1650378600.0, 0.7361702127659574],
[1650465000.0, 0.7032499999999999],
[1650551400.0, 0.7032499999999999],
[1650637800.0, 0.7032499999999999],
[1650724200.0, 0.6464114832535885],
[1650810600.0, 0.6947867298578199],
[1650897000.0, 0.7152998776009791],
[1650983400.0, 0.7191542288557213],
[1651069800.0, 0.7085427135678392],
[1651156200.0, 0.7427828348504549],
[1651242600.0, 0.7652054794520549],
[1651329000.0, 0.6830694275274054],
[1651415400.0, 0.7536813922356091],
[1651501800.0, 0.7076523994811932],
[1651588200.0, 0.6757612667478685],
[1651674600.0, 0.6517448856799039],
[1651761000.0, 0.6601918465227818],
[1651847400.0, 0.6636471990464838],
[1651933800.0, 0.6434886499402629],
[1652020200.0, 0.6199279711884753],
[1652106600.0, 0.834962962962963],
[1652193000.0, 0.7708333333333334],
[1652279400.0, 0.700385109114249],
[1652365800.0, 0.7598908594815825],
[1652452200.0, 0.7462450592885375],
[1652538600.0, 0.776662143826323],
[1652625000.0, 0.7652645861601086],
[1652711400.0, 0.7721115537848605],
[1652797800.0, 0.7433155080213902],
[1652884200.0, 0.7732605729877217],
[1652970600.0, 0.8118343195266272],
[1653057000.0, 0.7881241565452093],
[1653143400.0, 0.8418353576248313],
[1653229800.0, 0.8175438596491228],
[1653316200.0, 0.7272962483829236],
[1653402600.0, 0.8310249307479225],
[1653489000.0, 0.7472256473489519],
[1653575400.0, 0.7395701643489253],
[1653661800.0, 0.7408343868520861],
[1653748200.0, 0.7180904522613064],
[1653834600.0, 0.8438235294117648],
[1653921000.0, 0.6803641092327697],
[1654007400.0, 0.7247119078104993],
[1654093800.0, 0.6641509433962266],
[1654180200.0, 0.6981084489281211],
[1654266600.0, 0.6686868686868686],
[1654353000.0, 0.6911051212938005],
[1654439400.0, 0.6577723378212974],
[1654525800.0, 0.6741935483870967],
[1654612200.0, 0.6472460220318239],
[1654698600.0, 0.6477108433734939],
[1654785000.0, 0.6400500625782226],
[1654871400.0, 0.7505494505494505],
[1654957800.0, 0.6282325029655992],
[1655044200.0, 0.6792127921279213],
[1655130600.0, 0.7055],
[1655217000.0, 0.7112881806108897],
[1655303400.0, 0.7773962804005723],
[1655389800.0, 0.6871410736579275],
[1655476200.0, 0.7279470198675496],
[1655562600.0, 0.7271540469973891],
[1655649000.0, 0.7489361702127659],
[1655735400.0, 0.7558510638297873],
[1655821800.0, 0.6793893129770993],
[1655908200.0, 0.7104930467762325],
[1655994600.0, 0.7139208173690931],
[1656081000.0, 0.6825031928480203],
[1656167400.0, 0.6746153846153845],
[1656253800.0, 0.6427480916030534],
[1656340200.0, 0.6643765903307887],
[1656426600.0, 0.6298765432098766],
[1656513000.0, 0.7245614035087719],
[1656599400.0, 0.7365497076023393],
[1656685800.0, 0.6499999999999999],
[1656772200.0, 0.6888283378746594],
[1656858600.0, 0.6954612005856515],
[1656945000.0, 0.651851851851852],
[1657031400.0, 0.734020618556701],
[1657117800.0, 0.6570666666666667],
[1657204200.0, 0.6921348314606741],
[1657290600.0, 0.6709504685408301],
[1657377000.0, 0.6808567603748328],
[1657463400.0, 0.7155988857938718],
[1657549800.0, 0.6972144846796657],
[1657636200.0, 0.68125],
[1657722600.0, 0.6391857506361323],
[1657809000.0, 0.7009320905459389],
[1657895400.0, 0.6687657430730479],
[1657981800.0, 0.6719496855345913],
[1658068200.0, 0.6382180539273155],
[1658154600.0, 0.703448275862069],
[1658241000.0, 0.6888607594936709],
[1658327400.0, 0.7019011406844107],
[1658413800.0, 0.6127020785219399],
[1658500200.0, 0.6590084643288997],
[1658586600.0, 0.64478672985782],
[1658673000.0, 0.66984505363528],
[1658759400.0, 0.6410011918951132],
[1658845800.0, 0.6791817087845968],
[1658932200.0, 0.650843373493976],
[1659018600.0, 0.7335927367055771],
[1659105000.0, 0.6907749077490776],
[1659191400.0, 0.7594351732991014],
[1659277800.0, 0.7246523388116309],
[1659364200.0, 0.7651162790697674],
[1659450600.0, 0.8057931034482759],
[1659537000.0, 0.8203208556149733],
[1659623400.0, 0.7917222963951935],
[1659709800.0, 0.7412639405204461],
[1659796200.0, 0.8392655367231638],
[1659882600.0, 0.7563829787234044],
[1659969000.0, 0.6109464082098062],
[1660055400.0, 0.6732121212121213],
[1660141800.0, 0.6630824372759857],
[1660228200.0, 0.6487750556792872],
[1660314600.0, 0.6372807017543859],
[1660401000.0, 0.6372807017543859],
[1660487400.0, 0.6372807017543859],
[1660573800.0, 0.6372807017543859],
[1660660200.0, 0.6306889352818371],
[1660746600.0, 0.5943514644351464],
[1660833000.0, 0.6460540540540541],
[1660919400.0, 0.6227557411273488],
[1661005800.0, 0.7563636363636365],
[1661092200.0, 0.6505027932960893],
[1661178600.0, 0.6498324022346369],
[1661265000.0, 0.6472769409038238],
[1661351400.0, 0.7066666666666667],
[1661437800.0, 0.7154894671623298],
[1661524200.0, 0.5961373390557939],
[1661610600.0, 0.5534736842105263],
[1661697000.0, 0.6031545741324921],
[1661783400.0, 0.5926565874730021],
[1661869800.0, 0.571769815418024],
[1661956200.0, 0.6274599542334096],
[1662042600.0, 0.6257767548906791],
[1662129000.0, 0.6002222222222222],
[1662215400.0, 0.7742705570291777],
[1662301800.0, 0.6809348093480934],
[1662388200.0, 0.6512338425381904],
[1662474600.0, 0.6506508875739644],
[1662561000.0, 0.7100490196078433],
[1662647400.0, 0.6202447163515017],
[1662733800.0, 0.6750605326876514],
[1662820200.0, 0.7306859205776173],
[1662906600.0, 0.7399521531100478],
[1662993000.0, 0.7242857142857143],
[1663079400.0, 0.6723542116630671],
[1663165800.0, 0.6687224669603524],
[1663252200.0, 0.6535637149028078],
[1663338600.0, 0.6527808069792803],
[1663425000.0, 0.6527808069792803],
[1663511400.0, 0.6263329706202393],
[1663597800.0, 0.6435255712731229],
[1663684200.0, 0.6440567066521266],
[1663770600.0, 0.6492911668484187],
[1663857000.0, 0.7627118644067796],
[1663943400.0, 0.7720990873533247],
[1664029800.0, 0.7376792698826597],
[1664116200.0, 0.725684485006519],
[1664202600.0, 0.6376878612716763],
[1664289000.0, 0.6867878787878787],
[1664375400.0, 0.6560570071258908],
[1664461800.0, 0.737426210153483],
[1664548200.0, 0.670365997638725],
[1664634600.0, 0.6894117647058823],
[1664717400.0, 0.6864111498257839],
[1664803800.0, 0.6846511627906977],
[1664890200.0, 0.6925581395348838],
[1664976600.0, 0.6901506373117033],
[1665063000.0, 0.6563445867287544],
[1665149400.0, 0.6561117578579744],
[1665235800.0, 0.6675294117647058],
[1665322200.0, 0.663689776733255],
[1665408600.0, 0.6893317702227433],
[1665495000.0, 0.6672919109026965],
[1665581400.0, 0.6738882554161916],
[1665667800.0, 0.7315852205005959],
[1665754200.0, 0.7168057210965435],
[1665840600.0, 0.6738359201773837],
[1665927000.0, 0.6864745011086476],
[1666013400.0, 0.6507042253521128],
[1666099800.0, 0.6770436730123182],
[1666186200.0, 0.6489707475622969],
[1666272600.0, 0.6589266155531215],
[1666359000.0, 0.6589266155531215],
[1666445400.0, 0.6848275862068965],
[1666531800.0, 0.6531986531986532],
[1666618200.0, 0.7066817667044167],
[1666704600.0, 0.6944507361268403],
[1666791000.0, 0.6958620689655172],
[1666877400.0, 0.7004597701149424],
[1666963800.0, 0.7413793103448275],
[1667050200.0, 0.7237777777777779],
[1667136600.0, 0.6964444444444444],
[1667223000.0, 0.6873333333333334],
[1667309400.0, 0.6613733905579399],
[1667395800.0, 0.6803532008830021],
[1667482200.0, 0.6492046659597032],
[1667568600.0, 0.7712177121771218],
[1667655000.0, 0.6486187845303868],
[1667741400.0, 0.6534201954397395],
[1667827800.0, 0.66989010989011],
[1667914200.0, 0.6280737704918034],
[1668000600.0, 0.6859956236323851],
[1668087000.0, 0.6294541709577756],
[1668173400.0, 0.6587117212249209],
[1668259800.0, 0.6399155227032737],
[1668346200.0, 0.6123583934088569],
[1668432600.0, 0.617283950617284],
[1668519000.0, 0.6199794026776521],
[1668605400.0, 0.6550000000000001],
[1668691800.0, 0.6328648648648648],
[1668778200.0, 0.6216790648246546],
[1668864600.0, 0.6273212379935964],
[1668951000.0, 0.660698689956332],
[1669037400.0, 0.6554585152838427],
[1669123800.0, 0.6373362445414847],
[1669210200.0, 0.6465462274176409],
[1669296600.0, 0.6465462274176409],
[1669383000.0, 0.6514407684098186],
[1669469400.0, 0.8059539918809203],
[1669555800.0, 0.8059539918809203],
[1669642200.0, 0.7791613722998729],
[1669728600.0, 0.7715374841168996],
[1669815000.0, 0.6006659267480579],
[1669901400.0, 0.6855757575757576],
[1669987800.0, 0.6797575757575757],
[1670074200.0, 0.6340857787810384],
[1670160600.0, 0.6403607666290867],
[1670247000.0, 0.7784695201037614],
[1670333400.0, 0.7242187499999999],
[1670419800.0, 0.7060386473429952],
[1670506200.0, 0.7026570048309179],
[1670592600.0, 0.6741545893719806],
[1670679000.0, 0.7130966952264383],
[1670765400.0, 0.7369482976040354],
[1670851800.0, 0.6859447004608294],
[1670938200.0, 0.6559489033277699],
[1671024600.0, 0.6530003172196766],
[1671111000.0, 0.6583523411344279],
[1671197400.0, 0.8885031291374146],
[1671283800.0, 0.7317191283292978],
[1671370200.0, 0.8006236392531936],
[1671456600.0, 0.7775000000000001],
[1671543000.0, 0.76775],
[1671629400.0, 0.7623559539052497],
[1671715800.0, 0.7795134443021767],
[1671802200.0, 0.7898832684824902],
[1671888600.0, 0.752956298200514],
[1671975000.0, 0.8425595238095239],
[1672061400.0, 0.7964769647696478],
[1672147800.0, 0.8070460704607046],
[1672234200.0, 0.7978319783197831],
[1672320600.0, 0.7727152317880795],
[1672407000.0, 0.8521613832853028],
[1672493400.0, 0.8408391608391608],
[1672579800.0, 0.8114754098360655],
[1672666200.0, 0.863716814159292],
[1672752600.0, 0.7666228646517739],
[1672839000.0, 0.7630890052356021],
[1672925400.0, 0.8497175141242937],
[1673011800.0, 0.7772959183673469],
[1673098200.0, 0.7689171974522294],
[1673184600.0, 0.7507955936352508],
[1673271000.0, 0.7118604651162792],
[1673357400.0, 0.798490566037736],
[1673443800.0, 0.7619402985074628],
[1673530200.0, 0.6685330347144458],
[1673616600.0, 0.7203349282296652],
[1673703000.0, 0.730654420206659],
[1673789400.0, 0.6783874580067191],
[1673875800.0, 0.6679245283018868],
[1673962200.0, 0.675377969762419],
[1674048600.0, 0.7485651214128036],
[1674135000.0, 0.7508771929824559],
[1674221400.0, 0.7599564744287267],
[1674307800.0, 0.7466811751904242],
[1674394200.0, 0.7523394994559304],
[1674480600.0, 0.7693144722524482],
[1674567000.0, 0.7805888767720828],
[1674653400.0, 0.7605234460196294],
[1674739800.0, 0.7423764458464774],
[1674826200.0, 0.754790096878364],
[1674912600.0, 0.7530031612223393],
[1674999000.0, 0.7126436781609196],
[1675085400.0, 0.7198321091290661],
[1675171800.0, 0.7169652265542675],
[1675258200.0, 0.731164742917104],
[1675344600.0, 0.7157127991675338],
[1675431000.0, 0.7264921465968586],
[1675517400.0, 0.6897876643073813],
[1675603800.0, 0.6794383149448346],
[1675690200.0, 0.6714714714714715],
[1675776600.0, 0.6746208291203236],
[1675863000.0, 0.6746208291203236],
[1675949400.0, 0.6746208291203236],
