[1635773400.0, 0.9209978070175441],
[1635859800.0, 0.7975564641744547],
[1635946200.0, 0.8184628115264797],
[1636032600.0, 0.8631605691056908],
[1636119000.0, 0.93375],
[1636205400.0, 0.9270833333333333],
[1636291800.0, 0.9437388591800356],
[1636378200.0, 0.9522289426523296],
[1636464600.0, 0.8949561403508772],
[1636551000.0, 0.9021489501312336],
[1636637400.0, 0.9017935258092737],
[1636723800.0, 0.8906182094741416],
[1636810200.0, 0.8977072310405643],
[1636896600.0, 0.9096368397085609],
[1636983000.0, 0.9165217895224849],
[1637069400.0, 0.9911835748792269],
[1637155800.0, 0.9975087194818137],
[1637242200.0, 1.0028467908902692],
[1637328600.0, 0.9808541973490428],
[1637415000.0, 1.0603874154966197],
[1637501400.0, 1.0934767759562842],
[1637587800.0, 1.0228896979503777],
[1637674200.0, 0.9893765903307888],
[1637760600.0, 1.0347008217770928],
[1637847000.0, 0.9542427701674276],
[1637933400.0, 1.0292643229166667],
[1638019800.0, 0.9516515380736259],
[1638106200.0, 0.9792995746943114],
[1638192600.0, 1.0341064586754243],
[1638279000.0, 1.1277221254355398],
[1638365400.0, 0.9992000556483028],
[1638451800.0, 0.8862956301857],
[1638538200.0, 0.9621742871189773],
[1638624600.0, 0.8178019824804056],
[1638711000.0, 1.0127529510961213],
[1638797400.0, 0.9196614583333335],
[1638883800.0, 0.9355568297655454],
[1638970200.0, 0.92724408436214],
[1639056600.0, 0.7987321268990171],
[1639143000.0, 0.7709428383705653],
[1639229400.0, 0.8049086757990868],
[1639315800.0, 0.7705518018018018],
[1639402200.0, 0.7989301801801802],
[1639488600.0, 0.7523148148148149],
[1639575000.0, 0.7791557161629435],
[1639661400.0, 0.7957842495636998],
[1639747800.0, 0.9694871794871796],
[1639834200.0, 0.852294007490637],
[1639920600.0, 0.8412630741246022],
[1640007000.0, 0.873404255319149],
[1640093400.0, 0.907119326500732],
[1640179800.0, 1.0578821206993796],
[1640266200.0, 1.0642302259887007],
[1640352600.0, 1.0053672316384181],
[1640439000.0, 0.9932851239669421],
[1640525400.0, 0.9702188006482982],
[1640611800.0, 0.9921319102353586],
[1640698200.0, 0.8919420498084288],
[1640784600.0, 0.8492943548387096],
[1640871000.0, 0.9288922155688623],
[1640957400.0, 0.8341913341913342],
[1641043800.0, 0.9112695749440716],
[1641130200.0, 0.8838528413910093],
[1641216600.0, 0.9190379403794038],
[1641303000.0, 0.8613422962014511],
[1641389400.0, 0.9755300788954634],
[1641475800.0, 0.9458333333333334],
[1641562200.0, 0.9618296347665278],
[1641648600.0, 0.978748806112703],
[1641735000.0, 0.86254851228978],
[1641821400.0, 0.8569171348314607],
[1641907800.0, 0.9120239774330042],
[1641994200.0, 0.9392939814814816],
[1642080600.0, 0.8241211351122404],
[1642167000.0, 0.8397760878749472],
[1642253400.0, 0.8625429553264604],
[1642339800.0, 0.9193075117370891],
[1642426200.0, 0.848390029952931],
[1642512600.0, 0.8281183140778776],
[1642599000.0, 0.9180924115456239],
[1642685400.0, 0.9187919061302682],
[1642771800.0, 0.8952047413793104],
[1642858200.0, 0.783472911497105],
[1642944600.0, 0.9011449480642116],
[1643031000.0, 0.9154863078375826],
[1643117400.0, 0.9467363078375827],
[1643203800.0, 0.8184449958643507],
[1643290200.0, 0.8271396396396395],
[1643376600.0, 0.9253472222222221],
[1643463000.0, 1.0296826018808776],
[1643549400.0, 0.8802951388888889],
[1643635800.0, 0.8802951388888889],
[1643722200.0, 0.8802951388888889],
[1643808600.0, 0.9321485805860805],
[1643895000.0, 1.025095419847328],
[1643981400.0, 0.9529232424677188],
[1644067800.0, 0.8683984910836763],
[1644154200.0, 0.8406948707804623],
[1644240600.0, 0.808617605275161],
[1644327000.0, 0.7859555984555985],
[1644413400.0, 0.8094001340482572],
[1644499800.0, 0.820422149122807],
[1644586200.0, 0.8046977660972403],
[1644672600.0, 0.8166776605101145],
[1644759000.0, 0.7606790512174644],
[1644845400.0, 0.7392893660531697],
[1644931800.0, 0.7598251028806584],
[1645018200.0, 0.7640300720033883],
[1645104600.0, 0.7889930114358322],
[1645191000.0, 0.777742481999153],
[1645277400.0, 0.7444822607260726],
[1645363800.0, 0.7825371549893844],
[1645450200.0, 0.8243894601542416],
[1645536600.0, 0.8456298055178653],
[1645623000.0, 0.8291498203054807],
[1645709400.0, 0.779444095477387],
[1645795800.0, 0.8253574477166025],
[1645882200.0, 0.7924967866323906],
[1645968600.0, 0.8343094600624723],
[1646055000.0, 0.9009567901234568],
[1646141400.0, 0.899156819300837],
[1646227800.0, 0.8150293733681463],
[1646314200.0, 0.8391171731123388],
[1646400600.0, 0.8920561850802644],
[1646487000.0, 0.8399065623641894],
[1646573400.0, 0.8507215711805555],
[1646659800.0, 1.0188903281519863],
[1646746200.0, 0.8155864197530864],
[1646832600.0, 0.9095993117010814],
[1646919000.0, 0.7967120181405895],
[1647005400.0, 0.9125369822485205],
[1647091800.0, 0.8262557077625571],
[1647178200.0, 0.7571047008547008],
[1647264600.0, 0.7619884910485932],
[1647351000.0, 0.8438845822566754],
[1647437400.0, 0.851410934744268],
[1647523800.0, 0.9035543996532294],
[1647610200.0, 0.9381657789613849],
[1647696600.0, 0.8957794307891334],
[1647783000.0, 0.8895620748299321],
[1647869400.0, 0.8934707903780067],
[1647955800.0, 0.8498751560549312],
[1648042200.0, 0.9081154684095861],
[1648128600.0, 0.9040815240527885],
[1648215000.0, 0.8935097169412758],
[1648301400.0, 0.8813099707968293],
[1648387800.0, 0.8525798525798526],
[1648474200.0, 0.7866154292343389],
[1648560600.0, 0.8010369101978693],
[1648647000.0, 0.7893619934282584],
[1648733400.0, 0.8721935679611651],
[1648819800.0, 0.8972891566265061],
[1648906200.0, 0.8837957378367514],
[1648996200.0, 0.8699390723270441],
[1649082600.0, 0.8721959858323496],
[1649169000.0, 0.998343441150045],
[1649255400.0, 0.85918703919286],
[1649341800.0, 0.9089052287581699],
[1649428200.0, 0.9135774101307189],
[1649514600.0, 0.982371794871795],
[1649601000.0, 1.0088852097130243],
[1649687400.0, 0.9954177323103153],
[1649773800.0, 1.0054371948513094],
[1649860200.0, 1.0407997762863535],
[1649946600.0, 0.9736220904699165],
[1650033000.0, 0.9067606209150326],
[1650119400.0, 0.9819316688567674],
[1650205800.0, 0.9811898512685915],
[1650292200.0, 0.9863032498902063],
[1650378600.0, 0.903050778050778],
[1650465000.0, 0.8509355709876542],
[1650551400.0, 0.8509355709876542],
[1650637800.0, 0.8509355709876542],
[1650724200.0, 0.9003443927046955],
[1650810600.0, 0.9410342261904763],
[1650897000.0, 0.9356419546636939],
[1650983400.0, 0.9004527991218442],
[1651069800.0, 0.8718180254557963],
[1651156200.0, 0.9314753495217073],
[1651242600.0, 0.771784060846561],
[1651329000.0, 0.8417658730158731],
[1651415400.0, 0.7987976782752902],
[1651501800.0, 0.7934629996696401],
[1651588200.0, 0.8449074074074074],
[1651674600.0, 0.8496713070378964],
[1651761000.0, 0.9026407727085902],
[1651847400.0, 0.8786884411884412],
[1651933800.0, 0.8520981087470448],
[1652020200.0, 0.8627259036144579],
[1652106600.0, 0.8473372781065087],
[1652193000.0, 0.8336309523809523],
[1652279400.0, 0.8149773499433748],
[1652365800.0, 0.8347505668934239],
[1652452200.0, 0.845425407925408],
[1652538600.0, 0.8514503298409001],
[1652625000.0, 0.8391084383352425],
[1652711400.0, 0.8315854119425548],
[1652797800.0, 0.8573554421768707],
[1652884200.0, 0.8591033635676492],
[1652970600.0, 0.8608033932135729],
[1653057000.0, 0.8253077651515154],
[1653143400.0, 0.8070570570570571],
[1653229800.0, 0.958304398148148],
[1653316200.0, 0.7701934015927192],
[1653402600.0, 0.8392290609137059],
[1653489000.0, 0.7728464419475656],
[1653575400.0, 0.892475676818951],
[1653661800.0, 0.8054306554756195],
[1653748200.0, 0.7650503290747193],
[1653834600.0, 0.7752129307007356],
[1653921000.0, 0.8125244522691706],
[1654007400.0, 0.7818995381062356],
[1654093800.0, 0.7249492994100295],
[1654180200.0, 0.666605512067841],
[1654266600.0, 0.8454732510288064],
[1654353000.0, 0.7572904869762175],
[1654439400.0, 0.762787844469611],
[1654525800.0, 0.6858660130718955],
[1654612200.0, 0.6511547742157878],
[1654698600.0, 0.7029826958105647],
[1654785000.0, 0.7420792583537082],
[1654871400.0, 0.8321940104166667],
[1654957800.0, 0.7510262725779968],
[1655044200.0, 0.8207590306355736],
[1655130600.0, 0.8079896907216495],
[1655217000.0, 0.8179499570446733],
[1655303400.0, 0.8141003258845436],
[1655389800.0, 0.8379949355432781],
[1655476200.0, 0.8130334681042231],
[1655562600.0, 0.8268301104972375],
[1655649000.0, 0.7634006076388891],
[1655735400.0, 0.7960884353741496],
[1655821800.0, 0.8315443213296398],
[1655908200.0, 0.7498612960497113],
[1655994600.0, 0.8748431224899599],
[1656081000.0, 0.7722894265232975],
[1656167400.0, 0.8078639313861845],
[1656253800.0, 0.7503625613565373],
[1656340200.0, 0.7802558782849239],
[1656426600.0, 0.7893326417704012],
[1656513000.0, 0.8925336438923395],
[1656599400.0, 0.9150741029641185],
[1656685800.0, 0.897798742138365],
[1656772200.0, 0.8621646026831785],
[1656858600.0, 0.7544763513513512],
[1656945000.0, 0.851010101010101],
[1657031400.0, 0.6966179653679654],
[1657117800.0, 0.7197173620457604],
[1657204200.0, 0.7377893518518519],
[1657290600.0, 0.7201209859791948],
[1657377000.0, 0.6462626262626262],
[1657463400.0, 0.6867872807017544],
[1657549800.0, 0.7103433289873969],
[1657636200.0, 0.7113211647109953],
[1657722600.0, 0.6346192185007976],
[1657809000.0, 0.6406499202551835],
[1657895400.0, 0.6875],
[1657981800.0, 0.669597123719464],
[1658068200.0, 0.7158056215360253],
[1658154600.0, 0.7479463578780681],
[1658241000.0, 0.6814398364485982],
[1658327400.0, 0.7201012185534592],
[1658413800.0, 0.7527947154471544],
[1658500200.0, 0.7296626984126984],
[1658586600.0, 0.7329952267303103],
[1658673000.0, 0.7242573763955343],
[1658759400.0, 0.7435997097844115],
[1658845800.0, 0.6720917558462149],
[1658932200.0, 0.7012635379061372],
[1659018600.0, 0.7076036634460549],
[1659105000.0, 0.6706989247311829],
[1659191400.0, 0.7057573029211685],
[1659277800.0, 0.7912878787878789],
[1659364200.0, 0.7239583333333334],
[1659450600.0, 0.7409635416666667],
[1659537000.0, 0.7599017743979721],
[1659623400.0, 0.7230934809348092],
[1659709800.0, 0.765869140625],
[1659796200.0, 0.8334973753280841],
[1659882600.0, 0.7936132154882154],
[1659969000.0, 0.8048301486199576],
[1660055400.0, 0.7624538745387454],
[1660141800.0, 0.7850738396624471],
[1660228200.0, 0.7682726730310262],
[1660314600.0, 0.8317821994009413],
[1660401000.0, 0.8317821994009413],
[1660487400.0, 0.8317821994009413],
[1660573800.0, 0.8317821994009413],
[1660660200.0, 0.9372588036661842],
[1660746600.0, 0.7474562474562475],
[1660833000.0, 0.8505186958504333],
[1660919400.0, 0.7601251060220525],
[1661005800.0, 0.7860752688172044],
[1661092200.0, 0.8284363677536232],
[1661178600.0, 0.7843422252621979],
[1661265000.0, 0.7071236559139784],
[1661351400.0, 0.769396551724138],
[1661437800.0, 0.7629241173773499],
[1661524200.0, 0.8605501392757661],
[1661610600.0, 0.8703206962327135],
[1661697000.0, 0.8271336014298479],
[1661783400.0, 0.8637237762237762],
[1661869800.0, 0.9364503816793891],
[1661956200.0, 0.8304766851338874],
[1662042600.0, 0.9267939814814814],
[1662129000.0, 0.8471003898635479],
[1662215400.0, 0.8183050447901934],
[1662301800.0, 0.890897435897436],
[1662388200.0, 0.8670206159960258],
[1662474600.0, 0.8529682890855457],
[1662561000.0, 0.8444618781961879],
[1662647400.0, 0.8567485754985755],
[1662733800.0, 0.8603294853294853],
[1662820200.0, 0.8095159151193633],
[1662906600.0, 0.8539624183006537],
[1662993000.0, 0.8567343604108311],
[1663079400.0, 0.8533843300880852],
[1663165800.0, 0.9741200828157349],
[1663252200.0, 0.9119082479258175],
[1663338600.0, 0.921882625671059],
[1663425000.0, 0.8801122931442082],
[1663511400.0, 0.8758449883449884],
[1663597800.0, 0.9091183574879227],
[1663684200.0, 0.8570686705767351],
[1663770600.0, 0.837868892114175],
[1663857000.0, 0.7942116477272727],
[1663943400.0, 0.7701937134502923],
[1664029800.0, 0.8014322916666667],
[1664116200.0, 0.7639955772811917],
[1664202600.0, 0.804404936461388],
[1664289000.0, 0.8919071639053299],
[1664375400.0, 0.7947478623615464],
[1664461800.0, 0.7837950858336752],
[1664548200.0, 0.8005105373413437],
[1664634600.0, 0.7990042286931222],
[1664717400.0, 0.8405956730543915],
[1664803800.0, 0.7785555802720278],
[1664890200.0, 0.7572590844940906],
[1664976600.0, 0.6988013698630138],
[1665063000.0, 0.7041895290352082],
[1665149400.0, 0.7043324188385917],
[1665235800.0, 0.7430071959145775],
[1665322200.0, 0.72202878365831],
[1665408600.0, 0.7219252873563219],
[1665495000.0, 0.7260273972602739],
[1665581400.0, 0.7866557337220602],
[1665667800.0, 0.7475212464589233],
[1665754200.0, 0.7537529550827421],
[1665840600.0, 0.8136244377811095],
[1665927000.0, 0.7750183284457477],
[1666013400.0, 0.7795698924731183],
[1666099800.0, 0.8064273689273688],
[1666186200.0, 0.8212654320987655],
[1666272600.0, 0.8122889532079112],
[1666359000.0, 0.8520433284096505],
[1666445400.0, 0.8352902215799615],
[1666531800.0, 0.824505649717514],
[1666618200.0, 0.8424198947871832],
[1666704600.0, 0.8474808978032474],
[1666791000.0, 0.8178904428904431],
[1666877400.0, 0.8115107076350094],
[1666963800.0, 0.8050243393602224],
[1667050200.0, 0.8056812906220984],
[1667136600.0, 0.8213207985143919],
[1667223000.0, 0.8714975845410626],
[1667309400.0, 0.8312879850397381],
[1667395800.0, 0.848676400759734],
[1667482200.0, 0.8519642857142857],
[1667568600.0, 0.8404965717090885],
[1667655000.0, 0.8188326943443],
[1667741400.0, 0.8126163343995834],
[1667827800.0, 0.850376956816874],
[1667914200.0, 0.8663089169762382],
[1668000600.0, 0.8527903018693962],
[1668087000.0, 0.8511668096463791],
[1668173400.0, 0.8790133858392162],
[1668259800.0, 0.8527941297450617],
[1668346200.0, 0.9009953492755883],
[1668432600.0, 0.8689091949328654],
[1668519000.0, 0.8679255793226381],
[1668605400.0, 0.8753051486906347],
[1668691800.0, 0.8751936697653829],
[1668778200.0, 0.8606150793650794],
[1668864600.0, 0.8680096873623955],
[1668951000.0, 0.8740605658709107],
[1669037400.0, 0.9105327144120247],
[1669123800.0, 0.9122928176795579],
[1669210200.0, 0.8592154904571683],
[1669296600.0, 0.9628456221198156],
[1669383000.0, 0.8530223004694837],
[1669469400.0, 0.8741508976225134],
[1669555800.0, 0.8457889480692409],
[1669642200.0, 0.8854021789522484],
[1669728600.0, 0.9983171782444803],
[1669815000.0, 0.8263611111111112],
[1669901400.0, 0.8950696480938416],
[1669987800.0, 0.7981738683127572],
[1670074200.0, 0.9000120250120249],
[1670160600.0, 0.9227923338185348],
[1670247000.0, 0.9256732168850073],
[1670333400.0, 0.8462926509186353],
[1670419800.0, 0.7921553497942388],
[1670506200.0, 0.975395647873393],
[1670592600.0, 0.9761683976261131],
[1670679000.0, 0.7608152636054423],
[1670765400.0, 0.8353623685413809],
[1670851800.0, 0.7661079782790311],
[1670938200.0, 0.8077788757136584],
[1671024600.0, 0.8609899328859061],
[1671111000.0, 0.7844061551798872],
[1671197400.0, 0.8292272336397177],
[1671283800.0, 0.8755698690381416],
[1671370200.0, 0.8210156390700041],
[1671456600.0, 0.8805046611942519],
[1671543000.0, 0.8864896556387449],
[1671629400.0, 0.8624781330733975],
[1671715800.0, 0.861883299310362],
[1671802200.0, 0.7976771857392577],
[1671888600.0, 0.8019829165412223],
[1671975000.0, 0.858627297191829],
[1672061400.0, 0.8504590154662581],
[1672147800.0, 0.832407306664132],
[1672234200.0, 0.7982779827798278],
[1672320600.0, 0.9044931385568836],
[1672407000.0, 0.8565725465313029],
[1672493400.0, 0.8954344560362539],
[1672579800.0, 0.8442157275917689],
[1672666200.0, 0.8890253371351106],
[1672752600.0, 0.8837238363238963],
[1672839000.0, 0.8282537720986176],
[1672925400.0, 0.85398698922698],
[1673011800.0, 0.8138006248974168],
[1673098200.0, 0.8257234121713284],
[1673184600.0, 0.8569166727297272],
[1673271000.0, 0.9339072021109915],
[1673357400.0, 0.8352380822841681],
[1673443800.0, 0.8983685768210808],
[1673530200.0, 0.8215558194774347],
[1673616600.0, 0.8921983506944444],
[1673703000.0, 0.7261713161659514],
[1673789400.0, 0.8139477817039655],
[1673875800.0, 0.7006221521205748],
[1673962200.0, 0.7653520995912301],
[1674048600.0, 0.8645701643489253],
[1674135000.0, 0.7666153989560031],
[1674221400.0, 0.8160471622701838],
[1674307800.0, 0.8316716269841269],
[1674394200.0, 0.8436011904761903],
[1674480600.0, 0.8670463875205255],
[1674567000.0, 0.8934224318658283],
[1674653400.0, 0.8713957055214724],
[1674739800.0, 0.8659253578732106],
[1674826200.0, 0.8811058700209644],
[1674912600.0, 0.934538784067086],
[1674999000.0, 0.8135139049826187],
[1675085400.0, 0.8431328988941549],
[1675171800.0, 0.8024816531479336],
[1675258200.0, 0.812380679648721],
[1675344600.0, 0.8608150629313843],
[1675431000.0, 0.9242916174734358],
[1675517400.0, 0.8683589138134593],
[1675603800.0, 0.9624399038461539],
[1675690200.0, 0.8577642964635064],
[1675776600.0, 0.9365091161315895],
[1675863000.0, 0.9365091161315895],
[1675949400.0, 0.9365091161315895],
