[1635773400.0, 4.176666666666667],
[1635859800.0, 4.3500000000000005],
[1635946200.0, 4.346666666666667],
[1636032600.0, 4.306666666666667],
[1636119000.0, 4.193333333333333],
[1636205400.0, 4.21],
[1636291800.0, 4.3],
[1636378200.0, 4.273333333333333],
[1636464600.0, 4.336666666666667],
[1636551000.0, 4.31],
[1636637400.0, 4.346666666666667],
[1636723800.0, 4.34],
[1636810200.0, 4.396666666666667],
[1636896600.0, 4.3],
[1636983000.0, 4.3566666666666665],
[1637069400.0, 4.396666666666667],
[1637155800.0, 4.56],
[1637242200.0, 4.5566666666666675],
[1637328600.0, 4.57],
[1637415000.0, 4.580000000000001],
[1637501400.0, 4.536666666666666],
[1637587800.0, 4.516666666666667],
[1637674200.0, 4.6000000000000005],
[1637760600.0, 4.603333333333334],
[1637847000.0, 4.556666666666667],
[1637933400.0, 4.656666666666666],
[1638019800.0, 4.66],
[1638106200.0, 4.66],
[1638192600.0, 4.84],
[1638279000.0, 4.833333333333333],
[1638365400.0, 4.83],
[1638451800.0, 4.866666666666666],
[1638538200.0, 4.83],
[1638624600.0, 5.226666666666667],
[1638711000.0, 5.580000000000001],
[1638797400.0, 5.586666666666667],
[1638883800.0, 5.463333333333334],
[1638970200.0, 5.250000000000001],
[1639056600.0, 5.023333333333333],
[1639143000.0, 5.223333333333334],
[1639229400.0, 5.403333333333333],
[1639315800.0, 5.253333333333334],
[1639402200.0, 5.38],
[1639488600.0, 5.4366666666666665],
[1639575000.0, 5.463333333333334],
[1639661400.0, 5.3566666666666665],
[1639747800.0, 5.3500000000000005],
[1639834200.0, 5.640000000000001],
[1639920600.0, 5.623333333333334],
[1640007000.0, 5.613333333333333],
[1640093400.0, 5.483333333333333],
[1640179800.0, 5.3566666666666665],
[1640266200.0, 5.123333333333334],
[1640352600.0, 5.183333333333334],
[1640439000.0, 5.173333333333333],
[1640525400.0, 5.0633333333333335],
[1640611800.0, 5.0566666666666675],
[1640698200.0, 5.050000000000001],
[1640784600.0, 5.116666666666667],
[1640871000.0, 5.1000000000000005],
[1640957400.0, 5.079999999999999],
[1641043800.0, 4.993333333333333],
[1641130200.0, 4.9366666666666665],
[1641216600.0, 4.906666666666666],
[1641303000.0, 4.796666666666667],
[1641389400.0, 4.96],
[1641475800.0, 4.96],
[1641562200.0, 5.03],
[1641648600.0, 5.03],
[1641735000.0, 5.03],
[1641821400.0, 5.766666666666667],
[1641907800.0, 5.613333333333333],
[1641994200.0, 5.736666666666667],
[1642080600.0, 5.650000000000001],
[1642167000.0, 5.63],
[1642253400.0, 5.756666666666667],
[1642339800.0, 6.43],
[1642426200.0, 5.786666666666666],
[1642512600.0, 5.686666666666667],
[1642599000.0, 6.160000000000001],
[1642685400.0, 5.853333333333333],
[1642771800.0, 6.026666666666666],
[1642858200.0, 5.996666666666667],
[1642944600.0, 5.75],
[1643031000.0, 5.6933333333333325],
[1643117400.0, 5.489999999999999],
[1643203800.0, 5.213333333333334],
[1643290200.0, 5.076666666666667],
[1643376600.0, 5.329999999999999],
[1643463000.0, 5.103333333333334],
[1643549400.0, 4.8500000000000005],
[1643635800.0, 4.8500000000000005],
[1643722200.0, 4.8500000000000005],
[1643808600.0, 5.72],
[1643895000.0, 5.746666666666667],
[1643981400.0, 5.6066666666666665],
[1644067800.0, 5.593333333333334],
[1644154200.0, 5.583333333333333],
[1644240600.0, 5.473333333333334],
[1644327000.0, 5.403333333333333],
[1644413400.0, 5.396666666666667],
[1644499800.0, 5.613333333333334],
[1644586200.0, 5.48],
[1644672600.0, 5.466666666666668],
[1644759000.0, 5.6933333333333325],
[1644845400.0, 5.626666666666668],
[1644931800.0, 5.783333333333334],
[1645018200.0, 6.096666666666667],
[1645104600.0, 6.343333333333333],
[1645191000.0, 5.996666666666667],
[1645277400.0, 5.756666666666668],
[1645363800.0, 5.933333333333333],
[1645450200.0, 5.82],
[1645536600.0, 5.673333333333333],
[1645623000.0, 5.56],
[1645709400.0, 5.13],
[1645795800.0, 4.873333333333334],
[1645882200.0, 4.840000000000001],
[1645968600.0, 4.736666666666667],
[1646055000.0, 4.673333333333333],
[1646141400.0, 4.753333333333334],
[1646227800.0, 4.68],
[1646314200.0, 4.760000000000001],
[1646400600.0, 4.69],
[1646487000.0, 4.55],
[1646573400.0, 4.796666666666667],
[1646659800.0, 4.743333333333333],
[1646746200.0, 4.336666666666667],
[1646832600.0, 4.3500000000000005],
[1646919000.0, 4.21],
[1647005400.0, 4.16],
[1647091800.0, 4.3066666666666675],
[1647178200.0, 4.28],
[1647264600.0, 4.956666666666667],
[1647351000.0, 4.926666666666667],
[1647437400.0, 5.54],
[1647523800.0, 5.086666666666667],
[1647610200.0, 5.326666666666667],
[1647696600.0, 5.300000000000001],
[1647783000.0, 5.046666666666667],
[1647869400.0, 5.136666666666668],
[1647955800.0, 4.94],
[1648042200.0, 4.716666666666667],
[1648128600.0, 4.66],
[1648215000.0, 5.400000000000001],
[1648301400.0, 5.390000000000001],
[1648387800.0, 5.523333333333333],
[1648474200.0, 5.283333333333334],
[1648560600.0, 5.096666666666667],
[1648647000.0, 4.693333333333333],
[1648733400.0, 4.93],
[1648819800.0, 4.913333333333333],
[1648906200.0, 4.75],
[1648996200.0, 4.683333333333334],
[1649082600.0, 4.666666666666667],
[1649169000.0, 4.373333333333334],
[1649255400.0, 4.333333333333333],
[1649341800.0, 4.306666666666667],
[1649428200.0, 4.363333333333333],
[1649514600.0, 4.796666666666667],
[1649601000.0, 4.796666666666667],
[1649687400.0, 4.796666666666667],
[1649773800.0, 4.796666666666667],
[1649860200.0, 4.796666666666667],
[1649946600.0, 4.416666666666667],
[1650033000.0, 4.3566666666666665],
[1650119400.0, 4.373333333333333],
[1650205800.0, 4.34],
[1650292200.0, 4.246666666666667],
[1650378600.0, 4.246666666666667],
[1650465000.0, 4.486666666666667],
[1650551400.0, 4.486666666666667],
[1650637800.0, 4.486666666666667],
[1650724200.0, 4.573333333333333],
[1650810600.0, 4.446666666666666],
[1650897000.0, 4.36],
[1650983400.0, 4.4],
[1651069800.0, 4.663333333333333],
[1651156200.0, 4.3500000000000005],
[1651242600.0, 4.3500000000000005],
[1651329000.0, 4.273333333333333],
[1651415400.0, 4.283333333333334],
[1651501800.0, 4.186666666666667],
[1651588200.0, 4.276666666666666],
[1651674600.0, 4.1866666666666665],
[1651761000.0, 4.026666666666667],
[1651847400.0, 3.893333333333333],
[1651933800.0, 3.866666666666667],
[1652020200.0, 3.856666666666667],
[1652106600.0, 3.8000000000000003],
[1652193000.0, 3.75],
[1652279400.0, 3.6633333333333336],
[1652365800.0, 3.6333333333333333],
[1652452200.0, 3.606666666666667],
[1652538600.0, 3.5700000000000003],
[1652625000.0, 3.5500000000000007],
[1652711400.0, 3.5533333333333332],
[1652797800.0, 3.546666666666667],
[1652884200.0, 3.546666666666667],
[1652970600.0, 3.533333333333333],
[1653057000.0, 3.673333333333334],
[1653143400.0, 3.6133333333333333],
[1653229800.0, 3.516666666666667],
[1653316200.0, 3.796666666666667],
[1653402600.0, 3.766666666666667],
[1653489000.0, 3.6633333333333336],
[1653575400.0, 3.6333333333333333],
[1653661800.0, 3.7066666666666666],
[1653748200.0, 3.763333333333333],
[1653834600.0, 4.153333333333333],
[1653921000.0, 4.176666666666667],
[1654007400.0, 4.24],
[1654093800.0, 4.2299999999999995],
[1654180200.0, 4.316666666666666],
[1654266600.0, 4.223333333333334],
[1654353000.0, 4.156666666666667],
[1654439400.0, 4.233333333333334],
[1654525800.0, 4.196666666666666],
[1654612200.0, 4.2700000000000005],
[1654698600.0, 4.233333333333333],
[1654785000.0, 4.11],
[1654871400.0, 3.9533333333333336],
[1654957800.0, 3.953333333333333],
[1655044200.0, 3.936666666666666],
[1655130600.0, 3.870000000000001],
[1655217000.0, 3.8766666666666665],
[1655303400.0, 3.8333333333333335],
[1655389800.0, 3.91],
[1655476200.0, 3.89],
[1655562600.0, 3.9499999999999997],
[1655649000.0, 3.956666666666667],
[1655735400.0, 3.973333333333334],
[1655821800.0, 3.936666666666667],
[1655908200.0, 3.8866666666666667],
[1655994600.0, 3.9],
[1656081000.0, 3.896666666666667],
[1656167400.0, 3.8866666666666667],
[1656253800.0, 3.943333333333334],
[1656340200.0, 3.8866666666666667],
[1656426600.0, 3.8766666666666665],
[1656513000.0, 3.9233333333333333],
[1656599400.0, 3.923333333333334],
[1656685800.0, 3.983333333333333],
[1656772200.0, 4.04],
[1656858600.0, 4.04],
[1656945000.0, 4.043333333333334],
[1657031400.0, 4.043333333333334],
[1657117800.0, 4.066666666666667],
[1657204200.0, 4.050000000000001],
[1657290600.0, 4.050000000000001],
[1657377000.0, 4.04],
[1657463400.0, 4.03],
[1657549800.0, 4.04],
[1657636200.0, 4.176666666666667],
[1657722600.0, 4.1499999999999995],
[1657809000.0, 4.08],
[1657895400.0, 4.096666666666667],
[1657981800.0, 4.113333333333333],
[1658068200.0, 4.073333333333333],
[1658154600.0, 4.046666666666667],
[1658241000.0, 3.9766666666666666],
[1658327400.0, 3.926666666666667],
[1658413800.0, 3.9466666666666668],
[1658500200.0, 3.99],
[1658586600.0, 4.023333333333333],
[1658673000.0, 4.01],
[1658759400.0, 4.013333333333334],
[1658845800.0, 4.006666666666667],
[1658932200.0, 3.9433333333333334],
[1659018600.0, 3.94],
[1659105000.0, 3.986666666666667],
[1659191400.0, 4.323333333333334],
[1659277800.0, 4.273333333333333],
[1659364200.0, 4.240000000000001],
[1659450600.0, 4.13],
[1659537000.0, 3.893333333333333],
[1659623400.0, 3.8800000000000003],
[1659709800.0, 4.053333333333334],
[1659796200.0, 4.023333333333333],
[1659882600.0, 4.06],
[1659969000.0, 4.056666666666667],
[1660055400.0, 3.9966666666666666],
[1660141800.0, 3.973333333333334],
[1660228200.0, 3.936666666666667],
[1660314600.0, 3.9200000000000004],
[1660401000.0, 3.9200000000000004],
[1660487400.0, 3.9200000000000004],
[1660573800.0, 3.9200000000000004],
[1660660200.0, 3.78],
[1660746600.0, 3.676666666666667],
[1660833000.0, 3.703333333333333],
[1660919400.0, 3.686666666666666],
[1661005800.0, 3.7900000000000005],
[1661092200.0, 3.7600000000000002],
[1661178600.0, 3.7600000000000002],
[1661265000.0, 3.7533333333333325],
[1661351400.0, 3.8000000000000007],
[1661437800.0, 3.65],
[1661524200.0, 3.77],
[1661610600.0, 3.753333333333334],
[1661697000.0, 3.7933333333333334],
[1661783400.0, 3.7600000000000002],
[1661869800.0, 3.646666666666667],
[1661956200.0, 3.520000000000001],
[1662042600.0, 3.483333333333334],
[1662129000.0, 3.466666666666667],
[1662215400.0, 3.603333333333333],
[1662301800.0, 3.693333333333334],
[1662388200.0, 3.746666666666666],
[1662474600.0, 3.723333333333334],
[1662561000.0, 3.623333333333333],
[1662647400.0, 3.59],
[1662733800.0, 3.52],
[1662820200.0, 3.5966666666666662],
[1662906600.0, 3.5766666666666667],
[1662993000.0, 3.616666666666666],
[1663079400.0, 3.546666666666667],
[1663165800.0, 3.6200000000000006],
[1663252200.0, 3.5866666666666673],
[1663338600.0, 3.58],
[1663425000.0, 3.5433333333333343],
[1663511400.0, 3.4633333333333334],
[1663597800.0, 3.5733333333333337],
[1663684200.0, 3.563333333333334],
[1663770600.0, 3.5600000000000005],
[1663857000.0, 3.616666666666667],
[1663943400.0, 3.51],
[1664029800.0, 3.4500000000000006],
[1664116200.0, 3.5433333333333334],
[1664202600.0, 3.546666666666667],
[1664289000.0, 3.5533333333333332],
[1664375400.0, 3.5],
[1664461800.0, 3.5333333333333337],
[1664548200.0, 3.5866666666666664],
[1664634600.0, 3.58],
[1664717400.0, 3.646666666666667],
[1664803800.0, 3.646666666666667],
[1664890200.0, 3.6133333333333333],
[1664976600.0, 3.6199999999999997],
[1665063000.0, 3.6266666666666665],
[1665149400.0, 3.643333333333333],
[1665235800.0, 3.7400000000000007],
[1665322200.0, 3.7400000000000007],
[1665408600.0, 3.75],
[1665495000.0, 3.75],
[1665581400.0, 3.7833333333333337],
[1665667800.0, 3.813333333333334],
[1665754200.0, 3.7733333333333334],
[1665840600.0, 3.706666666666667],
[1665927000.0, 3.7733333333333334],
[1666013400.0, 3.65],
[1666099800.0, 3.5933333333333337],
[1666186200.0, 3.616666666666667],
[1666272600.0, 3.733333333333333],
[1666359000.0, 3.78],
[1666445400.0, 3.766666666666666],
[1666531800.0, 3.66],
[1666618200.0, 3.6166666666666667],
[1666704600.0, 3.6799999999999997],
[1666791000.0, 3.7633333333333336],
[1666877400.0, 3.723333333333333],
[1666963800.0, 3.703333333333333],
[1667050200.0, 3.8066666666666666],
[1667136600.0, 3.6300000000000003],
[1667223000.0, 3.616666666666667],
[1667309400.0, 3.58],
[1667395800.0, 3.5566666666666666],
[1667482200.0, 3.6400000000000006],
[1667568600.0, 3.5800000000000005],
[1667655000.0, 3.6533333333333338],
[1667741400.0, 4.086666666666667],
[1667827800.0, 4.323333333333333],
[1667914200.0, 4.67],
[1668000600.0, 4.673333333333333],
[1668087000.0, 4.746666666666667],
[1668173400.0, 4.896666666666667],
[1668259800.0, 4.976666666666667],
[1668346200.0, 5.176666666666667],
[1668432600.0, 4.256666666666667],
[1668519000.0, 4.286666666666666],
[1668605400.0, 4.156666666666666],
[1668691800.0, 4.126666666666666],
[1668778200.0, 4.45],
[1668864600.0, 4.546666666666668],
[1668951000.0, 4.3500000000000005],
[1669037400.0, 4.453333333333334],
[1669123800.0, 4.413333333333334],
[1669210200.0, 4.3933333333333335],
[1669296600.0, 4.566666666666666],
[1669383000.0, 4.5],
[1669469400.0, 4.386666666666667],
[1669555800.0, 4.329999999999999],
[1669642200.0, 4.253333333333334],
[1669728600.0, 4.25],
[1669815000.0, 4.193333333333334],
[1669901400.0, 4.243333333333333],
[1669987800.0, 4.233333333333333],
[1670074200.0, 4.233333333333333],
[1670160600.0, 4.260000000000001],
[1670247000.0, 4.250000000000001],
[1670333400.0, 4.21],
[1670419800.0, 4.2],
[1670506200.0, 4.2],
[1670592600.0, 4.256666666666667],
[1670679000.0, 4.203333333333333],
[1670765400.0, 4.153333333333333],
[1670851800.0, 4.16],
[1670938200.0, 4.1433333333333335],
[1671024600.0, 4.166666666666667],
[1671111000.0, 4.116666666666667],
[1671197400.0, 4.116666666666667],
[1671283800.0, 4.223333333333334],
[1671370200.0, 4.2],
[1671456600.0, 4.16],
[1671543000.0, 4.13],
[1671629400.0, 4.33],
[1671715800.0, 4.283333333333333],
[1671802200.0, 4.29],
[1671888600.0, 4.22],
[1671975000.0, 4.216666666666668],
[1672061400.0, 4.173333333333333],
[1672147800.0, 4.176666666666667],
[1672234200.0, 4.31],
[1672320600.0, 4.2],
[1672407000.0, 4.236666666666667],
[1672493400.0, 4.153333333333333],
[1672579800.0, 3.9666666666666672],
[1672666200.0, 4.0200000000000005],
[1672752600.0, 4.04],
[1672839000.0, 4.243333333333333],
[1672925400.0, 4.283333333333334],
[1673011800.0, 4.193333333333334],
[1673098200.0, 4.163333333333334],
[1673184600.0, 4.2299999999999995],
[1673271000.0, 4.176666666666667],
[1673357400.0, 4.07],
[1673443800.0, 4.260000000000001],
[1673530200.0, 4.266666666666667],
[1673616600.0, 4.263333333333334],
[1673703000.0, 4.2700000000000005],
[1673789400.0, 4.250000000000001],
[1673875800.0, 4.4799999999999995],
[1673962200.0, 4.51],
[1674048600.0, 4.4366666666666665],
[1674135000.0, 4.4],
[1674221400.0, 4.37],
[1674307800.0, 4.326666666666667],
[1674394200.0, 4.16],
[1674480600.0, 4.32],
[1674567000.0, 4.420000000000001],
[1674653400.0, 4.36],
[1674739800.0, 4.453333333333334],
[1674826200.0, 4.463333333333334],
[1674912600.0, 4.38],
[1674999000.0, 4.4366666666666665],
[1675085400.0, 4.506666666666667],
[1675171800.0, 4.433333333333334],
[1675258200.0, 4.363333333333333],
[1675344600.0, 4.343333333333333],
[1675431000.0, 4.3533333333333335],
[1675517400.0, 4.3133333333333335],
[1675603800.0, 4.266666666666667],
[1675690200.0, 4.233333333333333],
[1675776600.0, 4.233333333333334],
[1675863000.0, 4.216666666666667],
[1675949400.0, 4.216666666666667],
