[1635773400.0, 0.6681818181818182],
[1635859800.0, 0.6654545454545455],
[1635946200.0, 0.6472727272727273],
[1636032600.0, 0.7163636363636363],
[1636119000.0, 0.6872727272727271],
[1636205400.0, 0.7054545454545454],
[1636291800.0, 0.7318181818181819],
[1636378200.0, 0.719090909090909],
[1636464600.0, 0.7245454545454546],
[1636551000.0, 0.651818181818182],
[1636637400.0, 0.7272727272727274],
[1636723800.0, 0.7281818181818182],
[1636810200.0, 0.7181818181818181],
[1636896600.0, 0.6709090909090909],
[1636983000.0, 0.6409090909090911],
[1637069400.0, 0.6427272727272727],
[1637155800.0, 0.63],
[1637242200.0, 0.6381818181818182],
[1637328600.0, 0.6636363636363636],
[1637415000.0, 0.6536363636363636],
[1637501400.0, 0.6572727272727273],
[1637587800.0, 0.6654545454545453],
[1637674200.0, 0.6481818181818181],
[1637760600.0, 0.649090909090909],
[1637847000.0, 0.6490909090909092],
[1637933400.0, 0.6263636363636365],
[1638019800.0, 0.6563636363636364],
[1638106200.0, 0.6818181818181818],
[1638192600.0, 0.6972727272727272],
[1638279000.0, 0.7045454545454545],
[1638365400.0, 0.6572727272727272],
[1638451800.0, 0.6436363636363637],
[1638538200.0, 0.6527272727272727],
[1638624600.0, 0.6545454545454547],
[1638711000.0, 0.6509090909090909],
[1638797400.0, 0.6336363636363636],
[1638883800.0, 0.6663636363636364],
[1638970200.0, 0.6845454545454547],
[1639056600.0, 0.7081818181818182],
[1639143000.0, 0.7445454545454545],
[1639229400.0, 0.7581818181818183],
[1639315800.0, 0.7209090909090909],
[1639402200.0, 0.7400000000000001],
[1639488600.0, 0.7009090909090909],
[1639575000.0, 0.7318181818181817],
[1639661400.0, 0.7],
[1639747800.0, 0.6709090909090909],
[1639834200.0, 0.66],
[1639920600.0, 0.6427272727272727],
[1640007000.0, 0.6463636363636365],
[1640093400.0, 0.6754545454545454],
[1640179800.0, 0.6809090909090909],
[1640266200.0, 0.6545454545454547],
[1640352600.0, 0.6654545454545454],
[1640439000.0, 0.7000000000000001],
[1640525400.0, 0.6863636363636364],
[1640611800.0, 0.7281818181818182],
[1640698200.0, 0.6963636363636364],
[1640784600.0, 0.729090909090909],
[1640871000.0, 0.7027272727272729],
[1640957400.0, 0.7036363636363635],
[1641043800.0, 0.67],
[1641130200.0, 0.701818181818182],
[1641216600.0, 0.770909090909091],
[1641303000.0, 0.799090909090909],
[1641389400.0, 0.8109090909090909],
[1641475800.0, 0.8036363636363638],
[1641562200.0, 0.7781818181818184],
[1641648600.0, 0.7690909090909092],
[1641735000.0, 0.8118181818181818],
[1641821400.0, 0.6963636363636364],
[1641907800.0, 0.8354545454545456],
[1641994200.0, 0.8390909090909091],
[1642080600.0, 0.8309090909090909],
[1642167000.0, 0.9181818181818183],
[1642253400.0, 0.8745454545454545],
[1642339800.0, 0.9309090909090909],
[1642426200.0, 0.938181818181818],
[1642512600.0, 0.8781818181818182],
[1642599000.0, 0.888181818181818],
[1642685400.0, 0.848181818181818],
[1642771800.0, 0.7863636363636363],
[1642858200.0, 0.8036363636363636],
[1642944600.0, 0.7690909090909092],
[1643031000.0, 0.7654545454545455],
[1643117400.0, 0.7554545454545457],
[1643203800.0, 0.760909090909091],
[1643290200.0, 0.77],
[1643376600.0, 0.7909090909090909],
[1643463000.0, 0.7963636363636364],
[1643549400.0, 0.7599999999999999],
[1643635800.0, 0.7599999999999999],
[1643722200.0, 0.7599999999999999],
[1643808600.0, 0.690909090909091],
[1643895000.0, 0.680909090909091],
[1643981400.0, 0.6745454545454546],
[1644067800.0, 0.6781818181818182],
[1644154200.0, 0.6645454545454546],
[1644240600.0, 0.6427272727272727],
[1644327000.0, 0.6327272727272728],
[1644413400.0, 0.6309090909090909],
[1644499800.0, 0.6900000000000002],
[1644586200.0, 0.7209090909090908],
[1644672600.0, 0.7090909090909091],
[1644759000.0, 0.6954545454545454],
[1644845400.0, 0.6718181818181819],
[1644931800.0, 0.6609090909090909],
[1645018200.0, 0.6800000000000002],
[1645104600.0, 0.6627272727272728],
[1645191000.0, 0.6818181818181818],
[1645277400.0, 0.6836363636363636],
[1645363800.0, 0.6754545454545456],
[1645450200.0, 0.66],
[1645536600.0, 0.6918181818181817],
[1645623000.0, 0.6981818181818182],
[1645709400.0, 0.6581818181818181],
[1645795800.0, 0.6409090909090909],
[1645882200.0, 0.6472727272727273],
[1645968600.0, 0.6754545454545455],
[1646055000.0, 0.6163636363636363],
[1646141400.0, 0.6645454545454546],
[1646227800.0, 0.6736363636363637],
[1646314200.0, 0.629090909090909],
[1646400600.0, 0.6654545454545455],
[1646487000.0, 0.6736363636363637],
[1646573400.0, 0.6736363636363637],
[1646659800.0, 0.6590909090909092],
[1646746200.0, 0.6790909090909092],
[1646832600.0, 0.6672727272727274],
[1646919000.0, 0.6690909090909091],
[1647005400.0, 0.6636363636363636],
[1647091800.0, 0.6681818181818182],
[1647178200.0, 0.6790909090909092],
[1647264600.0, 0.6745454545454546],
[1647351000.0, 0.6681818181818183],
[1647437400.0, 0.660909090909091],
[1647523800.0, 0.6727272727272728],
[1647610200.0, 0.6863636363636364],
[1647696600.0, 0.6881818181818182],
[1647783000.0, 0.6845454545454547],
[1647869400.0, 0.6963636363636364],
[1647955800.0, 0.6827272727272727],
[1648042200.0, 0.7018181818181817],
[1648128600.0, 0.7081818181818182],
[1648215000.0, 0.7327272727272728],
[1648301400.0, 0.6363636363636362],
[1648387800.0, 0.6845454545454545],
[1648474200.0, 0.7000000000000001],
[1648560600.0, 0.7036363636363636],
[1648647000.0, 0.7472727272727273],
[1648733400.0, 0.7254545454545455],
[1648819800.0, 0.7418181818181818],
[1648906200.0, 0.730909090909091],
[1648996200.0, 0.7436363636363637],
[1649082600.0, 0.7245454545454546],
[1649169000.0, 0.7872727272727272],
[1649255400.0, 0.7945454545454546],
[1649341800.0, 0.7909090909090909],
[1649428200.0, 0.7599999999999999],
[1649514600.0, 0.7854545454545455],
[1649601000.0, 0.820909090909091],
[1649687400.0, 0.790909090909091],
[1649773800.0, 0.7845454545454547],
[1649860200.0, 0.8181818181818182],
[1649946600.0, 0.8236363636363635],
[1650033000.0, 0.7963636363636365],
[1650119400.0, 0.8009090909090911],
[1650205800.0, 0.8172727272727275],
[1650292200.0, 0.8281818181818182],
[1650378600.0, 0.801818181818182],
[1650465000.0, 0.8427272727272729],
[1650551400.0, 0.8427272727272729],
[1650637800.0, 0.8427272727272729],
[1650724200.0, 0.8163636363636363],
[1650810600.0, 0.8209090909090908],
[1650897000.0, 0.8263636363636365],
[1650983400.0, 0.7945454545454544],
[1651069800.0, 0.7954545454545454],
[1651156200.0, 0.7890909090909091],
[1651242600.0, 0.820909090909091],
[1651329000.0, 0.8545454545454546],
[1651415400.0, 0.8463636363636362],
[1651501800.0, 0.8581818181818182],
[1651588200.0, 0.8890909090909092],
[1651674600.0, 0.8518181818181819],
[1651761000.0, 0.7845454545454544],
[1651847400.0, 0.8081818181818182],
[1651933800.0, 0.7836363636363636],
[1652020200.0, 0.8227272727272728],
[1652106600.0, 0.7881818181818183],
[1652193000.0, 0.7618181818181818],
[1652279400.0, 0.6990909090909092],
[1652365800.0, 0.7081818181818182],
[1652452200.0, 0.7445454545454545],
[1652538600.0, 0.740909090909091],
[1652625000.0, 0.7381818181818183],
[1652711400.0, 0.7300000000000001],
[1652797800.0, 0.7063636363636364],
[1652884200.0, 0.7081818181818182],
[1652970600.0, 0.671818181818182],
[1653057000.0, 0.6490909090909092],
[1653143400.0, 0.6527272727272726],
[1653229800.0, 0.6545454545454547],
[1653316200.0, 0.6254545454545454],
[1653402600.0, 0.66],
[1653489000.0, 0.6263636363636365],
[1653575400.0, 0.6063636363636364],
[1653661800.0, 0.6236363636363635],
[1653748200.0, 0.6372727272727272],
[1653834600.0, 0.6563636363636364],
[1653921000.0, 0.6590909090909092],
[1654007400.0, 0.6527272727272728],
[1654093800.0, 0.6863636363636364],
[1654180200.0, 0.6927272727272726],
[1654266600.0, 0.66],
[1654353000.0, 0.6672727272727274],
[1654439400.0, 0.6290909090909091],
[1654525800.0, 0.6263636363636365],
[1654612200.0, 0.6327272727272728],
[1654698600.0, 0.6636363636363636],
[1654785000.0, 0.6799999999999999],
[1654871400.0, 0.6536363636363637],
[1654957800.0, 0.6572727272727273],
[1655044200.0, 0.6263636363636365],
[1655130600.0, 0.6445454545454546],
[1655217000.0, 0.631818181818182],
[1655303400.0, 0.6418181818181818],
[1655389800.0, 0.6372727272727273],
[1655476200.0, 0.6172727272727273],
[1655562600.0, 0.6518181818181819],
[1655649000.0, 0.6145454545454545],
[1655735400.0, 0.5981818181818183],
[1655821800.0, 0.5672727272727273],
[1655908200.0, 0.5645454545454546],
[1655994600.0, 0.5609090909090909],
[1656081000.0, 0.5372727272727271],
[1656167400.0, 0.5645454545454546],
[1656253800.0, 0.5418181818181818],
[1656340200.0, 0.5227272727272726],
[1656426600.0, 0.5381818181818182],
[1656513000.0, 0.5354545454545455],
[1656599400.0, 0.5327272727272727],
[1656685800.0, 0.5218181818181818],
[1656772200.0, 0.5236363636363636],
[1656858600.0, 0.4936363636363636],
[1656945000.0, 0.5272727272727272],
[1657031400.0, 0.5536363636363636],
[1657117800.0, 0.5509090909090909],
[1657204200.0, 0.5245454545454545],
[1657290600.0, 0.5272727272727273],
[1657377000.0, 0.5436363636363637],
[1657463400.0, 0.5090909090909091],
[1657549800.0, 0.5354545454545454],
[1657636200.0, 0.5354545454545455],
[1657722600.0, 0.5463636363636364],
[1657809000.0, 0.5627272727272726],
[1657895400.0, 0.57],
[1657981800.0, 0.5654545454545453],
[1658068200.0, 0.5454545454545454],
[1658154600.0, 0.5536363636363636],
[1658241000.0, 0.5527272727272727],
[1658327400.0, 0.5590909090909091],
[1658413800.0, 0.5763636363636364],
[1658500200.0, 0.5627272727272726],
[1658586600.0, 0.5645454545454545],
[1658673000.0, 0.5736363636363637],
[1658759400.0, 0.5709090909090909],
[1658845800.0, 0.5827272727272729],
[1658932200.0, 0.5663636363636363],
[1659018600.0, 0.5745454545454546],
[1659105000.0, 0.5718181818181818],
[1659191400.0, 0.5690909090909091],
[1659277800.0, 0.5827272727272729],
[1659364200.0, 0.5881818181818181],
[1659450600.0, 0.5945454545454545],
[1659537000.0, 0.5754545454545453],
[1659623400.0, 0.5863636363636364],
[1659709800.0, 0.6427272727272728],
[1659796200.0, 0.610909090909091],
[1659882600.0, 0.6190909090909091],
[1659969000.0, 0.6190909090909091],
[1660055400.0, 0.6345454545454546],
[1660141800.0, 0.6209090909090909],
[1660228200.0, 0.6227272727272726],
[1660314600.0, 0.6009090909090911],
[1660401000.0, 0.6009090909090911],
[1660487400.0, 0.6009090909090911],
[1660573800.0, 0.6009090909090911],
[1660660200.0, 0.5854545454545454],
[1660746600.0, 0.5727272727272728],
[1660833000.0, 0.5981818181818181],
[1660919400.0, 0.5872727272727274],
[1661005800.0, 0.5709090909090909],
[1661092200.0, 0.5763636363636363],
[1661178600.0, 0.5745454545454546],
[1661265000.0, 0.5781818181818182],
[1661351400.0, 0.5681818181818182],
[1661437800.0, 0.5609090909090908],
[1661524200.0, 0.5572727272727273],
[1661610600.0, 0.5390909090909092],
[1661697000.0, 0.5390909090909091],
[1661783400.0, 0.5181818181818183],
[1661869800.0, 0.5118181818181818],
[1661956200.0, 0.4954545454545455],
[1662042600.0, 0.5027272727272727],
[1662129000.0, 0.5045454545454547],
[1662215400.0, 0.5236363636363636],
[1662301800.0, 0.5],
[1662388200.0, 0.5072727272727273],
[1662474600.0, 0.5072727272727273],
[1662561000.0, 0.519090909090909],
[1662647400.0, 0.4990909090909091],
[1662733800.0, 0.5045454545454545],
[1662820200.0, 0.5063636363636363],
[1662906600.0, 0.5145454545454546],
[1662993000.0, 0.5145454545454546],
[1663079400.0, 0.4890909090909091],
[1663165800.0, 0.49000000000000005],
[1663252200.0, 0.5218181818181817],
[1663338600.0, 0.5336363636363637],
[1663425000.0, 0.5363636363636364],
[1663511400.0, 0.5345454545454547],
[1663597800.0, 0.5454545454545455],
[1663684200.0, 0.53],
[1663770600.0, 0.5436363636363636],
[1663857000.0, 0.5318181818181817],
[1663943400.0, 0.5254545454545455],
[1664029800.0, 0.54],
[1664116200.0, 0.5081818181818183],
[1664202600.0, 0.49545454545454537],
[1664289000.0, 0.4809090909090909],
[1664375400.0, 0.5281818181818182],
[1664461800.0, 0.5027272727272728],
[1664548200.0, 0.48181818181818187],
[1664634600.0, 0.5054545454545456],
[1664717400.0, 0.500909090909091],
[1664803800.0, 0.52],
[1664890200.0, 0.5290909090909092],
[1664976600.0, 0.5618181818181818],
[1665063000.0, 0.5200000000000001],
[1665149400.0, 0.5345454545454547],
[1665235800.0, 0.5318181818181817],
[1665322200.0, 0.5172727272727272],
[1665408600.0, 0.5327272727272726],
[1665495000.0, 0.5554545454545454],
[1665581400.0, 0.5018181818181818],
[1665667800.0, 0.500909090909091],
[1665754200.0, 0.5263636363636365],
[1665840600.0, 0.5363636363636363],
[1665927000.0, 0.5590909090909091],
[1666013400.0, 0.5690909090909091],
[1666099800.0, 0.5672727272727273],
[1666186200.0, 0.5554545454545455],
[1666272600.0, 0.5281818181818184],
[1666359000.0, 0.5527272727272728],
[1666445400.0, 0.5127272727272727],
[1666531800.0, 0.5263636363636365],
[1666618200.0, 0.5309090909090909],
[1666704600.0, 0.5481818181818182],
[1666791000.0, 0.5236363636363637],
[1666877400.0, 0.5436363636363638],
[1666963800.0, 0.5518181818181819],
[1667050200.0, 0.5590909090909091],
[1667136600.0, 0.5609090909090909],
[1667223000.0, 0.5536363636363637],
[1667309400.0, 0.549090909090909],
[1667395800.0, 0.5072727272727272],
[1667482200.0, 0.5354545454545454],
[1667568600.0, 0.5327272727272726],
[1667655000.0, 0.5618181818181819],
[1667741400.0, 0.5518181818181818],
[1667827800.0, 0.6163636363636364],
[1667914200.0, 0.690909090909091],
[1668000600.0, 0.6990909090909091],
[1668087000.0, 0.681818181818182],
[1668173400.0, 0.7245454545454545],
[1668259800.0, 0.7127272727272727],
[1668346200.0, 0.7336363636363636],
[1668432600.0, 0.7172727272727273],
[1668519000.0, 0.6745454545454547],
[1668605400.0, 0.6809090909090908],
[1668691800.0, 0.6945454545454546],
[1668778200.0, 0.6945454545454546],
[1668864600.0, 0.6890909090909091],
[1668951000.0, 0.710909090909091],
[1669037400.0, 0.6672727272727275],
[1669123800.0, 0.6372727272727273],
[1669210200.0, 0.620909090909091],
[1669296600.0, 0.6127272727272727],
[1669383000.0, 0.6054545454545455],
[1669469400.0, 0.5563636363636363],
[1669555800.0, 0.5936363636363636],
[1669642200.0, 0.5772727272727273],
[1669728600.0, 0.5963636363636363],
[1669815000.0, 0.5909090909090909],
[1669901400.0, 0.6354545454545456],
[1669987800.0, 0.6299999999999999],
[1670074200.0, 0.6472727272727273],
[1670160600.0, 0.6827272727272726],
[1670247000.0, 0.6763636363636365],
[1670333400.0, 0.6827272727272726],
[1670419800.0, 0.6536363636363636],
[1670506200.0, 0.6763636363636363],
[1670592600.0, 0.6454545454545455],
[1670679000.0, 0.59],
[1670765400.0, 0.6245454545454546],
[1670851800.0, 0.6136363636363636],
[1670938200.0, 0.5818181818181818],
[1671024600.0, 0.5818181818181819],
[1671111000.0, 0.5772727272727273],
[1671197400.0, 0.5827272727272728],
[1671283800.0, 0.5936363636363636],
[1671370200.0, 0.5736363636363637],
[1671456600.0, 0.5736363636363637],
[1671543000.0, 0.5136363636363637],
[1671629400.0, 0.5636363636363636],
[1671715800.0, 0.5581818181818182],
[1671802200.0, 0.5154545454545455],
[1671888600.0, 0.5454545454545455],
[1671975000.0, 0.5172727272727274],
[1672061400.0, 0.5272727272727272],
[1672147800.0, 0.5027272727272727],
[1672234200.0, 0.5254545454545454],
[1672320600.0, 0.5218181818181818],
[1672407000.0, 0.5154545454545455],
[1672493400.0, 0.49999999999999994],
[1672579800.0, 0.5054545454545455],
[1672666200.0, 0.5536363636363637],
[1672752600.0, 0.5599999999999999],
[1672839000.0, 0.5863636363636364],
[1672925400.0, 0.5809090909090909],
[1673011800.0, 0.5872727272727274],
[1673098200.0, 0.5927272727272727],
[1673184600.0, 0.5936363636363636],
[1673271000.0, 0.6018181818181819],
[1673357400.0, 0.5918181818181817],
[1673443800.0, 0.58],
[1673530200.0, 0.5936363636363636],
[1673616600.0, 0.5836363636363637],
[1673703000.0, 0.6063636363636363],
[1673789400.0, 0.6118181818181818],
[1673875800.0, 0.5981818181818181],
[1673962200.0, 0.59],
[1674048600.0, 0.6318181818181817],
[1674135000.0, 0.6072727272727273],
[1674221400.0, 0.6363636363636365],
[1674307800.0, 0.6163636363636363],
[1674394200.0, 0.619090909090909],
[1674480600.0, 0.6036363636363636],
[1674567000.0, 0.6272727272727272],
[1674653400.0, 0.65],
[1674739800.0, 0.6254545454545455],
[1674826200.0, 0.6418181818181817],
[1674912600.0, 0.630909090909091],
[1674999000.0, 0.6418181818181818],
[1675085400.0, 0.6390909090909092],
[1675171800.0, 0.6445454545454546],
[1675258200.0, 0.6518181818181819],
[1675344600.0, 0.67],
[1675431000.0, 0.6763636363636365],
[1675517400.0, 0.6563636363636364],
[1675603800.0, 0.6645454545454547],
[1675690200.0, 0.650909090909091],
[1675776600.0, 0.6645454545454546],
[1675863000.0, 0.6645454545454546],
[1675949400.0, 0.6645454545454546],
