[1635773400.0, 1.495],
[1635859800.0, 1.48],
[1635946200.0, 1.415],
[1636032600.0, 1.475],
[1636119000.0, 1.5150000000000001],
[1636205400.0, 1.445],
[1636291800.0, 1.4400000000000002],
[1636378200.0, 1.5],
[1636464600.0, 1.5100000000000002],
[1636551000.0, 1.4000000000000001],
[1636637400.0, 1.495],
[1636723800.0, 1.495],
[1636810200.0, 1.485],
[1636896600.0, 1.25],
[1636983000.0, 1.3],
[1637069400.0, 1.31],
[1637155800.0, 1.445],
[1637242200.0, 1.48],
[1637328600.0, 1.475],
[1637415000.0, 1.4249999999999998],
[1637501400.0, 1.375],
[1637587800.0, 1.355],
[1637674200.0, 1.435],
[1637760600.0, 1.35],
[1637847000.0, 1.405],
[1637933400.0, 1.505],
[1638019800.0, 1.495],
[1638106200.0, 1.4700000000000002],
[1638192600.0, 1.3450000000000002],
[1638279000.0, 1.5100000000000002],
[1638365400.0, 1.455],
[1638451800.0, 1.475],
[1638538200.0, 1.3900000000000001],
[1638624600.0, 1.36],
[1638711000.0, 1.445],
[1638797400.0, 1.5150000000000001],
[1638883800.0, 1.54],
[1638970200.0, 1.505],
[1639056600.0, 1.63],
[1639143000.0, 1.945],
[1639229400.0, 2.02],
[1639315800.0, 2.085],
[1639402200.0, 2.2150000000000003],
[1639488600.0, 1.97],
[1639575000.0, 1.9400000000000002],
[1639661400.0, 1.81],
[1639747800.0, 1.955],
[1639834200.0, 1.7850000000000001],
[1639920600.0, 1.65],
[1640007000.0, 1.835],
[1640093400.0, 1.9050000000000002],
[1640179800.0, 1.855],
[1640266200.0, 1.8],
[1640352600.0, 1.7650000000000001],
[1640439000.0, 1.9300000000000002],
[1640525400.0, 1.8250000000000002],
[1640611800.0, 1.855],
[1640698200.0, 1.745],
[1640784600.0, 1.8699999999999999],
[1640871000.0, 1.84],
[1640957400.0, 1.8800000000000001],
[1641043800.0, 1.815],
[1641130200.0, 1.77],
[1641216600.0, 1.91],
[1641303000.0, 1.9300000000000002],
[1641389400.0, 1.935],
[1641475800.0, 2.145],
[1641562200.0, 2.0700000000000003],
[1641648600.0, 1.9250000000000003],
[1641735000.0, 1.9500000000000002],
[1641821400.0, 2.005],
[1641907800.0, 2.0300000000000002],
[1641994200.0, 1.83],
[1642080600.0, 1.975],
[1642167000.0, 2.015],
[1642253400.0, 2.0549999999999997],
[1642339800.0, 2.095],
[1642426200.0, 2.075],
[1642512600.0, 1.93],
[1642599000.0, 1.955],
[1642685400.0, 1.6800000000000002],
[1642771800.0, 1.77],
[1642858200.0, 1.8399999999999999],
[1642944600.0, 1.8250000000000002],
[1643031000.0, 1.725],
[1643117400.0, 1.7850000000000001],
[1643203800.0, 1.6550000000000002],
[1643290200.0, 1.6949999999999998],
[1643376600.0, 1.7800000000000002],
[1643463000.0, 1.705],
[1643549400.0, 1.75],
[1643635800.0, 1.75],
[1643722200.0, 1.75],
[1643808600.0, 1.62],
[1643895000.0, 1.545],
[1643981400.0, 1.55],
[1644067800.0, 1.565],
[1644154200.0, 1.6],
[1644240600.0, 1.5],
[1644327000.0, 1.375],
[1644413400.0, 1.355],
[1644499800.0, 1.495],
[1644586200.0, 1.55],
[1644672600.0, 1.475],
[1644759000.0, 1.3450000000000002],
[1644845400.0, 1.46],
[1644931800.0, 1.455],
[1645018200.0, 1.3450000000000002],
[1645104600.0, 1.33],
[1645191000.0, 1.525],
[1645277400.0, 1.44],
[1645363800.0, 1.425],
[1645450200.0, 1.545],
[1645536600.0, 1.5],
[1645623000.0, 1.48],
[1645709400.0, 1.4100000000000001],
[1645795800.0, 1.4900000000000002],
[1645882200.0, 1.3900000000000001],
[1645968600.0, 1.495],
[1646055000.0, 1.235],
[1646141400.0, 1.355],
[1646227800.0, 1.4],
[1646314200.0, 1.31],
[1646400600.0, 1.3650000000000002],
[1646487000.0, 1.525],
[1646573400.0, 1.495],
[1646659800.0, 1.3850000000000002],
[1646746200.0, 1.37],
[1646832600.0, 1.4100000000000001],
[1646919000.0, 1.4250000000000003],
[1647005400.0, 1.49],
[1647091800.0, 1.4500000000000002],
[1647178200.0, 1.5150000000000001],
[1647264600.0, 1.51],
[1647351000.0, 1.455],
[1647437400.0, 1.465],
[1647523800.0, 1.575],
[1647610200.0, 1.4899999999999998],
[1647696600.0, 1.495],
[1647783000.0, 1.57],
[1647869400.0, 1.5699999999999998],
[1647955800.0, 1.575],
[1648042200.0, 1.72],
[1648128600.0, 1.7300000000000002],
[1648215000.0, 1.63],
[1648301400.0, 1.5250000000000001],
[1648387800.0, 1.6],
[1648474200.0, 1.5550000000000002],
[1648560600.0, 1.5550000000000002],
[1648647000.0, 1.655],
[1648733400.0, 1.705],
[1648819800.0, 1.6750000000000003],
[1648906200.0, 1.615],
[1648996200.0, 1.625],
[1649082600.0, 1.505],
[1649169000.0, 1.56],
[1649255400.0, 1.6800000000000002],
[1649341800.0, 1.5899999999999999],
[1649428200.0, 1.605],
[1649514600.0, 1.69],
[1649601000.0, 1.71],
[1649687400.0, 1.61],
[1649773800.0, 1.58],
[1649860200.0, 1.635],
[1649946600.0, 1.665],
[1650033000.0, 1.725],
[1650119400.0, 1.655],
[1650205800.0, 1.73],
[1650292200.0, 1.6700000000000002],
[1650378600.0, 1.6800000000000002],
[1650465000.0, 1.745],
[1650551400.0, 1.745],
[1650637800.0, 1.745],
[1650724200.0, 1.73],
[1650810600.0, 1.8250000000000002],
[1650897000.0, 1.745],
[1650983400.0, 1.8],
[1651069800.0, 1.815],
[1651156200.0, 1.7200000000000002],
[1651242600.0, 1.8300000000000003],
[1651329000.0, 1.755],
[1651415400.0, 1.825],
[1651501800.0, 1.8200000000000003],
[1651588200.0, 1.7850000000000001],
[1651674600.0, 1.665],
[1651761000.0, 1.575],
[1651847400.0, 1.4900000000000002],
[1651933800.0, 1.605],
[1652020200.0, 1.655],
[1652106600.0, 1.59],
[1652193000.0, 1.525],
[1652279400.0, 1.4649999999999999],
[1652365800.0, 1.4900000000000002],
[1652452200.0, 1.5250000000000001],
[1652538600.0, 1.51],
[1652625000.0, 1.5150000000000001],
[1652711400.0, 1.505],
[1652797800.0, 1.485],
[1652884200.0, 1.4900000000000002],
[1652970600.0, 1.4],
[1653057000.0, 1.4000000000000001],
[1653143400.0, 1.4700000000000002],
[1653229800.0, 1.4000000000000001],
[1653316200.0, 1.33],
[1653402600.0, 1.385],
[1653489000.0, 1.3800000000000001],
[1653575400.0, 1.375],
[1653661800.0, 1.4700000000000002],
[1653748200.0, 1.445],
[1653834600.0, 1.455],
[1653921000.0, 1.4849999999999999],
[1654007400.0, 1.3699999999999999],
[1654093800.0, 1.6750000000000003],
[1654180200.0, 1.615],
[1654266600.0, 1.61],
[1654353000.0, 1.795],
[1654439400.0, 1.94],
[1654525800.0, 1.87],
[1654612200.0, 1.775],
[1654698600.0, 1.7400000000000002],
[1654785000.0, 1.8350000000000002],
[1654871400.0, 1.725],
[1654957800.0, 1.685],
[1655044200.0, 1.5050000000000001],
[1655130600.0, 1.52],
[1655217000.0, 1.5150000000000001],
[1655303400.0, 1.505],
[1655389800.0, 1.6350000000000002],
[1655476200.0, 1.645],
[1655562600.0, 1.4400000000000002],
[1655649000.0, 1.405],
[1655735400.0, 1.425],
[1655821800.0, 1.4500000000000002],
[1655908200.0, 1.435],
[1655994600.0, 1.415],
[1656081000.0, 1.3],
[1656167400.0, 1.275],
[1656253800.0, 1.28],
[1656340200.0, 1.335],
[1656426600.0, 1.31],
[1656513000.0, 1.33],
[1656599400.0, 1.345],
[1656685800.0, 1.315],
[1656772200.0, 1.245],
[1656858600.0, 1.2],
[1656945000.0, 1.245],
[1657031400.0, 1.105],
[1657117800.0, 1.09],
[1657204200.0, 1.205],
[1657290600.0, 1.16],
[1657377000.0, 1.19],
[1657463400.0, 1.185],
[1657549800.0, 1.155],
[1657636200.0, 1.155],
[1657722600.0, 1.175],
[1657809000.0, 1.1149999999999998],
[1657895400.0, 1.2650000000000001],
[1657981800.0, 1.3399999999999999],
[1658068200.0, 1.38],
[1658154600.0, 1.415],
[1658241000.0, 1.305],
[1658327400.0, 1.2800000000000002],
[1658413800.0, 1.5],
[1658500200.0, 1.4000000000000001],
[1658586600.0, 1.4300000000000002],
[1658673000.0, 1.445],
[1658759400.0, 1.465],
[1658845800.0, 1.4900000000000002],
[1658932200.0, 1.46],
[1659018600.0, 1.3650000000000002],
[1659105000.0, 1.415],
[1659191400.0, 1.445],
[1659277800.0, 1.4300000000000002],
[1659364200.0, 1.445],
[1659450600.0, 1.375],
[1659537000.0, 1.375],
[1659623400.0, 1.35],
[1659709800.0, 1.3900000000000001],
[1659796200.0, 1.44],
[1659882600.0, 1.2650000000000001],
[1659969000.0, 1.4600000000000002],
[1660055400.0, 1.455],
[1660141800.0, 1.4100000000000001],
[1660228200.0, 1.425],
[1660314600.0, 1.5150000000000001],
[1660401000.0, 1.5150000000000001],
[1660487400.0, 1.5150000000000001],
[1660573800.0, 1.5150000000000001],
[1660660200.0, 1.46],
[1660746600.0, 1.475],
[1660833000.0, 1.48],
[1660919400.0, 1.4100000000000001],
[1661005800.0, 1.3650000000000002],
[1661092200.0, 1.425],
[1661178600.0, 1.335],
[1661265000.0, 1.34],
[1661351400.0, 1.335],
[1661437800.0, 1.295],
[1661524200.0, 1.345],
[1661610600.0, 1.245],
[1661697000.0, 1.28],
[1661783400.0, 1.3],
[1661869800.0, 1.27],
[1661956200.0, 1.215],
[1662042600.0, 1.2600000000000002],
[1662129000.0, 1.29],
[1662215400.0, 1.165],
[1662301800.0, 1.2000000000000002],
[1662388200.0, 1.245],
[1662474600.0, 1.23],
[1662561000.0, 1.225],
[1662647400.0, 1.2000000000000002],
[1662733800.0, 1.21],
[1662820200.0, 1.2000000000000002],
[1662906600.0, 1.23],
[1662993000.0, 1.24],
[1663079400.0, 1.225],
[1663165800.0, 1.155],
[1663252200.0, 1.1300000000000001],
[1663338600.0, 1.18],
[1663425000.0, 1.2950000000000002],
[1663511400.0, 1.295],
[1663597800.0, 1.23],
[1663684200.0, 1.245],
[1663770600.0, 1.275],
[1663857000.0, 1.125],
[1663943400.0, 1.155],
[1664029800.0, 1.2349999999999999],
[1664116200.0, 1.14],
[1664202600.0, 1.13],
[1664289000.0, 1.085],
[1664375400.0, 1.0750000000000002],
[1664461800.0, 1.0950000000000002],
[1664548200.0, 1.18],
[1664634600.0, 1.19],
[1664717400.0, 1.1400000000000001],
[1664803800.0, 1.08],
[1664890200.0, 1.1500000000000001],
[1664976600.0, 1.13],
[1665063000.0, 1.1],
[1665149400.0, 1.07],
[1665235800.0, 1.085],
[1665322200.0, 1.1300000000000001],
[1665408600.0, 1.05],
[1665495000.0, 1.08],
[1665581400.0, 1.08],
[1665667800.0, 1.0750000000000002],
[1665754200.0, 1.045],
[1665840600.0, 1.0450000000000002],
[1665927000.0, 1.0550000000000002],
[1666013400.0, 1.065],
[1666099800.0, 1.0699999999999998],
[1666186200.0, 1.075],
[1666272600.0, 1.03],
[1666359000.0, 1.055],
[1666445400.0, 1.045],
[1666531800.0, 1.125],
[1666618200.0, 1.12],
[1666704600.0, 1.19],
[1666791000.0, 1.1500000000000001],
[1666877400.0, 1.385],
[1666963800.0, 1.37],
[1667050200.0, 1.4650000000000003],
[1667136600.0, 1.435],
[1667223000.0, 1.335],
[1667309400.0, 1.2600000000000002],
[1667395800.0, 1.33],
[1667482200.0, 1.3050000000000002],
[1667568600.0, 1.3250000000000002],
[1667655000.0, 1.365],
[1667741400.0, 1.405],
[1667827800.0, 1.85],
[1667914200.0, 1.6],
[1668000600.0, 1.725],
[1668087000.0, 1.62],
[1668173400.0, 1.7149999999999999],
[1668259800.0, 1.9100000000000001],
[1668346200.0, 1.915],
[1668432600.0, 1.9500000000000002],
[1668519000.0, 1.84],
[1668605400.0, 1.77],
[1668691800.0, 1.6900000000000002],
[1668778200.0, 1.7399999999999998],
[1668864600.0, 1.65],
[1668951000.0, 1.79],
[1669037400.0, 1.62],
[1669123800.0, 1.625],
[1669210200.0, 1.6],
[1669296600.0, 2.045],
[1669383000.0, 1.965],
[1669469400.0, 1.9500000000000002],
[1669555800.0, 1.7200000000000002],
[1669642200.0, 1.8850000000000002],
[1669728600.0, 1.9100000000000001],
[1669815000.0, 1.725],
[1669901400.0, 1.87],
[1669987800.0, 1.79],
[1670074200.0, 1.6800000000000002],
[1670160600.0, 1.825],
[1670247000.0, 1.71],
[1670333400.0, 1.7400000000000002],
[1670419800.0, 1.76],
[1670506200.0, 1.645],
[1670592600.0, 1.7300000000000002],
[1670679000.0, 1.745],
[1670765400.0, 1.75],
[1670851800.0, 1.6],
[1670938200.0, 1.6600000000000001],
[1671024600.0, 1.695],
[1671111000.0, 1.565],
[1671197400.0, 1.505],
[1671283800.0, 1.56],
[1671370200.0, 1.585],
[1671456600.0, 1.585],
[1671543000.0, 1.66],
[1671629400.0, 1.62],
[1671715800.0, 1.58],
[1671802200.0, 1.4850000000000003],
[1671888600.0, 1.53],
[1671975000.0, 1.46],
[1672061400.0, 1.51],
[1672147800.0, 1.5050000000000001],
[1672234200.0, 1.48],
[1672320600.0, 1.3900000000000001],
[1672407000.0, 1.3450000000000002],
[1672493400.0, 1.365],
[1672579800.0, 1.37],
[1672666200.0, 1.415],
[1672752600.0, 1.4100000000000001],
[1672839000.0, 1.3650000000000002],
[1672925400.0, 1.3450000000000002],
[1673011800.0, 1.455],
[1673098200.0, 1.3800000000000001],
[1673184600.0, 1.445],
[1673271000.0, 1.385],
[1673357400.0, 1.455],
[1673443800.0, 1.3900000000000001],
[1673530200.0, 1.4],
[1673616600.0, 1.415],
[1673703000.0, 1.5],
[1673789400.0, 1.48],
[1673875800.0, 1.4649999999999999],
[1673962200.0, 1.405],
[1674048600.0, 1.51],
[1674135000.0, 1.81],
[1674221400.0, 1.8450000000000002],
[1674307800.0, 1.905],
[1674394200.0, 1.7000000000000002],
[1674480600.0, 1.6750000000000003],
[1674567000.0, 1.5899999999999999],
[1674653400.0, 1.49],
[1674739800.0, 1.5],
[1674826200.0, 1.5150000000000001],
[1674912600.0, 1.445],
[1674999000.0, 1.475],
[1675085400.0, 1.4500000000000002],
[1675171800.0, 1.42],
[1675258200.0, 1.435],
[1675344600.0, 1.44],
[1675431000.0, 1.395],
[1675517400.0, 1.335],
[1675603800.0, 1.385],
[1675690200.0, 1.335],
[1675776600.0, 1.3199999999999998],
[1675863000.0, 1.3199999999999998],
[1675949400.0, 1.3199999999999998],
