[1651674600.0, 2.5820871392253766],
[1651761000.0, 2.8945770725371336],
[1651847400.0, 3.078931158465739],
[1651933800.0, 3.128346328361438],
[1652020200.0, 3.102961085192286],
[1652106600.0, 3.116871964182182],
[1652193000.0, 5.6739642752927075],
[1652279400.0, 4.930249999999999],
[1652365800.0, 5.192],
[1652452200.0, 5.207000000000001],
[1652538600.0, 6.066749999999998],
[1652625000.0, 6.411999999999997],
[1652711400.0, 5.465250000000001],
[1652797800.0, 5.3945],
[1652884200.0, 4.8192499999999985],
[1652970600.0, 4.89175],
[1653057000.0, 4.049750000000001],
[1653143400.0, 3.5502500000000006],
[1653229800.0, 4.146499999999998],
[1653316200.0, 3.574499999999999],
[1653402600.0, 3.522749999999997],
[1653489000.0, 3.4112500000000012],
[1653575400.0, 3.2809999999999997],
[1653661800.0, 3.1019999999999994],
[1653748200.0, 2.8850000000000007],
[1653834600.0, 2.9280000000000013],
[1653921000.0, 2.8802500000000006],
[1654007400.0, 2.8942500000000004],
[1654093800.0, 2.8355000000000006],
[1654180200.0, 2.8017499999999997],
[1654266600.0, 3.311000000000001],
[1654353000.0, 3.192249999999999],
[1654439400.0, 2.94025],
[1654525800.0, 2.912750000000001],
[1654612200.0, 4.663],
[1654698600.0, 4.257500000000001],
[1654785000.0, 3.2725],
[1654871400.0, 3.15575],
[1654957800.0, 2.869249999999999],
[1655044200.0, 2.746],
[1655130600.0, 4.009000000000001],
[1655217000.0, 4.277500000000002],
[1655303400.0, 3.7485],
[1655389800.0, 3.8282500000000015],
[1655476200.0, 3.314750000000001],
[1655562600.0, 3.1152499999999987],
[1655649000.0, 2.808500000000001],
[1655735400.0, 2.722],
[1655821800.0, 2.8175000000000012],
[1655908200.0, 2.71375],
[1655994600.0, 2.512],
[1656081000.0, 2.420749999999999],
[1656167400.0, 2.478],
[1656253800.0, 2.481749999999999],
[1656340200.0, 2.473],
[1656426600.0, 2.6347500000000004],
[1656513000.0, 2.6309999999999993],
[1656599400.0, 2.70725],
[1656685800.0, 2.5579999999999994],
[1656772200.0, 2.5845000000000002],
[1656858600.0, 2.5292500000000007],
[1656945000.0, 2.4337500000000007],
[1657031400.0, 2.3912500000000003],
[1657117800.0, 2.3104999999999998],
[1657204200.0, 2.1854999999999998],
[1657290600.0, 2.0795000000000003],
[1657377000.0, 2.0212499999999993],
[1657463400.0, 1.9082500000000007],
[1657549800.0, 1.8052500000000002],
[1657636200.0, 1.8115000000000012],
[1657722600.0, 1.8327500000000008],
[1657809000.0, 1.6817499999999996],
[1657895400.0, 1.6830000000000005],
[1657981800.0, 1.7054999999999993],
[1658068200.0, 1.673500000000001],
[1658154600.0, 1.7690000000000001],
[1658241000.0, 1.8972500000000008],
[1658327400.0, 1.8772500000000005],
[1658413800.0, 1.8752499999999999],
[1658500200.0, 1.8597499999999996],
[1658586600.0, 1.8174999999999997],
[1658673000.0, 1.8197500000000004],
[1658759400.0, 1.8220000000000003],
[1658845800.0, 1.7830000000000006],
[1658932200.0, 1.8292500000000007],
[1659018600.0, 1.7455000000000003],
[1659105000.0, 1.7520000000000002],
[1659191400.0, 1.7132500000000004],
[1659277800.0, 1.6780000000000002],
[1659364200.0, 1.8225000000000002],
[1659450600.0, 1.9179999999999997],
[1659537000.0, 2.0177500000000004],
[1659623400.0, 2.12675],
[1659709800.0, 2.1235000000000004],
[1659796200.0, 2.12025],
[1659882600.0, 2.5942499999999993],
[1659969000.0, 2.51475],
[1660055400.0, 1.9412500000000008],
[1660141800.0, 1.9345000000000006],
[1660228200.0, 2.1075],
[1660314600.0, 2.0452500000000002],
[1660401000.0, 2.0452500000000002],
[1660487400.0, 2.0452500000000002],
[1660573800.0, 2.0452500000000002],
[1660660200.0, 1.6985000000000003],
[1660746600.0, 1.612249999999999],
[1660833000.0, 1.5567500000000007],
[1660919400.0, 1.56],
[1661005800.0, 1.6337499999999998],
[1661092200.0, 1.636],
[1661178600.0, 1.6320000000000003],
[1661265000.0, 1.5507500000000003],
[1661351400.0, 1.4847500000000002],
[1661437800.0, 1.4702499999999996],
[1661524200.0, 1.4225000000000003],
[1661610600.0, 1.3619999999999997],
[1661697000.0, 1.3375],
[1661783400.0, 1.3457500000000004],
[1661869800.0, 1.3742499999999995],
[1661956200.0, 1.4252500000000003],
[1662042600.0, 1.3947500000000002],
[1662129000.0, 1.4845000000000002],
[1662215400.0, 1.6069999999999998],
[1662301800.0, 1.6315000000000004],
[1662388200.0, 1.5862499999999997],
[1662474600.0, 1.5302500000000003],
[1662561000.0, 1.5417500000000004],
[1662647400.0, 1.5557500000000002],
[1662733800.0, 1.5339999999999998],
[1662820200.0, 1.4805000000000006],
[1662906600.0, 1.4407500000000002],
[1662993000.0, 1.4314999999999996],
[1663079400.0, 1.4584999999999995],
[1663165800.0, 1.5014999999999994],
[1663252200.0, 1.4739999999999995],
[1663338600.0, 1.4907499999999998],
[1663425000.0, 1.5229999999999995],
[1663511400.0, 1.4872500000000002],
[1663597800.0, 1.46325],
[1663684200.0, 1.43875],
[1663770600.0, 1.4035000000000004],
[1663857000.0, 1.4260000000000002],
[1663943400.0, 1.4714999999999994],
[1664029800.0, 1.4454999999999998],
[1664116200.0, 1.42925],
[1664202600.0, 1.4912500000000004],
[1664289000.0, 1.4627500000000002],
[1664375400.0, 1.4507499999999998],
[1664461800.0, 1.4227500000000002],
[1664548200.0, 1.48075],
[1664634600.0, 1.6122500000000002],
[1664717400.0, 1.4305],
[1664803800.0, 1.475],
[1664890200.0, 1.50875],
[1664976600.0, 1.4729999999999996],
[1665063000.0, 1.4780000000000002],
[1665149400.0, 1.4630000000000003],
[1665235800.0, 1.4177500000000003],
[1665322200.0, 1.3719999999999994],
[1665408600.0, 1.3547500000000003],
[1665495000.0, 1.34475],
[1665581400.0, 1.3272499999999998],
[1665667800.0, 1.3592499999999998],
[1665754200.0, 1.33525],
[1665840600.0, 1.3220000000000003],
[1665927000.0, 1.3307499999999994],
[1666013400.0, 1.3002500000000001],
[1666099800.0, 1.2607499999999998],
[1666186200.0, 1.3237499999999993],
[1666272600.0, 1.2714999999999996],
[1666359000.0, 1.5619999999999998],
[1666445400.0, 1.5615],
[1666531800.0, 1.564],
[1666618200.0, 1.511],
[1666704600.0, 1.5225000000000004],
[1666791000.0, 1.6927500000000006],
[1666877400.0, 1.6220000000000003],
[1666963800.0, 1.5467499999999998],
[1667050200.0, 1.5180000000000002],
[1667136600.0, 1.5405962730716107],
[1667223000.0, 1.5534999999999997],
[1667309400.0, 1.5227500000000003],
[1667395800.0, 1.5005000000000002],
[1667482200.0, 1.5132499999999995],
[1667568600.0, 1.4899999999999998],
[1667655000.0, 1.4422499999999996],
[1667741400.0, 1.4292500000000001],
[1667827800.0, 1.4334999999999998],
[1667914200.0, 1.3857499999999998],
[1668000600.0, 1.4584999999999997],
[1668087000.0, 1.4762500000000005],
[1668173400.0, 1.5034999999999996],
[1668259800.0, 1.5427499999999998],
[1668346200.0, 1.5042500000000003],
[1668432600.0, 1.4947500000000002],
[1668519000.0, 1.46625],
[1668605400.0, 1.4542500000000005],
[1668691800.0, 1.44625],
[1668778200.0, 1.42775],
[1668864600.0, 1.4235000000000004],
[1668951000.0, 1.4037499999999998],
[1669037400.0, 1.3915000000000002],
[1669123800.0, 1.4067500000000002],
[1669210200.0, 1.39425],
[1669296600.0, 1.3750000000000004],
[1669383000.0, 1.3495],
[1669469400.0, 1.349],
[1669555800.0, 1.323],
[1669642200.0, 1.3572499999999996],
[1669728600.0, 1.3529999999999998],
[1669815000.0, 1.3389999999999995],
[1669901400.0, 1.3654999999999995],
[1669987800.0, 1.3514999999999997],
[1670074200.0, 1.36875],
[1670160600.0, 1.3855],
[1670247000.0, 1.3750000000000002],
[1670333400.0, 1.4180000000000004],
[1670419800.0, 1.403],
[1670506200.0, 1.41175],
[1670592600.0, 1.3905000000000003],
[1670679000.0, 1.40925],
[1670765400.0, 1.4025000000000003],
[1670851800.0, 1.4060000000000001],
[1670938200.0, 1.3804999999999998],
[1671024600.0, 1.3522499999999995],
[1671111000.0, 1.3452499999999996],
[1671197400.0, 1.3605000000000003],
[1671283800.0, 1.3430000000000004],
[1671370200.0, 1.3265000000000002],
[1671456600.0, 1.33],
[1671543000.0, 1.332],
[1671629400.0, 1.3507500000000001],
[1671715800.0, 1.3134999999999994],
[1671802200.0, 1.2892499999999996],
[1671888600.0, 1.2792499999999993],
[1671975000.0, 1.3275],
[1672061400.0, 1.313],
[1672147800.0, 1.2894999999999999],
[1672234200.0, 1.2732500000000004],
[1672320600.0, 1.3164999999999996],
[1672407000.0, 1.3005],
[1672493400.0, 1.3019999999999992],
[1672579800.0, 1.3592499999999998],
[1672666200.0, 1.35925],
[1672752600.0, 1.3547499999999997],
[1672839000.0, 1.3722499999999997],
[1672925400.0, 1.4097499999999996],
[1673011800.0, 1.47975],
[1673098200.0, 1.4577499999999999],
[1673184600.0, 1.5925000000000005],
[1673271000.0, 1.7957499999999993],
[1673357400.0, 1.9802500000000005],
[1673443800.0, 1.9069999999999996],
[1673530200.0, 1.92775],
[1673616600.0, 1.9217499999999994],
[1673703000.0, 1.8864999999999998],
[1673789400.0, 1.8707499999999997],
[1673875800.0, 1.9140000000000004],
[1673962200.0, 2.114],
[1674048600.0, 2.2025000000000015],
[1674135000.0, 2.457749999999999],
[1674221400.0, 2.341500000000001],
[1674307800.0, 2.417],
[1674394200.0, 2.3177499999999984],
[1674480600.0, 2.299750000000001],
[1674567000.0, 2.3707499999999992],
[1674653400.0, 2.3329999999999997],
[1674739800.0, 2.2404999999999995],
[1674826200.0, 2.2902499999999995],
[1674912600.0, 2.3027499999999996],
[1674999000.0, 2.277749999999999],
[1675085400.0, 2.237999999999999],
[1675171800.0, 2.26425],
[1675258200.0, 2.3329999999999997],
[1675344600.0, 2.389999999999999],
[1675431000.0, 2.471249999999999],
[1675517400.0, 2.4844999999999997],
[1675603800.0, 2.5212499999999984],
[1675690200.0, 2.503999999999999],
[1675776600.0, 2.49925],
[1675863000.0, 2.48625],
[1675949400.0, 2.48625],
