[1651674600.0, 0.3633417623811014],
[1651761000.0, 0.5281545639660657],
[1651847400.0, 0.5346200895572242],
[1651933800.0, 0.5255240325997416],
[1652020200.0, 0.5157394111377289],
[1652106600.0, 0.5164104087256258],
[1652193000.0, 0.9329510574290895],
[1652279400.0, 0.7980000000000002],
[1652365800.0, 0.6884999999999999],
[1652452200.0, 0.9075000000000003],
[1652538600.0, 0.99025],
[1652625000.0, 0.8939999999999999],
[1652711400.0, 0.7687499999999998],
[1652797800.0, 0.7269999999999999],
[1652884200.0, 0.63875],
[1652970600.0, 0.5747500000000001],
[1653057000.0, 0.7027500000000002],
[1653143400.0, 0.4694999999999999],
[1653229800.0, 0.45175],
[1653316200.0, 0.3975000000000001],
[1653402600.0, 0.38549999999999995],
[1653489000.0, 0.37375],
[1653575400.0, 0.34075000000000005],
[1653661800.0, 0.35],
[1653748200.0, 0.3227499999999999],
[1653834600.0, 0.30724999999999997],
[1653921000.0, 0.29474999999999996],
[1654007400.0, 0.30674999999999997],
[1654093800.0, 0.30124999999999996],
[1654180200.0, 0.24174999999999996],
[1654266600.0, 0.25975000000000004],
[1654353000.0, 0.23999999999999994],
[1654439400.0, 0.23399999999999999],
[1654525800.0, 0.21275],
[1654612200.0, 0.19625000000000006],
[1654698600.0, 0.2185],
[1654785000.0, 0.16799999999999993],
[1654871400.0, 0.15399999999999991],
[1654957800.0, 0.12974999999999992],
[1655044200.0, 0.12599999999999992],
[1655130600.0, 0.1444999999999999],
[1655217000.0, 0.15049999999999997],
[1655303400.0, 0.16499999999999998],
[1655389800.0, 0.15824999999999992],
[1655476200.0, 0.1479999999999999],
[1655562600.0, 0.10999999999999995],
[1655649000.0, 0.10574999999999993],
[1655735400.0, 0.09999999999999992],
[1655821800.0, 0.09949999999999994],
[1655908200.0, 0.08849999999999991],
[1655994600.0, 0.0799999999999999],
[1656081000.0, 0.07274999999999991],
[1656167400.0, 0.07399999999999991],
[1656253800.0, 0.07274999999999993],
[1656340200.0, 0.0759999999999999],
[1656426600.0, 0.07749999999999989],
[1656513000.0, 0.0772499999999999],
[1656599400.0, 0.08274999999999987],
[1656685800.0, 0.08299999999999992],
[1656772200.0, 0.0714999999999999],
[1656858600.0, 0.06899999999999991],
[1656945000.0, 0.07099999999999991],
[1657031400.0, 0.06824999999999992],
[1657117800.0, 0.0662499999999999],
[1657204200.0, 0.06299999999999992],
[1657290600.0, 0.05724999999999995],
[1657377000.0, 0.06424999999999993],
[1657463400.0, 0.059749999999999956],
[1657549800.0, 0.05599999999999995],
[1657636200.0, 0.05349999999999998],
[1657722600.0, 0.05525],
[1657809000.0, 0.05499999999999997],
[1657895400.0, 0.05199999999999999],
[1657981800.0, 0.05225],
[1658068200.0, 0.05615881414713608],
[1658154600.0, 0.058499999999999976],
[1658241000.0, 0.05824999999999997],
[1658327400.0, 0.05749999999999996],
[1658413800.0, 0.05549999999999998],
[1658500200.0, 0.058499999999999955],
[1658586600.0, 0.05924999999999997],
[1658673000.0, 0.05674999999999998],
[1658759400.0, 0.05499999999999997],
[1658845800.0, 0.05699999999999996],
[1658932200.0, 0.05624999999999998],
[1659018600.0, 0.05699999999999998],
[1659105000.0, 0.05374999999999998],
[1659191400.0, 0.05225],
[1659277800.0, 0.050749999999999997],
[1659364200.0, 0.05624999999999999],
[1659450600.0, 0.06624999999999995],
[1659537000.0, 0.06724999999999995],
[1659623400.0, 0.07674999999999996],
[1659709800.0, 0.0757499999999999],
[1659796200.0, 0.07424999999999991],
[1659882600.0, 0.09449999999999989],
[1659969000.0, 0.08599999999999991],
[1660055400.0, 0.06799999999999992],
[1660141800.0, 0.06749999999999995],
[1660228200.0, 0.06524999999999992],
[1660314600.0, 0.061749999999999916],
[1660401000.0, 0.061749999999999916],
[1660487400.0, 0.061749999999999916],
[1660573800.0, 0.061749999999999916],
[1660660200.0, 0.05340599163106964],
[1660746600.0, 0.05025000000000002],
[1660833000.0, 0.04675000000000002],
[1660919400.0, 0.04993793802238557],
[1661005800.0, 0.05399999999999999],
[1661092200.0, 0.05050000000000001],
[1661178600.0, 0.05374999999999998],
[1661265000.0, 0.05025000000000002],
[1661351400.0, 0.04750000000000002],
[1661437800.0, 0.04400000000000002],
[1661524200.0, 0.04325000000000002],
[1661610600.0, 0.042705796407741435],
[1661697000.0, 0.042205312800665945],
[1661783400.0, 0.041000000000000016],
[1661869800.0, 0.04125000000000001],
[1661956200.0, 0.039250000000000014],
[1662042600.0, 0.03725000000000001],
[1662129000.0, 0.04625000000000002],
[1662215400.0, 0.051000000000000004],
[1662301800.0, 0.04875000000000002],
[1662388200.0, 0.04725000000000002],
[1662474600.0, 0.04750000000000002],
[1662561000.0, 0.04750000000000002],
[1662647400.0, 0.046588630823237276],
[1662733800.0, 0.05050000000000001],
[1662820200.0, 0.05050000000000001],
[1662906600.0, 0.04950000000000002],
[1662993000.0, 0.04925000000000002],
[1663079400.0, 0.04900000000000002],
[1663165800.0, 0.04450000000000002],
[1663252200.0, 0.04925000000000002],
[1663338600.0, 0.04900000000000002],
[1663425000.0, 0.046750000000000014],
[1663511400.0, 0.052749999999999984],
[1663597800.0, 0.04900000000000002],
[1663684200.0, 0.05299999999999998],
[1663770600.0, 0.04625000000000002],
[1663857000.0, 0.05025000000000002],
[1663943400.0, 0.05025000000000002],
[1664029800.0, 0.05425],
[1664116200.0, 0.05225],
[1664202600.0, 0.05249999999999999],
[1664289000.0, 0.04975000000000002],
[1664375400.0, 0.05149999999999999],
[1664461800.0, 0.05524999999999998],
[1664548200.0, 0.058999999999999955],
[1664634600.0, 0.06899999999999996],
[1664717400.0, 0.053249999999999985],
[1664803800.0, 0.05599999999999998],
[1664890200.0, 0.05225],
[1664976600.0, 0.05349999999999999],
[1665063000.0, 0.049750000000000016],
[1665149400.0, 0.046500000000000014],
[1665235800.0, 0.04950000000000002],
[1665322200.0, 0.04500000000000002],
[1665408600.0, 0.04400000000000002],
[1665495000.0, 0.04600000000000002],
[1665581400.0, 0.04300000000000001],
[1665667800.0, 0.04525000000000002],
[1665754200.0, 0.048250000000000015],
[1665840600.0, 0.04275000000000002],
[1665927000.0, 0.042000000000000016],
[1666013400.0, 0.04300000000000001],
[1666099800.0, 0.048750000000000016],
[1666186200.0, 0.046500000000000014],
[1666272600.0, 0.04775000000000002],
[1666359000.0, 0.04975000000000002],
[1666445400.0, 0.04950000000000002],
[1666531800.0, 0.04750000000000002],
[1666618200.0, 0.05025],
[1666704600.0, 0.05125],
[1666791000.0, 0.051000000000000004],
[1666877400.0, 0.05050000000000001],
[1666963800.0, 0.04925000000000002],
[1667050200.0, 0.04850000000000002],
[1667136600.0, 0.051948315280738636],
[1667223000.0, 0.05918770466705957],
[1667309400.0, 0.05083970464522937],
[1667395800.0, 0.04700000000000002],
[1667482200.0, 0.04575000000000002],
[1667568600.0, 0.04950000000000002],
[1667655000.0, 0.04525000000000001],
[1667741400.0, 0.04525000000000002],
[1667827800.0, 0.04725000000000002],
[1667914200.0, 0.04925000000000002],
[1668000600.0, 0.04925000000000002],
[1668087000.0, 0.053000000000000005],
[1668173400.0, 0.04750000000000002],
[1668259800.0, 0.05824999999999997],
[1668346200.0, 0.054249999999999986],
[1668432600.0, 0.05499999999999998],
[1668519000.0, 0.05524999999999999],
[1668605400.0, 0.056499999999999995],
[1668691800.0, 0.053249999999999985],
[1668778200.0, 0.04900000000000002],
[1668864600.0, 0.04800000000000002],
[1668951000.0, 0.04850000000000002],
[1669037400.0, 0.04900000000000002],
[1669123800.0, 0.05025000000000002],
[1669210200.0, 0.05125],
[1669296600.0, 0.05425],
[1669383000.0, 0.05025000000000002],
[1669469400.0, 0.04850000000000002],
[1669555800.0, 0.04700000000000002],
[1669642200.0, 0.04475000000000002],
[1669728600.0, 0.04900000000000002],
[1669815000.0, 0.050000000000000024],
[1669901400.0, 0.04600000000000002],
[1669987800.0, 0.04775000000000002],
[1670074200.0, 0.052500000000000005],
[1670160600.0, 0.04875000000000002],
[1670247000.0, 0.04650000000000002],
[1670333400.0, 0.04600000000000002],
[1670419800.0, 0.04600000000000002],
[1670506200.0, 0.04600000000000002],
[1670592600.0, 0.04775000000000002],
[1670679000.0, 0.04925000000000002],
[1670765400.0, 0.04800000000000002],
[1670851800.0, 0.04800000000000002],
[1670938200.0, 0.04700000000000002],
[1671024600.0, 0.04675000000000002],
[1671111000.0, 0.04900000000000002],
[1671197400.0, 0.047250000000000014],
[1671283800.0, 0.04550000000000001],
[1671370200.0, 0.047000000000000014],
[1671456600.0, 0.048500000000000015],
[1671543000.0, 0.04700000000000002],
[1671629400.0, 0.04425000000000002],
[1671715800.0, 0.04525000000000001],
[1671802200.0, 0.04500000000000001],
[1671888600.0, 0.04500000000000002],
[1671975000.0, 0.041000000000000016],
[1672061400.0, 0.04625000000000001],
[1672147800.0, 0.041750000000000016],
[1672234200.0, 0.04300000000000002],
[1672320600.0, 0.04250000000000002],
[1672407000.0, 0.04550000000000001],
[1672493400.0, 0.05050000000000001],
[1672579800.0, 0.04350000000000001],
[1672666200.0, 0.053249999999999964],
[1672752600.0, 0.05025],
[1672839000.0, 0.05200000000000001],
[1672925400.0, 0.05874999999999998],
[1673011800.0, 0.049000000000000016],
[1673098200.0, 0.050000000000000024],
[1673184600.0, 0.059999999999999984],
[1673271000.0, 0.06374999999999997],
[1673357400.0, 0.05924999999999999],
[1673443800.0, 0.061499999999999985],
[1673530200.0, 0.06274999999999996],
[1673616600.0, 0.060999999999999964],
[1673703000.0, 0.06274999999999994],
[1673789400.0, 0.061749999999999985],
[1673875800.0, 0.06399999999999997],
[1673962200.0, 0.06324999999999996],
[1674048600.0, 0.06649999999999996],
[1674135000.0, 0.06999999999999998],
[1674221400.0, 0.07074999999999997],
[1674307800.0, 0.07824999999999996],
[1674394200.0, 0.07724999999999996],
[1674480600.0, 0.08874999999999997],
[1674567000.0, 0.09824999999999993],
[1674653400.0, 0.08874999999999997],
[1674739800.0, 0.08999999999999996],
[1674826200.0, 0.09674999999999996],
[1674912600.0, 0.08824999999999997],
[1674999000.0, 0.08499999999999996],
[1675085400.0, 0.08499999999999994],
[1675171800.0, 0.08974999999999995],
[1675258200.0, 0.09649999999999997],
[1675344600.0, 0.09174999999999997],
[1675431000.0, 0.09324999999999994],
[1675517400.0, 0.10099999999999995],
[1675603800.0, 0.09349999999999994],
[1675690200.0, 0.09049999999999994],
[1675776600.0, 0.10199999999999994],
[1675863000.0, 0.10149999999999997],
[1675949400.0, 0.10149999999999997],
