[1635773400.0, 9.296479],
[1635859800.0, 9.8196158],
[1635946200.0, 9.9441908],
[1636032600.0, 10.204906399999999],
[1636119000.0, 9.768465599999999],
[1636205400.0, 9.6898528],
[1636291800.0, 9.7561556],
[1636378200.0, 9.974072999999999],
[1636464600.0, 9.6378172],
[1636551000.0, 9.3254814],
[1636637400.0, 9.5675186],
[1636723800.0, 9.4907364],
[1636810200.0, 9.481822000000001],
[1636896600.0, 9.2316532],
[1636983000.0, 8.957156399999999],
[1637069400.0, 9.056489],
[1637155800.0, 8.9725672],
[1637242200.0, 9.088964],
[1637328600.0, 9.1882086],
[1637415000.0, 9.258301399999999],
[1637501400.0, 9.258775],
[1637587800.0, 9.1040442],
[1637674200.0, 9.0999588],
[1637760600.0, 8.918444000000001],
[1637847000.0, 8.9901202],
[1637933400.0, 8.916929800000002],
[1638019800.0, 9.072334000000001],
[1638106200.0, 9.876738],
[1638192600.0, 9.7177946],
[1638279000.0, 8.980355799999998],
[1638365400.0, 9.642013],
[1638451800.0, 9.539449999999999],
[1638538200.0, 9.375293000000001],
[1638624600.0, 9.140952],
[1638711000.0, 8.9661626],
[1638797400.0, 9.7336862],
[1638883800.0, 9.6168006],
[1638970200.0, 9.187170000000002],
[1639056600.0, 9.79863],
[1639143000.0, 9.209399000000001],
[1639229400.0, 8.6277144],
[1639315800.0, 9.1799732],
[1639402200.0, 9.268610800000001],
[1639488600.0, 9.174563199999998],
[1639575000.0, 9.050346000000001],
[1639661400.0, 8.678741599999999],
[1639747800.0, 9.404468600000001],
[1639834200.0, 8.9532946],
[1639920600.0, 9.228525],
[1640007000.0, 9.5891682],
[1640093400.0, 9.274443400000001],
[1640179800.0, 9.272873399999998],
[1640266200.0, 9.3599974],
[1640352600.0, 9.988717600000001],
[1640439000.0, 9.1038272],
[1640525400.0, 9.2845472],
[1640611800.0, 9.2422124],
[1640698200.0, 9.560669],
[1640784600.0, 9.918782781236377],
[1640871000.0, 9.65658089967955],
[1640957400.0, 10.64979341357692],
[1641043800.0, 9.807712078850866],
[1641130200.0, 10.039398672422612],
[1641216600.0, 10.31554734837206],
[1641303000.0, 10.030213490364524],
[1641389400.0, 10.10758],
[1641475800.0, 10.882616800000001],
[1641562200.0, 9.9162056],
[1641648600.0, 10.1005364],
[1641735000.0, 10.024369199999999],
[1641821400.0, 10.3702796],
[1641907800.0, 10.9905334],
[1641994200.0, 9.7804556],
[1642080600.0, 9.991283999999998],
[1642167000.0, 9.965358799999999],
[1642253400.0, 9.322162599999999],
[1642339800.0, 9.630845514828426],
[1642426200.0, 9.211666377294257],
[1642512600.0, 9.9439278],
[1642599000.0, 10.837007400000001],
[1642685400.0, 10.1202086],
[1642771800.0, 9.8842016],
[1642858200.0, 10.5008298],
[1642944600.0, 10.5810558],
[1643031000.0, 10.499536800000001],
[1643117400.0, 10.102033],
[1643203800.0, 10.809635600000002],
[1643290200.0, 10.6887912],
[1643376600.0, 10.3284318],
[1643463000.0, 9.8800944],
[1643549400.0, 10.062832378957278],
[1643635800.0, 10.062832378957278],
[1643722200.0, 10.062832378957278],
[1643808600.0, 10.125822600000001],
[1643895000.0, 10.2411716],
[1643981400.0, 9.864014000000001],
[1644067800.0, 9.8674818],
[1644154200.0, 9.812461199999998],
[1644240600.0, 10.0252734],
[1644327000.0, 10.6535724],
[1644413400.0, 10.112981399999999],
[1644499800.0, 10.174762999999999],
[1644586200.0, 9.855145],
[1644672600.0, 9.9153324],
[1644759000.0, 10.3454274],
[1644845400.0, 10.665436399999999],
[1644931800.0, 10.7806954],
[1645018200.0, 11.2525278],
[1645104600.0, 10.4110164],
[1645191000.0, 10.7012162],
[1645277400.0, 10.114668],
[1645363800.0, 10.589913399999999],
[1645450200.0, 10.477762799999999],
[1645536600.0, 10.463504400000001],
[1645623000.0, 10.107287199999998],
[1645709400.0, 10.366160599999999],
[1645795800.0, 10.175605400000002],
[1645882200.0, 10.1000368],
[1645968600.0, 10.8006492],
[1646055000.0, 10.4803612],
[1646141400.0, 11.354573599999998],
[1646227800.0, 10.860985],
[1646314200.0, 10.2408544],
[1646400600.0, 10.194331799999999],
[1646487000.0, 10.703467],
[1646573400.0, 10.6887358],
[1646659800.0, 10.628276],
[1646746200.0, 11.191666800000002],
[1646832600.0, 10.656066599999999],
[1646919000.0, 10.461408799999997],
[1647005400.0, 10.6265976],
[1647091800.0, 10.493392799999999],
[1647178200.0, 10.7112898],
[1647264600.0, 10.8254508],
[1647351000.0, 10.8181116],
[1647437400.0, 10.696918],
[1647523800.0, 10.836399199999999],
[1647610200.0, 10.715328199999998],
[1647696600.0, 11.103522],
[1647783000.0, 10.9368828],
[1647869400.0, 11.198597200000002],
[1647955800.0, 10.957171400000002],
[1648042200.0, 10.7700408],
[1648128600.0, 10.842014],
[1648215000.0, 10.987734800000002],
[1648301400.0, 10.885007195952861],
[1648387800.0, 12.002549086133529],
[1648474200.0, 11.035821709627609],
[1648560600.0, 10.755651572317168],
[1648647000.0, 10.53315978025231],
[1648733400.0, 10.949673000663044],
[1648819800.0, 10.877438567513517],
[1648906200.0, 10.946807985271004],
[1648996200.0, 10.734037112724678],
[1649082600.0, 11.438444930679479],
[1649169000.0, 11.367064643522049],
[1649255400.0, 12.054729927727529],
[1649341800.0, 11.428075048576767],
[1649428200.0, 11.444044459306259],
[1649514600.0, 11.530850939196037],
[1649601000.0, 11.575566374562822],
[1649687400.0, 11.265803639084421],
[1649773800.0, 12.025930963903402],
[1649860200.0, 11.545111647058823],
[1649946600.0, 11.833767303144521],
[1650033000.0, 11.46669128116867],
[1650119400.0, 11.362800496874788],
[1650205800.0, 11.560628477167588],
[1650292200.0, 11.105362231500782],
[1650378600.0, 11.031814384664811],
[1650465000.0, 11.980097733021294],
[1650551400.0, 11.980097733021294],
[1650637800.0, 11.980097733021294],
[1650724200.0, 11.94843334294455],
[1650810600.0, 11.738515886295227],
[1650897000.0, 11.659341288571675],
[1650983400.0, 11.514703485979796],
[1651069800.0, 11.555805537113134],
[1651156200.0, 11.643587695868593],
[1651242600.0, 11.9973133261015],
[1651329000.0, 11.669103863058151],
[1651415400.0, 11.806205234249521],
[1651501800.0, 11.906569066724963],
[1651588200.0, 12.556766512079125],
[1651674600.0, 11.661637415194459],
[1651761000.0, 11.131197455517512],
[1651847400.0, 11.08584801687295],
[1651933800.0, 10.695617997226789],
[1652020200.0, 11.028056866082808],
[1652106600.0, 10.842998038242172],
[1652193000.0, 10.478192226477248],
[1652279400.0, 10.4278520566982],
[1652365800.0, 10.89055861677306],
[1652452200.0, 10.849999043427445],
[1652538600.0, 11.200052055748007],
[1652625000.0, 11.179684923402279],
[1652711400.0, 10.75544594061895],
[1652797800.0, 10.78730338659804],
[1652884200.0, 11.179305171111874],
[1652970600.0, 10.875375489814953],
[1653057000.0, 10.752188905723374],
[1653143400.0, 11.812433622557585],
[1653229800.0, 10.859592734170885],
[1653316200.0, 10.601272168628897],
[1653402600.0, 10.881983882402437],
[1653489000.0, 10.917267319088703],
[1653575400.0, 10.80632433274767],
[1653661800.0, 10.905948360119698],
[1653748200.0, 10.961477832417199],
[1653834600.0, 10.86138750438724],
[1653921000.0, 10.500704972185476],
[1654007400.0, 10.834286851484528],
[1654093800.0, 10.646237563574303],
[1654180200.0, 10.592414096323521],
[1654266600.0, 10.229827412403193],
[1654353000.0, 11.455213073751597],
[1654439400.0, 10.115045279731024],
[1654525800.0, 10.265567875416485],
[1654612200.0, 10.829117768308484],
[1654698600.0, 10.737028170286795],
[1654785000.0, 11.03835853211314],
[1654871400.0, 10.759773802262155],
[1654957800.0, 11.404286119086843],
[1655044200.0, 10.92976607673904],
[1655130600.0, 11.167678077991125],
[1655217000.0, 10.629562321202966],
[1655303400.0, 10.686952036057555],
[1655389800.0, 10.620548116510697],
[1655476200.0, 10.282803312962876],
[1655562600.0, 9.84097211340711],
[1655649000.0, 10.388010573480951],
[1655735400.0, 12.10907609164077],
[1655821800.0, 10.75384069446996],
[1655908200.0, 10.247669814672818],
[1655994600.0, 10.469675028350032],
[1656081000.0, 10.041692119028777],
[1656167400.0, 9.734042895222736],
[1656253800.0, 9.750121795999169],
[1656340200.0, 10.153668464708824],
[1656426600.0, 9.516521986337846],
[1656513000.0, 9.474401275347544],
[1656599400.0, 9.210141281108523],
[1656685800.0, 9.295840234140162],
[1656772200.0, 10.196424235077945],
[1656858600.0, 9.336852013476513],
[1656945000.0, 9.159390961307311],
[1657031400.0, 10.006389515032668],
[1657117800.0, 9.87454193590355],
[1657204200.0, 9.572953281534868],
[1657290600.0, 9.688979652267774],
[1657377000.0, 10.146235697299455],
[1657463400.0, 10.332822587456427],
[1657549800.0, 10.211582649553852],
[1657636200.0, 10.279738618624986],
[1657722600.0, 10.600547634371722],
[1657809000.0, 10.371303831856178],
[1657895400.0, 10.698152897857963],
[1657981800.0, 10.775704602610691],
[1658068200.0, 10.564718220894619],
[1658154600.0, 10.782156008869151],
[1658241000.0, 10.607108223085534],
[1658327400.0, 10.950015185137852],
[1658413800.0, 11.254635708456721],
[1658500200.0, 10.89079396678313],
[1658586600.0, 10.804592677052273],
[1658673000.0, 10.756695551318924],
[1658759400.0, 10.85231899492647],
[1658845800.0, 10.619179224354411],
[1658932200.0, 10.6458043074629],
[1659018600.0, 10.700382199219296],
[1659105000.0, 10.569860660239343],
[1659191400.0, 10.349350252125369],
[1659277800.0, 10.70804806668631],
[1659364200.0, 10.44349955255861],
[1659450600.0, 11.063438719374265],
[1659537000.0, 10.72935229142881],
[1659623400.0, 10.723944772995731],
[1659709800.0, 11.629156261806354],
[1659796200.0, 11.64661679134845],
[1659882600.0, 11.86416632953642],
[1659969000.0, 11.787430896794186],
[1660055400.0, 11.871178498376652],
[1660141800.0, 11.8452575515132],
[1660228200.0, 11.501363357323726],
[1660314600.0, 11.335703791951014],
[1660401000.0, 11.335703791951014],
[1660487400.0, 11.335703791951014],
[1660573800.0, 11.335703791951014],
[1660660200.0, 10.723730746182273],
[1660746600.0, 10.43271892224055],
[1660833000.0, 10.609201124289573],
[1660919400.0, 10.63195018659258],
[1661005800.0, 10.88348365403215],
[1661092200.0, 10.633698192449486],
[1661178600.0, 10.565082310499932],
[1661265000.0, 10.663762319147088],
[1661351400.0, 10.103368733573827],
[1661437800.0, 10.57962048775865],
[1661524200.0, 10.512788403052545],
[1661610600.0, 10.342055670787328],
[1661697000.0, 11.467506062124833],
[1661783400.0, 10.633672470084155],
[1661869800.0, 10.65318504005346],
[1661956200.0, 10.060997461859342],
[1662042600.0, 11.177629809426973],
[1662129000.0, 10.855669575417373],
[1662215400.0, 11.753080055766267],
[1662301800.0, 10.502037702912116],
[1662388200.0, 10.305416455480454],
[1662474600.0, 10.26749920788905],
[1662561000.0, 11.121889847532312],
[1662647400.0, 12.13055250262891],
[1662733800.0, 10.532375727916087],
[1662820200.0, 10.961389417791883],
[1662906600.0, 10.269005998210677],
[1662993000.0, 10.160394892590823],
[1663079400.0, 10.404834],
[1663165800.0, 10.137591],
[1663252200.0, 10.7014816],
[1663338600.0, 10.714751799999998],
[1663425000.0, 10.8477356],
[1663511400.0, 11.6658024],
[1663597800.0, 10.596436],
[1663684200.0, 11.0690438],
[1663770600.0, 10.417586799999999],
[1663857000.0, 10.530061799999999],
[1663943400.0, 11.010892599999998],
[1664029800.0, 10.944849799999998],
[1664116200.0, 10.548308],
[1664202600.0, 11.15371341104297],
[1664289000.0, 10.60911040039344],
[1664375400.0, 10.552998312825144],
[1664461800.0, 10.889164737970795],
[1664548200.0, 10.854156372388498],
[1664634600.0, 11.187633045845356],
[1664717400.0, 11.309745017651652],
[1664803800.0, 10.449309379828316],
[1664890200.0, 10.860677374544428],
[1664976600.0, 11.298780201409718],
[1665063000.0, 10.779585301588899],
[1665149400.0, 11.230027651526308],
[1665235800.0, 11.0676948030161],
[1665322200.0, 11.320441230147349],
[1665408600.0, 11.012976005818],
[1665495000.0, 11.095253176678026],
[1665581400.0, 10.891207132574909],
[1665667800.0, 11.127182724970535],
[1665754200.0, 11.058323998307625],
[1665840600.0, 11.006554026530875],
[1665927000.0, 11.171053936902098],
[1666013400.0, 11.64842570760301],
[1666099800.0, 11.115183971699796],
[1666186200.0, 11.258236589047238],
[1666272600.0, 11.643381459248152],
[1666359000.0, 10.886435880713595],
[1666445400.0, 10.565636235637303],
[1666531800.0, 10.50559368830216],
[1666618200.0, 10.545524902243688],
[1666704600.0, 10.611260776924668],
[1666791000.0, 10.417551115987882],
[1666877400.0, 10.70838614513681],
[1666963800.0, 10.598350733652998],
[1667050200.0, 10.452699670509217],
[1667136600.0, 10.01459273515457],
[1667223000.0, 10.227329109706163],
[1667309400.0, 10.28477612854152],
[1667395800.0, 10.374970648676626],
[1667482200.0, 10.406442078584135],
[1667568600.0, 10.65673483806467],
[1667655000.0, 10.832197389566783],
[1667741400.0, 11.299339817305317],
[1667827800.0, 10.815945942433189],
[1667914200.0, 10.504725025991206],
[1668000600.0, 10.61193472880433],
[1668087000.0, 10.581963468680327],
[1668173400.0, 10.630457151617076],
[1668259800.0, 10.491961835587391],
[1668346200.0, 11.03616175022673],
[1668432600.0, 10.97159151833033],
[1668519000.0, 11.300119114810542],
[1668605400.0, 10.996681365341182],
[1668691800.0, 10.869281418636099],
[1668778200.0, 11.368792575356691],
[1668864600.0, 11.310957676322612],
[1668951000.0, 10.823947183749386],
[1669037400.0, 11.002282986650485],
[1669123800.0, 10.447446842304718],
[1669210200.0, 9.995429820876145],
[1669296600.0, 10.516272466865274],
[1669383000.0, 9.969735918559747],
[1669469400.0, 9.886705599999999],
[1669555800.0, 10.1224068],
[1669642200.0, 10.036138600000001],
[1669728600.0, 10.1127224],
[1669815000.0, 10.0872062],
[1669901400.0, 10.260239],
[1669987800.0, 10.5072554],
[1670074200.0, 10.672371],
[1670160600.0, 12.600552599999999],
[1670247000.0, 10.648189543674405],
[1670333400.0, 11.2199024],
[1670419800.0, 11.0486872],
[1670506200.0, 11.2769196],
[1670592600.0, 11.3018904],
[1670679000.0, 10.8468092],
[1670765400.0, 10.692843],
[1670851800.0, 11.155244],
[1670938200.0, 11.6089716],
[1671024600.0, 10.5044614],
[1671111000.0, 10.6201774],
[1671197400.0, 10.3789128],
[1671283800.0, 10.331700199999998],
[1671370200.0, 10.948102999999998],
[1671456600.0, 10.6442364],
[1671543000.0, 10.654545],
[1671629400.0, 11.040536999999999],
[1671715800.0, 11.282086399999997],
[1671802200.0, 11.888547999999998],
[1671888600.0, 11.585769599999999],
[1671975000.0, 12.0998086],
[1672061400.0, 10.6474412],
[1672147800.0, 11.612790799999999],
[1672234200.0, 11.276262000000001],
[1672320600.0, 11.032702],
[1672407000.0, 11.554391799999998],
[1672493400.0, 11.6527888],
[1672579800.0, 11.6733364],
[1672666200.0, 11.1306648],
[1672752600.0, 11.221121559313023],
[1672839000.0, 11.792745170277923],
[1672925400.0, 11.139995696488263],
[1673011800.0, 11.462274124023045],
[1673098200.0, 10.949928020519131],
[1673184600.0, 11.243323465415681],
[1673271000.0, 11.271604336043442],
[1673357400.0, 11.305056140697957],
[1673443800.0, 11.169560050937829],
[1673530200.0, 11.142311755138943],
[1673616600.0, 11.500469334247823],
[1673703000.0, 11.61572098236676],
[1673789400.0, 12.06391613025242],
[1673875800.0, 11.520815344888884],
[1673962200.0, 11.879908198021125],
[1674048600.0, 11.970236887569639],
[1674135000.0, 12.002918859309094],
[1674221400.0, 12.785341811093009],
[1674307800.0, 12.009679334169807],
[1674394200.0, 12.423351227797454],
[1674480600.0, 12.263408527062273],
[1674567000.0, 12.258686582047897],
[1674653400.0, 12.336279182250374],
[1674739800.0, 12.285610455618125],
[1674826200.0, 11.961689133467695],
[1674912600.0, 12.297720269663035],
[1674999000.0, 12.462317825877914],
[1675085400.0, 12.419364090562262],
[1675171800.0, 13.468477731954653],
[1675258200.0, 12.823650150767417],
[1675344600.0, 12.06361303447986],
[1675431000.0, 12.335858598810969],
[1675517400.0, 11.720894029603132],
[1675603800.0, 11.989066549644855],
[1675690200.0, 11.869367687679542],
[1675776600.0, 12.548632724484406],
[1675863000.0, 12.548296665780118],
[1675949400.0, 12.548296665780118],
