[1635773400.0, 0.726545],
[1635859800.0, 0.726375],
[1635946200.0, 0.8337450000000001],
[1636032600.0, 0.820765],
[1636119000.0, 0.8096650000000001],
[1636205400.0, 0.800185],
[1636291800.0, 0.8095600000000001],
[1636378200.0, 0.8253699999999999],
[1636464600.0, 0.85297],
[1636551000.0, 0.855405],
[1636637400.0, 0.8504550000000001],
[1636723800.0, 0.764095],
[1636810200.0, 0.8371149999999999],
[1636896600.0, 0.8231200000000001],
[1636983000.0, 0.804025],
[1637069400.0, 0.79771],
[1637155800.0, 0.79216],
[1637242200.0, 0.771395],
[1637328600.0, 0.76553],
[1637415000.0, 0.724045],
[1637501400.0, 0.8630950000000001],
[1637587800.0, 0.824515],
[1637674200.0, 0.7765299999999999],
[1637760600.0, 0.7721800000000001],
[1637847000.0, 0.78573],
[1637933400.0, 0.779865],
[1638019800.0, 0.781515],
[1638106200.0, 0.7798799999999999],
[1638192600.0, 0.8030449999999999],
[1638279000.0, 0.7898],
[1638365400.0, 0.79735],
[1638451800.0, 0.790885],
[1638538200.0, 0.78037],
[1638624600.0, 0.781135],
[1638711000.0, 0.770635],
[1638797400.0, 0.7728200000000001],
[1638883800.0, 0.771185],
[1638970200.0, 0.76701],
[1639056600.0, 0.766855],
[1639143000.0, 0.792955],
[1639229400.0, 0.81722],
[1639315800.0, 0.78831],
[1639402200.0, 0.771495],
[1639488600.0, 0.7724949999999999],
[1639575000.0, 0.77281],
[1639661400.0, 0.80545],
[1639747800.0, 0.8128299999999999],
[1639834200.0, 0.7967799999999999],
[1639920600.0, 0.8086049999999999],
[1640007000.0, 0.8059149999999999],
[1640093400.0, 0.8308850000000001],
[1640179800.0, 0.8292350000000002],
[1640266200.0, 0.821675],
[1640352600.0, 0.84047],
[1640439000.0, 0.82754],
[1640525400.0, 0.82562],
[1640611800.0, 0.8172050000000002],
[1640698200.0, 0.82416],
[1640784600.0, 0.820145],
[1640871000.0, 0.7980349999999999],
[1640957400.0, 0.79289],
[1641043800.0, 0.80423],
[1641130200.0, 0.81428],
[1641216600.0, 0.863915],
[1641303000.0, 0.869315],
[1641389400.0, 0.87248],
[1641475800.0, 0.875645],
[1641562200.0, 0.9229400000000001],
[1641648600.0, 0.92889],
[1641735000.0, 0.971275],
[1641821400.0, 0.94969],
[1641907800.0, 0.94224],
[1641994200.0, 0.88882],
[1642080600.0, 0.88317],
[1642167000.0, 0.84149],
[1642253400.0, 0.785975],
[1642339800.0, 0.829735],
[1642426200.0, 0.864355],
[1642512600.0, 0.876305],
[1642599000.0, 0.83002],
[1642685400.0, 0.815305],
[1642771800.0, 0.81284],
[1642858200.0, 0.812805],
[1642944600.0, 0.806805],
[1643031000.0, 0.80064],
[1643117400.0, 0.80572],
[1643203800.0, 0.8238650000000001],
[1643290200.0, 0.8221149999999999],
[1643376600.0, 0.875465],
[1643463000.0, 0.8465450000000001],
[1643549400.0, 0.824045],
[1643635800.0, 0.824045],
[1643722200.0, 0.824045],
[1643808600.0, 0.9962799999999999],
[1643895000.0, 0.96573],
[1643981400.0, 0.99459],
[1644067800.0, 1.126745],
[1644154200.0, 0.998105],
[1644240600.0, 1.098395],
[1644327000.0, 1.089755],
[1644413400.0, 1.0564750000000003],
[1644499800.0, 0.9950350000000001],
[1644586200.0, 1.032335],
[1644672600.0, 0.9601700000000001],
[1644759000.0, 0.927195],
[1644845400.0, 0.9138700000000001],
[1644931800.0, 0.90804],
[1645018200.0, 0.89646],
[1645104600.0, 0.8950100000000001],
[1645191000.0, 0.92971],
[1645277400.0, 0.9864550000000001],
[1645363800.0, 0.81166],
[1645450200.0, 0.795905],
[1645536600.0, 0.78464],
[1645623000.0, 0.77112],
[1645709400.0, 0.719305],
[1645795800.0, 0.759055],
[1645882200.0, 0.770305],
[1645968600.0, 0.7779550000000001],
[1646055000.0, 0.74614],
[1646141400.0, 0.748105],
[1646227800.0, 1.2115400000000003],
[1646314200.0, 1.2068750000000001],
[1646400600.0, 1.324755],
[1646487000.0, 1.00967],
[1646573400.0, 1.027245],
[1646659800.0, 0.991465],
[1646746200.0, 1.0803650000000002],
[1646832600.0, 1.0612],
[1646919000.0, 1.05585],
[1647005400.0, 1.060965],
[1647091800.0, 1.05135],
[1647178200.0, 1.029955],
[1647264600.0, 1.0110050000000002],
[1647351000.0, 2.9674],
[1647437400.0, 2.9644950000000008],
[1647523800.0, 2.9568799999999995],
[1647610200.0, 2.98979],
[1647696600.0, 2.9942800000000003],
[1647783000.0, 2.9203],
[1647869400.0, 2.9298400000000004],
[1647955800.0, 2.94831],
[1648042200.0, 2.9783500000000003],
[1648128600.0, 2.9654249999999998],
[1648215000.0, 2.98658],
[1648301400.0, 1.01672],
[1648387800.0, 1.00682],
[1648474200.0, 1.00564],
[1648560600.0, 1.0032750000000001],
[1648647000.0, 0.99048],
[1648733400.0, 0.990065],
[1648819800.0, 0.9744149999999999],
[1648906200.0, 0.975595],
[1648996200.0, 0.9780449999999999],
[1649082600.0, 2.94493],
[1649169000.0, 2.9828550000000007],
[1649255400.0, 2.94609],
[1649341800.0, 0.9942599999999999],
[1649428200.0, 1.005375],
[1649514600.0, 1.00819],
[1649601000.0, 1.00819],
[1649687400.0, 1.00819],
[1649773800.0, 1.00819],
[1649860200.0, 1.003225],
[1649946600.0, 0.979565],
[1650033000.0, 1.0187],
[1650119400.0, 1.00633],
[1650205800.0, 1.005445],
[1650292200.0, 2.678165],
[1650378600.0, 2.6810150000000004],
[1650465000.0, 0.9892699999999999],
[1650551400.0, 0.9892699999999999],
[1650637800.0, 0.9892699999999999],
[1650724200.0, 0.991805],
[1650810600.0, 0.9872750000000001],
[1650897000.0, 0.9868300000000001],
[1650983400.0, 0.98363],
[1651069800.0, 0.98388],
[1651156200.0, 0.97835],
[1651242600.0, 1.02038],
[1651329000.0, 0.9836400000000001],
[1651415400.0, 1.0217100000000001],
[1651501800.0, 1.00851],
[1651588200.0, 0.989795],
[1651674600.0, 1.0089800000000002],
[1651761000.0, 1.002795],
[1651847400.0, 0.9893900000000001],
[1651933800.0, 0.977225],
[1652020200.0, 0.956195],
[1652106600.0, 0.9388899999999998],
[1652193000.0, 0.954305],
[1652279400.0, 0.94589],
[1652365800.0, 0.92917],
[1652452200.0, 0.9098850000000002],
[1652538600.0, 0.93337],
[1652625000.0, 0.9507100000000002],
[1652711400.0, 0.943845],
[1652797800.0, 0.899075],
[1652884200.0, 0.94099],
[1652970600.0, 0.8882699999999999],
[1653057000.0, 0.9077500000000001],
[1653143400.0, 0.887755],
[1653229800.0, 0.881305],
[1653316200.0, 0.865945],
[1653402600.0, 0.855565],
[1653489000.0, 0.8473649999999999],
[1653575400.0, 0.83808],
[1653661800.0, 0.818115],
[1653748200.0, 0.82555],
[1653834600.0, 0.842795],
[1653921000.0, 0.855825],
[1654007400.0, 0.88625],
[1654093800.0, 0.910015],
[1654180200.0, 0.9125049999999999],
[1654266600.0, 0.9166350000000001],
[1654353000.0, 0.92367],
[1654439400.0, 0.91872],
[1654525800.0, 0.9283849999999999],
[1654612200.0, 0.90927],
[1654698600.0, 0.9218350000000001],
[1654785000.0, 0.92707],
[1654871400.0, 0.937495],
[1654957800.0, 0.9297949999999999],
[1655044200.0, 0.9399949999999999],
[1655130600.0, 0.9280250000000001],
[1655217000.0, 0.9212950000000001],
[1655303400.0, 0.9318949999999999],
[1655389800.0, 0.9207400000000001],
[1655476200.0, 0.935255],
[1655562600.0, 0.9253399999999999],
[1655649000.0, 0.934905],
[1655735400.0, 0.926075],
[1655821800.0, 0.932055],
[1655908200.0, 0.906755],
[1655994600.0, 0.9002699999999999],
[1656081000.0, 0.9056500000000001],
[1656167400.0, 0.9449649999999999],
[1656253800.0, 0.963345],
[1656340200.0, 0.980785],
[1656426600.0, 1.00225],
[1656513000.0, 1.003315],
[1656599400.0, 0.9190150000000001],
[1656685800.0, 0.914165],
[1656772200.0, 0.911615],
[1656858600.0, 0.9259999999999999],
[1656945000.0, 0.9378599999999999],
[1657031400.0, 0.920895],
[1657117800.0, 0.9313400000000001],
[1657204200.0, 0.92679],
[1657290600.0, 0.9196549999999999],
[1657377000.0, 0.9006199999999999],
[1657463400.0, 0.948685],
[1657549800.0, 0.940515],
[1657636200.0, 0.94848],
[1657722600.0, 0.987195],
[1657809000.0, 0.96743],
[1657895400.0, 0.975295],
[1657981800.0, 0.91608],
[1658068200.0, 0.9167999999999998],
[1658154600.0, 0.900975],
[1658241000.0, 0.9142650000000001],
[1658327400.0, 0.906865],
[1658413800.0, 0.8942500000000001],
[1658500200.0, 0.967],
[1658586600.0, 0.9742450000000001],
[1658673000.0, 0.9545500000000001],
[1658759400.0, 0.9474549999999999],
[1658845800.0, 0.9333749999999998],
[1658932200.0, 0.93306],
[1659018600.0, 0.9322699999999999],
[1659105000.0, 0.90609],
[1659191400.0, 0.948205],
[1659277800.0, 0.9384400000000002],
[1659364200.0, 0.935835],
[1659450600.0, 0.935385],
[1659537000.0, 0.9458950000000002],
[1659623400.0, 0.9163000000000001],
[1659709800.0, 0.91191],
[1659796200.0, 0.907225],
[1659882600.0, 0.91516],
[1659969000.0, 0.91726],
[1660055400.0, 0.9440599999999999],
[1660141800.0, 0.945965],
[1660228200.0, 0.9628349999999999],
[1660314600.0, 0.91636],
[1660401000.0, 0.91636],
[1660487400.0, 0.91636],
[1660573800.0, 0.91636],
[1660660200.0, 1.030445],
[1660746600.0, 0.9984750000000001],
[1660833000.0, 0.98821],
[1660919400.0, 0.98289],
[1661005800.0, 0.975125],
[1661092200.0, 0.97709],
[1661178600.0, 0.97007],
[1661265000.0, 0.958475],
[1661351400.0, 0.95784],
[1661437800.0, 1.036775],
[1661524200.0, 1.059895],
[1661610600.0, 1.0145950000000001],
[1661697000.0, 1.064095],
[1661783400.0, 1.059315],
[1661869800.0, 1.0528650000000002],
[1661956200.0, 1.06573],
[1662042600.0, 1.0689799999999998],
[1662129000.0, 1.063895],
[1662215400.0, 1.050715],
[1662301800.0, 1.0465],
[1662388200.0, 1.01594],
[1662474600.0, 0.9904899999999999],
[1662561000.0, 1.0051800000000002],
[1662647400.0, 0.998745],
[1662733800.0, 0.9971650000000001],
[1662820200.0, 0.9916799999999999],
[1662906600.0, 0.9916450000000001],
[1662993000.0, 0.98373],
[1663079400.0, 1.0011649999999999],
[1663165800.0, 0.999495],
[1663252200.0, 0.977125],
[1663338600.0, 0.9849000000000001],
[1663425000.0, 0.9775999999999999],
[1663511400.0, 0.974505],
[1663597800.0, 0.988],
[1663684200.0, 0.9734],
[1663770600.0, 0.9525900000000002],
[1663857000.0, 0.94271],
[1663943400.0, 0.9886149999999999],
[1664029800.0, 1.1773850000000001],
[1664116200.0, 1.1016000000000001],
[1664202600.0, 1.107815],
[1664289000.0, 1.0848650000000002],
[1664375400.0, 1.0677699999999999],
[1664461800.0, 1.16282],
[1664548200.0, 1.232505],
[1664634600.0, 1.13442],
[1664717400.0, 1.11414],
[1664803800.0, 1.06848],
[1664890200.0, 1.07553],
[1664976600.0, 1.047975],
[1665063000.0, 1.014],
[1665149400.0, 1.030935],
[1665235800.0, 0.9651749999999999],
[1665322200.0, 0.989865],
[1665408600.0, 0.9873149999999999],
[1665495000.0, 1.02855],
[1665581400.0, 1.086025],
[1665667800.0, 1.125405],
[1665754200.0, 1.0926099999999999],
[1665840600.0, 1.01993],
[1665927000.0, 1.011505],
[1666013400.0, 1.011455],
[1666099800.0, 0.98162],
[1666186200.0, 0.9948600000000001],
[1666272600.0, 0.9998950000000001],
[1666359000.0, 1.00846],
[1666445400.0, 1.00846],
[1666531800.0, 1.015765],
[1666618200.0, 0.993565],
[1666704600.0, 1.013535],
[1666791000.0, 0.9755649999999999],
[1666877400.0, 0.96102],
[1666963800.0, 0.9402],
[1667050200.0, 0.974215],
[1667136600.0, 0.9535],
[1667223000.0, 0.965565],
[1667309400.0, 1.01533],
[1667395800.0, 1.0018],
[1667482200.0, 0.9842550000000001],
[1667568600.0, 1.031755],
[1667655000.0, 1.03082],
[1667741400.0, 1.01052],
[1667827800.0, 1.0004000000000002],
[1667914200.0, 1.0101300000000002],
[1668000600.0, 1.0219950000000002],
[1668087000.0, 1.003015],
[1668173400.0, 1.05186],
[1668259800.0, 1.0448250000000001],
[1668346200.0, 1.0445449999999998],
[1668432600.0, 1.045645],
[1668519000.0, 1.032025],
[1668605400.0, 1.0256800000000001],
[1668691800.0, 1.023965],
[1668778200.0, 1.02275],
[1668864600.0, 1.04148],
[1668951000.0, 1.02983],
[1669037400.0, 1.035365],
[1669123800.0, 1.067565],
[1669210200.0, 1.092435],
[1669296600.0, 1.240755],
[1669383000.0, 1.0441449999999999],
[1669469400.0, 1.14778],
[1669555800.0, 1.11536],
[1669642200.0, 1.135575],
[1669728600.0, 1.122565],
[1669815000.0, 1.112085],
[1669901400.0, 1.1036899999999998],
[1669987800.0, 1.10034],
[1670074200.0, 1.1070250000000001],
[1670160600.0, 1.79617],
[1670247000.0, 1.4532500000000002],
[1670333400.0, 1.40057],
[1670419800.0, 1.31407],
[1670506200.0, 1.2751900000000003],
[1670592600.0, 1.34647],
[1670679000.0, 1.312395],
[1670765400.0, 1.245555],
[1670851800.0, 1.26255],
[1670938200.0, 1.3337849999999998],
[1671024600.0, 1.248395],
[1671111000.0, 1.233145],
[1671197400.0, 1.2547549999999998],
[1671283800.0, 1.22499],
[1671370200.0, 1.199595],
[1671456600.0, 1.25318],
[1671543000.0, 1.248795],
[1671629400.0, 1.2408299999999999],
[1671715800.0, 1.2276500000000001],
[1671802200.0, 1.2228350000000001],
[1671888600.0, 1.20602],
[1671975000.0, 1.199585],
[1672061400.0, 1.1551049999999998],
[1672147800.0, 1.0927200000000001],
[1672234200.0, 1.05411],
[1672320600.0, 1.046125],
[1672407000.0, 1.03695],
[1672493400.0, 1.003685],
[1672579800.0, 1.025115],
[1672666200.0, 1.008665],
[1672752600.0, 1.03975],
[1672839000.0, 1.025565],
[1672925400.0, 1.00417],
[1673011800.0, 1.01355],
[1673098200.0, 1.0024],
[1673184600.0, 1.0140799999999999],
[1673271000.0, 1.0161550000000001],
[1673357400.0, 1.01667],
[1673443800.0, 1.014955],
[1673530200.0, 1.02339],
[1673616600.0, 1.02864],
[1673703000.0, 1.0408899999999999],
[1673789400.0, 1.1017],
[1673875800.0, 1.1107150000000001],
[1673962200.0, 1.110735],
[1674048600.0, 1.111385],
[1674135000.0, 1.068125],
[1674221400.0, 1.068575],
[1674307800.0, 1.0851],
[1674394200.0, 1.082665],
[1674480600.0, 1.092865],
[1674567000.0, 1.117915],
[1674653400.0, 1.143965],
[1674739800.0, 1.134465],
[1674826200.0, 1.1836350000000002],
[1674912600.0, 1.1783850000000002],
[1674999000.0, 1.1615600000000001],
[1675085400.0, 1.150595],
[1675171800.0, 1.23393],
[1675258200.0, 1.2245300000000001],
[1675344600.0, 1.149995],
[1675431000.0, 1.2253250000000002],
[1675517400.0, 1.198555],
[1675603800.0, 1.184235],
[1675690200.0, 1.1709900000000002],
[1675776600.0, 1.1563050000000001],
[1675863000.0, 1.1563050000000001],
[1675949400.0, 1.1563050000000001],
