[1635773400.0, 87.27480872483221],
[1635859800.0, 88.54560201342282],
[1635946200.0, 82.79661543624161],
[1636032600.0, 75.67876845637585],
[1636119000.0, 77.11162483221476],
[1636205400.0, 73.83444093959733],
[1636291800.0, 70.26299328859061],
[1636378200.0, 80.1683932885906],
[1636464600.0, 94.34312348993289],
[1636551000.0, 93.47696979865772],
[1636637400.0, 93.40779261744967],
[1636723800.0, 92.47991610738255],
[1636810200.0, 95.85762617449664],
[1636896600.0, 94.32095570469798],
[1636983000.0, 92.6280677852349],
[1637069400.0, 92.0502456375839],
[1637155800.0, 92.23024966442954],
[1637242200.0, 92.70805838926175],
[1637328600.0, 91.98769798657719],
[1637415000.0, 94.85706375838927],
[1637501400.0, 96.03760201342283],
[1637587800.0, 103.10134966442952],
[1637674200.0, 93.97639865771812],
[1637760600.0, 96.30787382550336],
[1637847000.0, 86.46996644295302],
[1637933400.0, 89.81692147651007],
[1638019800.0, 91.74356979865772],
[1638106200.0, 85.52091543624162],
[1638192600.0, 100.3026691275168],
[1638279000.0, 94.45768859060404],
[1638365400.0, 85.42825906040268],
[1638451800.0, 93.36175906040268],
[1638538200.0, 88.97808456375839],
[1638624600.0, 94.19920201342282],
[1638711000.0, 92.41224899328859],
[1638797400.0, 99.58186577181208],
[1638883800.0, 99.84127315436241],
[1638970200.0, 140.27916644295303],
[1639056600.0, 133.33704899328856],
[1639143000.0, 130.50547583892617],
[1639229400.0, 121.90603758389263],
[1639315800.0, 117.28173825503356],
[1639402200.0, 124.91526644295301],
[1639488600.0, 132.46307852348994],
[1639575000.0, 131.17838791946306],
[1639661400.0, 130.24719597315433],
[1639747800.0, 104.224688590604],
[1639834200.0, 89.44398657718119],
[1639920600.0, 88.85772684563759],
[1640007000.0, 101.96610939597315],
[1640093400.0, 99.41713355704698],
[1640179800.0, 98.87444765100672],
[1640266200.0, 97.94537382550335],
[1640352600.0, 134.12101879194634],
[1640439000.0, 134.0543785234899],
[1640525400.0, 133.59789530201343],
[1640611800.0, 98.89202483221477],
[1640698200.0, 98.31758657718122],
[1640784600.0, 96.97355503355706],
[1640871000.0, 120.13198859060401],
[1640957400.0, 115.26134362416107],
[1641043800.0, 115.24327919463086],
[1641130200.0, 120.10865503355706],
[1641216600.0, 94.6952342281879],
[1641303000.0, 151.0514543624161],
[1641389400.0, 122.5262523489933],
[1641475800.0, 156.21243288590605],
[1641562200.0, 155.4658738255034],
[1641648600.0, 143.5130053691275],
[1641735000.0, 141.84900335570472],
[1641821400.0, 141.70013288590604],
[1641907800.0, 141.54229530201343],
[1641994200.0, 140.90195167785237],
[1642080600.0, 133.03140805369128],
[1642167000.0, 97.30629127516778],
[1642253400.0, 92.68096577181207],
[1642339800.0, 90.9187],
[1642426200.0, 91.34225973154362],
[1642512600.0, 89.82898859060403],
[1642599000.0, 87.88777181208054],
[1642685400.0, 86.42529194630872],
[1642771800.0, 85.61649127516777],
[1642858200.0, 83.48293489932887],
[1642944600.0, 81.49376979865772],
[1643031000.0, 84.81074093959732],
[1643117400.0, 85.68716510067115],
[1643203800.0, 84.82113892617448],
[1643290200.0, 84.76021140939598],
[1643376600.0, 84.35067449664429],
[1643463000.0, 86.52554966442953],
[1643549400.0, 87.07806510067113],
[1643635800.0, 87.07806510067113],
[1643722200.0, 87.07806510067113],
[1643808600.0, 98.72221744966443],
[1643895000.0, 98.52031812080536],
[1643981400.0, 124.6532979865772],
[1644067800.0, 124.66768657718123],
[1644154200.0, 124.87278187919466],
[1644240600.0, 127.5853899328859],
[1644327000.0, 99.21848523489932],
[1644413400.0, 107.0589577181208],
[1644499800.0, 107.41031610738256],
[1644586200.0, 98.49873489932887],
[1644672600.0, 99.19710469798657],
[1644759000.0, 101.15984093959732],
[1644845400.0, 135.46693825503357],
[1644931800.0, 108.59036778523489],
[1645018200.0, 100.90343355704698],
[1645104600.0, 97.83247114093959],
[1645191000.0, 95.67104026845638],
[1645277400.0, 120.6894033557047],
[1645363800.0, 108.64378523489933],
[1645450200.0, 93.83404899328859],
[1645536600.0, 104.48682147651007],
[1645623000.0, 107.57912214765099],
[1645709400.0, 92.97521409395972],
[1645795800.0, 92.06481275167783],
[1645882200.0, 95.8194476510067],
[1645968600.0, 94.0937067114094],
[1646055000.0, 110.32085369127515],
[1646141400.0, 108.04582080536913],
[1646227800.0, 109.60898523489932],
[1646314200.0, 109.92308120805369],
[1646400600.0, 128.73099261744966],
[1646487000.0, 103.6287932885906],
[1646573400.0, 125.94442751677852],
[1646659800.0, 121.4288731543624],
[1646746200.0, 119.94269865771811],
[1646832600.0, 123.52492080536912],
[1646919000.0, 102.58012751677852],
[1647005400.0, 96.16624228187919],
[1647091800.0, 100.22570335570468],
[1647178200.0, 100.57990805369126],
[1647264600.0, 99.22578590604026],
[1647351000.0, 115.4352053691275],
[1647437400.0, 117.56227046979866],
[1647523800.0, 105.31435436241611],
[1647610200.0, 97.91298389261745],
[1647696600.0, 97.80658523489932],
[1647783000.0, 93.10828724832214],
[1647869400.0, 106.77409664429528],
[1647955800.0, 107.98695704697987],
[1648042200.0, 99.14862416107381],
[1648128600.0, 98.47184496644294],
[1648215000.0, 85.87842953020134],
[1648301400.0, 82.8943355704698],
[1648387800.0, 81.0661476510067],
[1648474200.0, 98.5425154362416],
[1648560600.0, 93.72704093959732],
[1648647000.0, 83.4541288590604],
[1648733400.0, 83.3312865771812],
[1648819800.0, 82.30797785234898],
[1648906200.0, 87.47225167785236],
[1648996200.0, 87.10797382550335],
[1649082600.0, 91.56890872483221],
[1649169000.0, 92.27453355704698],
[1649255400.0, 94.6975288590604],
[1649341800.0, 90.3469288590604],
[1649428200.0, 90.10618187919462],
[1649514600.0, 89.83048724832214],
[1649601000.0, 89.83048724832214],
[1649687400.0, 89.83048724832214],
[1649773800.0, 89.83048724832214],
[1649860200.0, 89.69037919463088],
[1649946600.0, 100.13416979865772],
[1650033000.0, 101.20074630872482],
[1650119400.0, 99.92917181208054],
[1650205800.0, 97.67603288590605],
[1650292200.0, 98.29576174496644],
[1650378600.0, 98.17250402684564],
[1650465000.0, 92.2957033557047],
[1650551400.0, 92.2957033557047],
[1650637800.0, 92.2957033557047],
[1650724200.0, 88.85182617449665],
[1650810600.0, 90.35250671140939],
[1650897000.0, 90.28173557046979],
[1650983400.0, 89.72823489932885],
[1651069800.0, 93.68982281879195],
[1651156200.0, 90.81619194630872],
[1651242600.0, 91.8096510067114],
[1651329000.0, 95.06937181208055],
[1651415400.0, 96.38019463087248],
[1651501800.0, 92.81518791946309],
[1651588200.0, 104.5279134228188],
[1651674600.0, 105.56675704697986],
[1651761000.0, 98.82125838926176],
[1651847400.0, 97.57211140939596],
[1651933800.0, 94.09283825503356],
[1652020200.0, 93.43383288590604],
[1652106600.0, 99.17011140939597],
[1652193000.0, 95.45289731543623],
[1652279400.0, 92.41517181208054],
[1652365800.0, 91.11189395973155],
[1652452200.0, 85.59930805369127],
[1652538600.0, 86.1541543624161],
[1652625000.0, 84.65491946308725],
[1652711400.0, 80.35319798657719],
[1652797800.0, 79.49757248322146],
[1652884200.0, 76.96355570469798],
[1652970600.0, 78.03125234899329],
[1653057000.0, 75.02438791946308],
[1653143400.0, 75.34749194630874],
[1653229800.0, 78.24537516778524],
[1653316200.0, 78.73040067114097],
[1653402600.0, 79.3608355704698],
[1653489000.0, 78.30762483221477],
[1653575400.0, 80.0679865771812],
[1653661800.0, 76.96667315436241],
[1653748200.0, 76.65157181208055],
[1653834600.0, 77.89037785234899],
[1653921000.0, 80.43296979865771],
[1654007400.0, 100.2457033557047],
[1654093800.0, 85.94455503355704],
[1654180200.0, 87.66042214765102],
[1654266600.0, 89.79526107382549],
[1654353000.0, 85.83178389261745],
[1654439400.0, 83.45145503355704],
[1654525800.0, 79.62823154362415],
[1654612200.0, 87.85890604026845],
[1654698600.0, 86.61898724832216],
[1654785000.0, 84.74682013422819],
[1654871400.0, 82.06205570469798],
[1654957800.0, 82.60159395973155],
[1655044200.0, 82.68199395973154],
[1655130600.0, 77.93737516778525],
[1655217000.0, 84.91113758389261],
[1655303400.0, 90.1317067114094],
[1655389800.0, 90.4333422818792],
[1655476200.0, 89.33795906040267],
[1655562600.0, 86.74216375838925],
[1655649000.0, 86.96296711409397],
[1655735400.0, 86.8394865771812],
[1655821800.0, 88.16784362416107],
[1655908200.0, 87.9457255033557],
[1655994600.0, 86.8853355704698],
[1656081000.0, 89.36228590604027],
[1656167400.0, 83.4027899328859],
[1656253800.0, 107.6515308724832],
[1656340200.0, 106.75854295302014],
[1656426600.0, 106.40562818791945],
[1656513000.0, 106.42122617449665],
[1656599400.0, 107.3522087248322],
[1656685800.0, 105.70342617449664],
[1656772200.0, 107.84568791946309],
[1656858600.0, 85.81729395973154],
[1656945000.0, 83.3846577181208],
[1657031400.0, 82.81491744966442],
[1657117800.0, 81.60631677852349],
[1657204200.0, 80.76011677852351],
[1657290600.0, 92.49350805369127],
[1657377000.0, 91.04173154362415],
[1657463400.0, 89.60532416107382],
[1657549800.0, 87.49423288590606],
[1657636200.0, 89.67059597315436],
[1657722600.0, 77.35973355704697],
[1657809000.0, 74.92257852348992],
[1657895400.0, 74.16861677852349],
[1657981800.0, 73.08049932885906],
[1658068200.0, 73.0441288590604],
[1658154600.0, 72.59836711409395],
[1658241000.0, 73.59426644295301],
[1658327400.0, 72.60611610738255],
[1658413800.0, 74.1877946308725],
[1658500200.0, 77.40931543624161],
[1658586600.0, 78.35083825503355],
[1658673000.0, 84.6824067114094],
[1658759400.0, 90.87488791946309],
[1658845800.0, 89.51681275167785],
[1658932200.0, 89.03651275167785],
[1659018600.0, 86.71594496644296],
[1659105000.0, 85.81116644295301],
[1659191400.0, 84.13218859060403],
[1659277800.0, 83.72475436241612],
[1659364200.0, 88.68402080536912],
[1659450600.0, 89.44623422818793],
[1659537000.0, 89.03843691275168],
[1659623400.0, 88.76025234899328],
[1659709800.0, 89.20810067114094],
[1659796200.0, 91.21812416107382],
[1659882600.0, 89.27254765100672],
[1659969000.0, 89.7575409395973],
[1660055400.0, 92.08150335570471],
[1660141800.0, 91.60993355704699],
[1660228200.0, 91.20374697986576],
[1660314600.0, 84.35914362416108],
[1660401000.0, 84.35914362416108],
[1660487400.0, 84.35914362416108],
[1660573800.0, 84.35914362416108],
[1660660200.0, 92.93925973154361],
[1660746600.0, 89.38980604026845],
[1660833000.0, 89.77084161073826],
[1660919400.0, 86.96973825503356],
[1661005800.0, 92.22013758389262],
[1661092200.0, 89.84754228187919],
[1661178600.0, 96.6812201342282],
[1661265000.0, 93.81916979865771],
[1661351400.0, 93.97727516778524],
[1661437800.0, 98.2709120805369],
[1661524200.0, 97.29132013422819],
[1661610600.0, 102.68874295302015],
[1661697000.0, 95.41549463087249],
[1661783400.0, 96.06725033557048],
[1661869800.0, 98.1543845637584],
[1661956200.0, 94.37388859060403],
[1662042600.0, 101.26242953020135],
[1662129000.0, 98.95814966442953],
[1662215400.0, 89.72935503355706],
[1662301800.0, 94.2332832214765],
[1662388200.0, 93.49741476510066],
[1662474600.0, 93.48791812080536],
[1662561000.0, 92.28298791946308],
[1662647400.0, 85.12568657718121],
[1662733800.0, 82.69518456375839],
[1662820200.0, 87.49095302013423],
[1662906600.0, 87.00271744966443],
[1662993000.0, 87.42444161073826],
[1663079400.0, 88.1294422818792],
[1663165800.0, 88.57260604026847],
[1663252200.0, 88.59699395973155],
[1663338600.0, 93.16907919463087],
[1663425000.0, 92.58956241610738],
[1663511400.0, 91.6139899328859],
[1663597800.0, 92.15386845637583],
[1663684200.0, 91.65565637583892],
[1663770600.0, 99.18603624161075],
[1663857000.0, 95.15913691275168],
[1663943400.0, 91.86434026845637],
[1664029800.0, 94.54956308724832],
[1664116200.0, 95.40406711409396],
[1664202600.0, 93.40378456375838],
[1664289000.0, 91.43052147651007],
[1664375400.0, 91.21751812080537],
[1664461800.0, 88.9933798657718],
[1664548200.0, 90.38703422818791],
[1664634600.0, 88.91047248322147],
[1664717400.0, 89.87202684563759],
[1664803800.0, 88.82867919463087],
[1664890200.0, 88.80031812080537],
[1664976600.0, 89.20558590604026],
[1665063000.0, 87.95699597315436],
[1665149400.0, 90.17852013422818],
[1665235800.0, 89.63216577181208],
[1665322200.0, 90.67534832214766],
[1665408600.0, 90.54725838926174],
[1665495000.0, 92.10616510067115],
[1665581400.0, 95.57747449664431],
[1665667800.0, 92.45543154362416],
[1665754200.0, 92.83124429530203],
[1665840600.0, 92.9141865771812],
[1665927000.0, 92.37398187919463],
[1666013400.0, 87.49558859060402],
[1666099800.0, 86.72016107382552],
[1666186200.0, 85.88801879194632],
[1666272600.0, 85.26144093959732],
[1666359000.0, 84.84418523489931],
[1666445400.0, 84.26423087248322],
[1666531800.0, 82.04453489932885],
[1666618200.0, 77.66513087248323],
[1666704600.0, 78.39952953020135],
[1666791000.0, 81.18079261744968],
[1666877400.0, 80.5642711409396],
[1666963800.0, 82.14494496644295],
[1667050200.0, 79.85916174496643],
[1667136600.0, 78.50442416107383],
[1667223000.0, 82.80826107382549],
[1667309400.0, 85.75314496644295],
[1667395800.0, 85.55576107382551],
[1667482200.0, 86.10929597315437],
[1667568600.0, 84.86275906040268],
[1667655000.0, 84.27786308724832],
[1667741400.0, 83.35748456375839],
[1667827800.0, 85.2710765100671],
[1667914200.0, 86.02903489932886],
[1668000600.0, 82.33986241610738],
[1668087000.0, 84.07229731543624],
[1668173400.0, 86.5284],
[1668259800.0, 90.18802751677852],
[1668346200.0, 89.67618590604027],
[1668432600.0, 85.91854563758389],
[1668519000.0, 86.20499127516779],
[1668605400.0, 86.28622281879194],
[1668691800.0, 86.77419932885905],
[1668778200.0, 93.81585369127518],
[1668864600.0, 94.13960536912751],
[1668951000.0, 98.26587248322147],
[1669037400.0, 101.41847583892618],
[1669123800.0, 98.51385302013423],
[1669210200.0, 96.49885570469799],
[1669296600.0, 90.14321275167785],
[1669383000.0, 93.96562483221477],
[1669469400.0, 93.01670067114092],
[1669555800.0, 91.90588456375839],
[1669642200.0, 90.84584093959731],
[1669728600.0, 93.70691610738255],
[1669815000.0, 93.73670939597315],
[1669901400.0, 94.98121476510066],
[1669987800.0, 105.09695838926174],
[1670074200.0, 97.66329194630873],
[1670160600.0, 109.02704832214765],
[1670247000.0, 105.62827516778523],
[1670333400.0, 107.77873959731544],
[1670419800.0, 108.04092214765099],
[1670506200.0, 110.17240402684563],
[1670592600.0, 111.25964429530201],
[1670679000.0, 105.46563422818791],
[1670765400.0, 104.18752147651007],
[1670851800.0, 104.5972389261745],
[1670938200.0, 92.20281946308725],
[1671024600.0, 92.68719127516778],
[1671111000.0, 93.91042483221476],
[1671197400.0, 91.59475637583893],
[1671283800.0, 94.82877986577182],
[1671370200.0, 94.72274295302013],
[1671456600.0, 94.79513020134227],
[1671543000.0, 110.88870805369126],
[1671629400.0, 99.84890335570469],
[1671715800.0, 99.46075838926174],
[1671802200.0, 99.2769389261745],
[1671888600.0, 98.24529127516779],
[1671975000.0, 98.93925973154364],
[1672061400.0, 98.91669060402684],
[1672147800.0, 94.47751409395974],
[1672234200.0, 89.56868053691275],
[1672320600.0, 92.4411899328859],
[1672407000.0, 90.91989664429529],
[1672493400.0, 90.10575369127515],
[1672579800.0, 94.1739644295302],
[1672666200.0, 92.79243288590605],
[1672752600.0, 93.95763355704696],
[1672839000.0, 93.70789328859061],
[1672925400.0, 93.79792080536913],
[1673011800.0, 94.10642818791945],
[1673098200.0, 96.22417986577182],
[1673184600.0, 89.12504161073825],
[1673271000.0, 91.85423288590604],
[1673357400.0, 89.33037986577182],
[1673443800.0, 91.6516100671141],
[1673530200.0, 87.68575973154363],
[1673616600.0, 86.9192134228188],
[1673703000.0, 88.93544832214765],
[1673789400.0, 87.85394630872484],
[1673875800.0, 89.32567986577182],
[1673962200.0, 89.88408523489933],
[1674048600.0, 85.94932416107382],
[1674135000.0, 86.85301275167784],
[1674221400.0, 91.24865704697986],
[1674307800.0, 90.63562147651007],
[1674394200.0, 89.50357382550335],
[1674480600.0, 88.71610805369127],
[1674567000.0, 96.58229731543625],
[1674653400.0, 98.50552818791947],
[1674739800.0, 105.31210268456377],
[1674826200.0, 105.72322348993288],
[1674912600.0, 112.73265302013424],
[1674999000.0, 114.10019865771812],
[1675085400.0, 123.71130671140942],
[1675171800.0, 118.76008993288592],
[1675258200.0, 120.3844899328859],
[1675344600.0, 118.29859798657718],
[1675431000.0, 112.70553087248322],
[1675517400.0, 112.46242080536912],
[1675603800.0, 117.6776476510067],
[1675690200.0, 117.86978657718122],
[1675776600.0, 118.28274966442953],
[1675863000.0, 117.99262348993288],
[1675949400.0, 117.99262348993288],
