[1635773400.0, 6.7705],
[1635859800.0, 6.257],
[1635946200.0, 6.2765],
[1636032600.0, 6.053999999999999],
[1636119000.0, 6.211500000000001],
[1636205400.0, 6.124500000000001],
[1636291800.0, 6.047500000000001],
[1636378200.0, 5.948000000000002],
[1636464600.0, 5.963000000000001],
[1636551000.0, 5.918000000000002],
[1636637400.0, 5.920000000000001],
[1636723800.0, 5.821500000000001],
[1636810200.0, 5.819000000000001],
[1636896600.0, 6.4535],
[1636983000.0, 6.342999999999999],
[1637069400.0, 5.876499999999999],
[1637155800.0, 5.8635],
[1637242200.0, 5.944],
[1637328600.0, 5.748999999999999],
[1637415000.0, 5.8740000000000006],
[1637501400.0, 5.786499999999999],
[1637587800.0, 6.1395],
[1637674200.0, 6.115],
[1637760600.0, 5.718000000000001],
[1637847000.0, 5.549000000000001],
[1637933400.0, 5.508000000000001],
[1638019800.0, 5.422500000000001],
[1638106200.0, 5.804500000000001],
[1638192600.0, 5.568],
[1638279000.0, 5.4785],
[1638365400.0, 5.9505],
[1638451800.0, 5.9],
[1638538200.0, 5.859],
[1638624600.0, 6.0345],
[1638711000.0, 5.8855],
[1638797400.0, 6.0105],
[1638883800.0, 6.184],
[1638970200.0, 6.074499999999999],
[1639056600.0, 5.804999999999999],
[1639143000.0, 5.874],
[1639229400.0, 5.574],
[1639315800.0, 5.490500000000002],
[1639402200.0, 5.5555],
[1639488600.0, 5.4595],
[1639575000.0, 5.500500000000001],
[1639661400.0, 5.3165],
[1639747800.0, 5.304500000000001],
[1639834200.0, 5.490500000000002],
[1639920600.0, 5.544500000000001],
[1640007000.0, 5.5205],
[1640093400.0, 5.525],
[1640179800.0, 5.4190000000000005],
[1640266200.0, 5.572],
[1640352600.0, 5.541000000000001],
[1640439000.0, 5.346500000000001],
[1640525400.0, 5.4595],
[1640611800.0, 5.3420000000000005],
[1640698200.0, 5.4110000000000005],
[1640784600.0, 5.535],
[1640871000.0, 5.568],
[1640957400.0, 5.432999999999999],
[1641043800.0, 5.5295000000000005],
[1641130200.0, 5.632499999999999],
[1641216600.0, 5.751499999999999],
[1641303000.0, 5.785500000000001],
[1641389400.0, 5.742],
[1641475800.0, 5.565500000000001],
[1641562200.0, 5.7095],
[1641648600.0, 5.760500000000001],
[1641735000.0, 5.8610000000000015],
[1641821400.0, 5.854000000000001],
[1641907800.0, 5.8675],
[1641994200.0, 6.051],
[1642080600.0, 5.995],
[1642167000.0, 5.8775],
[1642253400.0, 5.722999999999999],
[1642339800.0, 5.489499999999999],
[1642426200.0, 5.552499999999998],
[1642512600.0, 5.7945],
[1642599000.0, 5.5975],
[1642685400.0, 5.1805],
[1642771800.0, 5.3975],
[1642858200.0, 5.576],
[1642944600.0, 5.566500000000001],
[1643031000.0, 5.213],
[1643117400.0, 5.273],
[1643203800.0, 5.3125],
[1643290200.0, 5.398],
[1643376600.0, 5.164],
[1643463000.0, 5.221],
[1643549400.0, 5.264999999999999],
[1643635800.0, 5.264999999999999],
[1643722200.0, 5.264999999999999],
[1643808600.0, 5.228000000000001],
[1643895000.0, 5.198],
[1643981400.0, 5.0859999999999985],
[1644067800.0, 4.922],
[1644154200.0, 5.059500000000001],
[1644240600.0, 4.9865],
[1644327000.0, 4.903999999999999],
[1644413400.0, 4.8599999999999985],
[1644499800.0, 4.967999999999998],
[1644586200.0, 5.071000000000001],
[1644672600.0, 5.0785],
[1644759000.0, 5.0665000000000004],
[1644845400.0, 5.0345],
[1644931800.0, 5.101500000000001],
[1645018200.0, 5.144],
[1645104600.0, 5.157],
[1645191000.0, 5.0615000000000006],
[1645277400.0, 4.998499999999999],
[1645363800.0, 5.077],
[1645450200.0, 5.181500000000001],
[1645536600.0, 4.799500000000001],
[1645623000.0, 5.005500000000001],
[1645709400.0, 5.325500000000001],
[1645795800.0, 5.089],
[1645882200.0, 5.080000000000001],
[1645968600.0, 5.120000000000001],
[1646055000.0, 5.3615],
[1646141400.0, 5.266499999999999],
[1646227800.0, 5.514999999999999],
[1646314200.0, 5.451499999999999],
[1646400600.0, 5.0695],
[1646487000.0, 5.465],
[1646573400.0, 5.618],
[1646659800.0, 5.464999999999999],
[1646746200.0, 5.376],
[1646832600.0, 5.297499999999999],
[1646919000.0, 5.1775],
[1647005400.0, 5.378],
[1647091800.0, 5.3515],
[1647178200.0, 5.3415],
[1647264600.0, 5.411],
[1647351000.0, 5.583499999999999],
[1647437400.0, 5.699],
[1647523800.0, 5.9485],
[1647610200.0, 6.018000000000001],
[1647696600.0, 6.111],
[1647783000.0, 6.121499999999999],
[1647869400.0, 5.854499999999999],
[1647955800.0, 5.951999999999998],
[1648042200.0, 6.024999999999999],
[1648128600.0, 5.680999999999999],
[1648215000.0, 5.741499999999999],
[1648301400.0, 5.9289999999999985],
[1648387800.0, 5.7044999999999995],
[1648474200.0, 5.4735],
[1648560600.0, 5.6535],
[1648647000.0, 5.570000000000001],
[1648733400.0, 5.897500000000002],
[1648819800.0, 5.808000000000001],
[1648906200.0, 5.753500000000001],
[1648996200.0, 5.896000000000001],
[1649082600.0, 6.0515],
[1649169000.0, 6.3515],
[1649255400.0, 6.188],
[1649341800.0, 6.29],
[1649428200.0, 6.180999999999999],
[1649514600.0, 6.5525],
[1649601000.0, 6.4315],
[1649687400.0, 6.428999999999999],
[1649773800.0, 6.49],
[1649860200.0, 6.498],
[1649946600.0, 6.450499999999998],
[1650033000.0, 6.4319999999999995],
[1650119400.0, 6.641],
[1650205800.0, 6.788000000000001],
[1650292200.0, 6.686],
[1650378600.0, 6.6775],
[1650465000.0, 6.783000000000001],
[1650551400.0, 6.783000000000001],
[1650637800.0, 6.783000000000001],
[1650724200.0, 6.632999999999998],
[1650810600.0, 6.498],
[1650897000.0, 6.540000000000001],
[1650983400.0, 6.5685],
[1651069800.0, 6.299500000000001],
[1651156200.0, 6.5905000000000005],
[1651242600.0, 6.5545],
[1651329000.0, 6.462999999999999],
[1651415400.0, 6.544],
[1651501800.0, 6.477999999999999],
[1651588200.0, 6.449999999999998],
[1651674600.0, 6.469500000000001],
[1651761000.0, 6.3134999999999994],
[1651847400.0, 6.5760000000000005],
[1651933800.0, 6.452000000000001],
[1652020200.0, 6.5295000000000005],
[1652106600.0, 6.579999999999998],
[1652193000.0, 6.704000000000001],
[1652279400.0, 6.652499999999998],
[1652365800.0, 6.821499999999999],
[1652452200.0, 6.5844999999999985],
[1652538600.0, 6.725],
[1652625000.0, 6.7620000000000005],
[1652711400.0, 6.786500000000001],
[1652797800.0, 6.710500000000001],
[1652884200.0, 6.7955],
[1652970600.0, 6.571500000000002],
[1653057000.0, 6.572000000000001],
[1653143400.0, 6.390499999999999],
[1653229800.0, 6.3415],
[1653316200.0, 6.2955],
[1653402600.0, 6.271999999999999],
[1653489000.0, 6.1625],
[1653575400.0, 6.305000000000001],
[1653661800.0, 6.313000000000001],
[1653748200.0, 6.660500000000001],
[1653834600.0, 6.6955],
[1653921000.0, 6.587999999999998],
[1654007400.0, 6.583499999999999],
[1654093800.0, 6.6754999999999995],
[1654180200.0, 6.805],
[1654266600.0, 6.843499999999999],
[1654353000.0, 6.810999999999998],
[1654439400.0, 6.8485],
[1654525800.0, 6.782500000000001],
[1654612200.0, 6.895999999999998],
[1654698600.0, 6.767999999999999],
[1654785000.0, 6.705000000000001],
[1654871400.0, 6.6625],
[1654957800.0, 6.8845],
[1655044200.0, 6.738999999999999],
[1655130600.0, 6.7364999999999995],
[1655217000.0, 6.739500000000001],
[1655303400.0, 6.895500000000001],
[1655389800.0, 6.896500000000001],
[1655476200.0, 7.0635],
[1655562600.0, 6.955000000000001],
[1655649000.0, 6.93],
[1655735400.0, 7.005],
[1655821800.0, 6.904500000000001],
[1655908200.0, 6.691000000000001],
[1655994600.0, 6.662000000000001],
[1656081000.0, 6.6899999999999995],
[1656167400.0, 6.736499999999998],
[1656253800.0, 6.720999999999999],
[1656340200.0, 6.8260000000000005],
[1656426600.0, 6.803999999999999],
[1656513000.0, 6.747],
[1656599400.0, 6.737999999999998],
[1656685800.0, 6.643499999999999],
[1656772200.0, 6.596999999999999],
[1656858600.0, 6.677],
[1656945000.0, 6.5655],
[1657031400.0, 6.3155],
[1657117800.0, 6.375500000000001],
[1657204200.0, 6.411],
[1657290600.0, 6.3325000000000005],
[1657377000.0, 6.555500000000002],
[1657463400.0, 6.489999999999999],
[1657549800.0, 6.541999999999999],
[1657636200.0, 6.611],
[1657722600.0, 6.659000000000001],
[1657809000.0, 6.646000000000003],
[1657895400.0, 6.7065],
[1657981800.0, 6.404000000000001],
[1658068200.0, 6.4940000000000015],
[1658154600.0, 6.566500000000002],
[1658241000.0, 6.5205],
[1658327400.0, 6.516],
[1658413800.0, 6.608500000000001],
[1658500200.0, 6.5569999999999995],
[1658586600.0, 6.63],
[1658673000.0, 6.421000000000001],
[1658759400.0, 6.5390000000000015],
[1658845800.0, 6.6955],
[1658932200.0, 6.663000000000001],
[1659018600.0, 6.611999999999999],
[1659105000.0, 6.9],
[1659191400.0, 6.6865],
[1659277800.0, 6.39],
[1659364200.0, 6.479000000000001],
[1659450600.0, 6.1195],
[1659537000.0, 6.400499999999999],
[1659623400.0, 6.324],
[1659709800.0, 6.422499999999999],
[1659796200.0, 6.3950000000000005],
[1659882600.0, 6.606],
[1659969000.0, 6.666500000000001],
[1660055400.0, 6.660499999999999],
[1660141800.0, 6.674499999999999],
[1660228200.0, 6.911499999999999],
[1660314600.0, 6.956999999999999],
[1660401000.0, 6.956999999999999],
[1660487400.0, 6.956999999999999],
[1660573800.0, 6.956999999999999],
[1660660200.0, 7.135499999999999],
[1660746600.0, 7.002],
[1660833000.0, 6.862],
[1660919400.0, 6.812],
[1661005800.0, 6.8155],
[1661092200.0, 6.836],
[1661178600.0, 6.903499999999999],
[1661265000.0, 6.838000000000001],
[1661351400.0, 6.8149999999999995],
[1661437800.0, 6.8004999999999995],
[1661524200.0, 6.894499999999999],
[1661610600.0, 7.008999999999999],
[1661697000.0, 6.9375],
[1661783400.0, 6.854000000000002],
[1661869800.0, 6.832000000000001],
[1661956200.0, 7.2444999999999995],
[1662042600.0, 6.8985],
[1662129000.0, 7.211],
[1662215400.0, 7.1785],
[1662301800.0, 7.226000000000001],
[1662388200.0, 7.3315],
[1662474600.0, 7.368499999999999],
[1662561000.0, 7.079499999999998],
[1662647400.0, 7.092999999999998],
[1662733800.0, 7.0550000000000015],
[1662820200.0, 7.080499999999999],
[1662906600.0, 7.303499999999997],
[1662993000.0, 7.2204999999999995],
[1663079400.0, 7.047999999999999],
[1663165800.0, 7.054499999999999],
[1663252200.0, 7.088999999999999],
[1663338600.0, 7.208999999999999],
[1663425000.0, 7.157999999999999],
[1663511400.0, 6.894],
[1663597800.0, 6.743690338397736],
[1663684200.0, 6.770037906401112],
[1663770600.0, 6.552267003695401],
[1663857000.0, 6.411999999999999],
[1663943400.0, 6.2269999999999985],
[1664029800.0, 6.14],
[1664116200.0, 6.2675],
[1664202600.0, 6.301499999999999],
[1664289000.0, 6.831999999999999],
[1664375400.0, 6.866499999999999],
[1664461800.0, 6.938],
[1664548200.0, 6.729136469063446],
[1664634600.0, 6.656596302026107],
[1664717400.0, 6.585742382043064],
[1664803800.0, 6.82253783972763],
[1664890200.0, 6.0145606105926985],
[1664976600.0, 6.338419114890324],
[1665063000.0, 6.5714938244418395],
[1665149400.0, 6.660594908917102],
[1665235800.0, 6.417604049094942],
[1665322200.0, 6.5565808781655885],
[1665408600.0, 6.5186930443728555],
[1665495000.0, 6.564080210678675],
[1665581400.0, 6.82],
[1665667800.0, 6.694000000000001],
[1665754200.0, 6.660500000000001],
[1665840600.0, 6.7595],
[1665927000.0, 6.723999999999999],
[1666013400.0, 6.644500000000001],
[1666099800.0, 6.8855],
[1666186200.0, 6.794500000000001],
[1666272600.0, 6.961499999999999],
[1666359000.0, 6.9935],
[1666445400.0, 6.7995],
[1666531800.0, 6.815500000000002],
[1666618200.0, 6.603999999999999],
[1666704600.0, 6.608999999999999],
[1666791000.0, 6.541499999999999],
[1666877400.0, 6.675500000000001],
[1666963800.0, 6.675500000000001],
[1667050200.0, 6.7965],
[1667136600.0, 6.888],
[1667223000.0, 6.866],
[1667309400.0, 7.014999999999999],
[1667395800.0, 7.017999999999999],
[1667482200.0, 6.947999999999999],
[1667568600.0, 6.536499999999999],
[1667655000.0, 6.792],
[1667741400.0, 6.911],
[1667827800.0, 7.1484999999999985],
[1667914200.0, 7.089000000000001],
[1668000600.0, 8.059999999999999],
[1668087000.0, 7.767999999999999],
[1668173400.0, 8.096],
[1668259800.0, 8.043000000000001],
[1668346200.0, 8.104999999999999],
[1668432600.0, 8.026],
[1668519000.0, 7.994999999999997],
[1668605400.0, 7.888],
[1668691800.0, 7.789499999999999],
[1668778200.0, 7.679],
[1668864600.0, 7.6370000000000005],
[1668951000.0, 7.6205],
[1669037400.0, 7.651000000000001],
[1669123800.0, 7.660000000000001],
[1669210200.0, 6.945000000000003],
[1669296600.0, 7.140500000000001],
[1669383000.0, 7.064000000000002],
[1669469400.0, 7.0715],
[1669555800.0, 8.152500000000002],
[1669642200.0, 7.625],
[1669728600.0, 7.609],
[1669815000.0, 8.362000000000002],
[1669901400.0, 8.417000000000002],
[1669987800.0, 8.407],
[1670074200.0, 8.4285],
[1670160600.0, 7.870500000000002],
[1670247000.0, 7.745000000000003],
[1670333400.0, 7.862],
[1670419800.0, 7.768500000000001],
[1670506200.0, 7.769000000000003],
[1670592600.0, 7.636999999999999],
[1670679000.0, 7.464500000000001],
[1670765400.0, 7.3515000000000015],
[1670851800.0, 7.530500000000001],
[1670938200.0, 7.218000000000002],
[1671024600.0, 7.437],
[1671111000.0, 7.4405],
[1671197400.0, 7.4384999999999994],
[1671283800.0, 7.520499999999998],
[1671370200.0, 7.812500000000003],
[1671456600.0, 7.658500000000002],
[1671543000.0, 7.522943766108954],
[1671629400.0, 7.502807568901213],
[1671715800.0, 7.188740014503493],
[1671802200.0, 7.844231712623672],
[1671888600.0, 7.894145061068684],
[1671975000.0, 7.810547798549237],
[1672061400.0, 8.015416731020476],
[1672147800.0, 7.296615023497184],
[1672234200.0, 7.509601739610801],
[1672320600.0, 7.554272109570666],
[1672407000.0, 7.513148398989332],
[1672493400.0, 7.462873900152364],
[1672579800.0, 7.568431066856067],
[1672666200.0, 7.404028403382242],
[1672752600.0, 7.483414613003703],
[1672839000.0, 7.13790052192752],
[1672925400.0, 7.148588454735285],
[1673011800.0, 7.186805995650825],
[1673098200.0, 7.098068634864829],
[1673184600.0, 7.237467172770079],
[1673271000.0, 7.145555753587328],
[1673357400.0, 6.999500000000002],
[1673443800.0, 7.097000000000001],
[1673530200.0, 7.294499999999999],
[1673616600.0, 7.4315],
[1673703000.0, 7.3485],
[1673789400.0, 7.5095],
[1673875800.0, 7.3665],
[1673962200.0, 7.505000000000001],
[1674048600.0, 7.567500000000003],
[1674135000.0, 7.495],
[1674221400.0, 7.526999999999999],
[1674307800.0, 7.711],
[1674394200.0, 7.5409999999999995],
[1674480600.0, 7.6385000000000005],
[1674567000.0, 7.661],
[1674653400.0, 7.417],
[1674739800.0, 7.4565],
[1674826200.0, 7.450000000000001],
[1674912600.0, 8.182500000000001],
[1674999000.0, 8.213500000000002],
[1675085400.0, 8.0245],
[1675171800.0, 7.991500000000002],
[1675258200.0, 7.964500000000003],
[1675344600.0, 8.471500000000002],
[1675431000.0, 8.209000000000001],
[1675517400.0, 7.722000000000001],
[1675603800.0, 7.898999999999999],
[1675690200.0, 8.057500000000001],
[1675776600.0, 7.958500000000001],
[1675863000.0, 7.958500000000001],
[1675949400.0, 7.958500000000001],
