[1635773400.0, 0.7652625],
[1635859800.0, 0.794099],
[1635946200.0, 0.7419577500000001],
[1636032600.0, 0.76632775],
[1636119000.0, 0.7692747500000001],
[1636205400.0, 0.7653580000000001],
[1636291800.0, 0.76162925],
[1636378200.0, 0.75859225],
[1636464600.0, 0.7273912500000002],
[1636551000.0, 0.64698525],
[1636637400.0, 0.7039297500000001],
[1636723800.0, 0.7137435000000001],
[1636810200.0, 0.70467875],
[1636896600.0, 0.66400875],
[1636983000.0, 0.67047225],
[1637069400.0, 0.6647747500000001],
[1637155800.0, 0.6475097500000001],
[1637242200.0, 0.6411380000000002],
[1637328600.0, 0.6645652500000001],
[1637415000.0, 0.6640792500000001],
[1637501400.0, 0.66860675],
[1637587800.0, 0.6836425],
[1637674200.0, 0.6866927500000001],
[1637760600.0, 0.6524310000000001],
[1637847000.0, 0.63121575],
[1637933400.0, 0.6345135000000001],
[1638019800.0, 0.6409475],
[1638106200.0, 0.62253425],
[1638192600.0, 0.6258220000000001],
[1638279000.0, 0.6056665],
[1638365400.0, 0.57945075],
[1638451800.0, 0.5811677500000001],
[1638538200.0, 0.61864725],
[1638624600.0, 0.64318425],
[1638711000.0, 0.6575562500000001],
[1638797400.0, 0.7098805000000001],
[1638883800.0, 0.7374304999999999],
[1638970200.0, 0.7585205000000002],
[1639056600.0, 0.7442977499999999],
[1639143000.0, 0.747581],
[1639229400.0, 0.7438497500000001],
[1639315800.0, 0.72478975],
[1639402200.0, 0.73479275],
[1639488600.0, 0.7567845000000001],
[1639575000.0, 0.72256625],
[1639661400.0, 0.71164025],
[1639747800.0, 0.7011605000000001],
[1639834200.0, 0.692983],
[1639920600.0, 0.671019],
[1640007000.0, 0.6568387500000001],
[1640093400.0, 0.6169635],
[1640179800.0, 0.60241825],
[1640266200.0, 0.6147752500000001],
[1640352600.0, 0.6352292500000001],
[1640439000.0, 0.63068875],
[1640525400.0, 0.6142382500000001],
[1640611800.0, 0.6288355000000001],
[1640698200.0, 0.6399367499999999],
[1640784600.0, 0.63366425],
[1640871000.0, 0.6487145000000001],
[1640957400.0, 0.65654975],
[1641043800.0, 0.6749680000000001],
[1641130200.0, 0.6764785],
[1641216600.0, 0.6786670000000001],
[1641303000.0, 0.6920185],
[1641389400.0, 0.69430175],
[1641475800.0, 0.7176512500000001],
[1641562200.0, 0.7281622500000001],
[1641648600.0, 0.6995412500000001],
[1641735000.0, 0.71406075],
[1641821400.0, 0.7146077500000001],
[1641907800.0, 0.7272435],
[1641994200.0, 0.734529],
[1642080600.0, 0.7418275],
[1642167000.0, 0.719241],
[1642253400.0, 0.7055215],
[1642339800.0, 0.693589],
[1642426200.0, 0.7182527500000002],
[1642512600.0, 0.68799325],
[1642599000.0, 0.6852847500000001],
[1642685400.0, 0.67138775],
[1642771800.0, 0.6481720000000001],
[1642858200.0, 0.6564485],
[1642944600.0, 0.6553470000000001],
[1643031000.0, 0.6509217500000001],
[1643117400.0, 0.64781825],
[1643203800.0, 0.657387],
[1643290200.0, 0.6706935],
[1643376600.0, 0.673361],
[1643463000.0, 0.6989590000000001],
[1643549400.0, 0.69922675],
[1643635800.0, 0.69922675],
[1643722200.0, 0.69922675],
[1643808600.0, 0.68870925],
[1643895000.0, 0.710415],
[1643981400.0, 0.7251405000000001],
[1644067800.0, 0.74484025],
[1644154200.0, 0.749215],
[1644240600.0, 0.7632542500000001],
[1644327000.0, 0.769961],
[1644413400.0, 0.7598490000000001],
[1644499800.0, 0.7567200000000001],
[1644586200.0, 0.7676495000000001],
[1644672600.0, 0.7759320000000001],
[1644759000.0, 0.7943034999999999],
[1644845400.0, 0.8394152500000001],
[1644931800.0, 0.85768825],
[1645018200.0, 0.884005],
[1645104600.0, 0.8717364999999999],
[1645191000.0, 0.87574825],
[1645277400.0, 0.88106975],
[1645363800.0, 0.88346675],
[1645450200.0, 0.88661],
[1645536600.0, 0.9125762500000001],
[1645623000.0, 0.8860442500000001],
[1645709400.0, 0.8933000000000001],
[1645795800.0, 0.92066475],
[1645882200.0, 0.9059977500000002],
[1645968600.0, 0.8805664999999999],
[1646055000.0, 0.9073487500000001],
[1646141400.0, 0.89994225],
[1646227800.0, 0.8956615],
[1646314200.0, 0.9016940000000001],
[1646400600.0, 0.9157195],
[1646487000.0, 0.935497],
[1646573400.0, 0.931494],
[1646659800.0, 0.9644695000000001],
[1646746200.0, 0.93215325],
[1646832600.0, 0.9225162500000001],
[1646919000.0, 0.9159377500000001],
[1647005400.0, 0.92916925],
[1647091800.0, 0.9341217500000001],
[1647178200.0, 0.9343760000000001],
[1647264600.0, 0.9334695],
[1647351000.0, 0.94312725],
[1647437400.0, 0.9377400000000001],
[1647523800.0, 0.9328892500000001],
[1647610200.0, 0.9345600000000001],
[1647696600.0, 0.94075675],
[1647783000.0, 0.9460660000000001],
[1647869400.0, 0.9510050000000001],
[1647955800.0, 0.95433175],
[1648042200.0, 0.96430875],
[1648128600.0, 0.9596877500000001],
[1648215000.0, 0.9616720000000001],
[1648301400.0, 0.9750945000000001],
[1648387800.0, 0.9729545],
[1648474200.0, 0.9726207500000001],
[1648560600.0, 0.9717765],
[1648647000.0, 0.9763907500000001],
[1648733400.0, 1.00333675],
[1648819800.0, 1.001778],
[1648906200.0, 1.00284575],
[1648996200.0, 1.0009865],
[1649082600.0, 1.0013005],
[1649169000.0, 1.05149625],
[1649255400.0, 1.09138175],
[1649341800.0, 1.0662660000000002],
[1649428200.0, 1.0667582500000001],
[1649514600.0, 1.1147095],
[1649601000.0, 1.1099707500000002],
[1649687400.0, 1.1245570000000003],
[1649773800.0, 1.11165225],
[1649860200.0, 1.13004925],
[1649946600.0, 1.13897425],
[1650033000.0, 1.1283575000000001],
[1650119400.0, 1.1017160000000001],
[1650205800.0, 1.08269775],
[1650292200.0, 1.0448840000000001],
[1650378600.0, 1.11081625],
[1650465000.0, 1.07075125],
[1650551400.0, 1.07075125],
[1650637800.0, 1.07075125],
[1650724200.0, 1.1128287500000003],
[1650810600.0, 1.113292],
[1650897000.0, 1.1225685],
[1650983400.0, 1.1358335000000002],
[1651069800.0, 1.112393],
[1651156200.0, 1.1033940000000002],
[1651242600.0, 1.1074212500000002],
[1651329000.0, 1.0970240000000002],
[1651415400.0, 1.0741432499999999],
[1651501800.0, 1.08611325],
[1651588200.0, 1.0816427499999999],
[1651674600.0, 1.02036125],
[1651761000.0, 0.9678100000000001],
[1651847400.0, 0.9308307500000002],
[1651933800.0, 0.9372855000000001],
[1652020200.0, 0.9210462500000001],
[1652106600.0, 0.9132715000000001],
[1652193000.0, 0.9343325],
[1652279400.0, 0.9153692500000001],
[1652365800.0, 0.9118395000000001],
[1652452200.0, 0.9250015],
[1652538600.0, 0.9240115000000001],
[1652625000.0, 0.9224815],
[1652711400.0, 0.923394],
[1652797800.0, 0.9125085000000001],
[1652884200.0, 0.9119000000000002],
[1652970600.0, 0.8335392500000001],
[1653057000.0, 0.84334125],
[1653143400.0, 0.838908],
[1653229800.0, 0.8025215000000001],
[1653316200.0, 0.8141930000000001],
[1653402600.0, 0.813646],
[1653489000.0, 0.836635],
[1653575400.0, 0.8330455000000001],
[1653661800.0, 0.8173632500000001],
[1653748200.0, 0.8254707500000001],
[1653834600.0, 0.82661625],
[1653921000.0, 0.8286380000000001],
[1654007400.0, 0.8416647500000001],
[1654093800.0, 0.8780895000000002],
[1654180200.0, 0.8744210000000001],
[1654266600.0, 0.8361385],
[1654353000.0, 0.8501695],
[1654439400.0, 0.841733],
[1654525800.0, 0.819751],
[1654612200.0, 0.8230205],
[1654698600.0, 0.8482805],
[1654785000.0, 0.808162],
[1654871400.0, 0.8309635],
[1654957800.0, 0.8511905],
[1655044200.0, 0.8804730000000001],
[1655130600.0, 0.85050325],
[1655217000.0, 0.853703],
[1655303400.0, 0.8293730000000001],
[1655389800.0, 0.8300985000000001],
[1655476200.0, 0.81678525],
[1655562600.0, 0.8304687500000001],
[1655649000.0, 0.87120425],
[1655735400.0, 0.8597185],
[1655821800.0, 0.8443532500000002],
[1655908200.0, 0.8444115],
[1655994600.0, 0.83922875],
[1656081000.0, 0.8362327500000001],
[1656167400.0, 0.84419775],
[1656253800.0, 0.8402885],
[1656340200.0, 0.8244410000000001],
[1656426600.0, 0.8140650000000001],
[1656513000.0, 0.8215245],
[1656599400.0, 0.82549775],
[1656685800.0, 0.8176555000000001],
[1656772200.0, 0.8124155000000001],
[1656858600.0, 0.8051127500000002],
[1656945000.0, 0.81685725],
[1657031400.0, 0.7800564999999999],
[1657117800.0, 0.782379],
[1657204200.0, 0.799775],
[1657290600.0, 0.8205467499999999],
[1657377000.0, 0.80860375],
[1657463400.0, 0.8256600000000001],
[1657549800.0, 0.8305065],
[1657636200.0, 0.8850485],
[1657722600.0, 0.8858242500000001],
[1657809000.0, 0.8650850000000002],
[1657895400.0, 0.87413525],
[1657981800.0, 0.87623775],
[1658068200.0, 0.88734975],
[1658154600.0, 0.91482375],
[1658241000.0, 0.9229377500000001],
[1658327400.0, 0.9177385],
[1658413800.0, 0.9099012500000001],
[1658500200.0, 0.8997040000000001],
[1658586600.0, 0.907024],
[1658673000.0, 0.9112790000000001],
[1658759400.0, 0.88963025],
[1658845800.0, 0.8829552500000001],
[1658932200.0, 0.9117962500000001],
[1659018600.0, 0.8935914999999999],
[1659105000.0, 0.8994185000000001],
[1659191400.0, 0.9165235],
[1659277800.0, 0.9137625],
[1659364200.0, 0.9137625],
[1659450600.0, 0.9283390000000001],
[1659537000.0, 0.9150035000000001],
[1659623400.0, 0.9305992500000001],
[1659709800.0, 0.9588132500000002],
[1659796200.0, 0.97338325],
[1659882600.0, 0.9778117500000001],
[1659969000.0, 0.97664475],
[1660055400.0, 0.95704475],
[1660141800.0, 0.963499],
[1660228200.0, 0.9915067500000001],
[1660314600.0, 0.9847565],
[1660401000.0, 0.9847565],
[1660487400.0, 0.9847565],
[1660573800.0, 0.9847565],
[1660660200.0, 0.9491665],
[1660746600.0, 0.9363090000000001],
[1660833000.0, 0.9574280000000002],
[1660919400.0, 0.9309595],
[1661005800.0, 0.9143777500000001],
[1661092200.0, 0.9309740000000002],
[1661178600.0, 0.923192],
[1661265000.0, 0.9208572500000001],
[1661351400.0, 0.9267960000000001],
[1661437800.0, 0.9204224999999999],
[1661524200.0, 0.92720225],
[1661610600.0, 0.9503137500000001],
[1661697000.0, 0.969519],
[1661783400.0, 0.9579875000000001],
[1661869800.0, 0.928952],
[1661956200.0, 0.9260775000000001],
[1662042600.0, 0.93524825],
[1662129000.0, 0.91201325],
[1662215400.0, 0.91724925],
[1662301800.0, 0.92984325],
[1662388200.0, 0.9255494999999999],
[1662474600.0, 0.9272447500000001],
[1662561000.0, 0.93364625],
[1662647400.0, 0.93277675],
[1662733800.0, 0.964066],
[1662820200.0, 0.9488885000000001],
[1662906600.0, 0.95849525],
[1662993000.0, 0.979211],
[1663079400.0, 0.9702492500000001],
[1663165800.0, 0.9381085],
[1663252200.0, 0.9465402500000001],
[1663338600.0, 0.9282135],
[1663425000.0, 0.94872175],
[1663511400.0, 0.9171155],
[1663597800.0, 0.94648375],
[1663684200.0, 0.956214],
[1663770600.0, 0.95293575],
[1663857000.0, 0.9400102499999999],
[1663943400.0, 0.9637450000000001],
[1664029800.0, 0.99035175],
[1664116200.0, 0.984222],
[1664202600.0, 0.95517575],
[1664289000.0, 0.965751],
[1664375400.0, 0.9696377500000002],
[1664461800.0, 0.9650557500000001],
[1664548200.0, 0.9767385],
[1664634600.0, 0.87953225],
[1664717400.0, 0.97106325],
[1664803800.0, 0.9866087500000001],
[1664890200.0, 0.9859800000000002],
[1664976600.0, 0.9792020000000001],
[1665063000.0, 0.95938875],
[1665149400.0, 0.9881460000000002],
[1665235800.0, 1.0292097500000001],
[1665322200.0, 1.049643],
[1665408600.0, 1.0344212500000003],
[1665495000.0, 1.04919025],
[1665581400.0, 1.0569385],
[1665667800.0, 1.0356232500000002],
[1665754200.0, 1.0549295],
[1665840600.0, 1.02479775],
[1665927000.0, 1.0272620000000001],
[1666013400.0, 1.0450995],
[1666099800.0, 1.0890235],
[1666186200.0, 1.0630600000000001],
[1666272600.0, 1.062549],
[1666359000.0, 1.05423975],
[1666445400.0, 1.0170440000000003],
[1666531800.0, 0.9710062500000001],
[1666618200.0, 0.9692092499999999],
[1666704600.0, 0.991798],
[1666791000.0, 1.01551925],
[1666877400.0, 1.021311],
[1666963800.0, 1.01600675],
[1667050200.0, 1.01778725],
[1667136600.0, 1.00733075],
[1667223000.0, 1.0249427500000001],
[1667309400.0, 1.0851062138407188],
[1667395800.0, 1.0460495],
[1667482200.0, 1.03458225],
[1667568600.0, 1.0317901311949074],
[1667655000.0, 1.0609179457867774],
[1667741400.0, 1.0404702575662887],
[1667827800.0, 1.0395998028999838],
[1667914200.0, 1.050235081787818],
[1668000600.0, 1.0856350522760168],
[1668087000.0, 1.0349937098190005],
[1668173400.0, 1.0326990299933172],
[1668259800.0, 1.040110247448546],
[1668346200.0, 1.0756567071049812],
[1668432600.0, 1.0571336802031222],
[1668519000.0, 1.06810375],
[1668605400.0, 1.083539],
[1668691800.0, 1.04873075],
[1668778200.0, 1.063857],
[1668864600.0, 1.0678],
[1668951000.0, 1.0423680000000002],
[1669037400.0, 1.0200360000000002],
[1669123800.0, 1.008212],
[1669210200.0, 1.00225525],
[1669296600.0, 0.99113225],
[1669383000.0, 0.9846572499999999],
[1669469400.0, 0.990988],
[1669555800.0, 0.9679540000000001],
[1669642200.0, 0.96404575],
[1669728600.0, 0.99443475],
[1669815000.0, 1.0276680000000002],
[1669901400.0, 1.05370275],
[1669987800.0, 1.05606525],
[1670074200.0, 1.0494094999999999],
[1670160600.0, 1.0615935],
[1670247000.0, 1.0548885000000001],
[1670333400.0, 1.0766665000000002],
[1670419800.0, 1.1270570000000002],
[1670506200.0, 1.0746035],
[1670592600.0, 1.13460375],
[1670679000.0, 1.13424625],
[1670765400.0, 1.1170255],
[1670851800.0, 1.11910075],
[1670938200.0, 1.1165632499999998],
[1671024600.0, 1.07777025],
[1671111000.0, 1.12060825],
[1671197400.0, 1.1371764999999998],
[1671283800.0, 1.13206375],
[1671370200.0, 1.17140225],
[1671456600.0, 1.12696025],
[1671543000.0, 1.1969512500000001],
[1671629400.0, 1.150689],
[1671715800.0, 1.15028225],
[1671802200.0, 1.1053730000000002],
[1671888600.0, 1.11568275],
[1671975000.0, 1.1760525],
[1672061400.0, 1.1495665000000002],
[1672147800.0, 1.1759835],
[1672234200.0, 1.1041345],
[1672320600.0, 1.1402090000000003],
[1672407000.0, 1.1340265],
[1672493400.0, 1.09155675],
[1672579800.0, 1.10209225],
[1672666200.0, 1.1125984999999998],
[1672752600.0, 1.11719425],
[1672839000.0, 1.107059],
[1672925400.0, 1.1049980000000001],
[1673011800.0, 1.15239175],
[1673098200.0, 1.1327150000000001],
[1673184600.0, 1.202079],
[1673271000.0, 1.21288575],
[1673357400.0, 1.223658],
[1673443800.0, 1.288202],
[1673530200.0, 1.29346825],
[1673616600.0, 1.3590827499999998],
[1673703000.0, 1.3695460000000002],
[1673789400.0, 1.3678475000000003],
[1673875800.0, 1.41064125],
[1673962200.0, 1.42529275],
[1674048600.0, 1.3562165000000002],
[1674135000.0, 1.4239332500000002],
[1674221400.0, 1.347509],
[1674307800.0, 1.408413],
[1674394200.0, 1.4183827500000001],
[1674480600.0, 1.3862652500000001],
[1674567000.0, 1.4145052500000002],
[1674653400.0, 1.40995975],
[1674739800.0, 1.4467649999999999],
[1674826200.0, 1.450073],
[1674912600.0, 1.4926910000000002],
[1674999000.0, 1.48755025],
[1675085400.0, 1.451101],
[1675171800.0, 1.4533892500000003],
[1675258200.0, 1.5006705],
[1675344600.0, 1.4778717500000003],
[1675431000.0, 1.4964555000000002],
[1675517400.0, 1.4415820000000001],
[1675603800.0, 1.4534622500000003],
[1675690200.0, 1.60151675],
[1675776600.0, 1.40952425],
[1675863000.0, 1.40952425],
[1675949400.0, 1.40952425],
