[1635773400.0, 4.672842],
[1635859800.0, 4.7321195],
[1635946200.0, 4.60960725],
[1636032600.0, 4.777745],
[1636119000.0, 4.884618000000001],
[1636205400.0, 4.915851],
[1636291800.0, 4.80621175],
[1636378200.0, 4.81155325],
[1636464600.0, 4.55322875],
[1636551000.0, 4.24567475],
[1636637400.0, 4.589470250000001],
[1636723800.0, 4.5894390000000005],
[1636810200.0, 4.502624],
[1636896600.0, 4.350124500000001],
[1636983000.0, 4.344065250000001],
[1637069400.0, 4.32250875],
[1637155800.0, 4.34221575],
[1637242200.0, 4.3125675],
[1637328600.0, 4.38376325],
[1637415000.0, 4.3692400000000005],
[1637501400.0, 4.35137025],
[1637587800.0, 4.300375],
[1637674200.0, 4.2716205],
[1637760600.0, 4.17853075],
[1637847000.0, 4.1680295],
[1637933400.0, 4.12392725],
[1638019800.0, 4.12585825],
[1638106200.0, 4.074525500000001],
[1638192600.0, 4.08320725],
[1638279000.0, 4.121676],
[1638365400.0, 4.120089000000001],
[1638451800.0, 4.12216425],
[1638538200.0, 4.162134],
[1638624600.0, 4.23715775],
[1638711000.0, 4.487941],
[1638797400.0, 4.689067],
[1638883800.0, 4.822747000000001],
[1638970200.0, 4.7583062499999995],
[1639056600.0, 4.76791575],
[1639143000.0, 4.7103045],
[1639229400.0, 4.782316],
[1639315800.0, 4.7241972500000005],
[1639402200.0, 4.7446744999999995],
[1639488600.0, 4.70596375],
[1639575000.0, 4.6529565],
[1639661400.0, 4.434559999999999],
[1639747800.0, 4.500298],
[1639834200.0, 4.43444325],
[1639920600.0, 4.451276750000001],
[1640007000.0, 4.4257805],
[1640093400.0, 4.374251500000001],
[1640179800.0, 4.351407],
[1640266200.0, 4.2832215],
[1640352600.0, 4.35498325],
[1640439000.0, 4.423720250000001],
[1640525400.0, 4.347809],
[1640611800.0, 4.359324],
[1640698200.0, 4.361663750000001],
[1640784600.0, 4.378385250000001],
[1640871000.0, 4.4796777500000005],
[1640957400.0, 4.58191275],
[1641043800.0, 4.50226825],
[1641130200.0, 4.60172525],
[1641216600.0, 4.451300249999999],
[1641303000.0, 4.506408250000001],
[1641389400.0, 4.4947005],
[1641475800.0, 4.54446525],
[1641562200.0, 4.577038],
[1641648600.0, 4.547346500000001],
[1641735000.0, 4.56607325],
[1641821400.0, 4.656627],
[1641907800.0, 4.58895425],
[1641994200.0, 4.6047105],
[1642080600.0, 4.56972825],
[1642167000.0, 4.629485],
[1642253400.0, 4.5277442500000005],
[1642339800.0, 4.5185295000000005],
[1642426200.0, 4.57613725],
[1642512600.0, 4.441464000000001],
[1642599000.0, 4.47770325],
[1642685400.0, 4.570368],
[1642771800.0, 4.433973],
[1642858200.0, 4.422553],
[1642944600.0, 4.2783145000000005],
[1643031000.0, 4.283257249999999],
[1643117400.0, 4.249773749999999],
[1643203800.0, 4.3029035],
[1643290200.0, 4.31450175],
[1643376600.0, 4.312658],
[1643463000.0, 4.3198355],
[1643549400.0, 4.2912300000000005],
[1643635800.0, 4.2912300000000005],
[1643722200.0, 4.2912300000000005],
[1643808600.0, 4.1984840000000005],
[1643895000.0, 4.198412],
[1643981400.0, 4.3987805],
[1644067800.0, 4.428495250000001],
[1644154200.0, 4.497158250000001],
[1644240600.0, 4.450304750000001],
[1644327000.0, 4.4857907500000005],
[1644413400.0, 4.39109075],
[1644499800.0, 4.56096],
[1644586200.0, 4.55371075],
[1644672600.0, 4.579013],
[1644759000.0, 4.486758],
[1644845400.0, 4.726753250000001],
[1644931800.0, 4.7472765],
[1645018200.0, 4.737164],
[1645104600.0, 4.7904545],
[1645191000.0, 4.9339717499999995],
[1645277400.0, 5.06282375],
[1645363800.0, 5.064695250000001],
[1645450200.0, 5.13222725],
[1645536600.0, 5.154616750000001],
[1645623000.0, 5.127350750000001],
[1645709400.0, 5.01171825],
[1645795800.0, 4.9795815],
[1645882200.0, 4.9269895],
[1645968600.0, 4.95694],
[1646055000.0, 5.024407],
[1646141400.0, 4.997499749999999],
[1646227800.0, 4.942362],
[1646314200.0, 4.744129750000001],
[1646400600.0, 4.9470925],
[1646487000.0, 5.01290675],
[1646573400.0, 5.00831725],
[1646659800.0, 4.9724465],
[1646746200.0, 4.972719500000001],
[1646832600.0, 5.035988000000001],
[1646919000.0, 5.072336750000001],
[1647005400.0, 5.1465085],
[1647091800.0, 5.14265925],
[1647178200.0, 5.31559825],
[1647264600.0, 5.321352250000001],
[1647351000.0, 5.385537749999999],
[1647437400.0, 5.3036259999999995],
[1647523800.0, 5.32411925],
[1647610200.0, 5.3409505],
[1647696600.0, 5.3912510000000005],
[1647783000.0, 5.41397325],
[1647869400.0, 5.3677025],
[1647955800.0, 5.307934250000001],
[1648042200.0, 5.503536750000001],
[1648128600.0, 5.426149250000001],
[1648215000.0, 5.524818],
[1648301400.0, 5.37371925],
[1648387800.0, 5.4608065],
[1648474200.0, 5.48532175],
[1648560600.0, 5.556158749999999],
[1648647000.0, 5.551034],
[1648733400.0, 5.676764749999999],
[1648819800.0, 5.797466250000001],
[1648906200.0, 5.6735955],
[1648996200.0, 5.7632315],
[1649082600.0, 5.65301475],
[1649169000.0, 5.70257325],
[1649255400.0, 5.626651],
[1649341800.0, 5.640548500000001],
[1649428200.0, 5.674289749999999],
[1649514600.0, 5.8665],
[1649601000.0, 5.7800435000000006],
[1649687400.0, 5.80558675],
[1649773800.0, 5.643255000000001],
[1649860200.0, 5.752312250000001],
[1649946600.0, 5.72810475],
[1650033000.0, 5.54329575],
[1650119400.0, 5.662098250000001],
[1650205800.0, 5.65932875],
[1650292200.0, 5.797124250000001],
[1650378600.0, 5.8069535000000005],
[1650465000.0, 5.787083],
[1650551400.0, 5.787083],
[1650637800.0, 5.787083],
[1650724200.0, 5.623548250000001],
[1650810600.0, 5.591558750000001],
[1650897000.0, 5.5489415],
[1650983400.0, 5.505676],
[1651069800.0, 5.562965],
[1651156200.0, 5.629126250000001],
[1651242600.0, 5.5156425],
[1651329000.0, 5.448943249999999],
[1651415400.0, 5.4579095],
[1651501800.0, 5.4291535],
[1651588200.0, 5.36375175],
[1651674600.0, 5.063036250000001],
[1651761000.0, 4.98475175],
[1651847400.0, 4.96702275],
[1651933800.0, 4.90229975],
[1652020200.0, 4.82920475],
[1652106600.0, 4.8562235000000005],
[1652193000.0, 4.73276025],
[1652279400.0, 4.77449925],
[1652365800.0, 4.7385395],
[1652452200.0, 4.80306575],
[1652538600.0, 4.79047025],
[1652625000.0, 4.78654325],
[1652711400.0, 4.7513795000000005],
[1652797800.0, 4.7512575],
[1652884200.0, 4.7746115],
[1652970600.0, 4.6744520000000005],
[1653057000.0, 4.715240750000001],
[1653143400.0, 4.625573],
[1653229800.0, 4.73407625],
[1653316200.0, 4.6125815],
[1653402600.0, 4.65908725],
[1653489000.0, 4.6317335],
[1653575400.0, 4.61512525],
[1653661800.0, 4.479824750000001],
[1653748200.0, 4.5367625],
[1653834600.0, 4.48245275],
[1653921000.0, 4.40186525],
[1654007400.0, 4.38466175],
[1654093800.0, 4.43907825],
[1654180200.0, 4.445666750000001],
[1654266600.0, 4.4050365000000005],
[1654353000.0, 4.29296375],
[1654439400.0, 4.3660195],
[1654525800.0, 4.38634525],
[1654612200.0, 4.32905425],
[1654698600.0, 4.2499],
[1654785000.0, 4.47810625],
[1654871400.0, 4.4324885],
[1654957800.0, 4.419906500000001],
[1655044200.0, 4.46643925],
[1655130600.0, 4.36805625],
[1655217000.0, 4.3220295],
[1655303400.0, 4.390702],
[1655389800.0, 4.20798075],
[1655476200.0, 4.23133275],
[1655562600.0, 4.207802],
[1655649000.0, 4.23269],
[1655735400.0, 4.151493250000001],
[1655821800.0, 4.101244250000001],
[1655908200.0, 4.20971275],
[1655994600.0, 4.150193750000001],
[1656081000.0, 3.9044647500000007],
[1656167400.0, 3.9304715000000003],
[1656253800.0, 4.065921250000001],
[1656340200.0, 4.0549865],
[1656426600.0, 4.1011145],
[1656513000.0, 4.160788],
[1656599400.0, 4.1239187500000005],
[1656685800.0, 4.2474695],
[1656772200.0, 4.28681725],
[1656858600.0, 4.1972890000000005],
[1656945000.0, 4.305048500000001],
[1657031400.0, 4.2548805000000005],
[1657117800.0, 4.190638000000001],
[1657204200.0, 4.240468],
[1657290600.0, 4.3394965],
[1657377000.0, 4.40290175],
[1657463400.0, 4.31518825],
[1657549800.0, 4.32714875],
[1657636200.0, 4.432607],
[1657722600.0, 4.5871485000000005],
[1657809000.0, 4.48570325],
[1657895400.0, 4.47912925],
[1657981800.0, 4.416260749999999],
[1658068200.0, 4.37076875],
[1658154600.0, 4.460965000000001],
[1658241000.0, 4.434453],
[1658327400.0, 4.56065225],
[1658413800.0, 4.23573875],
[1658500200.0, 4.288053],
[1658586600.0, 4.275321],
[1658673000.0, 4.30357],
[1658759400.0, 4.6166445],
[1658845800.0, 4.6012665],
[1658932200.0, 4.586945],
[1659018600.0, 4.61541775],
[1659105000.0, 4.48497025],
[1659191400.0, 4.5653085],
[1659277800.0, 4.521711000000001],
[1659364200.0, 4.63660625],
[1659450600.0, 4.657012750000001],
[1659537000.0, 4.586122],
[1659623400.0, 4.62471975],
[1659709800.0, 4.614425],
[1659796200.0, 4.67362325],
[1659882600.0, 4.571839317152153],
[1659969000.0, 4.56036725],
[1660055400.0, 4.5737515],
[1660141800.0, 4.552761],
[1660228200.0, 4.5645549999999995],
[1660314600.0, 4.480304],
[1660401000.0, 4.480304],
[1660487400.0, 4.480304],
[1660573800.0, 4.480304],
[1660660200.0, 4.28026925],
[1660746600.0, 4.22601925],
[1660833000.0, 4.29107575],
[1660919400.0, 4.6290385],
[1661005800.0, 4.6721917500000005],
[1661092200.0, 4.513000069989078],
[1661178600.0, 4.666994087828605],
[1661265000.0, 4.599009672321692],
[1661351400.0, 4.659006117500876],
[1661437800.0, 4.7061863860655295],
[1661524200.0, 4.419653059608087],
[1661610600.0, 4.631395263698012],
[1661697000.0, 4.577886704564298],
[1661783400.0, 4.619427430963588],
[1661869800.0, 4.516550760817724],
[1661956200.0, 4.453683411440961],
[1662042600.0, 4.581342825660664],
[1662129000.0, 4.38253425],
[1662215400.0, 4.27358075],
[1662301800.0, 4.6219035],
[1662388200.0, 4.539819],
[1662474600.0, 4.5403855],
[1662561000.0, 4.58520225],
[1662647400.0, 4.7508655],
[1662733800.0, 4.739674],
[1662820200.0, 4.8314775],
[1662906600.0, 4.794511000000001],
[1662993000.0, 4.698272500000001],
[1663079400.0, 4.636748000000001],
[1663165800.0, 4.557281000000001],
[1663252200.0, 4.495116000000001],
[1663338600.0, 4.60820625],
[1663425000.0, 4.6405725],
[1663511400.0, 4.59112075],
[1663597800.0, 4.51509475],
[1663684200.0, 4.5013125],
[1663770600.0, 4.46950175],
[1663857000.0, 4.53353125],
[1663943400.0, 4.60525125],
[1664029800.0, 4.661688],
[1664116200.0, 4.51408675],
[1664202600.0, 4.615507750000001],
[1664289000.0, 4.73401325],
[1664375400.0, 4.6084077500000005],
[1664461800.0, 4.644637],
[1664548200.0, 4.640416750000001],
[1664634600.0, 4.6451805],
[1664717400.0, 4.6869365],
[1664803800.0, 4.659711000000001],
[1664890200.0, 4.76983125],
[1664976600.0, 4.7987477499999995],
[1665063000.0, 4.7570042500000005],
[1665149400.0, 4.7295300000000005],
[1665235800.0, 4.8260552500000005],
[1665322200.0, 4.870045750000001],
[1665408600.0, 4.95283225],
[1665495000.0, 4.73128775],
[1665581400.0, 4.5069025],
[1665667800.0, 4.926800499999999],
[1665754200.0, 4.93861525],
[1665840600.0, 4.6996537499999995],
[1665927000.0, 4.80130575],
[1666013400.0, 4.786066],
[1666099800.0, 4.94320325],
[1666186200.0, 4.93354625],
[1666272600.0, 4.90812225],
[1666359000.0, 4.8673935],
[1666445400.0, 4.680265500000001],
[1666531800.0, 4.630019000000001],
[1666618200.0, 4.655812500000001],
[1666704600.0, 4.54674375],
[1666791000.0, 4.67088875],
[1666877400.0, 4.7048815],
[1666963800.0, 4.783785399633863],
[1667050200.0, 4.724323744154699],
[1667136600.0, 4.67830925],
[1667223000.0, 4.82274875],
[1667309400.0, 4.80132],
[1667395800.0, 4.763859],
[1667482200.0, 4.7826145],
[1667568600.0, 4.922377000000001],
[1667655000.0, 5.083363499999999],
[1667741400.0, 5.07031175],
[1667827800.0, 5.09298125],
[1667914200.0, 5.241564500000001],
[1668000600.0, 4.84249375],
[1668087000.0, 4.786753249999999],
[1668173400.0, 5.04821925],
[1668259800.0, 5.0883185],
[1668346200.0, 5.0339452499999995],
[1668432600.0, 4.99796325],
[1668519000.0, 5.219308250000001],
[1668605400.0, 5.237545349693033],
[1668691800.0, 5.157174747354718],
[1668778200.0, 5.385478605136043],
[1668864600.0, 5.25349940299699],
[1668951000.0, 5.322978107521647],
[1669037400.0, 5.2071087350797916],
[1669123800.0, 5.236844290591243],
[1669210200.0, 5.101230503342139],
[1669296600.0, 5.030123328827003],
[1669383000.0, 4.932319385593003],
[1669469400.0, 4.8857788206814154],
[1669555800.0, 4.793603231511989],
[1669642200.0, 4.80251042458416],
[1669728600.0, 4.565073633837853],
[1669815000.0, 4.686338523715198],
[1669901400.0, 4.714107425990777],
[1669987800.0, 4.704670303376993],
[1670074200.0, 4.803207461564362],
[1670160600.0, 4.703682414966386],
[1670247000.0, 4.935169932169644],
[1670333400.0, 4.883217907353579],
[1670419800.0, 4.767229382646877],
[1670506200.0, 4.696088250000001],
[1670592600.0, 4.970697250000001],
[1670679000.0, 5.043419],
[1670765400.0, 4.96182325],
[1670851800.0, 5.082668507156459],
[1670938200.0, 4.989369775611197],
[1671024600.0, 5.05637409886384],
[1671111000.0, 4.940594514787815],
[1671197400.0, 4.972997385635723],
[1671283800.0, 4.98784411958052],
[1671370200.0, 4.920657079247361],
[1671456600.0, 5.210042782011763],
[1671543000.0, 5.031475120839649],
[1671629400.0, 5.171497996637612],
[1671715800.0, 5.186396737990863],
[1671802200.0, 5.222108749999999],
[1671888600.0, 5.237976],
[1671975000.0, 5.25539425],
[1672061400.0, 5.24303525],
[1672147800.0, 5.384781500000001],
[1672234200.0, 5.180649750000001],
[1672320600.0, 5.415290250000001],
[1672407000.0, 5.210932000000001],
[1672493400.0, 5.237802500000001],
[1672579800.0, 5.2196187499999995],
[1672666200.0, 5.21542825],
[1672752600.0, 5.27082025],
[1672839000.0, 5.2762572500000005],
[1672925400.0, 5.230689398631707],
[1673011800.0, 5.295918776248815],
[1673098200.0, 5.287383489407907],
[1673184600.0, 5.366613843600318],
[1673271000.0, 5.280989666534701],
[1673357400.0, 5.299083774936388],
[1673443800.0, 5.362122209243813],
[1673530200.0, 5.449756609245751],
[1673616600.0, 5.475117224970754],
[1673703000.0, 5.509106137164626],
[1673789400.0, 5.471448620828044],
[1673875800.0, 5.569463],
[1673962200.0, 5.631643],
[1674048600.0, 5.642553749999999],
[1674135000.0, 5.645210499999999],
[1674221400.0, 5.654866500000001],
[1674307800.0, 5.622421750000001],
[1674394200.0, 5.781485],
[1674480600.0, 5.63254775],
[1674567000.0, 6.014798250000001],
[1674653400.0, 5.684645000000001],
[1674739800.0, 5.68910375],
[1674826200.0, 5.6238455],
[1674912600.0, 5.8790645],
[1674999000.0, 5.85044375],
[1675085400.0, 5.8926265],
[1675171800.0, 5.81564525],
[1675258200.0, 5.8543727500000005],
[1675344600.0, 6.0062317499999995],
[1675431000.0, 5.822018],
[1675517400.0, 5.88597075],
[1675603800.0, 5.810901250000001],
[1675690200.0, 5.85955],
[1675776600.0, 5.7316175],
[1675863000.0, 5.7316175],
[1675949400.0, 5.7316175],
