[1635773400.0, 30.574626799999997],
[1635859800.0, 30.55056065],
[1635946200.0, 30.4440205],
[1636032600.0, 30.694944350000004],
[1636119000.0, 30.632920999999996],
[1636205400.0, 30.470090999999996],
[1636291800.0, 30.420904900000004],
[1636378200.0, 30.192393950000003],
[1636464600.0, 30.25179775],
[1636551000.0, 30.37287075],
[1636637400.0, 30.2820851],
[1636723800.0, 30.28867125],
[1636810200.0, 30.3128253],
[1636896600.0, 30.513747150000004],
[1636983000.0, 30.69245705],
[1637069400.0, 30.70336365],
[1637155800.0, 30.855329550000004],
[1637242200.0, 31.110802200000002],
[1637328600.0, 31.225661550000005],
[1637415000.0, 31.2120775],
[1637501400.0, 31.09270795],
[1637587800.0, 31.047543349999998],
[1637674200.0, 31.093205299999997],
[1637760600.0, 31.136917],
[1637847000.0, 31.29272975],
[1637933400.0, 31.563585600000003],
[1638019800.0, 31.514523349999997],
[1638106200.0, 31.675119549999998],
[1638192600.0, 32.088214199999996],
[1638279000.0, 32.5342872],
[1638365400.0, 32.64018405],
[1638451800.0, 32.9961081],
[1638538200.0, 33.5012421],
[1638624600.0, 33.5731546],
[1638711000.0, 33.44176635],
[1638797400.0, 33.30803675],
[1638883800.0, 33.24793915],
[1638970200.0, 33.2578606],
[1639056600.0, 33.39740930000001],
[1639143000.0, 33.72747355],
[1639229400.0, 33.82262815],
[1639315800.0, 33.57115555],
[1639402200.0, 33.57033855],
[1639488600.0, 34.1180216],
[1639575000.0, 34.2121366],
[1639661400.0, 34.39647165000001],
[1639747800.0, 34.3088343],
[1639834200.0, 34.592862],
[1639920600.0, 34.6518026],
[1640007000.0, 34.7118119],
[1640093400.0, 34.7143133],
[1640179800.0, 34.52401760000001],
[1640266200.0, 34.80318715],
[1640352600.0, 34.808050400000006],
[1640439000.0, 34.4777835],
[1640525400.0, 34.2779532],
[1640611800.0, 34.5106352],
[1640698200.0, 34.4460295],
[1640784600.0, 34.609853],
[1640871000.0, 34.51757085],
[1640957400.0, 34.719593350000004],
[1641043800.0, 34.79508485],
[1641130200.0, 34.91394005],
[1641216600.0, 35.0074184],
[1641303000.0, 34.9673868],
[1641389400.0, 34.9506603],
[1641475800.0, 34.98660735],
[1641562200.0, 34.694413350000005],
[1641648600.0, 34.4129759],
[1641735000.0, 34.5236781],
[1641821400.0, 34.4833054],
[1641907800.0, 34.63970915],
[1641994200.0, 34.672253999999995],
[1642080600.0, 34.72556745],
[1642167000.0, 34.671192],
[1642253400.0, 34.76454665],
[1642339800.0, 34.758457699999994],
[1642426200.0, 34.68532085],
[1642512600.0, 34.9809112],
[1642599000.0, 35.332723],
[1642685400.0, 35.013105949999996],
[1642771800.0, 35.131535650000004],
[1642858200.0, 35.02639965],
[1642944600.0, 35.21986629999999],
[1643031000.0, 35.19300135],
[1643117400.0, 35.3967382],
[1643203800.0, 35.52405085],
[1643290200.0, 35.27577925],
[1643376600.0, 35.47276635],
[1643463000.0, 35.756838650000006],
[1643549400.0, 36.31026285],
[1643635800.0, 36.31026285],
[1643722200.0, 36.31026285],
[1643808600.0, 37.1599657],
[1643895000.0, 37.11736455],
[1643981400.0, 37.11558735],
[1644067800.0, 36.493714499999996],
[1644154200.0, 36.3788489],
[1644240600.0, 35.8254691],
[1644327000.0, 35.18779205],
[1644413400.0, 35.061641449999996],
[1644499800.0, 35.53443195],
[1644586200.0, 35.24207225],
[1644672600.0, 35.325514749999996],
[1644759000.0, 35.39257725],
[1644845400.0, 36.0240317],
[1644931800.0, 35.8765507],
[1645018200.0, 36.225081],
[1645104600.0, 36.40399575],
[1645191000.0, 36.394997849999996],
[1645277400.0, 36.5436963],
[1645363800.0, 36.44993165],
[1645450200.0, 36.779889600000004],
[1645536600.0, 36.8558536],
[1645623000.0, 37.04470195],
[1645709400.0, 37.097532],
[1645795800.0, 37.06250969999999],
[1645882200.0, 37.043666900000005],
[1645968600.0, 36.9661304],
[1646055000.0, 37.161637549999995],
[1646141400.0, 37.2790653],
[1646227800.0, 37.484568949999996],
[1646314200.0, 37.70550515],
[1646400600.0, 37.656731750000006],
[1646487000.0, 37.7672654],
[1646573400.0, 37.5897041],
[1646659800.0, 37.18651425],
[1646746200.0, 37.212973950000006],
[1646832600.0, 37.2728642],
[1646919000.0, 37.052168599999995],
[1647005400.0, 37.02706825],
[1647091800.0, 36.67547195],
[1647178200.0, 36.58543235],
[1647264600.0, 36.76660055],
[1647351000.0, 36.9230002],
[1647437400.0, 37.20218175],
[1647523800.0, 37.6222412],
[1647610200.0, 37.637167950000006],
[1647696600.0, 37.6073399],
[1647783000.0, 37.7939208],
[1647869400.0, 38.1107244],
[1647955800.0, 38.210086849999996],
[1648042200.0, 37.66923405],
[1648128600.0, 37.7822297],
[1648215000.0, 37.79170835],
[1648301400.0, 37.552217999999996],
[1648387800.0, 37.640599050000006],
[1648474200.0, 37.5010369],
[1648560600.0, 37.59763335],
[1648647000.0, 37.53240195000001],
[1648733400.0, 37.9091359],
[1648819800.0, 38.01371225],
[1648906200.0, 38.282366100000004],
[1648996200.0, 38.3276726],
[1649082600.0, 37.98575415],
[1649169000.0, 38.240558],
[1649255400.0, 38.181526250000005],
[1649341800.0, 38.5047909],
[1649428200.0, 38.728167850000006],
[1649514600.0, 38.39259525],
[1649601000.0, 38.39259525],
[1649687400.0, 38.39259525],
[1649773800.0, 38.39259525],
[1649860200.0, 38.3854195],
[1649946600.0, 39.1928963],
[1650033000.0, 39.23347475],
[1650119400.0, 39.130128150000004],
[1650205800.0, 38.781541],
[1650292200.0, 38.9322237],
[1650378600.0, 38.946263],
[1650465000.0, 38.7053572],
[1650551400.0, 38.7053572],
[1650637800.0, 38.7053572],
[1650724200.0, 38.601928150000006],
[1650810600.0, 38.618021299999995],
[1650897000.0, 38.48767875],
[1650983400.0, 38.434326850000005],
[1651069800.0, 38.50485245],
[1651156200.0, 37.545213450000006],
[1651242600.0, 37.68214985],
[1651329000.0, 37.79617925000001],
[1651415400.0, 37.5494329],
[1651501800.0, 37.416187300000004],
[1651588200.0, 37.670196000000004],
[1651674600.0, 37.37594855],
[1651761000.0, 36.99932135],
[1651847400.0, 37.015733],
[1651933800.0, 36.7450686],
[1652020200.0, 36.52357140000001],
[1652106600.0, 36.418794899999995],
[1652193000.0, 36.405471899999995],
[1652279400.0, 36.2038019],
[1652365800.0, 35.9951921],
[1652452200.0, 35.80894035],
[1652538600.0, 35.618863700000006],
[1652625000.0, 35.601365799999996],
[1652711400.0, 35.56518585],
[1652797800.0, 35.73448175],
[1652884200.0, 35.7450962],
[1652970600.0, 35.7528507],
[1653057000.0, 35.739384900000005],
[1653143400.0, 35.722753600000004],
[1653229800.0, 35.703314500000005],
[1653316200.0, 35.8388273],
[1653402600.0, 35.9253738],
[1653489000.0, 35.685677150000004],
[1653575400.0, 35.460226649999996],
[1653661800.0, 35.621340350000004],
[1653748200.0, 35.50884195],
[1653834600.0, 35.50390775],
[1653921000.0, 36.0018836],
[1654007400.0, 36.419585],
[1654093800.0, 36.53279475000001],
[1654180200.0, 36.5566813],
[1654266600.0, 36.74883940000001],
[1654353000.0, 36.7700879],
[1654439400.0, 36.438084],
[1654525800.0, 36.139533799999995],
[1654612200.0, 36.03464415],
[1654698600.0, 36.25732585],
[1654785000.0, 36.45188865],
[1654871400.0, 36.067655550000005],
[1654957800.0, 36.051135450000004],
[1655044200.0, 36.17963245],
[1655130600.0, 36.0139389],
[1655217000.0, 36.12658735],
[1655303400.0, 36.39927049999999],
[1655389800.0, 36.62292525],
[1655476200.0, 36.3911782],
[1655562600.0, 36.497818699999996],
[1655649000.0, 36.90453215],
[1655735400.0, 36.654768100000005],
[1655821800.0, 37.049468350000005],
[1655908200.0, 36.53617740000001],
[1655994600.0, 36.68055615],
[1656081000.0, 36.511155200000005],
[1656167400.0, 36.45267065],
[1656253800.0, 36.039848],
[1656340200.0, 36.4671165],
[1656426600.0, 36.200993149999995],
[1656513000.0, 36.04965335],
[1656599400.0, 36.396772],
[1656685800.0, 36.2137548],
[1656772200.0, 36.084607399999996],
[1656858600.0, 35.993107650000006],
[1656945000.0, 36.18647020000001],
[1657031400.0, 36.41098515],
[1657117800.0, 36.39226345000001],
[1657204200.0, 35.970028549999995],
[1657290600.0, 36.290041900000006],
[1657377000.0, 36.01198405000001],
[1657463400.0, 36.1298496],
[1657549800.0, 36.054216100000005],
[1657636200.0, 35.72323465],
[1657722600.0, 35.8152799],
[1657809000.0, 35.845801300000005],
[1657895400.0, 35.75536715],
[1657981800.0, 35.912239050000004],
[1658068200.0, 36.056014950000005],
[1658154600.0, 36.487278200000006],
[1658241000.0, 36.3094238],
[1658327400.0, 36.68258255000001],
[1658413800.0, 36.53023555000001],
[1658500200.0, 36.3085206],
[1658586600.0, 36.3793658],
[1658673000.0, 36.352683299999995],
[1658759400.0, 36.5288538],
[1658845800.0, 36.5823162],
[1658932200.0, 36.854229849999996],
[1659018600.0, 37.13375225],
[1659105000.0, 36.855031],
[1659191400.0, 36.674229],
[1659277800.0, 36.4351135],
[1659364200.0, 36.55853175],
[1659450600.0, 36.341248],
[1659537000.0, 36.473612550000006],
[1659623400.0, 36.9049459],
[1659709800.0, 36.50784645],
[1659796200.0, 36.758126000000004],
[1659882600.0, 36.524881199999996],
[1659969000.0, 36.3021244],
[1660055400.0, 36.69993755],
[1660141800.0, 37.00490255],
[1660228200.0, 36.677358049999995],
[1660314600.0, 36.6370474],
[1660401000.0, 36.6370474],
[1660487400.0, 36.6370474],
[1660573800.0, 36.6370474],
[1660660200.0, 37.1198064],
[1660746600.0, 37.22347955000001],
[1660833000.0, 37.234008800000005],
[1660919400.0, 37.3398104],
[1661005800.0, 37.4053385],
[1661092200.0, 37.53703365],
[1661178600.0, 37.9861188],
[1661265000.0, 38.0615831],
[1661351400.0, 37.82077219999999],
[1661437800.0, 37.941275950000005],
[1661524200.0, 38.0422901],
[1661610600.0, 38.092070050000004],
[1661697000.0, 38.23860985],
[1661783400.0, 37.95470230000001],
[1661869800.0, 38.07816185],
[1661956200.0, 38.4793073],
[1662042600.0, 38.4723791],
[1662129000.0, 38.5254549],
[1662215400.0, 38.454232850000004],
[1662301800.0, 38.560290650000006],
[1662388200.0, 38.5188656],
[1662474600.0, 38.32569855],
[1662561000.0, 37.914523149999994],
[1662647400.0, 37.930963600000005],
[1662733800.0, 38.3552097],
[1662820200.0, 38.110588449999995],
[1662906600.0, 38.09754975],
[1662993000.0, 38.200835749999996],
[1663079400.0, 38.18255775],
[1663165800.0, 38.4590188],
[1663252200.0, 38.64440285],
[1663338600.0, 38.4766202],
[1663425000.0, 38.309813000000005],
[1663511400.0, 38.14227245],
[1663597800.0, 38.607639],
[1663684200.0, 38.925580950000004],
[1663770600.0, 38.4275037],
[1663857000.0, 38.5767131],
[1663943400.0, 38.01325745],
[1664029800.0, 38.117509250000005],
[1664116200.0, 38.324826949999995],
[1664202600.0, 38.14563295],
[1664289000.0, 38.2037074],
[1664375400.0, 38.228797050000004],
[1664461800.0, 38.795854999999996],
[1664548200.0, 39.059974249999996],
[1664634600.0, 39.5713954],
[1664717400.0, 39.849654799999996],
[1664803800.0, 40.449896100000004],
[1664890200.0, 40.258768200000006],
[1664976600.0, 40.645258250000005],
[1665063000.0, 40.1268059],
[1665149400.0, 39.52031025],
[1665235800.0, 39.37414885],
[1665322200.0, 39.618340950000004],
[1665408600.0, 39.59079675],
[1665495000.0, 39.5925437],
[1665581400.0, 39.634133750000004],
[1665667800.0, 39.8149301],
[1665754200.0, 39.793597399999996],
[1665840600.0, 39.61427155],
[1665927000.0, 39.76146610000001],
[1666013400.0, 39.4322144],
[1666099800.0, 39.565754850000005],
[1666186200.0, 40.098603100000005],
[1666272600.0, 42.220625399999996],
[1666359000.0, 42.989016500000005],
[1666445400.0, 41.86850365],
[1666531800.0, 41.679542700000006],
[1666618200.0, 40.99722395],
[1666704600.0, 40.9320693],
[1666791000.0, 41.250044249999995],
[1666877400.0, 40.95569355],
[1666963800.0, 40.69172395],
[1667050200.0, 40.147430500000006],
[1667136600.0, 40.17468319999999],
[1667223000.0, 40.46316420000001],
[1667309400.0, 40.5114961],
[1667395800.0, 40.217274100000004],
[1667482200.0, 41.19278215],
[1667568600.0, 41.2709125],
[1667655000.0, 41.196182300000004],
[1667741400.0, 40.85705595],
[1667827800.0, 40.3696554],
[1667914200.0, 40.39134255],
[1668000600.0, 40.7203297],
[1668087000.0, 41.125609600000004],
[1668173400.0, 41.4082843],
[1668259800.0, 41.786384299999995],
[1668346200.0, 41.6121699],
[1668432600.0, 42.114727599999995],
[1668519000.0, 41.8138109],
[1668605400.0, 41.58255820000001],
[1668691800.0, 41.71760495],
[1668778200.0, 42.00088715],
[1668864600.0, 42.62208470000001],
[1668951000.0, 43.53366845000001],
[1669037400.0, 44.66895175],
[1669123800.0, 43.8407752],
[1669210200.0, 43.4075263],
[1669296600.0, 43.0136385],
[1669383000.0, 42.997348599999995],
[1669469400.0, 42.9152401],
[1669555800.0, 42.70778745],
[1669642200.0, 42.9546431],
[1669728600.0, 43.70122635],
[1669815000.0, 44.52140905],
[1669901400.0, 45.03064955],
[1669987800.0, 45.20119805],
[1670074200.0, 45.37676625],
[1670160600.0, 45.817996949999994],
[1670247000.0, 45.65745539999999],
[1670333400.0, 46.02261185],
[1670419800.0, 45.36844815],
[1670506200.0, 45.51533705],
[1670592600.0, 45.31021905],
[1670679000.0, 45.24224465],
[1670765400.0, 44.8844814],
[1670851800.0, 45.163980849999994],
[1670938200.0, 44.93270385],
[1671024600.0, 44.7894843],
[1671111000.0, 44.988615100000004],
[1671197400.0, 45.00645815],
[1671283800.0, 44.6642327],
[1671370200.0, 44.19213405],
[1671456600.0, 44.2809324],
[1671543000.0, 43.903175399999995],
[1671629400.0, 43.840295149999996],
[1671715800.0, 43.30762395],
[1671802200.0, 42.50016955000001],
[1671888600.0, 41.66534645],
[1671975000.0, 42.0044748],
[1672061400.0, 42.2342392],
[1672147800.0, 42.066665199999996],
[1672234200.0, 41.8883656],
[1672320600.0, 42.2825172],
[1672407000.0, 41.925370699999995],
[1672493400.0, 42.131924],
[1672579800.0, 41.664970999999994],
[1672666200.0, 41.36214335],
[1672752600.0, 41.33286205],
[1672839000.0, 41.1832885],
[1672925400.0, 41.499139],
[1673011800.0, 41.71680265],
[1673098200.0, 41.496438350000005],
[1673184600.0, 41.973981800000004],
[1673271000.0, 42.54176875],
[1673357400.0, 42.784619649999996],
[1673443800.0, 43.6184224],
[1673530200.0, 44.1525981],
[1673616600.0, 44.458952149999995],
[1673703000.0, 44.65787214999999],
[1673789400.0, 44.68624229999999],
[1673875800.0, 44.604981849999994],
[1673962200.0, 44.96024285],
[1674048600.0, 45.09818225],
[1674135000.0, 45.28901],
[1674221400.0, 46.100674500000004],
[1674307800.0, 46.874258250000004],
[1674394200.0, 47.05862895],
[1674480600.0, 46.851001350000004],
[1674567000.0, 46.898865349999994],
[1674653400.0, 47.03949635000001],
[1674739800.0, 46.6806784],
[1674826200.0, 46.50675129999999],
[1674912600.0, 46.439567800000006],
[1674999000.0, 46.35512514999999],
[1675085400.0, 46.1784716],
[1675171800.0, 46.412354099999995],
[1675258200.0, 46.565141600000004],
[1675344600.0, 46.308876],
[1675431000.0, 46.5064745],
[1675517400.0, 46.585377750000006],
[1675603800.0, 46.79460254999999],
[1675690200.0, 46.62338275],
[1675776600.0, 46.80011005],
[1675863000.0, 46.80701565],
[1675949400.0, 46.80701565],
