[1635773400.0, 0.6437667],
[1635859800.0, 0.6539537500000001],
[1635946200.0, 0.65943485],
[1636032600.0, 0.664895725],
[1636119000.0, 0.6591935750000001],
[1636205400.0, 0.662894825],
[1636291800.0, 0.657824425],
[1636378200.0, 0.661638525],
[1636464600.0, 0.6613599],
[1636551000.0, 0.657756075],
[1636637400.0, 0.66552195],
[1636723800.0, 0.66473795],
[1636810200.0, 0.663081425],
[1636896600.0, 0.661248625],
[1636983000.0, 0.65480965],
[1637069400.0, 0.655153975],
[1637155800.0, 0.6565495000000001],
[1637242200.0, 0.6639791],
[1637328600.0, 0.6647384250000001],
[1637415000.0, 0.6704746750000001],
[1637501400.0, 0.6679396],
[1637587800.0, 0.686694775],
[1637674200.0, 0.6891828750000001],
[1637760600.0, 0.6755622250000001],
[1637847000.0, 0.6662017750000001],
[1637933400.0, 0.6614697500000001],
[1638019800.0, 0.6681326000000001],
[1638106200.0, 0.6610662],
[1638192600.0, 0.6586066250000001],
[1638279000.0, 0.63796575],
[1638365400.0, 0.6482532500000001],
[1638451800.0, 0.65691475],
[1638538200.0, 0.6715124000000001],
[1638624600.0, 0.6763501249999999],
[1638711000.0, 0.6884074],
[1638797400.0, 0.6914697500000001],
[1638883800.0, 0.7093725000000001],
[1638970200.0, 0.707094925],
[1639056600.0, 0.7111394500000001],
[1639143000.0, 0.723802225],
[1639229400.0, 0.72990485],
[1639315800.0, 0.7270868250000001],
[1639402200.0, 0.7244226],
[1639488600.0, 0.7200594250000001],
[1639575000.0, 0.7229869250000001],
[1639661400.0, 0.7293298500000001],
[1639747800.0, 0.7315619999999999],
[1639834200.0, 0.739828175],
[1639920600.0, 0.733166175],
[1640007000.0, 0.730414925],
[1640093400.0, 0.7231968000000001],
[1640179800.0, 0.7183745750000001],
[1640266200.0, 0.7327096000000002],
[1640352600.0, 0.73017745],
[1640439000.0, 0.7395753],
[1640525400.0, 0.7360747000000001],
[1640611800.0, 0.7301466000000001],
[1640698200.0, 0.7341633250000001],
[1640784600.0, 0.731702475],
[1640871000.0, 0.7352617250000001],
[1640957400.0, 0.7399335],
[1641043800.0, 0.7542362],
[1641130200.0, 0.7544248500000001],
[1641216600.0, 0.7663396750000001],
[1641303000.0, 0.7585255500000001],
[1641389400.0, 0.774977325],
[1641475800.0, 0.783514425],
[1641562200.0, 0.7888571000000001],
[1641648600.0, 0.7928772],
[1641735000.0, 0.7887050000000001],
[1641821400.0, 0.796757725],
[1641907800.0, 0.81146015],
[1641994200.0, 0.8065464250000001],
[1642080600.0, 0.8116617500000001],
[1642167000.0, 0.8152540750000001],
[1642253400.0, 0.8233446750000001],
[1642339800.0, 0.831226475],
[1642426200.0, 0.8350209500000001],
[1642512600.0, 0.8289759250000001],
[1642599000.0, 0.8355573000000001],
[1642685400.0, 0.827558125],
[1642771800.0, 0.8380489500000002],
[1642858200.0, 0.831876475],
[1642944600.0, 0.8188296749999999],
[1643031000.0, 0.7947345],
[1643117400.0, 0.8080827500000001],
[1643203800.0, 0.8016935749999999],
[1643290200.0, 0.811152825],
[1643376600.0, 0.77794125],
[1643463000.0, 0.7777522000000001],
[1643549400.0, 0.7718307500000001],
[1643635800.0, 0.7718307500000001],
[1643722200.0, 0.7718307500000001],
[1643808600.0, 0.7801738500000002],
[1643895000.0, 0.7836910500000001],
[1643981400.0, 0.7702963250000001],
[1644067800.0, 0.7875642],
[1644154200.0, 0.793993825],
[1644240600.0, 0.7844108750000001],
[1644327000.0, 0.77446745],
[1644413400.0, 0.7743669],
[1644499800.0, 0.8006624],
[1644586200.0, 0.7996649750000001],
[1644672600.0, 0.7998301000000001],
[1644759000.0, 0.7913223500000001],
[1644845400.0, 0.78751725],
[1644931800.0, 0.8021825500000002],
[1645018200.0, 0.7873519999999999],
[1645104600.0, 0.8018336250000001],
[1645191000.0, 0.8027204250000001],
[1645277400.0, 0.8124725],
[1645363800.0, 0.7951649750000002],
[1645450200.0, 0.800042975],
[1645536600.0, 0.8021635000000001],
[1645623000.0, 0.8130511832124899],
[1645709400.0, 0.8084696500000002],
[1645795800.0, 0.8197658500000001],
[1645882200.0, 0.8178744250000001],
[1645968600.0, 0.8100769000000001],
[1646055000.0, 0.8150532750000001],
[1646141400.0, 0.8185526000000001],
[1646227800.0, 0.8150866000000001],
[1646314200.0, 0.8170918000000001],
[1646400600.0, 0.8039991750000001],
[1646487000.0, 0.8245351250000001],
[1646573400.0, 0.8275639750000001],
[1646659800.0, 0.8234864750000002],
[1646746200.0, 0.8065483750000001],
[1646832600.0, 0.7968433500000001],
[1646919000.0, 0.7948877000000001],
[1647005400.0, 0.80344005],
[1647091800.0, 0.8058726500000001],
[1647178200.0, 0.8082328500000001],
[1647264600.0, 0.8128654999999999],
[1647351000.0, 0.8252144000000001],
[1647437400.0, 0.8122298],
[1647523800.0, 0.8191630999999999],
[1647610200.0, 0.8249109],
[1647696600.0, 0.8216958250000002],
[1647783000.0, 0.8295011999999999],
[1647869400.0, 0.834079125],
[1647955800.0, 0.826146525],
[1648042200.0, 0.8229159000000001],
[1648128600.0, 0.824420175],
[1648215000.0, 0.8259402250000001],
[1648301400.0, 0.8333094750000001],
[1648387800.0, 0.8312670000000001],
[1648474200.0, 0.8278557000000001],
[1648560600.0, 0.8242429500000001],
[1648647000.0, 0.830856925],
[1648733400.0, 0.831134975],
[1648819800.0, 0.84167495],
[1648906200.0, 0.8583457250000002],
[1648996200.0, 0.855493125],
[1649082600.0, 0.853045075],
[1649169000.0, 0.852796225],
[1649255400.0, 0.8547754250000001],
[1649341800.0, 0.8553191250000001],
[1649428200.0, 0.8546792750000001],
[1649514600.0, 0.8689815000000001],
[1649601000.0, 0.8559918750000001],
[1649687400.0, 0.863157625],
[1649773800.0, 0.85012125],
[1649860200.0, 0.8549619500000001],
[1649946600.0, 0.8621025999999999],
[1650033000.0, 0.8639040500000001],
[1650119400.0, 0.851573675],
[1650205800.0, 0.8655313750000001],
[1650292200.0, 0.8639819000000002],
[1650378600.0, 0.8663354500000002],
[1650465000.0, 0.8664212500000001],
[1650551400.0, 0.8664212500000001],
[1650637800.0, 0.8664212500000001],
[1650724200.0, 0.89666775],
[1650810600.0, 0.9045155750000001],
[1650897000.0, 0.884875225],
[1650983400.0, 0.89883385],
[1651069800.0, 0.8796311],
[1651156200.0, 0.8747858250000001],
[1651242600.0, 0.874154125],
[1651329000.0, 0.8671847749999999],
[1651415400.0, 0.8527274250000001],
[1651501800.0, 0.8641182500000001],
[1651588200.0, 0.86345785],
[1651674600.0, 0.8171260500000002],
[1651761000.0, 0.8080984250000001],
[1651847400.0, 0.80361215],
[1651933800.0, 0.8035949],
[1652020200.0, 0.824795325],
[1652106600.0, 0.7891038750000001],
[1652193000.0, 0.7911777],
[1652279400.0, 0.788235525],
[1652365800.0, 0.7810914],
[1652452200.0, 0.7925837],
[1652538600.0, 0.7900256000000001],
[1652625000.0, 0.7859581],
[1652711400.0, 0.785662325],
[1652797800.0, 0.7842097],
[1652884200.0, 0.7810914],
[1652970600.0, 0.7760277250000001],
[1653057000.0, 0.75953325],
[1653143400.0, 0.7906836250000001],
[1653229800.0, 0.763425575],
[1653316200.0, 0.7591807],
[1653402600.0, 0.7627259250000001],
[1653489000.0, 0.770114525],
[1653575400.0, 0.7613331750000001],
[1653661800.0, 0.769349575],
[1653748200.0, 0.761218625],
[1653834600.0, 0.774140375],
[1653921000.0, 0.775157675],
[1654007400.0, 0.7661221000000001],
[1654093800.0, 0.789049925],
[1654180200.0, 0.783294425],
[1654266600.0, 0.7764393],
[1654353000.0, 0.7656834250000001],
[1654439400.0, 0.7680313],
[1654525800.0, 0.766952225],
[1654612200.0, 0.7773125500000001],
[1654698600.0, 0.770250375],
[1654785000.0, 0.7795982000000001],
[1654871400.0, 0.784383325],
[1654957800.0, 0.7779464],
[1655044200.0, 0.7626903500000001],
[1655130600.0, 0.76392065],
[1655217000.0, 0.7565379750000001],
[1655303400.0, 0.7508947750000001],
[1655389800.0, 0.745461575],
[1655476200.0, 0.7436768],
[1655562600.0, 0.74202985],
[1655649000.0, 0.73129975],
[1655735400.0, 0.7327269000000001],
[1655821800.0, 0.7221035],
[1655908200.0, 0.7295241000000001],
[1655994600.0, 0.727202],
[1656081000.0, 0.712274275],
[1656167400.0, 0.7141965000000001],
[1656253800.0, 0.71206575],
[1656340200.0, 0.7014365000000001],
[1656426600.0, 0.7097727250000001],
[1656513000.0, 0.706340475],
[1656599400.0, 0.7094535500000001],
[1656685800.0, 0.707943175],
[1656772200.0, 0.727313925],
[1656858600.0, 0.752868125],
[1656945000.0, 0.7647864750000001],
[1657031400.0, 0.7701867250000001],
[1657117800.0, 0.7530841500000001],
[1657204200.0, 0.747446075],
[1657290600.0, 0.7768331500000001],
[1657377000.0, 0.8126367750000001],
[1657463400.0, 0.8220013500000002],
[1657549800.0, 0.786211575],
[1657636200.0, 0.790356225],
[1657722600.0, 0.8496082000000001],
[1657809000.0, 0.8354535999999999],
[1657895400.0, 0.8506148750000001],
[1657981800.0, 0.8582554250000001],
[1658068200.0, 0.857270925],
[1658154600.0, 0.8430656250000002],
[1658241000.0, 0.8588578],
[1658327400.0, 0.869927425],
[1658413800.0, 0.8611078500000001],
[1658500200.0, 0.8590857250000001],
[1658586600.0, 0.8589581500000001],
[1658673000.0, 0.8586447500000001],
[1658759400.0, 0.8613058250000001],
[1658845800.0, 0.8444963750000002],
[1658932200.0, 0.8540450000000002],
[1659018600.0, 0.8481989750000001],
[1659105000.0, 0.84068995],
[1659191400.0, 0.8539853250000001],
[1659277800.0, 0.8653446499999999],
[1659364200.0, 0.8527631],
[1659450600.0, 0.8707540750000001],
[1659537000.0, 0.8753334],
[1659623400.0, 0.85526715],
[1659709800.0, 0.8843570749999999],
[1659796200.0, 0.8839081000000001],
[1659882600.0, 0.900666025],
[1659969000.0, 0.9237346750000002],
[1660055400.0, 0.93561],
[1660141800.0, 0.8960029250000001],
[1660228200.0, 0.92283325],
[1660314600.0, 0.9437349],
[1660401000.0, 0.9437349],
[1660487400.0, 0.9437349],
[1660573800.0, 0.9437349],
[1660660200.0, 0.9001805500000001],
[1660746600.0, 0.884570025],
[1660833000.0, 0.89313165],
[1660919400.0, 0.8848856500000001],
[1661005800.0, 0.8894390000000001],
[1661092200.0, 0.893637725],
[1661178600.0, 0.897373575],
[1661265000.0, 0.8914408463742551],
[1661351400.0, 0.934603375],
[1661437800.0, 0.9267360750000001],
[1661524200.0, 0.990794775],
[1661610600.0, 1.0118297],
[1661697000.0, 1.0297083500000002],
[1661783400.0, 1.0385686],
[1661869800.0, 1.032596],
[1661956200.0, 1.03013445],
[1662042600.0, 0.9978032000000001],
[1662129000.0, 0.9987583250000002],
[1662215400.0, 0.9881286750000002],
[1662301800.0, 0.993458925],
[1662388200.0, 1.007979325],
[1662474600.0, 1.0049654250000002],
[1662561000.0, 0.9494800000000001],
[1662647400.0, 0.9596393000000001],
[1662733800.0, 0.9489571750000002],
[1662820200.0, 0.9412321],
[1662906600.0, 0.9448227249999999],
[1662993000.0, 0.9347784250000002],
[1663079400.0, 0.9298552],
[1663165800.0, 0.9196604250000001],
[1663252200.0, 0.9066282250000001],
[1663338600.0, 0.8998631],
[1663425000.0, 0.9099706500000001],
[1663511400.0, 0.9092388250000001],
[1663597800.0, 0.9015944249999999],
[1663684200.0, 0.88765785],
[1663770600.0, 0.8798135],
[1663857000.0, 0.8698086249999999],
[1663943400.0, 0.87113375],
[1664029800.0, 0.8637542],
[1664116200.0, 0.8570818250000001],
[1664202600.0, 0.8525753750000001],
[1664289000.0, 0.8429300000000002],
[1664375400.0, 0.8340113750000001],
[1664461800.0, 0.8355844000000001],
[1664548200.0, 0.822474675],
[1664634600.0, 0.862054275],
[1664717400.0, 0.847321],
[1664803800.0, 0.8668376000000001],
[1664890200.0, 0.8757894],
[1664976600.0, 0.87998385],
[1665063000.0, 0.88447485],
[1665149400.0, 0.891596475],
[1665235800.0, 0.913112625],
[1665322200.0, 0.89534365],
[1665408600.0, 0.887223275],
[1665495000.0, 0.868521825],
[1665581400.0, 0.8978019249999999],
[1665667800.0, 0.8954278500000001],
[1665754200.0, 0.89499225],
[1665840600.0, 0.9037345500000001],
[1665927000.0, 0.906048425],
[1666013400.0, 0.91415215],
[1666099800.0, 0.9282678750000002],
[1666186200.0, 0.9114115500000002],
[1666272600.0, 0.9095623250000001],
[1666359000.0, 0.91017525],
[1666445400.0, 0.868261575],
[1666531800.0, 0.8527700500000001],
[1666618200.0, 0.830397825],
[1666704600.0, 0.836218975],
[1666791000.0, 0.8453439500000001],
[1666877400.0, 0.837112325],
[1666963800.0, 0.8407690000000001],
[1667050200.0, 0.8274960000000001],
[1667136600.0, 0.8302329500000001],
[1667223000.0, 0.8093619000000001],
[1667309400.0, 0.8197143500000001],
[1667395800.0, 0.823846675],
[1667482200.0, 0.8301265250000001],
[1667568600.0, 0.8395031750000002],
[1667655000.0, 0.8498057750000001],
[1667741400.0, 0.8552475000000002],
[1667827800.0, 0.8496939750000001],
[1667914200.0, 0.8598662750000001],
[1668000600.0, 0.8726526250000001],
[1668087000.0, 0.879915975],
[1668173400.0, 0.9036152750000002],
[1668259800.0, 0.9073171500000001],
[1668346200.0, 0.92796035],
[1668432600.0, 0.8935061000000001],
[1668519000.0, 0.9086632],
[1668605400.0, 0.9025922500000001],
[1668691800.0, 0.8971295750000001],
[1668778200.0, 0.8879559750000001],
[1668864600.0, 0.8953103],
[1668951000.0, 0.87640925],
[1669037400.0, 0.8840098250000001],
[1669123800.0, 0.8640947000000001],
[1669210200.0, 0.8348661750000002],
[1669296600.0, 0.8172872500000001],
[1669383000.0, 0.7901722750000001],
[1669469400.0, 0.7957938750000001],
[1669555800.0, 0.7918982750000001],
[1669642200.0, 0.7760388750000001],
[1669728600.0, 0.7810816500000001],
[1669815000.0, 0.7904623500000001],
[1669901400.0, 0.8327608999999999],
[1669987800.0, 0.878481275],
[1670074200.0, 0.8830801],
[1670160600.0, 0.885934275],
[1670247000.0, 0.89630845],
[1670333400.0, 0.9016297750000001],
[1670419800.0, 0.9015378000000001],
[1670506200.0, 0.898251975],
[1670592600.0, 0.9007013000000001],
[1670679000.0, 0.8850173000000001],
[1670765400.0, 0.90357415],
[1670851800.0, 0.8838377000000002],
[1670938200.0, 0.8857048000000002],
[1671024600.0, 0.8966307000000001],
[1671111000.0, 0.86839845],
[1671197400.0, 0.855372125],
[1671283800.0, 0.8587268],
[1671370200.0, 0.8598550000000001],
[1671456600.0, 0.8640371],
[1671543000.0, 0.8678616000000001],
[1671629400.0, 0.8750795750000001],
[1671715800.0, 0.8640902500000001],
[1671802200.0, 0.8575841750000001],
[1671888600.0, 0.85267885],
[1671975000.0, 0.85528455],
[1672061400.0, 0.8581966750000001],
[1672147800.0, 0.8527492250000002],
[1672234200.0, 0.8595729650936907],
[1672320600.0, 0.8535957750000001],
[1672407000.0, 0.8793850250000002],
[1672493400.0, 0.874798575],
[1672579800.0, 0.832392075],
[1672666200.0, 0.8523538000000002],
[1672752600.0, 0.8389801],
[1672839000.0, 0.853619525],
[1672925400.0, 0.8419465250000001],
[1673011800.0, 0.8498186000000001],
[1673098200.0, 0.8548246749999999],
[1673184600.0, 0.86020105],
[1673271000.0, 0.851736375],
[1673357400.0, 0.8713086250000002],
[1673443800.0, 0.8736253500000001],
[1673530200.0, 0.877284925],
[1673616600.0, 0.8968633500000001],
[1673703000.0, 0.9130147500000001],
[1673789400.0, 0.9140145749999999],
[1673875800.0, 0.907586725],
[1673962200.0, 0.9306016500000001],
[1674048600.0, 0.9377104750000002],
[1674135000.0, 0.9370696],
[1674221400.0, 0.9462395],
[1674307800.0, 0.9284981250000001],
[1674394200.0, 0.930455025],
[1674480600.0, 0.9244355750000001],
[1674567000.0, 0.925046075],
[1674653400.0, 0.942699075],
[1674739800.0, 0.9462100250000001],
[1674826200.0, 0.9598230999999999],
[1674912600.0, 0.9745235000000001],
[1674999000.0, 0.975219825],
[1675085400.0, 0.9490372],
[1675171800.0, 0.9739904500000001],
[1675258200.0, 0.9843655250000001],
[1675344600.0, 1.0024198],
[1675431000.0, 1.0110098],
[1675517400.0, 1.027329575],
[1675603800.0, 1.0325089250000001],
[1675690200.0, 1.028225575],
[1675776600.0, 1.0257181000000002],
[1675863000.0, 1.0257181000000002],
[1675949400.0, 1.0257181000000002],
