[1635773400.0, 0.9309462915601023],
[1635859800.0, 0.9232736572890025],
[1635946200.0, 0.9309462915601021],
[1636032600.0, 0.899],
[1636119000.0, 0.8535],
[1636205400.0, 0.8465000000000001],
[1636291800.0, 0.8205],
[1636378200.0, 0.818],
[1636464600.0, 0.8030000000000002],
[1636551000.0, 0.7985],
[1636637400.0, 0.795],
[1636723800.0, 0.8125],
[1636810200.0, 0.7855],
[1636896600.0, 0.7735],
[1636983000.0, 0.8560000000000001],
[1637069400.0, 0.8600000000000001],
[1637155800.0, 0.8595],
[1637242200.0, 0.8480000000000001],
[1637328600.0, 0.7809999999999999],
[1637415000.0, 0.7809999999999999],
[1637501400.0, 0.8238095238095238],
[1637587800.0, 0.8298666666666665],
[1637674200.0, 0.8294117647058824],
[1637760600.0, 0.8311827956989247],
[1637847000.0, 0.8341463414634147],
[1637933400.0, 0.8398907103825138],
[1638019800.0, 0.8365122615803815],
[1638106200.0, 0.8382513661202187],
[1638192600.0, 0.8543956043956045],
[1638279000.0, 1.0498614958448755],
[1638365400.0, 1.0846796657381614],
[1638451800.0, 0.949438202247191],
[1638538200.0, 0.9718309859154929],
[1638624600.0, 0.9464788732394367],
[1638711000.0, 0.8394999999999999],
[1638797400.0, 0.8515306122448979],
[1638883800.0, 0.846938775510204],
[1638970200.0, 0.8464285714285713],
[1639056600.0, 0.8301020408163264],
[1639143000.0, 0.8296675191815858],
[1639229400.0, 0.8291560102301789],
[1639315800.0, 0.8558510638297873],
[1639402200.0, 0.8547872340425532],
[1639488600.0, 0.8478723404255321],
[1639575000.0, 0.8138107416879794],
[1639661400.0, 0.8396782841823056],
[1639747800.0, 0.7142091152815013],
[1639834200.0, 0.7029490616621984],
[1639920600.0, 0.6981233243967828],
[1640007000.0, 0.6951351351351351],
[1640093400.0, 0.8416216216216216],
[1640179800.0, 0.8445652173913043],
[1640266200.0, 0.8843243243243242],
[1640352600.0, 0.8869565217391304],
[1640439000.0, 0.8842391304347825],
[1640525400.0, 0.8826086956521739],
[1640611800.0, 0.8820652173913043],
[1640698200.0, 0.8771739130434782],
[1640784600.0, 0.8762942779291553],
[1640871000.0, 0.8610354223433241],
[1640957400.0, 0.8597260273972603],
[1641043800.0, 0.8562841530054646],
[1641130200.0, 0.7409836065573769],
[1641216600.0, 0.7408839779005524],
[1641303000.0, 0.7800554016620499],
[1641389400.0, 0.6463104325699746],
[1641475800.0, 0.6429667519181586],
[1641562200.0, 0.6406169665809769],
[1641648600.0, 0.6864265927977841],
[1641735000.0, 0.6838888888888888],
[1641821400.0, 0.6799999999999998],
[1641907800.0, 0.6963788300835654],
[1641994200.0, 0.7838440111420613],
[1642080600.0, 0.7821727019498608],
[1642167000.0, 0.7832869080779944],
[1642253400.0, 0.784401114206128],
[1642339800.0, 0.8311111111111111],
[1642426200.0, 0.8311111111111111],
[1642512600.0, 0.83],
[1642599000.0, 0.8409090909090909],
[1642685400.0, 0.8457142857142858],
[1642771800.0, 0.8487106017191977],
[1642858200.0, 0.8541786743515852],
[1642944600.0, 0.9304347826086956],
[1643031000.0, 0.9633720930232558],
[1643117400.0, 0.8604651162790696],
[1643203800.0, 0.8437317784256558],
[1643290200.0, 0.8489675516224189],
[1643376600.0, 0.9780415430267063],
[1643463000.0, 0.9814925373134329],
[1643549400.0, 0.9867867867867867],
[1643635800.0, 0.9867867867867867],
[1643722200.0, 0.9867867867867867],
[1643808600.0, 0.8790273556231004],
[1643895000.0, 0.8765957446808511],
[1643981400.0, 0.8850152905198777],
[1644067800.0, 0.8771604938271603],
[1644154200.0, 0.8813664596273291],
[1644240600.0, 0.8735202492211839],
[1644327000.0, 0.6445454545454544],
[1644413400.0, 0.6454545454545455],
[1644499800.0, 0.6874734607218684],
[1644586200.0, 0.6416135881104034],
[1644672600.0, 0.638723404255319],
[1644759000.0, 0.634468085106383],
[1644845400.0, 0.6262711864406779],
[1644931800.0, 0.6236786469344608],
[1645018200.0, 0.6592760180995474],
[1645104600.0, 0.7184079601990051],
[1645191000.0, 0.7273631840796022],
[1645277400.0, 0.7398009950248757],
[1645363800.0, 0.7470000000000001],
[1645450200.0, 0.857],
[1645536600.0, 0.8545],
[1645623000.0, 0.86751269035533],
[1645709400.0, 0.8659898477157362],
[1645795800.0, 0.8776649746192895],
[1645882200.0, 0.9954314720812184],
[1645968600.0, 0.9969465648854963],
[1646055000.0, 0.8989847715736041],
[1646141400.0, 1.0020304568527918],
[1646227800.0, 1.119796954314721],
[1646314200.0, 1.1208121827411166],
[1646400600.0, 1.1172588832487307],
[1646487000.0, 1.1216284987277354],
[1646573400.0, 0.4582893347412883],
[1646659800.0, 0.9963824289405685],
[1646746200.0, 1.1027472527472528],
[1646832600.0, 1.2773841961852859],
[1646919000.0, 1.189100817438692],
[1647005400.0, 0.4237037037037037],
[1647091800.0, 0.40635593220338984],
[1647178200.0, 0.400424178154825],
[1647264600.0, 0.4416135881104033],
[1647351000.0, 0.4495217853347503],
[1647437400.0, 0.490635838150289],
[1647523800.0, 0.48647398843930634],
[1647610200.0, 0.4644585987261146],
[1647696600.0, 0.49515306122448977],
[1647783000.0, 0.4940127388535032],
[1647869400.0, 0.5379134860050891],
[1647955800.0, 0.5312101910828027],
[1648042200.0, 0.9449209932279911],
[1648128600.0, 0.9340857787810384],
[1648215000.0, 0.9178329571106095],
[1648301400.0, 0.9251141552511417],
[1648387800.0, 0.9185354691075516],
[1648474200.0, 0.9227586206896553],
[1648560600.0, 0.9155963302752292],
[1648647000.0, 0.9102974828375286],
[1648733400.0, 0.9114678899082567],
[1648819800.0, 0.8806451612903224],
[1648906200.0, 0.8648275862068965],
[1648996200.0, 0.8597701149425288],
[1649082600.0, 0.8577981651376145],
[1649169000.0, 0.8513761467889907],
[1649255400.0, 0.8467889908256878],
[1649341800.0, 0.8454128440366971],
[1649428200.0, 0.8408256880733943],
[1649514600.0, 0.8376146788990826],
[1649601000.0, 0.8376146788990826],
[1649687400.0, 0.8376146788990826],
[1649773800.0, 0.8376146788990826],
[1649860200.0, 0.8376146788990826],
[1649946600.0, 0.8496453900709219],
[1650033000.0, 0.86193853427896],
[1650119400.0, 0.8586288416075649],
[1650205800.0, 0.8543735224586287],
[1650292200.0, 0.8620689655172414],
[1650378600.0, 1.08],
[1650465000.0, 1.0921658986175113],
[1650551400.0, 1.0921658986175113],
[1650637800.0, 1.0921658986175113],
[1650724200.0, 0.660064935064935],
[1650810600.0, 0.6736134453781513],
[1650897000.0, 0.8550200803212852],
[1650983400.0, 0.8216867469879519],
[1651069800.0, 0.7666666666666667],
[1651156200.0, 0.7619047619047619],
[1651242600.0, 0.7768115942028986],
[1651329000.0, 0.8406639004149378],
[1651415400.0, 0.8163522012578615],
[1651501800.0, 0.8146750524109014],
[1651588200.0, 0.8169133192389005],
[1651674600.0, 0.7889361702127659],
[1651761000.0, 0.8129589632829375],
[1651847400.0, 0.8035164835164835],
[1651933800.0, 0.807982261640798],
[1652020200.0, 0.8026785714285714],
[1652106600.0, 0.8058558558558558],
[1652193000.0, 0.8063205417607224],
[1652279400.0, 0.7786848072562358],
[1652365800.0, 0.7714942528735631],
[1652452200.0, 0.7810185185185187],
[1652538600.0, 0.7859813084112148],
[1652625000.0, 0.7827102803738317],
[1652711400.0, 0.7827505827505828],
[1652797800.0, 0.7962962962962965],
[1652884200.0, 0.7967441860465118],
[1652970600.0, 0.8083916083916084],
[1653057000.0, 0.8027842227378189],
[1653143400.0, 0.797679814385151],
[1653229800.0, 0.8929336188436829],
[1653316200.0, 0.8785562632696392],
[1653402600.0, 0.873036093418259],
[1653489000.0, 0.5817403708987161],
[1653575400.0, 0.5795977011494252],
[1653661800.0, 0.5798850574712643],
[1653748200.0, 0.5473381294964028],
[1653834600.0, 0.5413793103448277],
[1653921000.0, 0.5501449275362319],
[1654007400.0, 0.547536231884058],
[1654093800.0, 0.5470930232558139],
[1654180200.0, 0.5243478260869565],
[1654266600.0, 0.5219158200290276],
[1654353000.0, 0.5351744186046512],
[1654439400.0, 0.5312046444121916],
[1654525800.0, 0.5286956521739131],
[1654612200.0, 0.5295487627365357],
[1654698600.0, 0.5263929618768328],
[1654785000.0, 0.5266568483063327],
[1654871400.0, 0.526597325408618],
[1654957800.0, 0.5223880597014925],
[1655044200.0, 0.5222222222222221],
[1655130600.0, 0.5137254901960784],
[1655217000.0, 0.5152798789712557],
[1655303400.0, 0.513984962406015],
[1655389800.0, 0.5054054054054052],
[1655476200.0, 0.5045180722891567],
[1655562600.0, 0.5030120481927711],
[1655649000.0, 0.4996987951807229],
[1655735400.0, 0.49939939939939926],
[1655821800.0, 0.48932330827067666],
[1655908200.0, 0.48895612708018155],
[1655994600.0, 0.48774583963691365],
[1656081000.0, 0.48952959028831566],
[1656167400.0, 0.4660578386605784],
[1656253800.0, 0.5469953775038521],
[1656340200.0, 0.5293023255813953],
[1656426600.0, 0.5242990654205608],
[1656513000.0, 0.49921507064364207],
[1656599400.0, 0.5211930926216641],
[1656685800.0, 0.5605815831987075],
[1656772200.0, 0.5617504051863857],
[1656858600.0, 0.5644951140065148],
[1656945000.0, 0.57166392092257],
[1657031400.0, 0.5887755102040817],
[1657117800.0, 0.6068027210884352],
[1657204200.0, 0.6074957410562181],
[1657290600.0, 0.6071550255536627],
[1657377000.0, 0.6119250425894377],
[1657463400.0, 0.6583486238532109],
[1657549800.0, 0.6608856088560884],
[1657636200.0, 0.6611111111111111],
[1657722600.0, 0.6721189591078066],
[1657809000.0, 0.652157598499062],
[1657895400.0, 0.6556818181818183],
[1657981800.0, 0.6652671755725191],
[1658068200.0, 0.6645038167938931],
[1658154600.0, 0.6687140115163148],
[1658241000.0, 0.6678160919540229],
[1658327400.0, 0.6380582524271844],
[1658413800.0, 0.6814968814968815],
[1658500200.0, 0.6795833333333333],
[1658586600.0, 0.671458773784355],
[1658673000.0, 0.8050761421319796],
[1658759400.0, 0.8112531969309462],
[1658845800.0, 0.8666666666666667],
[1658932200.0, 0.8683937823834196],
[1659018600.0, 0.8734375],
[1659105000.0, 0.9062499999999998],
[1659191400.0, 0.9445026178010472],
[1659277800.0, 0.9436842105263158],
[1659364200.0, 0.9440633245382587],
[1659450600.0, 0.9511936339522545],
[1659537000.0, 0.9190476190476188],
[1659623400.0, 0.9169312169312168],
[1659709800.0, 0.9181818181818181],
[1659796200.0, 0.9155080213903743],
[1659882600.0, 0.5879518072289157],
[1659969000.0, 0.5872852233676976],
[1660055400.0, 0.586254295532646],
[1660141800.0, 0.5849315068493152],
[1660228200.0, 0.595890410958904],
[1660314600.0, 0.5951972555746139],
[1660401000.0, 0.5951972555746139],
[1660487400.0, 0.5951972555746139],
[1660573800.0, 0.5951972555746139],
[1660660200.0, 0.5896013864818024],
[1660746600.0, 0.5875216637781628],
[1660833000.0, 0.5822916666666667],
[1660919400.0, 0.5804878048780489],
[1661005800.0, 0.5794066317626527],
[1661092200.0, 0.561605584642234],
[1661178600.0, 0.5608391608391609],
[1661265000.0, 0.5608391608391609],
[1661351400.0, 0.5617543859649123],
[1661437800.0, 0.6024475524475524],
[1661524200.0, 0.6031634446397189],
[1661610600.0, 0.6193661971830986],
[1661697000.0, 0.6193661971830986],
[1661783400.0, 0.6420494699646642],
[1661869800.0, 0.6346289752650176],
[1661956200.0, 0.6338624338624339],
[1662042600.0, 0.6250440917107584],
[1662129000.0, 0.6166077738515902],
[1662215400.0, 0.6014159292035399],
[1662301800.0, 0.7995061728395063],
[1662388200.0, 0.8004950495049504],
[1662474600.0, 0.9054726368159206],
[1662561000.0, 0.9014925373134329],
[1662647400.0, 0.8928039702233251],
[1662733800.0, 0.9049504950495048],
[1662820200.0, 0.8863523573200992],
[1662906600.0, 0.8806930693069305],
[1662993000.0, 0.8813895781637718],
[1663079400.0, 0.8794044665012405],
[1663165800.0, 0.9094527363184081],
[1663252200.0, 0.908],
[1663338600.0, 0.889],
[1663425000.0, 0.8822055137844609],
[1663511400.0, 0.8691729323308269],
[1663597800.0, 0.841],
[1663684200.0, 0.8728643216080403],
[1663770600.0, 0.9416243654822335],
[1663857000.0, 0.9493333333333334],
[1663943400.0, 0.9301075268817204],
[1664029800.0, 0.9126684636118598],
[1664116200.0, 0.9433962264150944],
[1664202600.0, 0.9390835579514826],
[1664289000.0, 0.9351351351351351],
[1664375400.0, 0.9380053908355794],
[1664461800.0, 0.9261455525606469],
[1664548200.0, 0.9268817204301076],
[1664634600.0, 0.9333333333333332],
[1664717400.0, 1.0767801857585138],
[1664803800.0, 0.945118733509235],
[1664890200.0, 0.9472295514511875],
[1664976600.0, 1.0049315068493152],
[1665063000.0, 0.5431952662721894],
[1665149400.0, 0.5643387815750371],
[1665235800.0, 0.7910581222056632],
[1665322200.0, 0.7937125748502994],
[1665408600.0, 0.7897897897897898],
[1665495000.0, 0.7822289156626507],
[1665581400.0, 0.7866868381240546],
[1665667800.0, 0.786322188449848],
[1665754200.0, 1.3218997361477571],
[1665840600.0, 1.3249999999999997],
[1665927000.0, 1.0352657004830916],
[1666013400.0, 1.3880893300248138],
[1666099800.0, 1.47906976744186],
[1666186200.0, 1.3429951690821256],
[1666272600.0, 1.2803874092009686],
[1666359000.0, 1.1714285714285715],
[1666445400.0, 0.49636552440290754],
[1666531800.0, 0.49636552440290754],
[1666618200.0, 0.4964360587002097],
[1666704600.0, 0.45861713106295143],
[1666791000.0, 0.46922279792746124],
[1666877400.0, 0.4674297606659731],
[1666963800.0, 0.46555671175858493],
[1667050200.0, 0.8218114602587799],
[1667136600.0, 0.8182495344506517],
[1667223000.0, 0.8382409177820267],
[1667309400.0, 0.8195777351247602],
[1667395800.0, 0.8111538461538463],
[1667482200.0, 0.8056818181818183],
[1667568600.0, 0.8076775431861805],
[1667655000.0, 0.798464491362764],
[1667741400.0, 0.7883040935672514],
[1667827800.0, 0.7960937499999999],
[1667914200.0, 0.7945205479452053],
[1668000600.0, 0.7906796116504854],
[1668087000.0, 0.7826923076923077],
[1668173400.0, 0.7826923076923077],
[1668259800.0, 0.7769230769230769],
[1668346200.0, 0.7720841300191206],
[1668432600.0, 0.7619047619047618],
[1668519000.0, 0.7657032755298651],
[1668605400.0, 0.7704280155642022],
[1668691800.0, 0.774368932038835],
[1668778200.0, 0.7739805825242717],
[1668864600.0, 0.7704854368932038],
[1668951000.0, 0.7656250000000001],
[1669037400.0, 0.7746093749999999],
[1669123800.0, 0.8285714285714285],
[1669210200.0, 0.8293542074363992],
[1669296600.0, 0.8326771653543308],
[1669383000.0, 0.7980314960629922],
[1669469400.0, 0.7972440944881889],
[1669555800.0, 0.7908910891089109],
[1669642200.0, 0.8051383399209485],
[1669728600.0, 0.8118343195266271],
[1669815000.0, 0.840080971659919],
[1669901400.0, 0.8383064516129033],
[1669987800.0, 0.8377281947261666],
[1670074200.0, 0.8412244897959186],
[1670160600.0, 0.8498977505112475],
[1670247000.0, 0.7912045889101339],
[1670333400.0, 0.7762906309751434],
[1670419800.0, 0.7758620689655171],
[1670506200.0, 0.7732824427480915],
[1670592600.0, 0.7744094488188976],
[1670679000.0, 0.7744094488188976],
[1670765400.0, 0.7877712031558185],
[1670851800.0, 0.7658153241650296],
[1670938200.0, 0.8298624754420435],
[1671024600.0, 0.831558185404339],
[1671111000.0, 0.8394422310756973],
[1671197400.0, 0.8322709163346612],
[1671283800.0, 0.9755294117647059],
[1671370200.0, 0.9645390070921985],
[1671456600.0, 0.9514150943396228],
[1671543000.0, 0.9631205673758864],
[1671629400.0, 0.9071770334928231],
[1671715800.0, 0.8498800959232613],
[1671802200.0, 0.8498800959232613],
[1671888600.0, 0.8520481927710842],
[1671975000.0, 0.8622871046228711],
[1672061400.0, 0.9808823529411766],
[1672147800.0, 0.9007444168734491],
[1672234200.0, 0.9112781954887217],
[1672320600.0, 0.9615],
[1672407000.0, 1.1121588089330026],
[1672493400.0, 1.0676616915422885],
[1672579800.0, 1.0676616915422885],
[1672666200.0, 1.1127182044887778],
[1672752600.0, 1.1131455399061032],
[1672839000.0, 1.02112676056338],
[1672925400.0, 1.006060606060606],
[1673011800.0, 0.9846153846153844],
[1673098200.0, 0.9841584158415839],
[1673184600.0, 0.8645011600928073],
[1673271000.0, 0.9169373549883989],
[1673357400.0, 0.8770301624129929],
[1673443800.0, 0.8737327188940089],
[1673530200.0, 0.855045871559633],
[1673616600.0, 0.9061784897025171],
[1673703000.0, 0.9574370709382151],
[1673789400.0, 1.0248275862068967],
[1673875800.0, 0.9556581986143187],
[1673962200.0, 1.0797235023041474],
[1674048600.0, 1.0342592592592594],
[1674135000.0, 1.0263888888888888],
[1674221400.0, 0.9865429234338745],
[1674307800.0, 0.9999999999999998],
[1674394200.0, 0.9860788863109048],
[1674480600.0, 1.0315545243619488],
[1674567000.0, 0.9958236658932713],
[1674653400.0, 0.9215777262180973],
[1674739800.0, 0.9155452436194895],
[1674826200.0, 0.9664335664335664],
[1674912600.0, 0.9575757575757575],
[1674999000.0, 0.9568445475638049],
[1675085400.0, 0.8654292343387469],
[1675171800.0, 0.8495370370370372],
[1675258200.0, 0.8356481481481484],
[1675344600.0, 0.8324074074074076],
[1675431000.0, 0.9051162790697675],
[1675517400.0, 0.9046511627906977],
[1675603800.0, 0.9067915690866512],
[1675690200.0, 0.8997658079625294],
[1675776600.0, 0.8798122065727697],
[1675863000.0, 0.8798122065727697],
[1675949400.0, 0.8798122065727697],
