[1635773400.0, 0.5008379527462519],
[1635859800.0, 0.4574763011077054],
[1635946200.0, 0.43600883055859374],
[1636032600.0, 0.44958064811006],
[1636119000.0, 0.4606947306166057],
[1636205400.0, 0.4621065132783885],
[1636291800.0, 0.47358826787634745],
[1636378200.0, 0.46795120023512216],
[1636464600.0, 0.4586243941586219],
[1636551000.0, 0.4473549173361556],
[1636637400.0, 0.4619789411651513],
[1636723800.0, 0.4395753732602926],
[1636810200.0, 0.43397598206579435],
[1636896600.0, 0.46070975355202926],
[1636983000.0, 0.4605991281583808],
[1637069400.0, 0.48279844505265856],
[1637155800.0, 0.47403666258904814],
[1637242200.0, 0.4976079721654943],
[1637328600.0, 0.4818790569275535],
[1637415000.0, 0.4903477210748612],
[1637501400.0, 0.486376126575543],
[1637587800.0, 0.46852885764176083],
[1637674200.0, 0.48921849649589383],
[1637760600.0, 0.5107247679535295],
[1637847000.0, 0.507372696454975],
[1637933400.0, 0.4826362232799359],
[1638019800.0, 0.47109263165825366],
[1638106200.0, 0.4722745203514435],
[1638192600.0, 0.47971800015430915],
[1638279000.0, 0.5229067569215758],
[1638365400.0, 0.49760848126232743],
[1638451800.0, 0.5101939946018894],
[1638538200.0, 0.5328271534666885],
[1638624600.0, 0.533013278061458],
[1638711000.0, 0.545482458543356],
[1638797400.0, 0.5345010437384653],
[1638883800.0, 0.5491851387991095],
[1638970200.0, 0.5444843125660738],
[1639056600.0, 0.5395237291947819],
[1639143000.0, 0.5606334509112287],
[1639229400.0, 0.5444658119658119],
[1639315800.0, 0.5303715390789695],
[1639402200.0, 0.5402677653077015],
[1639488600.0, 0.5076721713074253],
[1639575000.0, 0.4982415444477703],
[1639661400.0, 0.4952373470755824],
[1639747800.0, 0.49462509331253196],
[1639834200.0, 0.5008410172203276],
[1639920600.0, 0.5004015620394932],
[1640007000.0, 0.5262408925318761],
[1640093400.0, 0.5055927392324452],
[1640179800.0, 0.4826786911345736],
[1640266200.0, 0.4859441448414184],
[1640352600.0, 0.506323673870334],
[1640439000.0, 0.5004764520343877],
[1640525400.0, 0.5035558995913021],
[1640611800.0, 0.5082801735929768],
[1640698200.0, 0.5149536310250596],
[1640784600.0, 0.5215407293669222],
[1640871000.0, 0.5359409041394336],
[1640957400.0, 0.6002870526908989],
[1641043800.0, 0.5077120012603884],
[1641130200.0, 0.5151892663297775],
[1641216600.0, 0.5061001899335235],
[1641303000.0, 0.49182406863704575],
[1641389400.0, 0.5671335115647913],
[1641475800.0, 0.5950901377479049],
[1641562200.0, 0.5868340700000838],
[1641648600.0, 0.5949016295623966],
[1641735000.0, 0.5615219865803979],
[1641821400.0, 0.5738501991535974],
[1641907800.0, 0.583436809284892],
[1641994200.0, 0.48845960554430945],
[1642080600.0, 0.4799833495261833],
[1642167000.0, 0.583554713182117],
[1642253400.0, 0.5841235826826606],
[1642339800.0, 0.5591386876700779],
[1642426200.0, 0.5749351168871718],
[1642512600.0, 0.5712768564259391],
[1642599000.0, 0.5933365601807036],
[1642685400.0, 0.5840285024514676],
[1642771800.0, 0.5868549407997619],
[1642858200.0, 0.5881813222238754],
[1642944600.0, 0.5737070996379507],
[1643031000.0, 0.5580712749080097],
[1643117400.0, 0.5677249617546312],
[1643203800.0, 0.5628448555663745],
[1643290200.0, 0.5603679337231969],
[1643376600.0, 0.5621338652033919],
[1643463000.0, 0.6317295951911338],
[1643549400.0, 0.5349371617862744],
[1643635800.0, 0.5349371617862744],
[1643722200.0, 0.5349371617862744],
[1643808600.0, 0.536854324753261],
[1643895000.0, 0.5377266409426604],
[1643981400.0, 0.5490239399219983],
[1644067800.0, 0.5742080583681763],
[1644154200.0, 0.5575789017791901],
[1644240600.0, 0.5577950361604209],
[1644327000.0, 0.5395944473125681],
[1644413400.0, 0.540709979865609],
[1644499800.0, 0.5476919495774244],
[1644586200.0, 0.5480280887230516],
[1644672600.0, 0.5469267479071399],
[1644759000.0, 0.5452941528876109],
[1644845400.0, 0.5496735018793842],
[1644931800.0, 0.5484609176619487],
[1645018200.0, 0.5597218232022153],
[1645104600.0, 0.5473468494399272],
[1645191000.0, 0.5397074770319152],
[1645277400.0, 0.5529342257179969],
[1645363800.0, 0.5460992269278786],
[1645450200.0, 0.5584185633342938],
[1645536600.0, 0.5606758579019815],
[1645623000.0, 0.5376737865011786],
[1645709400.0, 0.5354565426748525],
[1645795800.0, 0.5432039864291772],
[1645882200.0, 0.543993544888106],
[1645968600.0, 0.5519569224244797],
[1646055000.0, 0.5335244843791853],
[1646141400.0, 0.5534330620126617],
[1646227800.0, 0.5596979456039859],
[1646314200.0, 0.5613620362183581],
[1646400600.0, 0.5477476010194131],
[1646487000.0, 0.566305374545394],
[1646573400.0, 0.5664421724548306],
[1646659800.0, 0.5698885718755661],
[1646746200.0, 0.6110008725266686],
[1646832600.0, 0.6141317335807467],
[1646919000.0, 0.6163545883940621],
[1647005400.0, 0.573148183548283],
[1647091800.0, 0.6031118429374245],
[1647178200.0, 0.563624442450973],
[1647264600.0, 0.5610115343125053],
[1647351000.0, 0.5928069836361295],
[1647437400.0, 0.6011372147325758],
[1647523800.0, 0.6140151312385133],
[1647610200.0, 0.5738269124463155],
[1647696600.0, 0.5679370821697555],
[1647783000.0, 0.5686843349886828],
[1647869400.0, 0.574163018041821],
[1647955800.0, 0.584443669791102],
[1648042200.0, 0.5769532241685706],
[1648128600.0, 0.5758916506199114],
[1648215000.0, 0.5689387323765409],
[1648301400.0, 0.5852356805715015],
[1648387800.0, 0.5689118337371291],
[1648474200.0, 0.5748481447665424],
[1648560600.0, 0.5508517782453953],
[1648647000.0, 0.5569019168533733],
[1648733400.0, 0.5557063302577366],
[1648819800.0, 0.5593947053707329],
[1648906200.0, 0.5706285178236398],
[1648996200.0, 0.5682967748397436],
[1649082600.0, 0.5596546523965878],
[1649169000.0, 0.5763789578001909],
[1649255400.0, 0.5922971664350974],
[1649341800.0, 0.5825010305202236],
[1649428200.0, 0.5799866636471152],
[1649514600.0, 0.6008523574575421],
[1649601000.0, 0.5970269562774542],
[1649687400.0, 0.6054027777777778],
[1649773800.0, 0.6018200549450551],
[1649860200.0, 0.5891256698548366],
[1649946600.0, 0.5998755517986287],
[1650033000.0, 0.5947806749248102],
[1650119400.0, 0.5695987535255339],
[1650205800.0, 0.5944133235799902],
[1650292200.0, 0.5893824786324787],
[1650378600.0, 0.6002745726495726],
[1650465000.0, 0.5960695287618365],
[1650551400.0, 0.5960695287618365],
[1650637800.0, 0.5960695287618365],
[1650724200.0, 0.5870811795212995],
[1650810600.0, 0.581674258320965],
[1650897000.0, 0.5918558182779741],
[1650983400.0, 0.5982717888527749],
[1651069800.0, 0.5948479326651918],
[1651156200.0, 0.5953583051203318],
[1651242600.0, 0.584421473809963],
[1651329000.0, 0.5883749726057419],
[1651415400.0, 0.5765437100868755],
[1651501800.0, 0.5835152312075389],
[1651588200.0, 0.5858331578300777],
[1651674600.0, 0.544871794871795],
[1651761000.0, 0.5427984673122852],
[1651847400.0, 0.5342055306231356],
[1651933800.0, 0.539214233009197],
[1652020200.0, 0.54999054728993],
[1652106600.0, 0.5532763896527942],
[1652193000.0, 0.5544494141445986],
[1652279400.0, 0.5321909355830827],
[1652365800.0, 0.5293328350393568],
[1652452200.0, 0.5445406417205199],
[1652538600.0, 0.5438974964531645],
[1652625000.0, 0.5448140010197645],
[1652711400.0, 0.5412067910807832],
[1652797800.0, 0.5309670075295078],
[1652884200.0, 0.5293328350393568],
[1652970600.0, 0.5255571492077872],
[1653057000.0, 0.5392555412209501],
[1653143400.0, 0.5292207114716881],
[1653229800.0, 0.5133583489681052],
[1653316200.0, 0.5305821341570607],
[1653402600.0, 0.5157706525233045],
[1653489000.0, 0.5240379469064439],
[1653575400.0, 0.5378810124789658],
[1653661800.0, 0.5279989285091325],
[1653748200.0, 0.5266595304492323],
[1653834600.0, 0.535603118836292],
[1653921000.0, 0.5346384985207101],
[1654007400.0, 0.5389895627876398],
[1654093800.0, 0.555241327300151],
[1654180200.0, 0.5363032133464826],
[1654266600.0, 0.5497704479902623],
[1654353000.0, 0.5282806366926646],
[1654439400.0, 0.5088038297172912],
[1654525800.0, 0.5169784475673899],
[1654612200.0, 0.5243076180576182],
[1654698600.0, 0.511241219251868],
[1654785000.0, 0.5240994230355933],
[1654871400.0, 0.5763945356968614],
[1654957800.0, 0.5329581472560926],
[1655044200.0, 0.5274829812501045],
[1655130600.0, 0.5288728632478632],
[1655217000.0, 0.5228183634248723],
[1655303400.0, 0.5331679793036652],
[1655389800.0, 0.5268321062875518],
[1655476200.0, 0.5128657740726706],
[1655562600.0, 0.5155088035870518],
[1655649000.0, 0.5074156633586889],
[1655735400.0, 0.495540941174503],
[1655821800.0, 0.4994479355945892],
[1655908200.0, 0.48201742729136615],
[1655994600.0, 0.493617446100323],
[1656081000.0, 0.4817646676070056],
[1656167400.0, 0.4635001129007979],
[1656253800.0, 0.46736957867094864],
[1656340200.0, 0.4794120902991872],
[1656426600.0, 0.5072045756352326],
[1656513000.0, 0.4680534607005196],
[1656599400.0, 0.46211167219311344],
[1656685800.0, 0.47618715497053793],
[1656772200.0, 0.4865679266720935],
[1656858600.0, 0.4889569342694344],
[1656945000.0, 0.5029678295365546],
[1657031400.0, 0.5015389574546992],
[1657117800.0, 0.5138230002526639],
[1657204200.0, 0.4939348290598291],
[1657290600.0, 0.5262055222161605],
[1657377000.0, 0.5248920777474078],
[1657463400.0, 0.5128074970714566],
[1657549800.0, 0.5107281860578008],
[1657636200.0, 0.512901861252115],
[1657722600.0, 0.552658739580036],
[1657809000.0, 0.5254396736116614],
[1657895400.0, 0.5379769257506484],
[1657981800.0, 0.5194449813168406],
[1658068200.0, 0.5377813645469737],
[1658154600.0, 0.5343130802576388],
[1658241000.0, 0.533829558766107],
[1658327400.0, 0.5621653927922812],
[1658413800.0, 0.5296557741799435],
[1658500200.0, 0.5363069259345855],
[1658586600.0, 0.5393154792926136],
[1658673000.0, 0.5325188320244101],
[1658759400.0, 0.5380163817663818],
[1658845800.0, 0.5393146205646207],
[1658932200.0, 0.5351147531056439],
[1659018600.0, 0.5613111058995205],
[1659105000.0, 0.5491680767061479],
[1659191400.0, 0.5549442794107429],
[1659277800.0, 0.55256880954883],
[1659364200.0, 0.5521767209458341],
[1659450600.0, 0.5581030966669265],
[1659537000.0, 0.5454735544999489],
[1659623400.0, 0.5296778051880092],
[1659709800.0, 0.5503124845610394],
[1659796200.0, 0.520037744667031],
[1659882600.0, 0.476416483942662],
[1659969000.0, 0.5143381696515211],
[1660055400.0, 0.5270668291692059],
[1660141800.0, 0.5243072980141945],
[1660228200.0, 0.5153995341495343],
[1660314600.0, 0.5351352594773647],
[1660401000.0, 0.5351352594773647],
[1660487400.0, 0.5351352594773647],
[1660573800.0, 0.5351352594773647],
[1660660200.0, 0.4949390734351157],
[1660746600.0, 0.4880584182795217],
[1660833000.0, 0.5043687582330056],
[1660919400.0, 0.5083768880044526],
[1661005800.0, 0.517642224542677],
[1661092200.0, 0.4998374824763714],
[1661178600.0, 0.4901830349943557],
[1661265000.0, 0.4795169465308354],
[1661351400.0, 0.4740089890951961],
[1661437800.0, 0.4655925132620049],
[1661524200.0, 0.40582036252907816],
[1661610600.0, 0.514132423080891],
[1661697000.0, 0.49287813052360957],
[1661783400.0, 0.4899651274651275],
[1661869800.0, 0.5036335316913274],
[1661956200.0, 0.4857563768696581],
[1662042600.0, 0.46790489423261455],
[1662129000.0, 0.5156290622664196],
[1662215400.0, 0.5216692529372646],
[1662301800.0, 0.500951246765467],
[1662388200.0, 0.5048597842411091],
[1662474600.0, 0.5045914498317455],
[1662561000.0, 0.5173578385171224],
[1662647400.0, 0.5066530240205892],
[1662733800.0, 0.5136749144102085],
[1662820200.0, 0.5303752104529673],
[1662906600.0, 0.5022419188702538],
[1662993000.0, 0.49684268040432433],
[1663079400.0, 0.5269770123493528],
[1663165800.0, 0.5077639083511567],
[1663252200.0, 0.5113457005332609],
[1663338600.0, 0.5130183220829316],
[1663425000.0, 0.517316379973689],
[1663511400.0, 0.5220862375548343],
[1663597800.0, 0.5151308241045596],
[1663684200.0, 0.5178292492947665],
[1663770600.0, 0.5175737621499479],
[1663857000.0, 0.4948155008353309],
[1663943400.0, 0.4810224028974029],
[1664029800.0, 0.4698776739810896],
[1664116200.0, 0.47849009581051183],
[1664202600.0, 0.4870730531141297],
[1664289000.0, 0.47570307676058626],
[1664375400.0, 0.4680906593406593],
[1664461800.0, 0.46980897313913494],
[1664548200.0, 0.46995357180542374],
[1664634600.0, 0.45059831051210364],
[1664717400.0, 0.45401519075761515],
[1664803800.0, 0.43590030530496066],
[1664890200.0, 0.40641701715806633],
[1664976600.0, 0.40517063517693247],
[1665063000.0, 0.436369765532692],
[1665149400.0, 0.4206090782682295],
[1665235800.0, 0.4360393445254806],
[1665322200.0, 0.43926733613109525],
[1665408600.0, 0.44454152606569797],
[1665495000.0, 0.43025767942656246],
[1665581400.0, 0.4586305469926161],
[1665667800.0, 0.4647100178523469],
[1665754200.0, 0.4514280111590239],
[1665840600.0, 0.4881546492284748],
[1665927000.0, 0.4604287697440564],
[1666013400.0, 0.4666546012174428],
[1666099800.0, 0.46803659731108904],
[1666186200.0, 0.44984815210509665],
[1666272600.0, 0.46885592533125736],
[1666359000.0, 0.46725099250291197],
[1666445400.0, 0.48249459671873474],
[1666531800.0, 0.4550523441055986],
[1666618200.0, 0.4880569621948932],
[1666704600.0, 0.4555111094417735],
[1666791000.0, 0.4706942566439637],
[1666877400.0, 0.4878206213953167],
[1666963800.0, 0.4766124444097006],
[1667050200.0, 0.46769421775561276],
[1667136600.0, 0.4718659160918045],
[1667223000.0, 0.43904148543323807],
[1667309400.0, 0.45069904341427525],
[1667395800.0, 0.4454526801381106],
[1667482200.0, 0.5054372507879415],
[1667568600.0, 0.5053148042852373],
[1667655000.0, 0.44255527945836937],
[1667741400.0, 0.43264668832850656],
[1667827800.0, 0.4319807015508373],
[1667914200.0, 0.4314531072661154],
[1668000600.0, 0.44639597811326787],
[1668087000.0, 0.5246520480127038],
[1668173400.0, 0.457736591681759],
[1668259800.0, 0.4469626902135977],
[1668346200.0, 0.4553763941241255],
[1668432600.0, 0.4688495442646734],
[1668519000.0, 0.43880383740134415],
[1668605400.0, 0.44795419630045535],
[1668691800.0, 0.43934823346588053],
[1668778200.0, 0.4323109514332439],
[1668864600.0, 0.4276141465333705],
[1668951000.0, 0.4529963763834731],
[1669037400.0, 0.43708307275380454],
[1669123800.0, 0.4959060594598003],
[1669210200.0, 0.4215787405442578],
[1669296600.0, 0.4005108292742702],
[1669383000.0, 0.42473385611972564],
[1669469400.0, 0.3985511404938442],
[1669555800.0, 0.3751364577977482],
[1669642200.0, 0.3394597755552812],
[1669728600.0, 0.3755171394799055],
[1669815000.0, 0.3971875140329606],
[1669901400.0, 0.35671384193478145],
[1669987800.0, 0.38809801897725615],
[1670074200.0, 0.3729941472308641],
[1670160600.0, 0.37495007987220447],
[1670247000.0, 0.3766931549077251],
[1670333400.0, 0.3757217492786761],
[1670419800.0, 0.4320767662510782],
[1670506200.0, 0.384369579110746],
[1670592600.0, 0.3854116843776211],
[1670679000.0, 0.37741523878964645],
[1670765400.0, 0.385860655737705],
[1670851800.0, 0.4072731058959873],
[1670938200.0, 0.41047183841872975],
[1671024600.0, 0.39499434389140275],
[1671111000.0, 0.3928710575787435],
[1671197400.0, 0.41825729627338215],
[1671283800.0, 0.42351039972673343],
[1671370200.0, 0.41759685159812393],
[1671456600.0, 0.40029285345662524],
[1671543000.0, 0.40942311351129845],
[1671629400.0, 0.38297772454129114],
[1671715800.0, 0.43923401092688796],
[1671802200.0, 0.41909410096296806],
[1671888600.0, 0.4059044845961946],
[1671975000.0, 0.40621897392730727],
[1672061400.0, 0.4212426462426463],
[1672147800.0, 0.4178521314854941],
[1672234200.0, 0.4264687807276302],
[1672320600.0, 0.4324646599446421],
[1672407000.0, 0.43955006160355214],
[1672493400.0, 0.4602695167286246],
[1672579800.0, 0.45833283221885474],
[1672666200.0, 0.46771538864699236],
[1672752600.0, 0.4737460311538877],
[1672839000.0, 0.44786068297148646],
[1672925400.0, 0.47023274382784475],
[1673011800.0, 0.46522876515925643],
[1673098200.0, 0.502664243503202],
[1673184600.0, 0.5079993099205162],
[1673271000.0, 0.5073357682369309],
[1673357400.0, 0.5240897560247706],
[1673443800.0, 0.5217028096017459],
[1673530200.0, 0.5276487820304763],
[1673616600.0, 0.5366727864907478],
[1673703000.0, 0.5342017448384675],
[1673789400.0, 0.513858408140323],
[1673875800.0, 0.5255366558903615],
[1673962200.0, 0.5111912644900393],
[1674048600.0, 0.5032431452367584],
[1674135000.0, 0.5020489078822414],
[1674221400.0, 0.49791537543328057],
[1674307800.0, 0.49876504916827497],
[1674394200.0, 0.4913618003240645],
[1674480600.0, 0.485551190557881],
[1674567000.0, 0.5218482401556056],
[1674653400.0, 0.4825673796750925],
[1674739800.0, 0.47817026343929236],
[1674826200.0, 0.47535939717918513],
[1674912600.0, 0.48118591631179974],
[1674999000.0, 0.47740235452931784],
[1675085400.0, 0.4735843785040136],
[1675171800.0, 0.4794823443648509],
[1675258200.0, 0.49215750703587374],
[1675344600.0, 0.5747261879995147],
[1675431000.0, 0.4843283609254649],
[1675517400.0, 0.4889080905371365],
[1675603800.0, 0.4868239695458127],
[1675690200.0, 0.48854103877838057],
[1675776600.0, 0.477402045520023],
[1675863000.0, 0.477402045520023],
[1675949400.0, 0.477402045520023],
