[1633098600, 2.75],
[1633185000, 2.72],
[1633267800, 2.4],
[1633354200, 2.4],
[1633440600, 2.56],
[1633527000, 2.56],
[1633613400, 2.56],
[1633699800, 2.7],
[1633786200, 2.68],
[1633872600, 2.64],
[1633959000, 2.62],
[1634045400, 2.62],
[1634131800, 2.62],
[1634218200, 2.71],
[1634304600, 2.71],
[1634391000, 2.57],
[1634477400, 2.52],
[1634563800, 2.49],
[1634650200, 2.49],
[1634736600, 2.45],
[1634823000, 2.46],
[1634909400, 2.51],
[1634995800, 2.33],
[1635082200, 2.46],
[1635168600, 2.45],
[1635255000, 2.45],
[1635341400, 2.17],
[1635427800, 2.3],
[1635514200, 2.3],
[1635600600, 2.3],
[1635687000, 2.2],
[1635773400, 2.19],
[1635859800, 2.34],
[1635946200, 2.34],
[1636032600, 2.5],
[1636119000, 2.5],
[1636205400, 2.5],
[1636291800, 2.5],
[1636464600, 2.41],
[1636551000, 2.41],
[1636637400, 2.41],
[1636896600, 2.2],
[1636983000, 2.15],
[1637069400, 1.7],
[1637155800, 2.11],
[1637242200, 2.25],
[1637328600, 1.96],
[1637415000, 2.03],
[1637501400, 2.03],
[1637587800, 2.13],
[1637674200, 2.15],
[1637760600, 2.15],
[1637847000, 2.04],
[1637933400, 2.13],
[1638019800, 2.13],
[1638106200, 2.13],
[1638192600, 2.13],
[1638279000, 2.13],
[1638365400, 2.21],
[1638451800, 2.18],
[1638538200, 2.18],
[1638624600, 2.26],
[1638711000, 2.2],
[1638797400, 2.23],
[1638883800, 2.23],
[1638970200, 2.28],
[1639056600, 2.27],
[1639143000, 2.27],
[1639229400, 1.9],
[1639315800, 2.09],
[1639402200, 2.36],
[1639488600, 2.36],
[1639575000, 2.21],
[1639661400, 2.21],
[1639747800, 2.21],
[1639834200, 2.36],
[1639920600, 2.36],
[1640007000, 2.2],
[1640093400, 2.2],
[1640179800, 2.2],
[1640266200, 2.21],
[1640352600, 2.34],
[1640439000, 2.34],
[1640525400, 2.34],
[1640611800, 1.9],
[1640698200, 1.84],
[1640784600, 2.03],
[1640871000, 2.03],
[1640957400, 2.29],
[1641043800, 2.29],
[1641130200, 2.3],
[1641216600, 2.22],
[1641303000, 2.3],
[1641389400, 2.29],
[1641475800, 2.3],
[1641562200, 2.31],
[1641648600, 2.31],
[1641735000, 2.3],
[1641821400, 2.31],
[1641907800, 2.3],
[1641994200, 2.3],
[1642080600, 2.31],
[1642167000, 2.27],
[1642253400, 2.27],
[1642339800, 2.29],
[1642426200, 2.29],
[1642512600, 2.28],
[1642599000, 2.27],
[1642685400, 2.27],
[1642771800, 2.27],
[1642858200, 2.23],
[1642944600, 2.25],
[1643031000, 2.39],
[1643117400, 2.51],
[1643203800, 2.51],
[1643290200, 2.58],
[1643376600, 2.8],
[1643463000, 2.73],
[1643549400, 2.6],
[1643635800, 2.6],
[1643722200, 2.6],
[1643808600, 3.15],
[1643895000, 2.84],
[1643981400, 3.17],
[1644067800, 3.36],
[1644154200, 3.51],
[1644240600, 3.16],
[1644327000, 3.24],
[1644413400, 3.26],
[1644499800, 4.7],
[1644586200, 4.68],
[1644672600, 4.44],
[1644759000, 4.89],
[1644845400, 4.79],
[1644931800, 5.2],
[1645018200, 5.23],
[1645104600, 5.46],
[1645191000, 5.35],
[1645277400, 5.35],
[1645363800, 6.1],
[1645450200, 7.76],
[1645536600, 7.93],
[1645623000, 7.93],
[1645709400, 6.55],
[1645795800, 6.55],
[1645882200, 4.68],
[1645968600, 4.68],
[1646055000, 4.68],
[1646141400, 4.22],
[1646227800, 4.5],
[1646314200, 4.5],
[1646400600, 4.5],
[1646487000, 4.15],
[1646573400, 4.15],
[1646659800, 4.19],
[1646746200, 3.94],
[1646832600, 3.88],
[1646919000, 2.98],
[1647005400, 3.7],
[1647091800, 3.39],
[1647178200, 3.56],
[1647264600, 3.53],
[1647351000, 3.39],
[1647437400, 3.33],
[1647523800, 3.35],
[1647610200, 3.54],
[1647696600, 3.36],
[1647783000, 3.36],
[1647869400, 3.22],
[1647955800, 3.3],
[1648042200, 3.28],
[1648128600, 3.27],
[1648215000, 3.41],
[1648301400, 3.29],
[1648387800, 3.29],
[1648474200, 3.31],
[1648560600, 3.41],
[1648647000, 3.41],
[1648733400, 3.41],
[1648819800, 3.44],
[1648906200, 3.44],
[1648996200, 3.44],
[1649082600, 3.44],
[1649169000, 3.44],
[1649255400, 3.44],
[1649341800, 3.44],
[1649514600, 3.38],
[1649601000, 3.38],
[1649687400, 3.38],
[1649773800, 3.38],
[1649860200, 3.18],
[1649946600, 3.31],
[1650033000, 3.31],
[1650119400, 3.3],
[1650205800, 3.18],
[1650292200, 3.18],
[1650378600, 3.18],
[1650465000, 3.32],
[1650551400, 3.32],
[1650637800, 3.32],
[1650724200, 3.34],
[1650810600, 3.33],
[1650897000, 3.33],
[1650983400, 3.33],
[1651069800, 4.29],
[1651156200, 4.27],
[1651242600, 4.28],
[1651329000, 4.28],
[1651415400, 4.28],
[1651501800, 3.32],
[1651588200, 3.32],
[1651674600, 3.32],
[1651761000, 3.82],
[1651847400, 3.82],
[1651933800, 3.82],
[1652020200, 3.82],
[1652106600, 4.32],
[1652193000, 4.32],
[1652279400, 3.76],
[1652365800, 4.27],
[1652970600, 3.19],
[1653057000, 3.13],
[1653143400, 3.19],
[1653229800, 3.75],
[1653316200, 3.46],
[1653402600, 3.46],
[1653489000, 3.46],
[1653575400, 3.46],
[1653661800, 3.56],
[1653748200, 3.64],
[1653834600, 3.64],
[1653921000, 3.64],
[1654007400, 3.64],
[1654093800, 3.64],
[1654180200, 3.64],
[1654266600, 3.96],
[1654353000, 3.96],
[1654439400, 3.96],
[1654525800, 3.96],
[1654612200, 3.96],
[1654698600, 3.65],
[1654785000, 3.19],
[1654871400, 2.85],
[1654957800, 3.22],
[1655044200, 3.22],
[1655130600, 3.22],
[1655217000, 2.85],
[1655303400, 3.02],
[1655389800, 2.85],
[1655476200, 2.85],
[1655562600, 2.85],
[1655649000, 3],
[1655735400, 2.98],
[1655821800, 2.99],
[1655908200, 2.99],
[1655994600, 2.99],
[1656081000, 2.99],
[1656167400, 2.99],
[1656253800, 2.99],
[1656340200, 2.99],
[1656426600, 2.49],
[1656513000, 2.63],
[1656599400, 2.97],
[1656685800, 2.31],
[1656772200, 2.56],
[1656858600, 2.56],
[1656945000, 2.71],
[1657031400, 2.6],
[1657117800, 2.59],
[1657290600, 2.65],
[1657377000, 2.65],
[1657463400, 2.79],
[1657549800, 2.64],
[1657636200, 2.71],
[1657722600, 2.73],
[1657809000, 2.78],
[1657895400, 3.17],
[1657981800, 3.09],
[1658068200, 4.2],
[1658154600, 3.48],
[1658241000, 3.54],
[1658327400, 3.54],
[1658413800, 3.54],
[1658673000, 3.01],
[1658759400, 3.31],
[1658845800, 3.31],
[1658932200, 3.31],
[1659018600, 3.31],
[1659105000, 3.31],
[1659191400, 3.31],
[1659277800, 6.39],
[1659364200, 6.39],
[1659450600, 6.39],
[1659537000, 6.39],
[1659623400, 6.39],
[1659709800, 6.44],
[1659796200, 4.46],
[1659882600, 4.46],
[1659969000, 4.46],
[1660055400, 4.46],
[1660228200, 4.46],
[1660314600, 4.46],
[1660401000, 4.46],
[1660487400, 4.46],
[1660573800, 4.46],
[1660660200, 5.16],
[1660746600, 5.16],
[1660833000, 5.16],
[1660919400, 5.16],
[1661005800, 4.49],
[1661178600, 4.49],
[1661265000, 4.49],
[1661351400, 4.43],
[1661437800, 4.46],
[1661524200, 4.46],
[1661610600, 5.74],
[1661697000, 5.08],
[1661783400, 5.08],
[1661869800, 5.08],
[1661956200, 5.74],
[1662042600, 5.74],
[1662129000, 5.74],
[1662215400, 4.91],
[1662301800, 4.74],
[1662561000, 5],
[1662647400, 5],
[1662733800, 5],
[1662820200, 5],
[1662906600, 5],
[1662993000, 5.04],
[1663079400, 4.46],
[1663165800, 4.46],
[1663252200, 4.46],
[1663338600, 4.46],
[1663425000, 5.31],
[1663511400, 5.31],
[1663597800, 5.31],
[1663684200, 5.31],
[1663770600, 5.31],
[1663857000, 5.31],
[1663943400, 5.31],
[1664029800, 5.53],
[1664116200, 5.53],
[1664202600, 5.31],
[1664289000, 5.31],
[1664375400, 5.31],
[1664461800, 4.3],
[1664548200, 4.3],
[1664634600, 4.27],
[1664717400, 4.28],
[1664803800, 5.05],
[1664890200, 6.03],
[1664976600, 6.54],
[1665063000, 5.13],
[1665149400, 5.28],
[1665235800, 5.79],
[1665322200, 5.79],
[1665408600, 6.16],
[1665495000, 6.54],
[1665581400, 5.2],
[1665667800, 5.2],
[1665754200, 5.2],
[1665840600, 5.2],
[1665927000, 5.2],
[1666013400, 5.19],
[1666099800, 5.19],
[1666186200, 5.19],
[1666272600, 5.19],
[1666359000, 5.19],
[1666445400, 5.19],
[1666531800, 5.19],
[1666618200, 5.19],
[1666704600, 5.19],
[1666791000, 5.19],
[1666877400, 5.19],
[1666963800, 5.19],
[1667050200, 6.5],
[1667136600, 6.5],
[1667223000, 6.5],
[1667309400, 5.68],
[1667395800, 5.68],
[1667482200, 5.68],
[1667568600, 5.68],
[1667655000, 5.68],
[1667741400, 5.68],
[1667827800, 5.68],
[1667914200, 6.09],
[1668000600, 6.09],
[1668087000, 5.31],
[1668173400, 5.31],
[1668259800, 5.31],
[1668346200, 5.31],
[1668432600, 5.31],
[1668519000, 5.31],
[1668605400, 5.31],
[1668691800, 5.5],
[1668778200, 5.5],
[1668864600, 5.5],
[1668951000, 5.5],
[1669037400, 5.5],
[1669123800, 5.5],
[1669210200, 5.52],
[1669296600, 5.52],
[1669383000, 5.52],
[1669469400, 5.52],
[1669555800, 5.52],
[1669642200, 5.52],
[1669728600, 4.31],
[1669815000, 4.31],
[1669901400, 4.31],
[1669987800, 4.31],
[1670074200, 4.31],
[1670160600, 4.31],
[1670247000, 4.31],
[1670333400, 5.24],
[1670419800, 5.24],
[1670506200, 5.24],
[1670592600, 5.24],
[1670679000, 2.71],
[1670765400, 2.59],
[1670851800, 2.65],
[1670938200, 3.06],
[1671024600, 2.79],
[1671111000, 2.79],
[1671197400, 2.79],
[1671283800, 2.82],
[1671370200, 3.06],
[1671456600, 3.06],
[1671543000, 2.88],
[1671629400, 2.88],
[1671715800, 2.88],
[1671802200, 2.88],
[1671888600, 2.88],
[1671975000, 2.88],
[1672061400, 2.88],
[1672147800, 3.11],
[1672234200, 2.77],
[1672320600, 2.77],
[1672407000, 2.77],
[1672493400, 2.77],
[1672579800, 2.77],
[1672666200, 2.77],
[1672752600, 2.77],
[1672839000, 2.8],
[1672925400, 2.8],
[1673011800, 2.8],
[1673098200, 3.75],
[1673184600, 3.75],
[1673271000, 3.75],
[1673357400, 3.75],
[1673443800, 3.75],
[1673530200, 3.75],
[1673616600, 4.31],
[1673703000, 4.31],
[1673789400, 4.31],
[1673875800, 4.31],
[1673962200, 4.49],
[1674048600, 4.4],
[1674135000, 4.4],
[1674221400, 4.45],
[1674307800, 4.45],
[1674394200, 4.45],
[1674480600, 4.49],
[1674567000, 3.91],
[1674653400, 3.91],
[1674739800, 3.91],
[1674826200, 4.14],
[1674912600, 3.92],
[1674999000, 3.92],
[1675085400, 3.92],
[1675171800, 3.92],
[1675258200, 5.1],
[1675344600, 5.1],
[1675431000, 5.1],
[1675517400, 6.28],
[1675603800, 6.28],
[1675690200, 6.28],
[1675776600, 4.68],
[1675863000, 4.68],
[1675949400, 4.68],
[1676035800, 4.68],
[1676122200, 4.68],
[1676208600, 4.77],
[1676295000, 4.77],
[1676381400, 4.77],
[1676467800, 4.77],
[1676554200, 3.21],
[1676640600, 3.21],
[1676727000, 3.21],
[1676813400, 3.21],
[1676899800, 3.21],
[1677072600, 3.21],
[1677159000, 3.56],
[1677245400, 3.56],
[1677331800, 3.56],
[1677418200, 3.56],
[1677504600, 3.21],
[1677591000, 3.21],
[1677677400, 3.21],
[1677763800, 3.21],
[1677850200, 3.21],
[1677936600, 3.21],
[1678023000, 3.21],
[1678109400, 3.21],
[1678195800, 3.21],
[1678282200, 3.21],
[1678368600, 3.21],
[1678455000, 3.21],
[1678541400, 3.21],
[1678627800, 3.21],
[1678714200, 3.8],
[1678800600, 3.8],
[1678887000, 3.8],
[1678973400, 3.8],
[1679059800, 3.8],
[1679146200, 3.8],
[1679232600, 3.8],
[1679319000, 3.8],
[1679405400, 3.8],
[1679491800, 4.59],
[1679578200, 4.59],
[1679664600, 4.59],
[1679751000, 4.59],
[1679837400, 4.59],
[1679923800, 4.68],
[1680010200, 4.63],
[1680096600, 4.65],
[1680183000, 4.65],
[1680269400, 4.65],
[1680355800, 4.65],
