[1635773400.0, 5.1975923333333345],
[1635859800.0, 5.188793866666667],
[1635946200.0, 5.240854866666667],
[1636032600.0, 5.206130866666666],
[1636119000.0, 5.163330033333334],
[1636205400.0, 5.178714733333334],
[1636291800.0, 5.216315900000001],
[1636378200.0, 5.230621533333335],
[1636464600.0, 5.2365351],
[1636551000.0, 5.177158266666667],
[1636637400.0, 5.2096615],
[1636723800.0, 5.144851566666667],
[1636810200.0, 5.167642100000001],
[1636896600.0, 5.157664300000001],
[1636983000.0, 5.1609464],
[1637069400.0, 5.182511966666667],
[1637155800.0, 5.224995833333334],
[1637242200.0, 5.299604433333334],
[1637328600.0, 5.329510633333334],
[1637415000.0, 5.328756333333334],
[1637501400.0, 5.415647800000001],
[1637587800.0, 5.387833400000001],
[1637674200.0, 5.360193166666666],
[1637760600.0, 5.350057100000001],
[1637847000.0, 5.4217589],
[1637933400.0, 5.5111458],
[1638019800.0, 5.498178466666666],
[1638106200.0, 5.4728830666666655],
[1638192600.0, 5.570488600000001],
[1638279000.0, 5.569356033333334],
[1638365400.0, 5.666325100000001],
[1638451800.0, 5.675681600000001],
[1638538200.0, 5.708860800000001],
[1638624600.0, 5.713275333333333],
[1638711000.0, 5.6373361666666675],
[1638797400.0, 5.616344833333333],
[1638883800.0, 5.698246533333333],
[1638970200.0, 5.630736700000001],
[1639056600.0, 5.7124098000000005],
[1639143000.0, 5.7256077],
[1639229400.0, 5.7166371666666675],
[1639315800.0, 5.705646033333334],
[1639402200.0, 5.668235366666667],
[1639488600.0, 5.711095766666666],
[1639575000.0, 5.795928733333334],
[1639661400.0, 5.817141866666667],
[1639747800.0, 5.854549933333335],
[1639834200.0, 5.869186933333334],
[1639920600.0, 5.871615133333333],
[1640007000.0, 5.884803899999999],
[1640093400.0, 5.969687433333334],
[1640179800.0, 5.973983066666668],
[1640266200.0, 5.954499566666667],
[1640352600.0, 6.0525457666666655],
[1640439000.0, 5.977111533333333],
[1640525400.0, 5.9391555333333335],
[1640611800.0, 5.9185609],
[1640698200.0, 5.898407833333334],
[1640784600.0, 5.932077166666667],
[1640871000.0, 6.006833166666667],
[1640957400.0, 6.059114466666667],
[1641043800.0, 6.030611266666668],
[1641130200.0, 6.0541366000000005],
[1641216600.0, 6.041397033333335],
[1641303000.0, 6.0469599],
[1641389400.0, 5.989339533333333],
[1641475800.0, 5.976972500000001],
[1641562200.0, 5.996130366666667],
[1641648600.0, 5.941899366666668],
[1641735000.0, 5.878721166666668],
[1641821400.0, 5.848498433333334],
[1641907800.0, 5.876847633333334],
[1641994200.0, 5.8625533999999995],
[1642080600.0, 5.879277533333334],
[1642167000.0, 5.956448833333333],
[1642253400.0, 5.993953400000001],
[1642339800.0, 5.959235033333333],
[1642426200.0, 5.939467433333333],
[1642512600.0, 5.992062000000001],
[1642599000.0, 6.026472166666667],
[1642685400.0, 6.011991500000001],
[1642771800.0, 6.076643166666668],
[1642858200.0, 6.063104833333334],
[1642944600.0, 6.098008166666667],
[1643031000.0, 6.122698966666668],
[1643117400.0, 6.126366400000001],
[1643203800.0, 6.140844433333334],
[1643290200.0, 6.190682933333335],
[1643376600.0, 6.162156466666666],
[1643463000.0, 6.2012908000000015],
[1643549400.0, 6.3423734],
[1643635800.0, 6.3423734],
[1643722200.0, 6.3423734],
[1643808600.0, 6.568489933333335],
[1643895000.0, 6.533318933333334],
[1643981400.0, 6.444122600000001],
[1644067800.0, 6.400693666666668],
[1644154200.0, 6.291873233333334],
[1644240600.0, 6.263515700000002],
[1644327000.0, 6.131179666666668],
[1644413400.0, 5.965391966666668],
[1644499800.0, 6.082353233333335],
[1644586200.0, 6.118217333333334],
[1644672600.0, 6.092507633333334],
[1644759000.0, 6.089245466666667],
[1644845400.0, 6.155959200000002],
[1644931800.0, 6.224279833333334],
[1645018200.0, 6.319755766666667],
[1645104600.0, 6.315386133333334],
[1645191000.0, 6.3012063000000005],
[1645277400.0, 6.361461833333333],
[1645363800.0, 6.323236433333334],
[1645450200.0, 6.3757017000000005],
[1645536600.0, 6.377285733333333],
[1645623000.0, 6.3496894333333325],
[1645709400.0, 6.319059633333334],
[1645795800.0, 6.357432],
[1645882200.0, 6.428608866666668],
[1645968600.0, 6.401217666666668],
[1646055000.0, 6.408487399999999],
[1646141400.0, 6.563057100000002],
[1646227800.0, 6.523544533333335],
[1646314200.0, 6.582321733333335],
[1646400600.0, 6.5399551],
[1646487000.0, 6.560180266666666],
[1646573400.0, 6.4862851],
[1646659800.0, 6.4023104],
[1646746200.0, 6.414167466666668],
[1646832600.0, 6.346707433333335],
[1646919000.0, 6.376046400000001],
[1647005400.0, 6.364193333333334],
[1647091800.0, 6.202444733333334],
[1647178200.0, 6.209455733333333],
[1647264600.0, 6.218548700000002],
[1647351000.0, 6.1682825333333335],
[1647437400.0, 6.263392733333333],
[1647523800.0, 6.272621466666667],
[1647610200.0, 6.268465366666667],
[1647696600.0, 6.269666066666669],
[1647783000.0, 6.3466317000000005],
[1647869400.0, 6.371901666666669],
[1647955800.0, 6.310822233333334],
[1648042200.0, 6.263102566666667],
[1648128600.0, 6.3349225333333345],
[1648215000.0, 6.302140000000001],
[1648301400.0, 6.2727965333333335],
[1648387800.0, 6.170427133333334],
[1648474200.0, 6.2995935],
[1648560600.0, 6.2854397],
[1648647000.0, 6.308200533333334],
[1648733400.0, 6.342609366666667],
[1648819800.0, 6.301088100000001],
[1648906200.0, 6.287338366666668],
[1648996200.0, 6.304004133333334],
[1649082600.0, 6.2935634],
[1649169000.0, 6.331246566666667],
[1649255400.0, 6.3335652666666675],
[1649341800.0, 6.339783166666667],
[1649428200.0, 6.384107766666667],
[1649514600.0, 6.3192084333333325],
[1649601000.0, 6.3192084333333325],
[1649687400.0, 6.3192084333333325],
[1649773800.0, 6.3192084333333325],
[1649860200.0, 6.3182825],
[1649946600.0, 6.259827033333333],
[1650033000.0, 6.2930099],
[1650119400.0, 6.281512366666668],
[1650205800.0, 6.2249603333333345],
[1650292200.0, 6.2818708],
[1650378600.0, 6.285379166666668],
[1650465000.0, 6.250008600000001],
[1650551400.0, 6.250008600000001],
[1650637800.0, 6.250008600000001],
[1650724200.0, 6.122397133333334],
[1650810600.0, 6.098689766666667],
[1650897000.0, 6.114638133333333],
[1650983400.0, 6.088280100000001],
[1651069800.0, 6.083433866666667],
[1651156200.0, 5.9373536666666675],
[1651242600.0, 5.8933924666666675],
[1651329000.0, 5.898878600000001],
[1651415400.0, 5.924106933333334],
[1651501800.0, 5.859862700000001],
[1651588200.0, 6.0109442],
[1651674600.0, 5.950528833333333],
[1651761000.0, 5.856773066666666],
[1651847400.0, 5.810242033333334],
[1651933800.0, 5.769169000000001],
[1652020200.0, 5.690077433333333],
[1652106600.0, 5.5340601666666664],
[1652193000.0, 5.508102533333333],
[1652279400.0, 5.435486433333334],
[1652365800.0, 5.398623666666668],
[1652452200.0, 5.324594],
[1652538600.0, 5.216894300000001],
[1652625000.0, 5.165496533333333],
[1652711400.0, 5.165861400000001],
[1652797800.0, 5.212784500000001],
[1652884200.0, 5.176999133333333],
[1652970600.0, 5.160068600000001],
[1653057000.0, 5.174133933333334],
[1653143400.0, 5.189599133333334],
[1653229800.0, 5.173217533333333],
[1653316200.0, 5.162148966666667],
[1653402600.0, 5.1579701],
[1653489000.0, 5.0476237333333325],
[1653575400.0, 5.059596633333333],
[1653661800.0, 5.073289066666668],
[1653748200.0, 4.9996372000000004],
[1653834600.0, 5.081308500000001],
[1653921000.0, 5.087233566666668],
[1654007400.0, 5.202277400000001],
[1654093800.0, 5.2374076333333335],
[1654180200.0, 5.312465033333334],
[1654266600.0, 5.340631133333333],
[1654353000.0, 5.363814133333334],
[1654439400.0, 5.355816733333334],
[1654525800.0, 5.3331222],
[1654612200.0, 5.3005673],
[1654698600.0, 5.3107936],
[1654785000.0, 5.328469],
[1654871400.0, 5.241694566666666],
[1654957800.0, 5.235336899999999],
[1655044200.0, 5.237995033333334],
[1655130600.0, 5.171570933333334],
[1655217000.0, 5.203241866666667],
[1655303400.0, 5.262373933333334],
[1655389800.0, 5.3408928000000016],
[1655476200.0, 5.2710189000000005],
[1655562600.0, 5.262693633333334],
[1655649000.0, 5.270873300000001],
[1655735400.0, 5.243712833333334],
[1655821800.0, 5.253440933333334],
[1655908200.0, 5.246754666666668],
[1655994600.0, 5.2448739],
[1656081000.0, 5.1988232000000005],
[1656167400.0, 5.178484266666667],
[1656253800.0, 5.077929366666666],
[1656340200.0, 5.14446],
[1656426600.0, 5.097079033333334],
[1656513000.0, 5.131898933333334],
[1656599400.0, 5.189991233333333],
[1656685800.0, 5.189593],
[1656772200.0, 5.135172700000001],
[1656858600.0, 5.182800466666667],
[1656945000.0, 5.164573099999999],
[1657031400.0, 5.215522066666667],
[1657117800.0, 5.2298138666666665],
[1657204200.0, 5.2030047],
[1657290600.0, 5.220920166666667],
[1657377000.0, 5.078478866666667],
[1657463400.0, 5.081833133333334],
[1657549800.0, 5.090603500000001],
[1657636200.0, 5.026160033333334],
[1657722600.0, 5.053407733333334],
[1657809000.0, 5.033753733333333],
[1657895400.0, 4.9932992],
[1657981800.0, 4.962911366666667],
[1658068200.0, 4.976048400000001],
[1658154600.0, 5.032919433333334],
[1658241000.0, 4.9919915],
[1658327400.0, 5.100054366666667],
[1658413800.0, 5.080993500000001],
[1658500200.0, 5.0844719666666665],
[1658586600.0, 5.0154292666666676],
[1658673000.0, 5.026290899999999],
[1658759400.0, 5.030820133333333],
[1658845800.0, 5.090323533333334],
[1658932200.0, 5.0667772],
[1659018600.0, 5.075936266666667],
[1659105000.0, 5.0527497],
[1659191400.0, 5.0332347],
[1659277800.0, 5.012143466666667],
[1659364200.0, 5.072074099999999],
[1659450600.0, 5.001751100000001],
[1659537000.0, 5.0179152333333334],
[1659623400.0, 5.031500866666668],
[1659709800.0, 5.096542066666667],
[1659796200.0, 5.0344812333333335],
[1659882600.0, 5.032637933333334],
[1659969000.0, 4.975403266666667],
[1660055400.0, 5.0502205],
[1660141800.0, 5.105639466666667],
[1660228200.0, 5.067508566666667],
[1660314600.0, 4.997599000000001],
[1660401000.0, 4.997599000000001],
[1660487400.0, 4.997599000000001],
[1660573800.0, 4.997599000000001],
[1660660200.0, 5.257364566666667],
[1660746600.0, 5.2004163666666665],
[1660833000.0, 5.175929333333333],
[1660919400.0, 5.199923766666667],
[1661005800.0, 5.212830733333333],
[1661092200.0, 5.226196266666666],
[1661178600.0, 5.332281266666667],
[1661265000.0, 5.342147533333333],
[1661351400.0, 5.308215166666668],
[1661437800.0, 5.2895212],
[1661524200.0, 5.371170266666667],
[1661610600.0, 5.303281500000001],
[1661697000.0, 5.326713333333333],
[1661783400.0, 5.299706],
[1661869800.0, 5.329382],
[1661956200.0, 5.348124033333334],
[1662042600.0, 5.350021233333333],
[1662129000.0, 5.400382866666668],
[1662215400.0, 5.3782915000000004],
[1662301800.0, 5.299491133333333],
[1662388200.0, 5.342192666666668],
[1662474600.0, 5.2847928],
[1662561000.0, 5.243532600000001],
[1662647400.0, 5.2234294666666665],
[1662733800.0, 5.272836633333333],
[1662820200.0, 5.224226166666667],
[1662906600.0, 5.290075833333334],
[1662993000.0, 5.295255466666666],
[1663079400.0, 5.216622533333334],
[1663165800.0, 5.252223933333334],
[1663252200.0, 5.271462000000001],
[1663338600.0, 5.2826489],
[1663425000.0, 5.317581033333334],
[1663511400.0, 5.321508566666667],
[1663597800.0, 5.312641366666667],
[1663684200.0, 5.342955433333334],
[1663770600.0, 5.3381586],
[1663857000.0, 5.345313],
[1663943400.0, 5.276317966666667],
[1664029800.0, 5.279096766666668],
[1664116200.0, 5.2353711333333335],
[1664202600.0, 5.263359633333333],
[1664289000.0, 5.197538266666666],
[1664375400.0, 5.239599966666666],
[1664461800.0, 5.309607166666667],
[1664548200.0, 5.377992133333334],
[1664634600.0, 5.430812533333334],
[1664717400.0, 5.429819233333333],
[1664803800.0, 5.473958733333333],
[1664890200.0, 5.509469933333334],
[1664976600.0, 5.474294433333334],
[1665063000.0, 5.539723366666667],
[1665149400.0, 5.445291100000001],
[1665235800.0, 5.375336666666667],
[1665322200.0, 5.370559400000001],
[1665408600.0, 5.3649401333333335],
[1665495000.0, 5.413377233333333],
[1665581400.0, 5.380429599999999],
[1665667800.0, 5.422216800000001],
[1665754200.0, 5.4183656000000004],
[1665840600.0, 5.357885566666667],
[1665927000.0, 5.399965233333334],
[1666013400.0, 5.340325766666667],
[1666099800.0, 5.2853793],
[1666186200.0, 5.320712966666667],
[1666272600.0, 5.3400057],
[1666359000.0, 5.375689033333334],
[1666445400.0, 5.366529466666666],
[1666531800.0, 5.323169066666666],
[1666618200.0, 5.235458033333334],
[1666704600.0, 5.296664233333334],
[1666791000.0, 5.343048866666667],
[1666877400.0, 5.326234666666667],
[1666963800.0, 5.339677366666667],
[1667050200.0, 5.361115533333334],
[1667136600.0, 5.293441200000001],
[1667223000.0, 5.385879366666668],
[1667309400.0, 5.315797500000001],
[1667395800.0, 5.3523202],
[1667482200.0, 5.392652766666668],
[1667568600.0, 5.415404166666668],
[1667655000.0, 5.373690333333333],
[1667741400.0, 5.308057566666667],
[1667827800.0, 5.280424900000001],
[1667914200.0, 5.228561466666666],
[1668000600.0, 5.288028400000001],
[1668087000.0, 5.3635277000000015],
[1668173400.0, 5.423655733333334],
[1668259800.0, 5.463235500000001],
[1668346200.0, 5.3893127666666665],
[1668432600.0, 5.449024166666668],
[1668519000.0, 5.444735233333333],
[1668605400.0, 5.4104862],
[1668691800.0, 5.4191744],
[1668778200.0, 5.541537900000001],
[1668864600.0, 5.548676566666668],
[1668951000.0, 5.603035800000001],
[1669037400.0, 5.878804566666666],
[1669123800.0, 5.743496700000001],
[1669210200.0, 5.6203037],
[1669296600.0, 5.578007866666667],
[1669383000.0, 5.559602866666666],
[1669469400.0, 5.457949466666666],
[1669555800.0, 5.451827133333333],
[1669642200.0, 5.482119399999999],
[1669728600.0, 5.605610133333333],
[1669815000.0, 5.699822433333335],
[1669901400.0, 5.704218066666667],
[1669987800.0, 5.656539433333332],
[1670074200.0, 5.6312161],
[1670160600.0, 5.6776583333333335],
[1670247000.0, 5.696377533333333],
[1670333400.0, 5.6944601666666665],
[1670419800.0, 5.638924533333333],
[1670506200.0, 5.674183633333334],
[1670592600.0, 5.606082933333334],
[1670679000.0, 5.5362203333333335],
[1670765400.0, 5.510572766666667],
[1670851800.0, 5.5903580999999996],
[1670938200.0, 5.536383699999999],
[1671024600.0, 5.461662533333334],
[1671111000.0, 5.5133388],
[1671197400.0, 5.5419029],
[1671283800.0, 5.480955033333334],
[1671370200.0, 5.446366866666668],
[1671456600.0, 5.453943566666666],
[1671543000.0, 5.432340766666667],
[1671629400.0, 5.388843733333334],
[1671715800.0, 5.317893766666668],
[1671802200.0, 5.257746433333334],
[1671888600.0, 5.145193833333334],
[1671975000.0, 5.201077800000001],
[1672061400.0, 5.2018979000000005],
[1672147800.0, 5.202764966666668],
[1672234200.0, 5.1918744666666665],
[1672320600.0, 5.138444733333333],
[1672407000.0, 5.152180566666667],
[1672493400.0, 5.159817833333334],
[1672579800.0, 5.167256300000001],
[1672666200.0, 4.9956789666666666],
[1672752600.0, 5.086582533333335],
[1672839000.0, 5.1111256],
[1672925400.0, 5.1209872],
[1673011800.0, 5.111795166666667],
[1673098200.0, 5.0752879],
[1673184600.0, 5.170193800000001],
[1673271000.0, 5.2287943666666665],
[1673357400.0, 5.323479833333334],
[1673443800.0, 5.389952933333333],
[1673530200.0, 5.522435733333334],
[1673616600.0, 5.532951233333335],
[1673703000.0, 5.610875433333334],
[1673789400.0, 5.594297833333335],
[1673875800.0, 5.587877833333334],
[1673962200.0, 5.666523300000001],
[1674048600.0, 5.7458897],
[1674135000.0, 5.781316100000001],
[1674221400.0, 5.885543600000001],
[1674307800.0, 6.056770166666667],
[1674394200.0, 6.1492482],
[1674480600.0, 6.078161633333334],
[1674567000.0, 6.124132300000002],
[1674653400.0, 6.165162600000001],
[1674739800.0, 6.033064866666667],
[1674826200.0, 5.9713533666666665],
[1674912600.0, 5.898697533333333],
[1674999000.0, 5.923938500000001],
[1675085400.0, 5.9235143666666685],
[1675171800.0, 5.961669100000001],
[1675258200.0, 5.9714559666666664],
[1675344600.0, 5.942007366666666],
[1675431000.0, 5.977384433333334],
[1675517400.0, 5.979628033333334],
[1675603800.0, 5.929853033333334],
[1675690200.0, 5.876914500000001],
[1675776600.0, 5.908895733333334],
[1675863000.0, 5.874357266666667],
[1675949400.0, 5.874357266666667],
