[1635773400.0, 8.812740600000001],
[1635859800.0, 8.745712950000001],
[1635946200.0, 8.730698800000003],
[1636032600.0, 8.7002092],
[1636119000.0, 8.68919245],
[1636205400.0, 8.64990865],
[1636291800.0, 8.73134525],
[1636378200.0, 8.7161092],
[1636464600.0, 8.7634585],
[1636551000.0, 8.696260500000001],
[1636637400.0, 8.6688168],
[1636723800.0, 8.650572450000002],
[1636810200.0, 8.767020650000001],
[1636896600.0, 8.78405475],
[1636983000.0, 8.7923753],
[1637069400.0, 8.75479325],
[1637155800.0, 8.7266253],
[1637242200.0, 8.70816495],
[1637328600.0, 8.67783335],
[1637415000.0, 8.69000495],
[1637501400.0, 8.6831003],
[1637587800.0, 8.6479145],
[1637674200.0, 8.689790050000001],
[1637760600.0, 8.7358778],
[1637847000.0, 8.782968499999999],
[1637933400.0, 8.82791285],
[1638019800.0, 8.792603],
[1638106200.0, 8.7606115],
[1638192600.0, 8.90867515],
[1638279000.0, 8.928525950000001],
[1638365400.0, 8.9517617],
[1638451800.0, 8.93725975],
[1638538200.0, 9.019187200000001],
[1638624600.0, 9.045605000000002],
[1638711000.0, 9.16768805],
[1638797400.0, 9.2404314],
[1638883800.0, 9.249487550000001],
[1638970200.0, 9.257802850000001],
[1639056600.0, 9.18746435],
[1639143000.0, 9.2469334],
[1639229400.0, 9.1987371],
[1639315800.0, 9.15477295],
[1639402200.0, 9.1335026],
[1639488600.0, 9.7388133],
[1639575000.0, 9.9462054],
[1639661400.0, 10.276385999999999],
[1639747800.0, 10.16243935],
[1639834200.0, 10.111376450000002],
[1639920600.0, 10.2357865],
[1640007000.0, 10.1020027],
[1640093400.0, 10.104647800000002],
[1640179800.0, 9.969438],
[1640266200.0, 9.713462000000002],
[1640352600.0, 9.7128453],
[1640439000.0, 9.59839565],
[1640525400.0, 9.6853707],
[1640611800.0, 9.74262195],
[1640698200.0, 9.743171450000002],
[1640784600.0, 9.571441499999999],
[1640871000.0, 9.5962742],
[1640957400.0, 9.490439700000001],
[1641043800.0, 9.50982285],
[1641130200.0, 9.574660549999999],
[1641216600.0, 9.56161255],
[1641303000.0, 9.557644400000001],
[1641389400.0, 9.4436553],
[1641475800.0, 9.3385824],
[1641562200.0, 9.36381445],
[1641648600.0, 9.353206750000002],
[1641735000.0, 9.297655],
[1641821400.0, 9.24198705],
[1641907800.0, 9.1451274],
[1641994200.0, 9.1882494],
[1642080600.0, 9.2401639],
[1642167000.0, 9.133969100000002],
[1642253400.0, 9.1916765],
[1642339800.0, 9.19643255],
[1642426200.0, 9.19211945],
[1642512600.0, 9.152968600000001],
[1642599000.0, 9.22739575],
[1642685400.0, 9.3099649],
[1642771800.0, 9.371459],
[1642858200.0, 9.40824145],
[1642944600.0, 9.459444900000001],
[1643031000.0, 9.466038750000001],
[1643117400.0, 9.466136500000001],
[1643203800.0, 9.53338055],
[1643290200.0, 9.551850550000001],
[1643376600.0, 9.496678150000001],
[1643463000.0, 9.49625215],
[1643549400.0, 9.714200300000002],
[1643635800.0, 9.714200300000002],
[1643722200.0, 9.714200300000002],
[1643808600.0, 9.758371250000001],
[1643895000.0, 9.933954800000002],
[1643981400.0, 10.0558552],
[1644067800.0, 9.917621650000001],
[1644154200.0, 9.786766],
[1644240600.0, 9.68192555],
[1644327000.0, 9.76022805],
[1644413400.0, 9.56103435],
[1644499800.0, 9.655249000000001],
[1644586200.0, 9.580370799999999],
[1644672600.0, 9.56504775],
[1644759000.0, 9.6588823],
[1644845400.0, 9.6654669],
[1644931800.0, 9.68499705],
[1645018200.0, 9.942260950000001],
[1645104600.0, 10.040889550000001],
[1645191000.0, 10.246555],
[1645277400.0, 10.464503],
[1645363800.0, 10.675560150000003],
[1645450200.0, 10.481900850000002],
[1645536600.0, 10.458213200000001],
[1645623000.0, 10.473974600000002],
[1645709400.0, 10.4834772],
[1645795800.0, 10.4986104],
[1645882200.0, 10.407985],
[1645968600.0, 11.02431845],
[1646055000.0, 11.406952250000003],
[1646141400.0, 12.56148855],
[1646227800.0, 11.72266405],
[1646314200.0, 11.75572045],
[1646400600.0, 11.715074200000004],
[1646487000.0, 11.5597004],
[1646573400.0, 11.326304100000002],
[1646659800.0, 11.178551299999999],
[1646746200.0, 11.000697900000002],
[1646832600.0, 10.868639550000001],
[1646919000.0, 10.684913300000002],
[1647005400.0, 10.491417550000001],
[1647091800.0, 10.3854015],
[1647178200.0, 10.362796450000001],
[1647264600.0, 10.53968],
[1647351000.0, 10.6873912],
[1647437400.0, 10.8743874],
[1647523800.0, 10.95924045],
[1647610200.0, 11.0811586],
[1647696600.0, 11.327456250000001],
[1647783000.0, 11.6399503],
[1647869400.0, 11.58197655],
[1647955800.0, 11.6070505],
[1648042200.0, 11.3345151],
[1648128600.0, 11.23382125],
[1648215000.0, 11.17994145],
[1648301400.0, 11.1852245],
[1648387800.0, 11.0852375],
[1648474200.0, 11.064559500000001],
[1648560600.0, 11.081777299999999],
[1648647000.0, 11.228923550000001],
[1648733400.0, 11.574830400000002],
[1648819800.0, 11.724039099999999],
[1648906200.0, 11.78227945],
[1648996200.0, 11.81263835],
[1649082600.0, 11.725204699999999],
[1649169000.0, 11.6854613],
[1649255400.0, 11.560256350000001],
[1649341800.0, 11.717564000000001],
[1649428200.0, 11.640204350000001],
[1649514600.0, 11.5778903],
[1649601000.0, 11.5778903],
[1649687400.0, 11.5778903],
[1649773800.0, 11.5778903],
[1649860200.0, 11.577232000000002],
[1649946600.0, 11.33875525],
[1650033000.0, 11.333524650000001],
[1650119400.0, 11.2802572],
[1650205800.0, 11.24350175],
[1650292200.0, 11.155251250000001],
[1650378600.0, 11.20165075],
[1650465000.0, 10.9981896],
[1650551400.0, 10.9981896],
[1650637800.0, 10.9981896],
[1650724200.0, 11.0223135],
[1650810600.0, 11.0241106],
[1650897000.0, 10.86746475],
[1650983400.0, 10.875609500000001],
[1651069800.0, 10.8919785],
[1651156200.0, 10.5212482],
[1651242600.0, 10.489760750000002],
[1651329000.0, 10.4954517],
[1651415400.0, 10.466795100000002],
[1651501800.0, 10.44598485],
[1651588200.0, 10.54996525],
[1651674600.0, 10.480830800000001],
[1651761000.0, 10.428372850000002],
[1651847400.0, 10.23711865],
[1651933800.0, 10.314545500000001],
[1652020200.0, 10.182721650000001],
[1652106600.0, 10.047478300000002],
[1652193000.0, 10.073050000000002],
[1652279400.0, 9.9609453],
[1652365800.0, 9.77484715],
[1652452200.0, 9.6928777],
[1652538600.0, 9.68276155],
[1652625000.0, 9.6479019],
[1652711400.0, 9.66786265],
[1652797800.0, 9.5654818],
[1652884200.0, 9.672828899999999],
[1652970600.0, 9.528062850000001],
[1653057000.0, 9.2745461],
[1653143400.0, 9.216796350000001],
[1653229800.0, 9.08999725],
[1653316200.0, 9.190726600000001],
[1653402600.0, 9.112529849999998],
[1653489000.0, 9.095780450000001],
[1653575400.0, 9.257398],
[1653661800.0, 9.200002150000001],
[1653748200.0, 9.146327600000001],
[1653834600.0, 9.097292150000001],
[1653921000.0, 9.199066900000002],
[1654007400.0, 9.2457913],
[1654093800.0, 9.191133750000002],
[1654180200.0, 9.2020605],
[1654266600.0, 9.23590675],
[1654353000.0, 9.17643395],
[1654439400.0, 9.174276350000001],
[1654525800.0, 9.1820606],
[1654612200.0, 9.1960379],
[1654698600.0, 9.121359250000001],
[1654785000.0, 9.160967300000001],
[1654871400.0, 9.089222450000001],
[1654957800.0, 8.919511],
[1655044200.0, 8.878310149999999],
[1655130600.0, 8.86238185],
[1655217000.0, 8.81058275],
[1655303400.0, 11.690044550000001],
[1655389800.0, 11.648366650000002],
[1655476200.0, 11.435113900000001],
[1655562600.0, 10.975338749999999],
[1655649000.0, 10.7974277],
[1655735400.0, 10.633320950000002],
[1655821800.0, 10.5934279],
[1655908200.0, 10.03862745],
[1655994600.0, 9.72623955],
[1656081000.0, 9.53680495],
[1656167400.0, 9.5426086],
[1656253800.0, 9.339276949999999],
[1656340200.0, 9.421214500000001],
[1656426600.0, 9.38349005],
[1656513000.0, 9.413101849999999],
[1656599400.0, 9.3429154],
[1656685800.0, 9.33611395],
[1656772200.0, 9.293467750000001],
[1656858600.0, 9.3153208],
[1656945000.0, 9.34699795],
[1657031400.0, 9.463249150000001],
[1657117800.0, 9.5446709],
[1657204200.0, 9.526509899999999],
[1657290600.0, 9.506096600000001],
[1657377000.0, 9.394253650000001],
[1657463400.0, 9.292856350000001],
[1657549800.0, 9.2023335],
[1657636200.0, 9.243505],
[1657722600.0, 9.067162],
[1657809000.0, 9.0175864],
[1657895400.0, 8.9496552],
[1657981800.0, 8.9494205],
[1658068200.0, 8.9067091],
[1658154600.0, 8.968116649999999],
[1658241000.0, 8.98883155],
[1658327400.0, 8.9747114],
[1658413800.0, 8.947163750000001],
[1658500200.0, 8.93190685],
[1658586600.0, 8.88026175],
[1658673000.0, 8.93091365],
[1658759400.0, 8.88746485],
[1658845800.0, 8.8216566],
[1658932200.0, 9.004021250000001],
[1659018600.0, 8.936519950000001],
[1659105000.0, 8.936020000000003],
[1659191400.0, 8.928332150000001],
[1659277800.0, 8.965312],
[1659364200.0, 8.8431571],
[1659450600.0, 8.81153125],
[1659537000.0, 8.71845405],
[1659623400.0, 8.8187122],
[1659709800.0, 8.8680523],
[1659796200.0, 8.81407325],
[1659882600.0, 8.88156045],
[1659969000.0, 8.837364350000001],
[1660055400.0, 8.8510548],
[1660141800.0, 8.9278104],
[1660228200.0, 8.90455485],
[1660314600.0, 8.852313950000001],
[1660401000.0, 8.852313950000001],
[1660487400.0, 8.852313950000001],
[1660573800.0, 8.852313950000001],
[1660660200.0, 8.963208250000003],
[1660746600.0, 8.897805700000001],
[1660833000.0, 8.9017707],
[1660919400.0, 8.7698122],
[1661005800.0, 8.78864945],
[1661092200.0, 8.7143415],
[1661178600.0, 8.774081250000002],
[1661265000.0, 8.85126005],
[1661351400.0, 8.79138095],
[1661437800.0, 8.77272065],
[1661524200.0, 8.699295699999999],
[1661610600.0, 8.70319895],
[1661697000.0, 8.63089785],
[1661783400.0, 8.647133700000001],
[1661869800.0, 8.618155300000002],
[1661956200.0, 8.7367325],
[1662042600.0, 8.84440335],
[1662129000.0, 8.8901696],
[1662215400.0, 8.923580650000002],
[1662301800.0, 8.94634535],
[1662388200.0, 8.808114250000001],
[1662474600.0, 8.8033701],
[1662561000.0, 8.718264050000002],
[1662647400.0, 8.6915021],
[1662733800.0, 8.723343100000001],
[1662820200.0, 8.610136050000001],
[1662906600.0, 8.6230829],
[1662993000.0, 8.60164165],
[1663079400.0, 8.558961700000001],
[1663165800.0, 8.550558650000001],
[1663252200.0, 8.472255800000001],
[1663338600.0, 8.5161438],
[1663425000.0, 8.472540500000001],
[1663511400.0, 8.4876382],
[1663597800.0, 8.4152743],
[1663684200.0, 8.466974050000001],
[1663770600.0, 8.4614826],
[1663857000.0, 8.42322605],
[1663943400.0, 8.3152759],
[1664029800.0, 8.34595655],
[1664116200.0, 8.270073],
[1664202600.0, 8.272780800000003],
[1664289000.0, 8.28202685],
[1664375400.0, 8.2804632],
[1664461800.0, 8.28623615],
[1664548200.0, 8.325010900000002],
[1664634600.0, 8.34118825],
[1664717400.0, 8.46359685],
[1664803800.0, 8.49015365],
[1664890200.0, 8.5266468],
[1664976600.0, 8.479961150000001],
[1665063000.0, 8.476177],
[1665149400.0, 8.4161973],
[1665235800.0, 8.4783491],
[1665322200.0, 8.390551649999999],
[1665408600.0, 8.4597825],
[1665495000.0, 8.37794105],
[1665581400.0, 8.40074645],
[1665667800.0, 8.45777425],
[1665754200.0, 8.4802993],
[1665840600.0, 8.51808725],
[1665927000.0, 8.5355112],
[1666013400.0, 8.49350345],
[1666099800.0, 8.36182015],
[1666186200.0, 8.516722650000002],
[1666272600.0, 8.624789500000002],
[1666359000.0, 8.75874245],
[1666445400.0, 8.66071015],
[1666531800.0, 8.7371291],
[1666618200.0, 8.66409775],
[1666704600.0, 8.793609],
[1666791000.0, 8.73226225],
[1666877400.0, 8.7240917],
[1666963800.0, 8.696425300000001],
[1667050200.0, 8.5675436],
[1667136600.0, 8.45282915],
[1667223000.0, 8.508145400000002],
[1667309400.0, 8.5010339],
[1667395800.0, 8.449950750000001],
[1667482200.0, 8.958725950000002],
[1667568600.0, 9.0626658],
[1667655000.0, 8.9940996],
[1667741400.0, 8.91080095],
[1667827800.0, 8.97803375],
[1667914200.0, 8.99656275],
[1668000600.0, 9.436515900000002],
[1668087000.0, 9.362752700000001],
[1668173400.0, 9.1942141],
[1668259800.0, 9.211904050000001],
[1668346200.0, 9.18146585],
[1668432600.0, 9.1725411],
[1668519000.0, 9.2201474],
[1668605400.0, 9.216200700000002],
[1668691800.0, 9.3100418],
[1668778200.0, 11.141392900000001],
[1668864600.0, 11.39519965],
[1668951000.0, 13.22767195],
[1669037400.0, 16.01493985],
[1669123800.0, 13.694050650000003],
[1669210200.0, 12.504463900000001],
[1669296600.0, 11.969834649999997],
[1669383000.0, 11.569110550000001],
[1669469400.0, 11.491017450000001],
[1669555800.0, 12.20646155],
[1669642200.0, 11.9133328],
[1669728600.0, 12.0253043],
[1669815000.0, 12.38005515],
[1669901400.0, 12.5625478],
[1669987800.0, 12.574999550000001],
[1670074200.0, 12.7084862],
[1670160600.0, 12.656218500000001],
[1670247000.0, 12.688114300000002],
[1670333400.0, 12.804586150000002],
[1670419800.0, 12.840738350000002],
[1670506200.0, 12.8399043],
[1670592600.0, 12.539463350000002],
[1670679000.0, 12.582409000000002],
[1670765400.0, 12.528107900000002],
[1670851800.0, 12.372087149999999],
[1670938200.0, 12.548081600000002],
[1671024600.0, 12.326402550000001],
[1671111000.0, 12.328085200000004],
[1671197400.0, 12.419032400000003],
[1671283800.0, 12.147351900000002],
[1671370200.0, 12.251652750000002],
[1671456600.0, 12.05922625],
[1671543000.0, 11.87195735],
[1671629400.0, 11.77131515],
[1671715800.0, 11.541058450000001],
[1671802200.0, 11.38366055],
[1671888600.0, 11.4123184],
[1671975000.0, 11.538913200000001],
[1672061400.0, 11.405186050000001],
[1672147800.0, 11.284922049999999],
[1672234200.0, 11.15725695],
[1672320600.0, 11.103727000000001],
[1672407000.0, 11.15394545],
[1672493400.0, 11.1528533],
[1672579800.0, 11.181307700000001],
[1672666200.0, 11.168966350000002],
[1672752600.0, 11.153203750000001],
[1672839000.0, 11.1011095],
[1672925400.0, 11.0625695],
[1673011800.0, 10.951077600000001],
[1673098200.0, 10.9182336],
[1673184600.0, 10.815480100000002],
[1673271000.0, 11.03352845],
[1673357400.0, 11.048533350000001],
[1673443800.0, 11.19611895],
[1673530200.0, 11.3595466],
[1673616600.0, 11.606778950000002],
[1673703000.0, 11.599186750000001],
[1673789400.0, 11.6630035],
[1673875800.0, 11.5664472],
[1673962200.0, 11.726393550000001],
[1674048600.0, 11.81609275],
[1674135000.0, 11.866328650000002],
[1674221400.0, 12.1311348],
[1674307800.0, 11.957568000000002],
[1674394200.0, 12.098354400000002],
[1674480600.0, 12.107491500000002],
[1674567000.0, 12.10056475],
[1674653400.0, 12.2331438],
[1674739800.0, 12.202767400000003],
[1674826200.0, 12.10805525],
[1674912600.0, 12.1340476],
[1674999000.0, 12.078123050000002],
[1675085400.0, 11.9887403],
[1675171800.0, 11.95557],
[1675258200.0, 11.9144371],
[1675344600.0, 11.9479514],
[1675431000.0, 11.995927900000002],
[1675517400.0, 11.97332325],
[1675603800.0, 11.900262950000002],
[1675690200.0, 11.899004],
[1675776600.0, 11.944009099999999],
[1675863000.0, 11.93523775],
[1675949400.0, 11.93523775],
