[1635773400.0, 6.831014966666667],
[1635859800.0, 7.001064],
[1635946200.0, 6.917303733333334],
[1636032600.0, 7.155722300000001],
[1636119000.0, 7.231741533333334],
[1636205400.0, 7.3029601],
[1636291800.0, 7.030894166666667],
[1636378200.0, 7.092620333333333],
[1636464600.0, 7.020907233333332],
[1636551000.0, 6.9196534666666665],
[1636637400.0, 7.121269833333334],
[1636723800.0, 7.1606513000000005],
[1636810200.0, 7.125690666666668],
[1636896600.0, 6.940512233333334],
[1636983000.0, 6.967246],
[1637069400.0, 6.879116833333334],
[1637155800.0, 6.9966847],
[1637242200.0, 7.108645133333333],
[1637328600.0, 7.2027961000000005],
[1637415000.0, 7.0398583],
[1637501400.0, 7.156200000000001],
[1637587800.0, 7.0300509],
[1637674200.0, 7.026631066666667],
[1637760600.0, 6.9602855],
[1637847000.0, 6.929804166666666],
[1637933400.0, 6.9250807],
[1638019800.0, 6.919628233333334],
[1638106200.0, 6.851520233333335],
[1638192600.0, 7.065090899999999],
[1638279000.0, 7.0603856],
[1638365400.0, 7.1251047000000005],
[1638451800.0, 7.2662268333333335],
[1638538200.0, 7.5337170333333345],
[1638624600.0, 7.7579222],
[1638711000.0, 7.903125900000002],
[1638797400.0, 8.023873166666666],
[1638883800.0, 8.074502566666666],
[1638970200.0, 7.9668548],
[1639056600.0, 7.954628033333333],
[1639143000.0, 7.951129984910227],
[1639229400.0, 7.952694733333334],
[1639315800.0, 7.98161668922693],
[1639402200.0, 7.8910644],
[1639488600.0, 7.907780766666666],
[1639575000.0, 7.7297717],
[1639661400.0, 7.846726566666668],
[1639747800.0, 7.896175833333334],
[1639834200.0, 7.893244499999999],
[1639920600.0, 7.932908666666667],
[1640007000.0, 7.913884966666667],
[1640093400.0, 7.986788398520223],
[1640179800.0, 7.7227882333333335],
[1640266200.0, 7.904185933333333],
[1640352600.0, 8.015085533333334],
[1640439000.0, 8.097927833333335],
[1640525400.0, 8.0996755],
[1640611800.0, 8.243293533333334],
[1640698200.0, 8.281593066666668],
[1640784600.0, 8.435236666666668],
[1640871000.0, 8.4674009],
[1640957400.0, 8.597589766666667],
[1641043800.0, 8.532160200000002],
[1641130200.0, 8.6499947],
[1641216600.0, 8.612261866666666],
[1641303000.0, 8.688002166666667],
[1641389400.0, 8.7343511],
[1641475800.0, 8.8228457],
[1641562200.0, 9.072855233333334],
[1641648600.0, 9.0865776],
[1641735000.0, 9.031212266666666],
[1641821400.0, 9.046630733333332],
[1641907800.0, 8.969662300000001],
[1641994200.0, 8.992436033333334],
[1642080600.0, 8.952063033333333],
[1642167000.0, 8.950273033333334],
[1642253400.0, 8.993389433333334],
[1642339800.0, 8.868641733333336],
[1642426200.0, 8.825873600000001],
[1642512600.0, 8.9425476],
[1642599000.0, 8.865330333333334],
[1642685400.0, 8.984644066666668],
[1642771800.0, 8.822555866666667],
[1642858200.0, 8.693931933333333],
[1642944600.0, 8.626516566666668],
[1643031000.0, 8.519540466666667],
[1643117400.0, 8.5919904],
[1643203800.0, 8.569579433333333],
[1643290200.0, 8.5745959],
[1643376600.0, 8.353426833333332],
[1643463000.0, 8.303381100000001],
[1643549400.0, 8.3405068],
[1643635800.0, 8.3405068],
[1643722200.0, 8.3405068],
[1643808600.0, 8.564150766666668],
[1643895000.0, 8.697053599999998],
[1643981400.0, 8.731329766666667],
[1644067800.0, 8.9594864],
[1644154200.0, 8.814916466666665],
[1644240600.0, 8.773946033333333],
[1644327000.0, 8.7484521],
[1644413400.0, 8.7081713],
[1644499800.0, 8.7659315],
[1644586200.0, 8.715464933333333],
[1644672600.0, 8.694606100000001],
[1644759000.0, 8.593394866666666],
[1644845400.0, 8.597345533333334],
[1644931800.0, 8.708605666666667],
[1645018200.0, 8.736796133333334],
[1645104600.0, 8.749426833333334],
[1645191000.0, 8.746363033333335],
[1645277400.0, 8.788726266666668],
[1645363800.0, 8.781448800000001],
[1645450200.0, 8.85641],
[1645536600.0, 8.946653066666668],
[1645623000.0, 8.990875066666668],
[1645709400.0, 8.997155900000001],
[1645795800.0, 9.007932933333334],
[1645882200.0, 9.035568233333333],
[1645968600.0, 9.0740323],
[1646055000.0, 9.103949733333334],
[1646141400.0, 9.076625766666668],
[1646227800.0, 9.069359200000001],
[1646314200.0, 9.1473712],
[1646400600.0, 9.076995533333333],
[1646487000.0, 9.270131399999999],
[1646573400.0, 9.262321766666666],
[1646659800.0, 9.052232133333332],
[1646746200.0, 8.973964933333333],
[1646832600.0, 8.9298655],
[1646919000.0, 8.947161733333333],
[1647005400.0, 9.050470833333334],
[1647091800.0, 9.095374433333335],
[1647178200.0, 9.1136073],
[1647264600.0, 9.129883766666666],
[1647351000.0, 9.163528966666668],
[1647437400.0, 9.171400866666668],
[1647523800.0, 9.189736333333334],
[1647610200.0, 9.236388733333333],
[1647696600.0, 9.226145733333334],
[1647783000.0, 9.298798866666667],
[1647869400.0, 9.275008566666667],
[1647955800.0, 9.257697766666668],
[1648042200.0, 9.302550466666668],
[1648128600.0, 9.3216728],
[1648215000.0, 9.300032799999999],
[1648301400.0, 9.282200166666668],
[1648387800.0, 9.312119999999998],
[1648474200.0, 9.317706566666667],
[1648560600.0, 9.308502666666667],
[1648647000.0, 9.327830633333333],
[1648733400.0, 9.270670500000001],
[1648819800.0, 9.311656566666667],
[1648906200.0, 9.3500673],
[1648996200.0, 9.370813700000001],
[1649082600.0, 9.3759043],
[1649169000.0, 9.828156533333335],
[1649255400.0, 9.832425633333333],
[1649341800.0, 9.7565235],
[1649428200.0, 9.6940465],
[1649514600.0, 9.838133633333333],
[1649601000.0, 9.883451166666667],
[1649687400.0, 9.840052666666667],
[1649773800.0, 9.970730000000001],
[1649860200.0, 10.0414506],
[1649946600.0, 10.140717733333334],
[1650033000.0, 10.064728200000001],
[1650119400.0, 10.148801933333333],
[1650205800.0, 10.063573166666668],
[1650292200.0, 10.071266666666668],
[1650378600.0, 10.234482133333335],
[1650465000.0, 10.190756666666667],
[1650551400.0, 10.190756666666667],
[1650637800.0, 10.190756666666667],
[1650724200.0, 10.315988366666668],
[1650810600.0, 10.137463700000001],
[1650897000.0, 10.0127335],
[1650983400.0, 10.0097589],
[1651069800.0, 9.970405766666667],
[1651156200.0, 9.951378766666666],
[1651242600.0, 9.944926466666667],
[1651329000.0, 9.905185600000001],
[1651415400.0, 9.939551633333334],
[1651501800.0, 9.798601933333336],
[1651588200.0, 9.920790566666666],
[1651674600.0, 9.4518697],
[1651761000.0, 9.350390433333333],
[1651847400.0, 9.340585866666666],
[1651933800.0, 9.395816833333335],
[1652020200.0, 9.3605101],
[1652106600.0, 9.2700448],
[1652193000.0, 9.328053566666666],
[1652279400.0, 9.237108433333335],
[1652365800.0, 9.197431366666668],
[1652452200.0, 9.299428333333333],
[1652538600.0, 9.278333266666667],
[1652625000.0, 9.250143566666669],
[1652711400.0, 9.245670599999999],
[1652797800.0, 9.209893333333333],
[1652884200.0, 9.203585200000001],
[1652970600.0, 9.079949666666668],
[1653057000.0, 9.256774166666668],
[1653143400.0, 9.145066300000002],
[1653229800.0, 9.095575133333334],
[1653316200.0, 9.0916654],
[1653402600.0, 9.084870566666666],
[1653489000.0, 9.120340833333332],
[1653575400.0, 8.995630933333333],
[1653661800.0, 9.1116348],
[1653748200.0, 9.121284000000001],
[1653834600.0, 8.9821604],
[1653921000.0, 8.936764933333334],
[1654007400.0, 9.014245033333333],
[1654093800.0, 9.035074933333334],
[1654180200.0, 9.064615400000001],
[1654266600.0, 9.0421581],
[1654353000.0, 9.042336833333334],
[1654439400.0, 9.0654395],
[1654525800.0, 8.9940406],
[1654612200.0, 9.057900299999998],
[1654698600.0, 9.097062366666666],
[1654785000.0, 9.047233133333334],
[1654871400.0, 9.120363233333332],
[1654957800.0, 9.0761465],
[1655044200.0, 9.0809741],
[1655130600.0, 8.851289166666666],
[1655217000.0, 8.9136352],
[1655303400.0, 8.966841500000001],
[1655389800.0, 8.115642466666667],
[1655476200.0, 7.867439566666666],
[1655562600.0, 8.4427663],
[1655649000.0, 7.885762666666667],
[1655735400.0, 7.764350233333334],
[1655821800.0, 7.767674433333334],
[1655908200.0, 7.669373266666668],
[1655994600.0, 7.6188219],
[1656081000.0, 7.368885566666667],
[1656167400.0, 7.425782066666667],
[1656253800.0, 7.359025866666666],
[1656340200.0, 7.3645249333333345],
[1656426600.0, 7.432679966666666],
[1656513000.0, 7.459322499999999],
[1656599400.0, 7.4669886000000005],
[1656685800.0, 7.580574900000001],
[1656772200.0, 7.5789770333333335],
[1656858600.0, 7.542217666666667],
[1656945000.0, 7.5609394],
[1657031400.0, 7.6416017],
[1657117800.0, 7.389066233333334],
[1657204200.0, 7.554022666666667],
[1657290600.0, 7.531593166666667],
[1657377000.0, 7.713543233333333],
[1657463400.0, 7.8348871],
[1657549800.0, 7.883426366666668],
[1657636200.0, 7.8393925],
[1657722600.0, 8.089148266666667],
[1657809000.0, 7.961298366666667],
[1657895400.0, 7.866857833333334],
[1657981800.0, 7.984965099999999],
[1658068200.0, 7.913742666666667],
[1658154600.0, 7.866645900000001],
[1658241000.0, 8.003668466666667],
[1658327400.0, 8.030884300000002],
[1658413800.0, 7.875755433333334],
[1658500200.0, 7.945022366666667],
[1658586600.0, 7.940259466666667],
[1658673000.0, 7.9379423666666655],
[1658759400.0, 8.029942900000002],
[1658845800.0, 8.017751566666668],
[1658932200.0, 8.066761900000001],
[1659018600.0, 8.114571733333333],
[1659105000.0, 8.1375648],
[1659191400.0, 8.1631511],
[1659277800.0, 8.1655958],
[1659364200.0, 8.220580366666667],
[1659450600.0, 8.483205633333332],
[1659537000.0, 8.380435133333336],
[1659623400.0, 8.4215112],
[1659709800.0, 8.4115206],
[1659796200.0, 8.514367566666666],
[1659882600.0, 8.483805966666665],
[1659969000.0, 8.414275133333332],
[1660055400.0, 8.4388076],
[1660141800.0, 8.457536766666667],
[1660228200.0, 8.454872366666665],
[1660314600.0, 8.408736200000002],
[1660401000.0, 8.408736200000002],
[1660487400.0, 8.408736200000002],
[1660573800.0, 8.408736200000002],
[1660660200.0, 8.426797666666667],
[1660746600.0, 8.2759793],
[1660833000.0, 8.378565966666667],
[1660919400.0, 8.386289766666666],
[1661005800.0, 8.410634433333334],
[1661092200.0, 8.3723835],
[1661178600.0, 8.349033133333334],
[1661265000.0, 8.363549766666667],
[1661351400.0, 8.335428033333335],
[1661437800.0, 8.416656866666667],
[1661524200.0, 8.367200666666667],
[1661610600.0, 8.494209566666667],
[1661697000.0, 8.386880666666666],
[1661783400.0, 8.472712],
[1661869800.0, 8.5143131],
[1661956200.0, 8.444184566666669],
[1662042600.0, 8.571028666666669],
[1662129000.0, 8.432881866666667],
[1662215400.0, 8.442624933333335],
[1662301800.0, 8.588256133333333],
[1662388200.0, 8.503398800000001],
[1662474600.0, 8.5027635],
[1662561000.0, 8.687278433333333],
[1662647400.0, 8.663958966666668],
[1662733800.0, 8.683271666666668],
[1662820200.0, 8.661373733333335],
[1662906600.0, 8.708820933333334],
[1662993000.0, 8.620097466666667],
[1663079400.0, 8.586174666666667],
[1663165800.0, 8.567683866666668],
[1663252200.0, 8.585358666666666],
[1663338600.0, 8.4093855],
[1663425000.0, 8.328286666666667],
[1663511400.0, 8.378711633333333],
[1663597800.0, 8.393343566666667],
[1663684200.0, 8.230161099999998],
[1663770600.0, 8.2091268],
[1663857000.0, 7.7075176999999995],
[1663943400.0, 8.043211399999999],
[1664029800.0, 8.077546033333334],
[1664116200.0, 8.156572666666667],
[1664202600.0, 8.151756966666667],
[1664289000.0, 8.113138433333333],
[1664375400.0, 8.241828133333334],
[1664461800.0, 8.249879433333334],
[1664548200.0, 8.1816212],
[1664634600.0, 8.392469166666668],
[1664717400.0, 8.336019666666667],
[1664803800.0, 8.324228833333333],
[1664890200.0, 8.487600833333333],
[1664976600.0, 8.589024566666668],
[1665063000.0, 8.624944466666667],
[1665149400.0, 8.6196119],
[1665235800.0, 8.763928133333332],
[1665322200.0, 8.703998033333335],
[1665408600.0, 8.907641900000002],
[1665495000.0, 8.749042833333334],
[1665581400.0, 8.649121300000001],
[1665667800.0, 8.603581633333333],
[1665754200.0, 8.6381984],
[1665840600.0, 8.854282666666666],
[1665927000.0, 8.863255166666667],
[1666013400.0, 8.747635100000002],
[1666099800.0, 8.793736433333333],
[1666186200.0, 8.669252733333332],
[1666272600.0, 8.694848299999999],
[1666359000.0, 8.681616566666667],
[1666445400.0, 8.276561533333334],
[1666531800.0, 8.300207266666666],
[1666618200.0, 8.165831066666668],
[1666704600.0, 8.352713866666667],
[1666791000.0, 8.3549522],
[1666877400.0, 8.3980304],
[1666963800.0, 8.351586233333334],
[1667050200.0, 8.319951933333334],
[1667136600.0, 8.3053162],
[1667223000.0, 8.325192533333334],
[1667309400.0, 8.381796166666666],
[1667395800.0, 8.389986733333334],
[1667482200.0, 8.4861937],
[1667568600.0, 8.553920433333333],
[1667655000.0, 8.640219766666668],
[1667741400.0, 8.589296899999999],
[1667827800.0, 8.587586666666667],
[1667914200.0, 8.675409099999998],
[1668000600.0, 8.569340233333334],
[1668087000.0, 8.596657],
[1668173400.0, 8.510404933333334],
[1668259800.0, 8.561423066666666],
[1668346200.0, 8.579280233333336],
[1668432600.0, 8.573541966666667],
[1668519000.0, 8.3583573],
[1668605400.0, 8.4492689],
[1668691800.0, 8.374710766666666],
[1668778200.0, 8.2026946],
[1668864600.0, 7.9679570333333345],
[1668951000.0, 7.824342266666668],
[1669037400.0, 7.608975233333335],
[1669123800.0, 7.541377866666665],
[1669210200.0, 7.222823833333333],
[1669296600.0, 6.974407366666668],
[1669383000.0, 6.948474600000001],
[1669469400.0, 6.940455633333333],
[1669555800.0, 6.764857799999999],
[1669642200.0, 6.721035866666667],
[1669728600.0, 6.792719600000001],
[1669815000.0, 7.0304755666666665],
[1669901400.0, 7.322873033333334],
[1669987800.0, 7.545721900000001],
[1670074200.0, 7.616782333333333],
[1670160600.0, 7.701877033333333],
[1670247000.0, 7.665336366666668],
[1670333400.0, 7.712085066666667],
[1670419800.0, 7.659462766666668],
[1670506200.0, 7.807048833333333],
[1670592600.0, 7.751670133333334],
[1670679000.0, 7.744152800000001],
[1670765400.0, 7.698812233333332],
[1670851800.0, 7.651535733333334],
[1670938200.0, 7.628645866666666],
[1671024600.0, 7.575080500000001],
[1671111000.0, 7.576517766666668],
[1671197400.0, 7.514718433333333],
[1671283800.0, 7.483302500000001],
[1671370200.0, 7.4370074000000015],
[1671456600.0, 7.413172266666667],
[1671543000.0, 7.403409466666667],
[1671629400.0, 7.477125066666669],
[1671715800.0, 7.496696433333333],
[1671802200.0, 7.322216000000001],
[1671888600.0, 7.348755566666667],
[1671975000.0, 7.402457600000001],
[1672061400.0, 7.2203059000000005],
[1672147800.0, 7.292742533333333],
[1672234200.0, 7.268221033333334],
[1672320600.0, 7.2571158],
[1672407000.0, 7.276533933333333],
[1672493400.0, 7.230791466666667],
[1672579800.0, 7.247217433333333],
[1672666200.0, 7.150483800000001],
[1672752600.0, 7.109777733333332],
[1672839000.0, 7.111628733333333],
[1672925400.0, 6.979493466666668],
[1673011800.0, 7.203481466666666],
[1673098200.0, 7.260146500000001],
[1673184600.0, 7.338634066666668],
[1673271000.0, 7.472797433333334],
[1673357400.0, 7.492466866666668],
[1673443800.0, 7.5232301],
[1673530200.0, 7.590562800000001],
[1673616600.0, 7.679610600000001],
[1673703000.0, 7.749359166666667],
[1673789400.0, 7.602532666666666],
[1673875800.0, 7.8590289333333345],
[1673962200.0, 7.882075033333334],
[1674048600.0, 7.814944166666666],
[1674135000.0, 7.875352899999999],
[1674221400.0, 7.699287066666666],
[1674307800.0, 7.7408683],
[1674394200.0, 7.654141533333334],
[1674480600.0, 7.599756033333333],
[1674567000.0, 7.757434033333333],
[1674653400.0, 7.805045366666668],
[1674739800.0, 7.817500233333334],
[1674826200.0, 8.029239666666667],
[1674912600.0, 8.078796466666667],
[1674999000.0, 8.003987099999998],
[1675085400.0, 8.005901633333332],
[1675171800.0, 7.945490733333333],
[1675258200.0, 7.961532933333333],
[1675344600.0, 7.927533],
[1675431000.0, 7.951517366666668],
[1675517400.0, 7.925781566666668],
[1675603800.0, 7.889091333333333],
[1675690200.0, 7.880323633333334],
[1675776600.0, 7.839149833333333],
[1675863000.0, 7.839149833333333],
[1675949400.0, 7.839149833333333],
