[1635773400.0, 1.8871428571428575],
[1635859800.0, 1.855714285714286],
[1635946200.0, 1.8542857142857143],
[1636032600.0, 1.8814285714285717],
[1636119000.0, 1.8742857142857143],
[1636205400.0, 1.895714285714286],
[1636291800.0, 2.0285714285714285],
[1636378200.0, 2.021428571428572],
[1636464600.0, 1.9914285714285715],
[1636551000.0, 1.985714285714286],
[1636637400.0, 2.0171428571428573],
[1636723800.0, 2.172857142857143],
[1636810200.0, 2.272857142857143],
[1636896600.0, 2.1428571428571432],
[1636983000.0, 2.2600000000000002],
[1637069400.0, 2.2871428571428574],
[1637155800.0, 2.2671428571428573],
[1637242200.0, 2.2914285714285714],
[1637328600.0, 2.29],
[1637415000.0, 2.277142857142857],
[1637501400.0, 2.2928571428571436],
[1637587800.0, 2.3142857142857145],
[1637674200.0, 2.405714285714286],
[1637760600.0, 2.4057142857142857],
[1637847000.0, 2.4785714285714286],
[1637933400.0, 2.781428571428571],
[1638019800.0, 2.7471428571428573],
[1638106200.0, 2.89],
[1638192600.0, 2.5114285714285716],
[1638279000.0, 2.7557142857142862],
[1638365400.0, 2.771428571428572],
[1638451800.0, 2.5942857142857148],
[1638538200.0, 2.4642857142857144],
[1638624600.0, 2.3814285714285717],
[1638711000.0, 2.3314285714285714],
[1638797400.0, 2.23],
[1638883800.0, 2.1557142857142857],
[1638970200.0, 2.2414285714285715],
[1639056600.0, 2.198571428571429],
[1639143000.0, 2.2985714285714285],
[1639229400.0, 2.2800000000000002],
[1639315800.0, 2.2342857142857144],
[1639402200.0, 2.207142857142857],
[1639488600.0, 2.1714285714285717],
[1639575000.0, 2.1457142857142855],
[1639661400.0, 2.1614285714285715],
[1639747800.0, 2.1685714285714286],
[1639834200.0, 2.178571428571429],
[1639920600.0, 2.1157142857142857],
[1640007000.0, 2.075714285714286],
[1640093400.0, 2.075714285714286],
[1640179800.0, 2.0571428571428574],
[1640266200.0, 2.0342857142857143],
[1640352600.0, 2.04],
[1640439000.0, 2.081428571428572],
[1640525400.0, 2.0842857142857145],
[1640611800.0, 2.12],
[1640698200.0, 2.1642857142857146],
[1640784600.0, 2.1714285714285717],
[1640871000.0, 2.1785714285714284],
[1640957400.0, 2.1485714285714286],
[1641043800.0, 2.3000000000000003],
[1641130200.0, 2.3314285714285714],
[1641216600.0, 2.292857142857143],
[1641303000.0, 2.2857142857142856],
[1641389400.0, 2.248571428571428],
[1641475800.0, 2.245714285714286],
[1641562200.0, 2.3057142857142856],
[1641648600.0, 2.288571428571429],
[1641735000.0, 2.2557142857142862],
[1641821400.0, 2.265714285714286],
[1641907800.0, 2.2285714285714286],
[1641994200.0, 2.1814285714285715],
[1642080600.0, 2.242857142857143],
[1642167000.0, 2.2685714285714287],
[1642253400.0, 2.3685714285714288],
[1642339800.0, 2.3057142857142856],
[1642426200.0, 2.2914285714285714],
[1642512600.0, 2.2571428571428576],
[1642599000.0, 2.2285714285714286],
[1642685400.0, 2.202857142857143],
[1642771800.0, 2.2028571428571433],
[1642858200.0, 2.3514285714285714],
[1642944600.0, 2.4200000000000004],
[1643031000.0, 2.4014285714285717],
[1643117400.0, 2.6342857142857143],
[1643203800.0, 2.6228571428571428],
[1643290200.0, 2.6900000000000004],
[1643376600.0, 2.722857142857143],
[1643463000.0, 2.688571428571428],
[1643549400.0, 3.182857142857143],
[1643635800.0, 3.182857142857143],
[1643722200.0, 3.182857142857143],
[1643808600.0, 2.614285714285714],
[1643895000.0, 2.592857142857143],
[1643981400.0, 2.431428571428572],
[1644067800.0, 2.398571428571429],
[1644154200.0, 2.334285714285715],
[1644240600.0, 2.185714285714286],
[1644327000.0, 2.277142857142857],
[1644413400.0, 2.4642857142857144],
[1644499800.0, 2.2500000000000004],
[1644586200.0, 2.205714285714286],
[1644672600.0, 2.06],
[1644759000.0, 2.2085714285714286],
[1644845400.0, 2.1957142857142857],
[1644931800.0, 2.142857142857143],
[1645018200.0, 2.17],
[1645104600.0, 2.3542857142857145],
[1645191000.0, 2.31],
[1645277400.0, 2.2871428571428574],
[1645363800.0, 2.2314285714285718],
[1645450200.0, 2.1585714285714284],
[1645536600.0, 2.092857142857143],
[1645623000.0, 2.185714285714286],
[1645709400.0, 2.095714285714286],
[1645795800.0, 2.1014285714285714],
[1645882200.0, 2.061428571428572],
[1645968600.0, 2.037142857142857],
[1646055000.0, 1.9900000000000002],
[1646141400.0, 1.9957142857142858],
[1646227800.0, 1.9771428571428573],
[1646314200.0, 1.9514285714285715],
[1646400600.0, 1.9571428571428573],
[1646487000.0, 1.9600000000000004],
[1646573400.0, 2.012857142857143],
[1646659800.0, 2.0028571428571427],
[1646746200.0, 1.99],
[1646832600.0, 2.028571428571429],
[1646919000.0, 1.9600000000000002],
[1647005400.0, 1.9828571428571429],
[1647091800.0, 2.0542857142857143],
[1647178200.0, 2.04],
[1647264600.0, 2.1100000000000003],
[1647351000.0, 2.142857142857143],
[1647437400.0, 2.138571428571429],
[1647523800.0, 2.1157142857142857],
[1647610200.0, 2.12],
[1647696600.0, 2.0942857142857143],
[1647783000.0, 2.0785714285714287],
[1647869400.0, 2.075714285714286],
[1647955800.0, 2.064285714285714],
[1648042200.0, 2.048571428571429],
[1648128600.0, 2.1],
[1648215000.0, 2.1142857142857143],
[1648301400.0, 2.184285714285714],
[1648387800.0, 2.1385714285714283],
[1648474200.0, 2.172857142857143],
[1648560600.0, 2.2],
[1648647000.0, 2.2971428571428567],
[1648733400.0, 2.3271428571428574],
[1648819800.0, 2.3471428571428574],
[1648906200.0, 2.464285714285715],
[1648996200.0, 2.4400000000000004],
[1649082600.0, 2.41],
[1649169000.0, 2.3842857142857143],
[1649255400.0, 2.3242857142857143],
[1649341800.0, 2.355714285714286],
[1649428200.0, 2.2828571428571425],
[1649514600.0, 2.3242857142857143],
[1649601000.0, 2.3242857142857143],
[1649687400.0, 2.3242857142857143],
[1649773800.0, 2.3242857142857143],
[1649860200.0, 2.3228571428571425],
[1649946600.0, 2.242857142857143],
[1650033000.0, 2.295714285714286],
[1650119400.0, 2.295714285714286],
[1650205800.0, 2.262857142857143],
[1650292200.0, 2.2057142857142855],
[1650378600.0, 2.198571428571429],
[1650465000.0, 2.1814285714285715],
[1650551400.0, 2.1814285714285715],
[1650637800.0, 2.1814285714285715],
[1650724200.0, 2.18],
[1650810600.0, 2.12],
[1650897000.0, 2.1214285714285714],
[1650983400.0, 2.1357142857142857],
[1651069800.0, 2.0542857142857143],
[1651156200.0, 2.06],
[1651242600.0, 2.005714285714286],
[1651329000.0, 2.027142857142857],
[1651415400.0, 1.9985714285714284],
[1651501800.0, 1.9857142857142858],
[1651588200.0, 1.9585714285714286],
[1651674600.0, 1.9214285714285713],
[1651761000.0, 1.8628571428571428],
[1651847400.0, 1.832857142857143],
[1651933800.0, 1.7957142857142856],
[1652020200.0, 1.8],
[1652106600.0, 1.8657142857142859],
[1652193000.0, 1.7885714285714287],
[1652279400.0, 1.7500000000000002],
[1652365800.0, 1.775714285714286],
[1652452200.0, 1.8100000000000003],
[1652538600.0, 1.772857142857143],
[1652625000.0, 1.7514285714285716],
[1652711400.0, 1.7114285714285715],
[1652797800.0, 1.7557142857142858],
[1652884200.0, 1.75],
[1652970600.0, 1.842857142857143],
[1653057000.0, 1.8900000000000003],
[1653143400.0, 1.8800000000000001],
[1653229800.0, 1.8485714285714292],
[1653316200.0, 1.95],
[1653402600.0, 2.045714285714286],
[1653489000.0, 2.037142857142857],
[1653575400.0, 1.997142857142857],
[1653661800.0, 2.0185714285714282],
[1653748200.0, 2.0157142857142856],
[1653834600.0, 2.0214285714285714],
[1653921000.0, 2.0328571428571425],
[1654007400.0, 2.12],
[1654093800.0, 2.12],
[1654180200.0, 2.1457142857142855],
[1654266600.0, 2.19],
[1654353000.0, 2.2142857142857144],
[1654439400.0, 2.1471428571428572],
[1654525800.0, 2.22],
[1654612200.0, 2.24],
[1654698600.0, 2.262857142857143],
[1654785000.0, 2.238571428571429],
[1654871400.0, 2.1714285714285713],
[1654957800.0, 2.2085714285714286],
[1655044200.0, 2.2828571428571425],
[1655130600.0, 2.1914285714285713],
[1655217000.0, 2.1928571428571426],
[1655303400.0, 2.142857142857143],
[1655389800.0, 2.2257142857142855],
[1655476200.0, 2.192857142857143],
[1655562600.0, 2.2142857142857144],
[1655649000.0, 2.2842857142857143],
[1655735400.0, 2.295714285714286],
[1655821800.0, 2.3085714285714287],
[1655908200.0, 2.281428571428571],
[1655994600.0, 2.3485714285714288],
[1656081000.0, 2.3442857142857148],
[1656167400.0, 2.4257142857142857],
[1656253800.0, 2.3728571428571428],
[1656340200.0, 2.3814285714285717],
[1656426600.0, 2.341428571428571],
[1656513000.0, 2.347142857142857],
[1656599400.0, 2.3871428571428566],
[1656685800.0, 2.38],
[1656772200.0, 2.3685714285714283],
[1656858600.0, 2.2899999999999996],
[1656945000.0, 2.3299999999999996],
[1657031400.0, 2.3557142857142854],
[1657117800.0, 2.3328571428571427],
[1657204200.0, 2.32],
[1657290600.0, 2.2885714285714287],
[1657377000.0, 2.28],
[1657463400.0, 2.2600000000000002],
[1657549800.0, 2.23],
[1657636200.0, 2.142857142857143],
[1657722600.0, 2.2],
[1657809000.0, 2.1028571428571428],
[1657895400.0, 2.1714285714285717],
[1657981800.0, 2.2014285714285715],
[1658068200.0, 2.2314285714285718],
[1658154600.0, 2.3514285714285714],
[1658241000.0, 2.3285714285714287],
[1658327400.0, 2.315714285714286],
[1658413800.0, 2.3214285714285716],
[1658500200.0, 2.3485714285714288],
[1658586600.0, 2.3185714285714285],
[1658673000.0, 2.3242857142857147],
[1658759400.0, 2.3271428571428574],
[1658845800.0, 2.2614285714285716],
[1658932200.0, 2.3214285714285716],
[1659018600.0, 2.3814285714285717],
[1659105000.0, 2.55],
[1659191400.0, 2.4442857142857144],
[1659277800.0, 2.3957142857142855],
[1659364200.0, 2.4185714285714286],
[1659450600.0, 2.358571428571429],
[1659537000.0, 2.448571428571429],
[1659623400.0, 2.4257142857142857],
[1659709800.0, 2.29],
[1659796200.0, 2.292857142857143],
[1659882600.0, 2.3285714285714287],
[1659969000.0, 2.3071428571428574],
[1660055400.0, 2.301428571428571],
[1660141800.0, 2.2600000000000002],
[1660228200.0, 2.2571428571428567],
[1660314600.0, 2.2728571428571427],
[1660401000.0, 2.2728571428571427],
[1660487400.0, 2.2728571428571427],
[1660573800.0, 2.2728571428571427],
[1660660200.0, 2.27],
[1660746600.0, 2.237142857142857],
[1660833000.0, 2.1957142857142857],
[1660919400.0, 2.1542857142857144],
[1661005800.0, 2.1685714285714286],
[1661092200.0, 2.0185714285714282],
[1661178600.0, 1.9928571428571427],
[1661265000.0, 1.9414285714285715],
[1661351400.0, 1.8928571428571428],
[1661437800.0, 1.8242857142857143],
[1661524200.0, 1.7814285714285718],
[1661610600.0, 1.8271428571428576],
[1661697000.0, 1.7771428571428574],
[1661783400.0, 1.7685714285714287],
[1661869800.0, 1.7585714285714287],
[1661956200.0, 1.7885714285714285],
[1662042600.0, 1.7928571428571427],
[1662129000.0, 1.9200000000000002],
[1662215400.0, 1.9785714285714289],
[1662301800.0, 2.042857142857143],
[1662388200.0, 2.107142857142857],
[1662474600.0, 2.061428571428572],
[1662561000.0, 2.1042857142857145],
[1662647400.0, 2.111428571428571],
[1662733800.0, 2.132857142857143],
[1662820200.0, 2.1114285714285717],
[1662906600.0, 2.051428571428571],
[1662993000.0, 2.02],
[1663079400.0, 2.0357142857142856],
[1663165800.0, 2.0214285714285714],
[1663252200.0, 2.0128571428571433],
[1663338600.0, 1.9885714285714287],
[1663425000.0, 1.997142857142857],
[1663511400.0, 1.9914285714285715],
[1663597800.0, 1.9571428571428573],
[1663684200.0, 1.9957142857142856],
[1663770600.0, 2.025714285714286],
[1663857000.0, 2.0242857142857145],
[1663943400.0, 2.0142857142857147],
[1664029800.0, 1.9999999999999998],
[1664116200.0, 1.977142857142857],
[1664202600.0, 2.012857142857143],
[1664289000.0, 1.9885714285714287],
[1664375400.0, 2.001428571428572],
[1664461800.0, 2.0200000000000005],
[1664548200.0, 2.0042857142857144],
[1664634600.0, 1.9914285714285715],
[1664717400.0, 1.9842857142857144],
[1664803800.0, 2.007142857142857],
[1664890200.0, 1.997142857142857],
[1664976600.0, 2.0385714285714287],
[1665063000.0, 2.0900000000000003],
[1665149400.0, 1.9742857142857144],
[1665235800.0, 2.087142857142857],
[1665322200.0, 2.144285714285714],
[1665408600.0, 2.1114285714285717],
[1665495000.0, 2.142857142857143],
[1665581400.0, 2.12],
[1665667800.0, 2.0914285714285716],
[1665754200.0, 2.108571428571429],
[1665840600.0, 2.164285714285714],
[1665927000.0, 2.0799999999999996],
[1666013400.0, 2.0828571428571427],
[1666099800.0, 2.0428571428571427],
[1666186200.0, 2.007142857142857],
[1666272600.0, 2.2157142857142857],
[1666359000.0, 2.3057142857142856],
[1666445400.0, 2.1428571428571432],
[1666531800.0, 2.117142857142857],
[1666618200.0, 2.107142857142857],
[1666704600.0, 2.1471428571428572],
[1666791000.0, 2.1471428571428572],
[1666877400.0, 2.1100000000000003],
[1666963800.0, 2.051428571428571],
[1667050200.0, 2.071428571428572],
[1667136600.0, 2.014285714285714],
[1667223000.0, 2.094285714285714],
[1667309400.0, 2.165714285714286],
[1667395800.0, 2.12],
[1667482200.0, 2.1871428571428573],
[1667568600.0, 2.1414285714285715],
[1667655000.0, 2.1585714285714284],
[1667741400.0, 2.4014285714285717],
[1667827800.0, 2.6728571428571426],
[1667914200.0, 2.745714285714286],
[1668000600.0, 3.425714285714286],
[1668087000.0, 3.717142857142858],
[1668173400.0, 3.5599999999999996],
[1668259800.0, 3.65],
[1668346200.0, 3.1357142857142857],
[1668432600.0, 2.781428571428571],
[1668519000.0, 2.734285714285715],
[1668605400.0, 2.6785714285714284],
[1668691800.0, 2.732857142857143],
[1668778200.0, 2.6642857142857146],
[1668864600.0, 2.6214285714285714],
[1668951000.0, 2.7],
[1669037400.0, 2.765714285714286],
[1669123800.0, 2.66],
[1669210200.0, 2.6128571428571434],
[1669296600.0, 2.56],
[1669383000.0, 2.5071428571428567],
[1669469400.0, 2.468571428571429],
[1669555800.0, 2.4057142857142857],
[1669642200.0, 2.3971428571428572],
[1669728600.0, 2.4014285714285717],
[1669815000.0, 2.38],
[1669901400.0, 2.3471428571428574],
[1669987800.0, 2.3714285714285714],
[1670074200.0, 2.367142857142857],
[1670160600.0, 2.4628571428571426],
[1670247000.0, 2.5028571428571427],
[1670333400.0, 2.487142857142857],
[1670419800.0, 2.464285714285714],
[1670506200.0, 2.478571428571428],
[1670592600.0, 2.4628571428571426],
[1670679000.0, 2.4685714285714284],
[1670765400.0, 2.484285714285714],
[1670851800.0, 2.4557142857142855],
[1670938200.0, 2.4457142857142857],
[1671024600.0, 2.4585714285714286],
[1671111000.0, 2.462857142857143],
[1671197400.0, 2.4557142857142864],
[1671283800.0, 2.4585714285714286],
[1671370200.0, 2.43],
[1671456600.0, 2.434285714285714],
[1671543000.0, 2.424285714285715],
[1671629400.0, 2.424285714285715],
[1671715800.0, 2.39],
[1671802200.0, 2.335714285714286],
[1671888600.0, 2.32],
[1671975000.0, 2.312857142857143],
[1672061400.0, 2.342857142857143],
[1672147800.0, 2.3442857142857148],
[1672234200.0, 2.3314285714285714],
[1672320600.0, 2.315714285714286],
[1672407000.0, 2.277142857142857],
[1672493400.0, 2.272857142857143],
[1672579800.0, 2.244285714285714],
[1672666200.0, 2.2285714285714286],
[1672752600.0, 2.2],
[1672839000.0, 2.1728571428571426],
[1672925400.0, 2.1999999999999997],
[1673011800.0, 2.17],
[1673098200.0, 2.2085714285714286],
[1673184600.0, 2.3700000000000006],
[1673271000.0, 2.352857142857143],
[1673357400.0, 2.3385714285714285],
[1673443800.0, 2.337142857142857],
[1673530200.0, 2.358571428571428],
[1673616600.0, 2.337142857142857],
[1673703000.0, 2.335714285714286],
[1673789400.0, 2.3000000000000003],
[1673875800.0, 2.4400000000000004],
[1673962200.0, 2.4771428571428578],
[1674048600.0, 2.545714285714286],
[1674135000.0, 2.6842857142857146],
[1674221400.0, 2.692857142857143],
[1674307800.0, 2.7457142857142856],
[1674394200.0, 2.9900000000000007],
[1674480600.0, 3.19],
[1674567000.0, 3.075714285714286],
[1674653400.0, 3.1757142857142857],
[1674739800.0, 3.397142857142857],
[1674826200.0, 4.36],
[1674912600.0, 3.811428571428572],
[1674999000.0, 3.6957142857142857],
[1675085400.0, 3.4942857142857138],
[1675171800.0, 3.295714285714286],
[1675258200.0, 3.8728571428571428],
[1675344600.0, 3.6957142857142857],
[1675431000.0, 3.565714285714286],
[1675517400.0, 3.4814285714285718],
[1675603800.0, 3.2914285714285714],
[1675690200.0, 3.251428571428572],
[1675776600.0, 3.1585714285714284],
[1675863000.0, 3.192857142857143],
[1675949400.0, 3.192857142857143],
