[1635773400.0, 0.7928897586431835],
[1635859800.0, 0.7949735449735451],
[1635946200.0, 0.7863756613756613],
[1636032600.0, 0.8054996646545944],
[1636119000.0, 0.7803487592219988],
[1636205400.0, 0.7887323943661972],
[1636291800.0, 0.7936507936507936],
[1636378200.0, 0.798611111111111],
[1636464600.0, 0.7900132275132277],
[1636551000.0, 0.7837301587301587],
[1636637400.0, 0.811154598825832],
[1636723800.0, 0.8483365949119375],
[1636810200.0, 0.8695368558382258],
[1636896600.0, 0.8398564905414223],
[1636983000.0, 0.8649706457925637],
[1637069400.0, 0.8760600130463145],
[1637155800.0, 0.8482539682539684],
[1637242200.0, 0.8716216216216216],
[1637328600.0, 0.8799739073711677],
[1637415000.0, 0.8908730158730159],
[1637501400.0, 0.8724722765818659],
[1637587800.0, 0.8945105820105823],
[1637674200.0, 0.8822222222222224],
[1637760600.0, 0.8853968253968255],
[1637847000.0, 0.9459459459459459],
[1637933400.0, 1.0654761904761905],
[1638019800.0, 1.0185909980430528],
[1638106200.0, 1.0984996738421398],
[1638192600.0, 0.9969818913480887],
[1638279000.0, 1.1314854299928927],
[1638365400.0, 1.19431643625192],
[1638451800.0, 0.9758597883597885],
[1638538200.0, 0.981711525189786],
[1638624600.0, 0.9963924963924964],
[1638711000.0, 0.9903273809523809],
[1638797400.0, 0.8638948116560056],
[1638883800.0, 0.8240938166311299],
[1638970200.0, 0.8454157782515991],
[1639056600.0, 0.8762626262626263],
[1639143000.0, 0.8574929971988795],
[1639229400.0, 0.882703081232493],
[1639315800.0, 0.8502415458937197],
[1639402200.0, 0.818242790073776],
[1639488600.0, 0.8281573498964804],
[1639575000.0, 0.8340336134453782],
[1639661400.0, 0.8091884641180417],
[1639747800.0, 0.8175720992622402],
[1639834200.0, 0.8350586611456176],
[1639920600.0, 0.8407960199004975],
[1640007000.0, 0.7952380952380953],
[1640093400.0, 0.8102139406487233],
[1640179800.0, 0.7853835978835979],
[1640266200.0, 0.7944332662642521],
[1640352600.0, 0.8111772486772485],
[1640439000.0, 0.7915851272015656],
[1640525400.0, 0.7889758643183301],
[1640611800.0, 0.8082010582010583],
[1640698200.0, 0.8039791258969342],
[1640784600.0, 0.7838589981447125],
[1640871000.0, 0.7869511440940011],
[1640957400.0, 0.813968253968254],
[1641043800.0, 0.8476190476190477],
[1641130200.0, 0.8870656370656371],
[1641216600.0, 0.8912483912483914],
[1641303000.0, 0.8944658944658944],
[1641389400.0, 0.8917155903457273],
[1641475800.0, 0.8878016960208743],
[1641562200.0, 0.8861003861003861],
[1641648600.0, 0.8822393822393825],
[1641735000.0, 0.8667953667953668],
[1641821400.0, 0.8526984126984128],
[1641907800.0, 0.842985842985843],
[1641994200.0, 0.8194980694980695],
[1642080600.0, 0.826898326898327],
[1642167000.0, 0.8101673101673103],
[1642253400.0, 0.8246460746460746],
[1642339800.0, 0.8088803088803088],
[1642426200.0, 0.8232224396607958],
[1642512600.0, 0.8011583011583012],
[1642599000.0, 0.8027670527670527],
[1642685400.0, 0.8178893178893177],
[1642771800.0, 0.8406084656084658],
[1642858200.0, 0.8564905414220482],
[1642944600.0, 0.8684041184041186],
[1643031000.0, 0.8851351351351352],
[1643117400.0, 0.9238721804511277],
[1643203800.0, 0.9260651629072679],
[1643290200.0, 0.9120879120879122],
[1643376600.0, 0.8133116883116883],
[1643463000.0, 0.8241971207087485],
[1643549400.0, 0.9269102990033221],
[1643635800.0, 0.9269102990033221],
[1643722200.0, 0.9269102990033221],
[1643808600.0, 0.8191609977324263],
[1643895000.0, 0.8261617900172118],
[1643981400.0, 0.8116071428571429],
[1644067800.0, 0.833028083028083],
[1644154200.0, 0.8504761904761907],
[1644240600.0, 0.7655213984327909],
[1644327000.0, 0.7902930402930403],
[1644413400.0, 0.8257020757020755],
[1644499800.0, 0.8065476190476192],
[1644586200.0, 0.7511904761904761],
[1644672600.0, 0.7269439421338155],
[1644759000.0, 0.7613019891500904],
[1644845400.0, 0.7555756479807111],
[1644931800.0, 0.747438215792646],
[1645018200.0, 0.7531645569620252],
[1645104600.0, 0.8098290598290598],
[1645191000.0, 0.8169449598021027],
[1645277400.0, 0.7954822954822955],
[1645363800.0, 0.7744200244200246],
[1645450200.0, 0.7512210012210011],
[1645536600.0, 0.7417582417582417],
[1645623000.0, 0.7519590114526823],
[1645709400.0, 0.7408424908424908],
[1645795800.0, 0.7329059829059829],
[1645882200.0, 0.738404452690167],
[1645968600.0, 0.7362399505256647],
[1646055000.0, 0.7244897959183673],
[1646141400.0, 0.7384085213032581],
[1646227800.0, 0.7232529375386518],
[1646314200.0, 0.7161410018552875],
[1646400600.0, 0.7612781954887218],
[1646487000.0, 0.7911111111111112],
[1646573400.0, 0.8201415701415701],
[1646659800.0, 0.8146718146718147],
[1646746200.0, 0.8057142857142857],
[1646832600.0, 0.7869511440940014],
[1646919000.0, 0.7857142857142857],
[1647005400.0, 0.7914285714285715],
[1647091800.0, 0.8104761904761905],
[1647178200.0, 0.8053410553410554],
[1647264600.0, 0.8227155727155728],
[1647351000.0, 0.821917808219178],
[1647437400.0, 0.7985842985842985],
[1647523800.0, 0.7553258145363407],
[1647610200.0, 0.7711111111111112],
[1647696600.0, 0.7709137709137709],
[1647783000.0, 0.7786357786357786],
[1647869400.0, 0.7747747747747749],
[1647955800.0, 0.7659774436090223],
[1648042200.0, 0.7806349206349207],
[1648128600.0, 0.8142857142857144],
[1648215000.0, 0.8095238095238096],
[1648301400.0, 0.8155555555555555],
[1648387800.0, 0.807330827067669],
[1648474200.0, 0.8257142857142857],
[1648560600.0, 0.8552631578947367],
[1648647000.0, 0.8739682539682537],
[1648733400.0, 0.8862781954887219],
[1648819800.0, 0.87291280148423],
[1648906200.0, 0.8836996336996337],
[1648996200.0, 0.8945578231292518],
[1649082600.0, 0.895873015873016],
[1649169000.0, 0.8695238095238095],
[1649255400.0, 0.8401360544217686],
[1649341800.0, 0.8533834586466166],
[1649428200.0, 0.86003861003861],
[1649514600.0, 0.8741956241956241],
[1649601000.0, 0.8741956241956241],
[1649687400.0, 0.8741956241956241],
[1649773800.0, 0.8741956241956241],
[1649860200.0, 0.8738738738738738],
[1649946600.0, 0.8515211640211641],
[1650033000.0, 0.8519243313763862],
[1650119400.0, 0.8468468468468469],
[1650205800.0, 0.8558382257012394],
[1650292200.0, 0.8396164021164021],
[1650378600.0, 0.8480885311871229],
[1650465000.0, 0.8490945674044266],
[1650551400.0, 0.8490945674044266],
[1650637800.0, 0.8490945674044266],
[1650724200.0, 0.8269617706237425],
[1650810600.0, 0.8295376121463078],
[1650897000.0, 0.8316080055210489],
[1650983400.0, 0.8281573498964803],
[1651069800.0, 0.7764550264550264],
[1651156200.0, 0.8046928916494133],
[1651242600.0, 0.7933057280883368],
[1651329000.0, 0.7967563837129055],
[1651415400.0, 0.784679089026915],
[1651501800.0, 0.7763975155279502],
[1651588200.0, 0.7706582633053219],
[1651674600.0, 0.7615546218487393],
[1651761000.0, 0.7494669509594882],
[1651847400.0, 0.742004264392324],
[1651933800.0, 0.7402597402597402],
[1652020200.0, 0.7545787545787546],
[1652106600.0, 0.7909226190476191],
[1652193000.0, 0.7388278388278388],
[1652279400.0, 0.7215007215007214],
[1652365800.0, 0.6946169772256728],
[1652452200.0, 0.7238805970149254],
[1652538600.0, 0.7164179104477612],
[1652625000.0, 0.7164179104477612],
[1652711400.0, 0.704690831556503],
[1652797800.0, 0.7192608386638236],
[1652884200.0, 0.7090336134453781],
[1652970600.0, 0.7300420168067226],
[1653057000.0, 0.7398459383753502],
[1653143400.0, 0.7501776830135038],
[1653229800.0, 0.7459132906894101],
[1653316200.0, 0.7738095238095236],
[1653402600.0, 0.7955182072829131],
[1653489000.0, 0.8283582089552237],
[1653575400.0, 0.8237384506041222],
[1653661800.0, 0.8486140724946694],
[1653748200.0, 0.8496801705756928],
[1653834600.0, 0.8564321250888414],
[1653921000.0, 0.8553921568627448],
[1654007400.0, 0.8749999999999999],
[1654093800.0, 0.8880597014925372],
[1654180200.0, 0.9157782515991472],
[1654266600.0, 0.9392324093816631],
[1654353000.0, 0.9559346126510306],
[1654439400.0, 0.9516702203269367],
[1654525800.0, 0.96090973702914],
[1654612200.0, 0.9623312011371714],
[1654698600.0, 0.9662402274342572],
[1654785000.0, 0.9375431331953071],
[1654871400.0, 0.9505772005772005],
[1654957800.0, 0.9385216773276475],
[1655044200.0, 0.9289215686274508],
[1655130600.0, 0.8795721187025534],
[1655217000.0, 0.8661145617667354],
[1655303400.0, 0.8367346938775508],
[1655389800.0, 0.8878536922015182],
[1655476200.0, 0.8382936507936509],
[1655562600.0, 0.8449074074074076],
[1655649000.0, 0.8677248677248677],
[1655735400.0, 0.8753306878306879],
[1655821800.0, 0.8832671957671959],
[1655908200.0, 0.8960429242119382],
[1655994600.0, 0.8533834586466165],
[1656081000.0, 0.8685714285714287],
[1656167400.0, 0.9060665362035226],
[1656253800.0, 0.8754826254826256],
[1656340200.0, 0.8593650793650793],
[1656426600.0, 0.9163265306122449],
[1656513000.0, 0.8712998712998712],
[1656599400.0, 0.9493628437290409],
[1656685800.0, 0.8947876447876448],
[1656772200.0, 0.8825611325611327],
[1656858600.0, 0.8632561132561132],
[1656945000.0, 0.8606349206349205],
[1657031400.0, 0.8941798941798943],
[1657117800.0, 0.9030851777330651],
[1657204200.0, 0.9078231292517005],
[1657290600.0, 0.8276942355889724],
[1657377000.0, 0.8463492063492063],
[1657463400.0, 0.8470319634703197],
[1657549800.0, 0.8571428571428571],
[1657636200.0, 0.8234126984126985],
[1657722600.0, 0.857142857142857],
[1657809000.0, 0.8340136054421767],
[1657895400.0, 0.8418367346938775],
[1657981800.0, 0.8710884353741495],
[1658068200.0, 0.8697278911564627],
[1658154600.0, 0.9051020408163264],
[1658241000.0, 0.8819584171696848],
[1658327400.0, 0.8400900900900902],
[1658413800.0, 0.9057971014492753],
[1658500200.0, 0.9106280193236715],
[1658586600.0, 0.906832298136646],
[1658673000.0, 0.9064872325741891],
[1658759400.0, 0.9278812974465148],
[1658845800.0, 0.9149159663865547],
[1658932200.0, 0.9098639455782311],
[1659018600.0, 0.9392684610075914],
[1659105000.0, 0.8888888888888888],
[1659191400.0, 0.8842139595564255],
[1659277800.0, 0.895238095238095],
[1659364200.0, 0.8999309868875085],
[1659450600.0, 0.8699102829537613],
[1659537000.0, 0.8021026592455164],
[1659623400.0, 0.857473544973545],
[1659709800.0, 0.8530612244897959],
[1659796200.0, 0.8540372670807453],
[1659882600.0, 0.802348336594912],
[1659969000.0, 0.802348336594912],
[1660055400.0, 0.8023182957393482],
[1660141800.0, 0.8014842300556587],
[1660228200.0, 0.8447488584474885],
[1660314600.0, 0.8642857142857142],
[1660401000.0, 0.8642857142857142],
[1660487400.0, 0.8642857142857142],
[1660573800.0, 0.8642857142857142],
[1660660200.0, 0.7604529616724738],
[1660746600.0, 0.7779839208410637],
[1660833000.0, 0.7807017543859647],
[1660919400.0, 0.860248447204969],
[1661005800.0, 0.8161375661375662],
[1661092200.0, 0.8088435374149658],
[1661178600.0, 0.7664709719504239],
[1661265000.0, 0.7139682539682539],
[1661351400.0, 0.7312925170068026],
[1661437800.0, 0.7324929971988794],
[1661524200.0, 0.7080745341614907],
[1661610600.0, 0.7191166321601105],
[1661697000.0, 0.7122153209109731],
[1661783400.0, 0.7118702553485161],
[1661869800.0, 0.7060041407867493],
[1661956200.0, 0.6752645502645502],
[1662042600.0, 0.6972789115646257],
[1662129000.0, 0.7507002801120448],
[1662215400.0, 0.7363945578231292],
[1662301800.0, 0.760204081632653],
[1662388200.0, 0.7253968253968254],
[1662474600.0, 0.732947232947233],
[1662561000.0, 0.7625570776255708],
[1662647400.0, 0.7886497064579255],
[1662733800.0, 0.7756033920417483],
[1662820200.0, 0.7723418134377039],
[1662906600.0, 0.7602739726027397],
[1662993000.0, 0.6890064667842445],
[1663079400.0, 0.7424812030075186],
[1663165800.0, 0.4968944099378882],
[1663252200.0, 0.5211640211640213],
[1663338600.0, 0.5466853408029878],
[1663425000.0, 0.6033382425135003],
[1663511400.0, 0.6492063492063492],
[1663597800.0, 0.7013769363166953],
[1663684200.0, 0.7465340566606389],
[1663770600.0, 0.7564102564102565],
[1663857000.0, 0.73125],
[1663943400.0, 0.6904761904761907],
[1664029800.0, 0.7013769363166953],
[1664116200.0, 0.7426160337552742],
[1664202600.0, 0.7619047619047619],
[1664289000.0, 0.7619047619047618],
[1664375400.0, 0.7578849721706865],
[1664461800.0, 0.7380952380952382],
[1664548200.0, 0.7564102564102564],
[1664634600.0, 0.6010689990281827],
[1664717400.0, 0.7506105006105006],
[1664803800.0, 0.7653061224489796],
[1664890200.0, 0.6143838978890526],
[1664976600.0, 0.6711640211640213],
[1665063000.0, 0.7323580034423408],
[1665149400.0, 0.8189134808853119],
[1665235800.0, 0.8630089717046239],
[1665322200.0, 0.9100923951670219],
[1665408600.0, 0.8457273320287019],
[1665495000.0, 0.8697089947089948],
[1665581400.0, 0.6538847117794487],
[1665667800.0, 0.6646403242147925],
[1665754200.0, 0.715909090909091],
[1665840600.0, 0.7511337868480725],
[1665927000.0, 0.7572016460905349],
[1666013400.0, 0.7951127819548871],
[1666099800.0, 0.8068783068783069],
[1666186200.0, 0.7947232947232947],
[1666272600.0, 0.6942640692640693],
[1666359000.0, 0.807081807081807],
[1666445400.0, 0.7485119047619049],
[1666531800.0, 0.822420634920635],
[1666618200.0, 0.797940797940798],
[1666704600.0, 0.7904135338345863],
[1666791000.0, 0.7670940170940171],
[1666877400.0, 0.8114543114543115],
[1666963800.0, 0.7857142857142857],
[1667050200.0, 0.7869511440940014],
[1667136600.0, 0.7432844932844932],
[1667223000.0, 0.7578849721706862],
[1667309400.0, 0.7656153370439085],
[1667395800.0, 0.7603586889301175],
[1667482200.0, 0.7597950572634117],
[1667568600.0, 0.7363095238095237],
[1667655000.0, 0.7443452380952381],
[1667741400.0, 0.723916532905297],
[1667827800.0, 0.7934724451578383],
[1667914200.0, 0.681859410430839],
[1668000600.0, 0.8124716553287982],
[1668087000.0, 0.62569573283859],
[1668173400.0, 0.6436455376852728],
[1668259800.0, 0.68908585331943],
[1668346200.0, 0.6597600872410033],
[1668432600.0, 0.7327044025157232],
[1668519000.0, 0.7950417280314187],
[1668605400.0, 0.8465608465608465],
[1668691800.0, 0.8971988795518208],
[1668778200.0, 0.8711484593837535],
[1668864600.0, 0.8163265306122449],
[1668951000.0, 0.8879551820728291],
[1669037400.0, 0.9182444061962136],
[1669123800.0, 0.8927137119908206],
[1669210200.0, 0.8183520599250939],
[1669296600.0, 0.8325027685492801],
[1669383000.0, 0.834750566893424],
[1669469400.0, 0.8899939722724534],
[1669555800.0, 0.8315911730545876],
[1669642200.0, 0.8030045351473923],
[1669728600.0, 0.8066893424036283],
[1669815000.0, 0.7630121816168327],
[1669901400.0, 0.7655462184873951],
[1669987800.0, 0.7539682539682538],
[1670074200.0, 0.7108843537414965],
[1670160600.0, 0.7334368530020704],
[1670247000.0, 0.7471532091097308],
[1670333400.0, 0.7430124223602486],
[1670419800.0, 0.7605820105820106],
[1670506200.0, 0.7579365079365079],
[1670592600.0, 0.8388501742160278],
[1670679000.0, 0.8284566838783706],
[1670765400.0, 0.8594944150499705],
[1670851800.0, 0.8316121629374643],
[1670938200.0, 0.8469802555168409],
[1671024600.0, 0.872814948764316],
[1671111000.0, 0.7775974025974027],
[1671197400.0, 0.8243321718931476],
[1671283800.0, 0.8395833333333333],
[1671370200.0, 0.798185941043084],
[1671456600.0, 0.8230063109581183],
[1671543000.0, 0.804138321995465],
[1671629400.0, 0.8237514518002323],
[1671715800.0, 0.8282738095238096],
[1671802200.0, 0.8709273182957393],
[1671888600.0, 0.879047619047619],
[1671975000.0, 0.8623995052566483],
[1672061400.0, 0.9209656084656086],
[1672147800.0, 0.94421768707483],
[1672234200.0, 0.8870656370656371],
[1672320600.0, 0.8939986953685585],
[1672407000.0, 0.9041005291005292],
[1672493400.0, 0.8832671957671959],
[1672579800.0, 0.8906773977196515],
[1672666200.0, 0.8412698412698413],
[1672752600.0, 0.8610567514677105],
[1672839000.0, 0.8098412698412698],
[1672925400.0, 0.8301587301587302],
[1673011800.0, 0.8233590733590732],
[1673098200.0, 0.8564905414220483],
[1673184600.0, 0.883809523809524],
[1673271000.0, 0.8863492063492063],
[1673357400.0, 0.8831746031746031],
[1673443800.0, 0.8780952380952382],
[1673530200.0, 0.8649749373433583],
[1673616600.0, 0.8630179344465059],
[1673703000.0, 0.803921568627451],
[1673789400.0, 0.8376887340301974],
[1673875800.0, 0.8892857142857143],
[1673962200.0, 0.8800705467372133],
[1674048600.0, 0.8898450946643718],
[1674135000.0, 0.9148020654044752],
[1674221400.0, 0.9136546184738956],
[1674307800.0, 0.8906926406926406],
[1674394200.0, 0.9826330532212887],
[1674480600.0, 0.8936011904761905],
[1674567000.0, 0.909626216077829],
[1674653400.0, 0.9359788359788359],
[1674739800.0, 0.9685099846390167],
[1674826200.0, 0.8756830601092896],
[1674912600.0, 0.8560893383902233],
[1674999000.0, 0.8390223345975557],
[1675085400.0, 0.8280908693752729],
[1675171800.0, 0.7985008818342153],
[1675258200.0, 0.7401098901098899],
[1675344600.0, 0.7742063492063492],
[1675431000.0, 0.7801724137931034],
[1675517400.0, 0.8785950023573784],
[1675603800.0, 0.882688492063492],
[1675690200.0, 0.8880445795339413],
[1675776600.0, 0.8879399585921325],
[1675863000.0, 0.9039769754055469],
[1675949400.0, 0.9039769754055469],
