[1635773400.0, 0.2873062],
[1635859800.0, 0.31365380000000004],
[1635946200.0, 0.3163386000000001],
[1636032600.0, 0.25925319999999996],
[1636119000.0, 0.2175474],
[1636205400.0, 0.21903799999999998],
[1636291800.0, 0.24640920000000005],
[1636378200.0, 0.2532724],
[1636464600.0, 0.11020260000000001],
[1636551000.0, 0.10138860000000001],
[1636637400.0, 0.12496960000000001],
[1636723800.0, 0.12233859999999999],
[1636810200.0, 0.12068860000000001],
[1636896600.0, 0.10717860000000001],
[1636983000.0, 0.11274080000000002],
[1637069400.0, 0.1133194],
[1637155800.0, 0.11509580000000001],
[1637242200.0, 0.119017],
[1637328600.0, 0.11992420000000001],
[1637415000.0, 0.12082000000000001],
[1637501400.0, 0.1215872],
[1637587800.0, 0.12236319999999998],
[1637674200.0, 0.1259406],
[1637760600.0, 0.1308366],
[1637847000.0, 0.1228544],
[1637933400.0, 0.11551979999999999],
[1638019800.0, 0.11278199999999998],
[1638106200.0, 0.11227340000000001],
[1638192600.0, 0.11093800000000001],
[1638279000.0, 0.0990974],
[1638365400.0, 0.0954272],
[1638451800.0, 0.09284400000000001],
[1638538200.0, 0.0962258],
[1638624600.0, 0.09669080000000001],
[1638711000.0, 0.10485040000000001],
[1638797400.0, 0.1064862],
[1638883800.0, 0.10992980000000001],
[1638970200.0, 0.119312],
[1639056600.0, 0.1183532],
[1639143000.0, 0.1311602],
[1639229400.0, 0.130015],
[1639315800.0, 0.12807],
[1639402200.0, 0.1275382],
[1639488600.0, 0.12995799999999996],
[1639575000.0, 0.12870299999999996],
[1639661400.0, 0.12081540000000002],
[1639747800.0, 0.12040900000000002],
[1639834200.0, 0.11777900000000001],
[1639920600.0, 0.11744740000000001],
[1640007000.0, 0.1193184],
[1640093400.0, 0.12147920000000001],
[1640179800.0, 0.1220956],
[1640266200.0, 0.11982920000000001],
[1640352600.0, 0.1283088],
[1640439000.0, 0.1274728],
[1640525400.0, 0.12508439999999998],
[1640611800.0, 0.1292608],
[1640698200.0, 0.12071640000000002],
[1640784600.0, 0.1236834],
[1640871000.0, 0.12228339999999997],
[1640957400.0, 0.125064],
[1641043800.0, 0.12663600000000003],
[1641130200.0, 0.12253099999999999],
[1641216600.0, 0.13313820000000004],
[1641303000.0, 0.1376566],
[1641389400.0, 0.13518979999999997],
[1641475800.0, 0.1349168],
[1641562200.0, 0.13561620000000002],
[1641648600.0, 0.137497],
[1641735000.0, 0.1355598],
[1641821400.0, 0.13355260000000002],
[1641907800.0, 0.13178640000000003],
[1641994200.0, 0.12630760000000002],
[1642080600.0, 0.13993160000000002],
[1642167000.0, 0.14002979999999998],
[1642253400.0, 0.1432982],
[1642339800.0, 0.143517],
[1642426200.0, 0.148225],
[1642512600.0, 0.1465344],
[1642599000.0, 0.1528454],
[1642685400.0, 0.1557596],
[1642771800.0, 0.1565182],
[1642858200.0, 0.15363999999999997],
[1642944600.0, 0.1487484],
[1643031000.0, 0.1443902],
[1643117400.0, 0.14125159999999998],
[1643203800.0, 0.1420914],
[1643290200.0, 0.1411496],
[1643376600.0, 0.13635860000000002],
[1643463000.0, 0.13005819999999998],
[1643549400.0, 0.1373462],
[1643635800.0, 0.1373462],
[1643722200.0, 0.1373462],
[1643808600.0, 0.1331032],
[1643895000.0, 0.13689260000000003],
[1643981400.0, 0.13508320000000001],
[1644067800.0, 0.13904339999999998],
[1644154200.0, 0.1414124],
[1644240600.0, 0.140668],
[1644327000.0, 0.14751240000000002],
[1644413400.0, 0.1468646],
[1644499800.0, 0.15154640000000003],
[1644586200.0, 0.15431080000000003],
[1644672600.0, 0.1599],
[1644759000.0, 0.15784839999999997],
[1644845400.0, 0.16759880000000002],
[1644931800.0, 0.165517],
[1645018200.0, 0.1681506],
[1645104600.0, 0.17082260000000002],
[1645191000.0, 0.1692968],
[1645277400.0, 0.17312519999999998],
[1645363800.0, 0.1751556],
[1645450200.0, 0.1718464],
[1645536600.0, 0.1672786],
[1645623000.0, 0.1766932],
[1645709400.0, 0.16653880000000001],
[1645795800.0, 0.1656544],
[1645882200.0, 0.1689164],
[1645968600.0, 0.1695954],
[1646055000.0, 0.16537719999999997],
[1646141400.0, 0.16508240000000002],
[1646227800.0, 0.1732778],
[1646314200.0, 0.18034900000000004],
[1646400600.0, 0.18189080000000002],
[1646487000.0, 0.19075400000000003],
[1646573400.0, 0.18805760000000002],
[1646659800.0, 0.1809538],
[1646746200.0, 0.175999],
[1646832600.0, 0.1751586],
[1646919000.0, 0.17505740000000003],
[1647005400.0, 0.1772548],
[1647091800.0, 0.1767862],
[1647178200.0, 0.17576340000000001],
[1647264600.0, 0.1761014],
[1647351000.0, 0.1773696],
[1647437400.0, 0.17837700000000004],
[1647523800.0, 0.18218260000000003],
[1647610200.0, 0.18148499999999998],
[1647696600.0, 0.18220440000000002],
[1647783000.0, 0.1833304],
[1647869400.0, 0.18478],
[1647955800.0, 0.1838012],
[1648042200.0, 0.18470860000000003],
[1648128600.0, 0.18446259999999998],
[1648215000.0, 0.186635],
[1648301400.0, 0.18582],
[1648387800.0, 0.18530379999999996],
[1648474200.0, 0.1857686],
[1648560600.0, 0.1865956],
[1648647000.0, 0.1868264],
[1648733400.0, 0.190727],
[1648819800.0, 0.1914208],
[1648906200.0, 0.19026460000000003],
[1648996200.0, 0.18536980000000003],
[1649082600.0, 0.190907],
[1649169000.0, 0.1938586],
[1649255400.0, 0.19999660000000002],
[1649341800.0, 0.20537039999999998],
[1649428200.0, 0.1964048],
[1649514600.0, 0.2093486],
[1649601000.0, 0.2070764],
[1649687400.0, 0.204284],
[1649773800.0, 0.21612060000000005],
[1649860200.0, 0.21909880000000004],
[1649946600.0, 0.22160179999999996],
[1650033000.0, 0.2220786],
[1650119400.0, 0.22286080000000003],
[1650205800.0, 0.2303036],
[1650292200.0, 0.22214120000000004],
[1650378600.0, 0.22826079999999999],
[1650465000.0, 0.2304318],
[1650551400.0, 0.2304318],
[1650637800.0, 0.2304318],
[1650724200.0, 0.21889319999999998],
[1650810600.0, 0.2195668],
[1650897000.0, 0.21312199999999998],
[1650983400.0, 0.21276199999999998],
[1651069800.0, 0.18010639999999997],
[1651156200.0, 0.20666120000000002],
[1651242600.0, 0.212705],
[1651329000.0, 0.2100202],
[1651415400.0, 0.2083044],
[1651501800.0, 0.20868720000000002],
[1651588200.0, 0.19247160000000002],
[1651674600.0, 0.19939439999999997],
[1651761000.0, 0.186211],
[1651847400.0, 0.18366319999999997],
[1651933800.0, 0.1896332],
[1652020200.0, 0.1931714],
[1652106600.0, 0.1834762],
[1652193000.0, 0.16597060000000002],
[1652279400.0, 0.18199340000000003],
[1652365800.0, 0.18176],
[1652452200.0, 0.1854192],
[1652538600.0, 0.18534279999999997],
[1652625000.0, 0.1822644],
[1652711400.0, 0.1833454],
[1652797800.0, 0.1802298],
[1652884200.0, 0.1798268],
[1652970600.0, 0.15209260000000002],
[1653057000.0, 0.1470064],
[1653143400.0, 0.132303],
[1653229800.0, 0.12031480000000001],
[1653316200.0, 0.1129644],
[1653402600.0, 0.10958000000000001],
[1653489000.0, 0.11007920000000002],
[1653575400.0, 0.11190499999999999],
[1653661800.0, 0.10899180000000001],
[1653748200.0, 0.10756320000000001],
[1653834600.0, 0.1053104],
[1653921000.0, 0.10309760000000001],
[1654007400.0, 0.099586],
[1654093800.0, 0.0975676],
[1654180200.0, 0.0977158],
[1654266600.0, 0.0930636],
[1654353000.0, 0.0941526],
[1654439400.0, 0.0900464],
[1654525800.0, 0.090618],
[1654612200.0, 0.08871520000000001],
[1654698600.0, 0.0911512],
[1654785000.0, 0.0889296],
[1654871400.0, 0.090221],
[1654957800.0, 0.08859759999999998],
[1655044200.0, 0.08616139999999999],
[1655130600.0, 0.08571],
[1655217000.0, 0.08524520000000001],
[1655303400.0, 0.08496200000000001],
[1655389800.0, 0.0822098],
[1655476200.0, 0.0833624],
[1655562600.0, 0.08572719999999999],
[1655649000.0, 0.08208220000000001],
[1655735400.0, 0.0835956],
[1655821800.0, 0.083939],
[1655908200.0, 0.0845698],
[1655994600.0, 0.0815716],
[1656081000.0, 0.07923659999999999],
[1656167400.0, 0.0784846],
[1656253800.0, 0.0763778],
[1656340200.0, 0.08027359999999999],
[1656426600.0, 0.0772058],
[1656513000.0, 0.0772832],
[1656599400.0, 0.0800524],
[1656685800.0, 0.0833168],
[1656772200.0, 0.08098739999999999],
[1656858600.0, 0.07560999999999998],
[1656945000.0, 0.0776124],
[1657031400.0, 0.07904639999999999],
[1657117800.0, 0.0771992],
[1657204200.0, 0.07711219999999999],
[1657290600.0, 0.079933],
[1657377000.0, 0.0834144],
[1657463400.0, 0.08486380000000002],
[1657549800.0, 0.0882126],
[1657636200.0, 0.09237680000000001],
[1657722600.0, 0.0995742],
[1657809000.0, 0.0992638],
[1657895400.0, 0.10087579999999999],
[1657981800.0, 0.1050638],
[1658068200.0, 0.10109240000000001],
[1658154600.0, 0.11627539999999999],
[1658241000.0, 0.11809120000000002],
[1658327400.0, 0.12177559999999998],
[1658413800.0, 0.12174880000000002],
[1658500200.0, 0.11437919999999999],
[1658586600.0, 0.11710639999999999],
[1658673000.0, 0.11948059999999998],
[1658759400.0, 0.11820020000000002],
[1658845800.0, 0.11871340000000004],
[1658932200.0, 0.11813739999999999],
[1659018600.0, 0.11890460000000003],
[1659105000.0, 0.1170874],
[1659191400.0, 0.11525400000000001],
[1659277800.0, 0.11703260000000004],
[1659364200.0, 0.12014700000000003],
[1659450600.0, 0.1178354],
[1659537000.0, 0.1168296],
[1659623400.0, 0.1192498],
[1659709800.0, 0.1186036],
[1659796200.0, 0.12115040000000003],
[1659882600.0, 0.12039],
[1659969000.0, 0.12234920000000002],
[1660055400.0, 0.12418599999999999],
[1660141800.0, 0.11981080000000002],
[1660228200.0, 0.12752420000000003],
[1660314600.0, 0.1303322],
[1660401000.0, 0.1303322],
[1660487400.0, 0.1303322],
[1660573800.0, 0.1303322],
[1660660200.0, 0.13643300000000003],
[1660746600.0, 0.1328988],
[1660833000.0, 0.1326552],
[1660919400.0, 0.133718],
[1661005800.0, 0.13483839999999997],
[1661092200.0, 0.13413799999999998],
[1661178600.0, 0.13122000000000003],
[1661265000.0, 0.130863],
[1661351400.0, 0.13070980000000004],
[1661437800.0, 0.1334968],
[1661524200.0, 0.1337366],
[1661610600.0, 0.13587259999999998],
[1661697000.0, 0.13097440000000002],
[1661783400.0, 0.1341044],
[1661869800.0, 0.1336634],
[1661956200.0, 0.136441],
[1662042600.0, 0.1386158],
[1662129000.0, 0.1336688],
[1662215400.0, 0.1327628],
[1662301800.0, 0.1303212],
[1662388200.0, 0.1326614],
[1662474600.0, 0.13310900000000003],
[1662561000.0, 0.14209460000000002],
[1662647400.0, 0.14447060000000003],
[1662733800.0, 0.14491940000000003],
[1662820200.0, 0.1417622],
[1662906600.0, 0.14109680000000005],
[1662993000.0, 0.1436116],
[1663079400.0, 0.14325780000000002],
[1663165800.0, 0.1425326],
[1663252200.0, 0.1417116],
[1663338600.0, 0.1436902],
[1663425000.0, 0.1442482],
[1663511400.0, 0.14921520000000002],
[1663597800.0, 0.155448],
[1663684200.0, 0.1559628],
[1663770600.0, 0.15846979999999997],
[1663857000.0, 0.15768340000000003],
[1663943400.0, 0.16143739999999998],
[1664029800.0, 0.15438340000000003],
[1664116200.0, 0.1495348],
[1664202600.0, 0.1523874],
[1664289000.0, 0.15577280000000002],
[1664375400.0, 0.15172600000000003],
[1664461800.0, 0.15153480000000003],
[1664548200.0, 0.15268779999999998],
[1664634600.0, 0.1293778],
[1664717400.0, 0.1408568],
[1664803800.0, 0.14308500000000002],
[1664890200.0, 0.1487036],
[1664976600.0, 0.15382959999999998],
[1665063000.0, 0.15672479999999997],
[1665149400.0, 0.15802180000000005],
[1665235800.0, 0.16814880000000004],
[1665322200.0, 0.1743292],
[1665408600.0, 0.1817762],
[1665495000.0, 0.17063080000000003],
[1665581400.0, 0.18591820000000003],
[1665667800.0, 0.185543],
[1665754200.0, 0.18358399999999997],
[1665840600.0, 0.1859036],
[1665927000.0, 0.1832826],
[1666013400.0, 0.18951040000000002],
[1666099800.0, 0.18250060000000004],
[1666186200.0, 0.1954438],
[1666272600.0, 0.20034060000000004],
[1666359000.0, 0.2019146],
[1666445400.0, 0.19126879999999996],
[1666531800.0, 0.1809922],
[1666618200.0, 0.1804234],
[1666704600.0, 0.1780772],
[1666791000.0, 0.17966680000000004],
[1666877400.0, 0.1802098],
[1666963800.0, 0.1756686],
[1667050200.0, 0.17908199999999996],
[1667136600.0, 0.17723280000000002],
[1667223000.0, 0.17903059999999998],
[1667309400.0, 0.1785406],
[1667395800.0, 0.183383],
[1667482200.0, 0.1826944],
[1667568600.0, 0.19165980000000002],
[1667655000.0, 0.1972346],
[1667741400.0, 0.19117900000000002],
[1667827800.0, 0.1977984],
[1667914200.0, 0.1955652],
[1668000600.0, 0.1923424],
[1668087000.0, 0.2034284],
[1668173400.0, 0.19923459999999998],
[1668259800.0, 0.1978636],
[1668346200.0, 0.1869864],
[1668432600.0, 0.1936862],
[1668519000.0, 0.19320520000000002],
[1668605400.0, 0.19676799999999997],
[1668691800.0, 0.20480939999999997],
[1668778200.0, 0.20609099999999997],
[1668864600.0, 0.20577779999999998],
[1668951000.0, 0.2043548],
[1669037400.0, 0.2025534],
[1669123800.0, 0.1970216],
[1669210200.0, 0.1815702],
[1669296600.0, 0.16999060000000002],
[1669383000.0, 0.1672992],
[1669469400.0, 0.1734138],
[1669555800.0, 0.17079139999999998],
[1669642200.0, 0.168162],
[1669728600.0, 0.16915379999999997],
[1669815000.0, 0.17420639999999998],
[1669901400.0, 0.18313800000000002],
[1669987800.0, 0.1991686],
[1670074200.0, 0.20557380000000003],
[1670160600.0, 0.2162996],
[1670247000.0, 0.1961556],
[1670333400.0, 0.22391959999999997],
[1670419800.0, 0.2225886],
[1670506200.0, 0.2090876],
[1670592600.0, 0.21163540000000003],
[1670679000.0, 0.2117602],
[1670765400.0, 0.2130862],
[1670851800.0, 0.2138052],
[1670938200.0, 0.21449500000000002],
[1671024600.0, 0.2136266],
[1671111000.0, 0.21075],
[1671197400.0, 0.2074318],
[1671283800.0, 0.20930400000000007],
[1671370200.0, 0.2135084],
[1671456600.0, 0.211666],
[1671543000.0, 0.23653680000000005],
[1671629400.0, 0.21164120000000003],
[1671715800.0, 0.21716740000000004],
[1671802200.0, 0.2132076],
[1671888600.0, 0.2109854],
[1671975000.0, 0.2131974],
[1672061400.0, 0.22119340000000004],
[1672147800.0, 0.208182],
[1672234200.0, 0.205815],
[1672320600.0, 0.2018926],
[1672407000.0, 0.2071046],
[1672493400.0, 0.2044164],
[1672579800.0, 0.20841379999999998],
[1672666200.0, 0.20883599999999997],
[1672752600.0, 0.21731799999999998],
[1672839000.0, 0.2080106],
[1672925400.0, 0.216845],
[1673011800.0, 0.2100808],
[1673098200.0, 0.21283520000000006],
[1673184600.0, 0.215611],
[1673271000.0, 0.22350019999999998],
[1673357400.0, 0.2250782],
[1673443800.0, 0.22348360000000006],
[1673530200.0, 0.24418420000000002],
[1673616600.0, 0.238485],
[1673703000.0, 0.22234579999999998],
[1673789400.0, 0.226798],
[1673875800.0, 0.23626279999999994],
[1673962200.0, 0.248069],
[1674048600.0, 0.23956040000000006],
[1674135000.0, 0.24717900000000004],
[1674221400.0, 0.24246419999999996],
[1674307800.0, 0.25081840000000005],
[1674394200.0, 0.24820999999999996],
[1674480600.0, 0.24805639999999998],
[1674567000.0, 0.24814980000000003],
[1674653400.0, 0.24972659999999997],
[1674739800.0, 0.24906460000000002],
[1674826200.0, 0.24185040000000005],
[1674912600.0, 0.2529600000000001],
[1674999000.0, 0.24965200000000004],
[1675085400.0, 0.259325],
[1675171800.0, 0.2505786],
[1675258200.0, 0.24812859999999998],
[1675344600.0, 0.24460440000000006],
[1675431000.0, 0.25308800000000004],
[1675517400.0, 0.2546974000000001],
[1675603800.0, 0.2570716],
[1675690200.0, 0.2513796],
[1675776600.0, 0.25467800000000007],
[1675863000.0, 0.25467800000000007],
[1675949400.0, 0.25467800000000007],
