[1635773400.0, 0.09989255936877596],
[1635859800.0, 0.3622457726984609],
[1635946200.0, 0.3420518336952416],
[1636032600.0, 0.3318879733822118],
[1636119000.0, 0.31260312753218195],
[1636205400.0, 0.31330290839601777],
[1636291800.0, 0.31463161267087364],
[1636378200.0, 0.31959435448492196],
[1636464600.0, 0.22875911065139698],
[1636551000.0, 0.24352626887575465],
[1636637400.0, 0.2511738536908321],
[1636723800.0, 0.24692597582741777],
[1636810200.0, 0.24368607621749844],
[1636896600.0, 0.2769872422212242],
[1636983000.0, 0.2870167371883191],
[1637069400.0, 0.27780928322503357],
[1637155800.0, 0.28592274501561765],
[1637242200.0, 0.27344532894680623],
[1637328600.0, 0.3162414326443377],
[1637415000.0, 0.30075135130933284],
[1637501400.0, 0.25931428730271044],
[1637587800.0, 0.25628147330539136],
[1637674200.0, 0.2664071782235161],
[1637760600.0, 0.2723415274343204],
[1637847000.0, 0.28006088802892437],
[1637933400.0, 0.29246589123858246],
[1638019800.0, 0.2842935518065582],
[1638106200.0, 0.2664914065379598],
[1638192600.0, 0.2655006742372404],
[1638279000.0, 0.25402107565291315],
[1638365400.0, 0.2565187592205484],
[1638451800.0, 0.2497778982845814],
[1638538200.0, 0.23354683245242425],
[1638624600.0, 0.23618245816926142],
[1638711000.0, 0.23437417475291072],
[1638797400.0, 0.23010827859015515],
[1638883800.0, 0.22499579257746474],
[1638970200.0, 0.23394451046920442],
[1639056600.0, 0.2331240312971374],
[1639143000.0, 0.22463337135337694],
[1639229400.0, 0.210871881560324],
[1639315800.0, 0.22338025665465425],
[1639402200.0, 0.23241271957316859],
[1639488600.0, 0.2120383475800932],
[1639575000.0, 0.2286881711077666],
[1639661400.0, 0.2196763303755067],
[1639747800.0, 0.22471185202919994],
[1639834200.0, 0.2251596263469788],
[1639920600.0, 0.22664295464037032],
[1640007000.0, 0.22483970737922887],
[1640093400.0, 0.217886943008261],
[1640179800.0, 0.222536509973158],
[1640266200.0, 0.22497421776290455],
[1640352600.0, 0.21982564463056536],
[1640439000.0, 0.22210926322093416],
[1640525400.0, 0.21869661879398897],
[1640611800.0, 0.22190812249309957],
[1640698200.0, 0.20966973353267768],
[1640784600.0, 0.21849005757845746],
[1640871000.0, 0.20956730505897572],
[1640957400.0, 0.21566620558869765],
[1641043800.0, 0.21806351793568168],
[1641130200.0, 0.21793255039509368],
[1641216600.0, 0.2247013224791187],
[1641303000.0, 0.220992735732389],
[1641389400.0, 0.2227608653764495],
[1641475800.0, 0.21821639077190008],
[1641562200.0, 0.21678816834824263],
[1641648600.0, 0.21051434892365736],
[1641735000.0, 0.21870049221132792],
[1641821400.0, 0.21504729857162005],
[1641907800.0, 0.21221941044814674],
[1641994200.0, 0.2141716497310312],
[1642080600.0, 0.2261434736383784],
[1642167000.0, 0.22268147365284516],
[1642253400.0, 0.22606352910625338],
[1642339800.0, 0.21952819903382517],
[1642426200.0, 0.2239508415981756],
[1642512600.0, 0.20155348232405715],
[1642599000.0, 0.19992313304482912],
[1642685400.0, 0.20498369927053783],
[1642771800.0, 0.20638710372593594],
[1642858200.0, 0.21039565940587984],
[1642944600.0, 0.20421128229602528],
[1643031000.0, 0.20773429635784454],
[1643117400.0, 0.2123307845249138],
[1643203800.0, 0.20894731420732843],
[1643290200.0, 0.21147244783433125],
[1643376600.0, 0.2188313155210375],
[1643463000.0, 0.20912197442190003],
[1643549400.0, 0.211541230018806],
[1643635800.0, 0.211541230018806],
[1643722200.0, 0.211541230018806],
[1643808600.0, 0.20205016677734453],
[1643895000.0, 0.20988158221179573],
[1643981400.0, 0.21112719646686692],
[1644067800.0, 0.22765562079037793],
[1644154200.0, 0.22304629319451494],
[1644240600.0, 0.2179589427585121],
[1644327000.0, 0.21774361880887225],
[1644413400.0, 0.2302869491870198],
[1644499800.0, 0.2266192968153402],
[1644586200.0, 0.22856358420751507],
[1644672600.0, 0.2231812358068223],
[1644759000.0, 0.2242928464644789],
[1644845400.0, 0.22380202763020243],
[1644931800.0, 0.2217711111178372],
[1645018200.0, 0.2247657306152754],
[1645104600.0, 0.2151630612578718],
[1645191000.0, 0.2318470891263025],
[1645277400.0, 0.21429132284468708],
[1645363800.0, 0.21923985187184447],
[1645450200.0, 0.23740852662756198],
[1645536600.0, 0.2229481519730302],
[1645623000.0, 0.24093629424603535],
[1645709400.0, 0.23363489659466513],
[1645795800.0, 0.2261725381016143],
[1645882200.0, 0.22818573411896545],
[1645968600.0, 0.21708762001237694],
[1646055000.0, 0.2178725997601994],
[1646141400.0, 0.22492799986586995],
[1646227800.0, 0.22306872464009883],
[1646314200.0, 0.22293780527033916],
[1646400600.0, 0.23271842132729317],
[1646487000.0, 0.24481998807712366],
[1646573400.0, 0.24458529574638163],
[1646659800.0, 0.2289042716093553],
[1646746200.0, 0.2497269636821073],
[1646832600.0, 0.2620247495661248],
[1646919000.0, 0.25897663085643097],
[1647005400.0, 0.24465849207930687],
[1647091800.0, 0.24571347587221704],
[1647178200.0, 0.24168877431717756],
[1647264600.0, 0.24341973761740418],
[1647351000.0, 0.249034833435851],
[1647437400.0, 0.2486797902879602],
[1647523800.0, 0.2484337338432021],
[1647610200.0, 0.2493031510794114],
[1647696600.0, 0.24582727895615555],
[1647783000.0, 0.24713249688430988],
[1647869400.0, 0.241806453236441],
[1647955800.0, 0.24386016776711505],
[1648042200.0, 0.24546134751152704],
[1648128600.0, 0.2445156114630829],
[1648215000.0, 0.24240521997191436],
[1648301400.0, 0.2400000094183175],
[1648387800.0, 0.2462566144707405],
[1648474200.0, 0.24870117112098353],
[1648560600.0, 0.24320450669494856],
[1648647000.0, 0.2422595996301695],
[1648733400.0, 0.24545100507293383],
[1648819800.0, 0.24675332960909369],
[1648906200.0, 0.25014452281357336],
[1648996200.0, 0.2434312778289581],
[1649082600.0, 0.24660911415847533],
[1649169000.0, 0.2240362880017902],
[1649255400.0, 0.22370168930229686],
[1649341800.0, 0.22536456444239625],
[1649428200.0, 0.22204258353141762],
[1649514600.0, 0.21251213634609098],
[1649601000.0, 0.19265094776105782],
[1649687400.0, 0.18508697249800862],
[1649773800.0, 0.18074567028650254],
[1649860200.0, 0.19148411211352304],
[1649946600.0, 0.18960277320498028],
[1650033000.0, 0.19386848164392226],
[1650119400.0, 0.1982822437176315],
[1650205800.0, 0.2014739255881151],
[1650292200.0, 0.20483421917133754],
[1650378600.0, 0.21377918651899216],
[1650465000.0, 0.21331636238959006],
[1650551400.0, 0.21331636238959006],
[1650637800.0, 0.21331636238959006],
[1650724200.0, 0.23142912251704434],
[1650810600.0, 0.23243897230121646],
[1650897000.0, 0.23445192993827263],
[1650983400.0, 0.21423543188305827],
[1651069800.0, 0.20888690792398473],
[1651156200.0, 0.21400048545179734],
[1651242600.0, 0.2362715524449186],
[1651329000.0, 0.2341933922885056],
[1651415400.0, 0.2331728318219528],
[1651501800.0, 0.23850257577922396],
[1651588200.0, 0.23411885987420802],
[1651674600.0, 0.24115756280862627],
[1651761000.0, 0.25334344613532156],
[1651847400.0, 0.2563548585252505],
[1651933800.0, 0.27483111454577336],
[1652020200.0, 0.2648913087712333],
[1652106600.0, 0.2505266441924505],
[1652193000.0, 0.2426441054387569],
[1652279400.0, 0.2509870442776758],
[1652365800.0, 0.2433460189521611],
[1652452200.0, 0.25356938247834737],
[1652538600.0, 0.23490265334899713],
[1652625000.0, 0.23121931099165058],
[1652711400.0, 0.29980184091177914],
[1652797800.0, 0.26064020601345866],
[1652884200.0, 0.2613354441776883],
[1652970600.0, 0.25324514335589293],
[1653057000.0, 0.25214926876806326],
[1653143400.0, 0.22171132066086968],
[1653229800.0, 0.21288591778561347],
[1653316200.0, 0.19702226727286332],
[1653402600.0, 0.19201947018234664],
[1653489000.0, 0.19129327955481032],
[1653575400.0, 0.20209289369938485],
[1653661800.0, 0.19212216068314247],
[1653748200.0, 0.19211403541877148],
[1653834600.0, 0.20848804801694734],
[1653921000.0, 0.22457741103748935],
[1654007400.0, 0.23162101858073167],
[1654093800.0, 0.22664869940650959],
[1654180200.0, 0.20889539713285346],
[1654266600.0, 0.2152966139647157],
[1654353000.0, 0.21253146392290137],
[1654439400.0, 0.21665188044993094],
[1654525800.0, 0.21548828617214813],
[1654612200.0, 0.20835309686021206],
[1654698600.0, 0.19582979784494955],
[1654785000.0, 0.19783337319159472],
[1654871400.0, 0.19585553060676977],
[1654957800.0, 0.201012527700057],
[1655044200.0, 0.19762616214961748],
[1655130600.0, 0.19954497745768227],
[1655217000.0, 0.1946943419206183],
[1655303400.0, 0.18998430060958593],
[1655389800.0, 0.19093231635596428],
[1655476200.0, 0.20504776946991812],
[1655562600.0, 0.1990743600317646],
[1655649000.0, 0.19734288733661182],
[1655735400.0, 0.19167105026583392],
[1655821800.0, 0.20096593357276663],
[1655908200.0, 0.188813329126542],
[1655994600.0, 0.1859420402702633],
[1656081000.0, 0.18747936508355778],
[1656167400.0, 0.1906584781106841],
[1656253800.0, 0.19194901525531458],
[1656340200.0, 0.1855526983765608],
[1656426600.0, 0.18588359650609196],
[1656513000.0, 0.1761107208692771],
[1656599400.0, 0.1862541945627243],
[1656685800.0, 0.1829580243508874],
[1656772200.0, 0.17870569789554336],
[1656858600.0, 0.18020997844258876],
[1656945000.0, 0.17597113269427933],
[1657031400.0, 0.1814714142302783],
[1657117800.0, 0.1828892709651867],
[1657204200.0, 0.17765861532126717],
[1657290600.0, 0.18299090591109865],
[1657377000.0, 0.18214780860772778],
[1657463400.0, 0.17956356768180512],
[1657549800.0, 0.18790161136600567],
[1657636200.0, 0.18715083687938622],
[1657722600.0, 0.17457296794024962],
[1657809000.0, 0.18431910329550125],
[1657895400.0, 0.18387255890072865],
[1657981800.0, 0.18914134453538636],
[1658068200.0, 0.18224546827297425],
[1658154600.0, 0.17882067638965402],
[1658241000.0, 0.1806792640247753],
[1658327400.0, 0.18085519188958565],
[1658413800.0, 0.1850682772051607],
[1658500200.0, 0.18410993451597574],
[1658586600.0, 0.18289953345920576],
[1658673000.0, 0.18370285300088515],
[1658759400.0, 0.18196240730879096],
[1658845800.0, 0.19370288839266941],
[1658932200.0, 0.18980342966489877],
[1659018600.0, 0.18684811418735103],
[1659105000.0, 0.1816436343395326],
[1659191400.0, 0.18342014947575613],
[1659277800.0, 0.20033241601708998],
[1659364200.0, 0.18367955692852464],
[1659450600.0, 0.19119914573898797],
[1659537000.0, 0.18222095481981004],
[1659623400.0, 0.18423345408534755],
[1659709800.0, 0.1815614785839043],
[1659796200.0, 0.18401128201256478],
[1659882600.0, 0.18259898706684263],
[1659969000.0, 0.18398104894585515],
[1660055400.0, 0.182948843733777],
[1660141800.0, 0.18302506574355762],
[1660228200.0, 0.19329173501374144],
[1660314600.0, 0.18863657157802713],
[1660401000.0, 0.18863657157802713],
[1660487400.0, 0.18863657157802713],
[1660573800.0, 0.18863657157802713],
[1660660200.0, 0.18150146358846703],
[1660746600.0, 0.1975725260666743],
[1660833000.0, 0.19704511945895586],
[1660919400.0, 0.19379816944602649],
[1661005800.0, 0.18394445491511502],
[1661092200.0, 0.1871007398214751],
[1661178600.0, 0.18531660238474154],
[1661265000.0, 0.18528678819917704],
[1661351400.0, 0.198633789992483],
[1661437800.0, 0.18667259504969758],
[1661524200.0, 0.2046631228791796],
[1661610600.0, 0.20825684077250864],
[1661697000.0, 0.2044563448976695],
[1661783400.0, 0.19347763335378992],
[1661869800.0, 0.2027160249628044],
[1661956200.0, 0.203425878630322],
[1662042600.0, 0.19594841239257604],
[1662129000.0, 0.2085327382155734],
[1662215400.0, 0.19921316934335592],
[1662301800.0, 0.19464265507154602],
[1662388200.0, 0.19702701928052543],
[1662474600.0, 0.19732609290025294],
[1662561000.0, 0.2035230853431579],
[1662647400.0, 0.19411437853195843],
[1662733800.0, 0.2060147000114321],
[1662820200.0, 0.20379338136135144],
[1662906600.0, 0.20286277471519498],
[1662993000.0, 0.1978954650116677],
[1663079400.0, 0.19264323431885974],
[1663165800.0, 0.1983456376776682],
[1663252200.0, 0.20667640691384598],
[1663338600.0, 0.20089163696987933],
[1663425000.0, 0.20229329822857656],
[1663511400.0, 0.19341070859073203],
[1663597800.0, 0.1912835082035637],
[1663684200.0, 0.197750156918529],
[1663770600.0, 0.20071172273245558],
[1663857000.0, 0.210258077735321],
[1663943400.0, 0.20353035698635638],
[1664029800.0, 0.18971574610008632],
[1664116200.0, 0.18459996775573206],
[1664202600.0, 0.19536861516415058],
[1664289000.0, 0.19502226874394382],
[1664375400.0, 0.19309601437472912],
[1664461800.0, 0.19361039272401395],
[1664548200.0, 0.19343334639657547],
[1664634600.0, 0.1944886926757958],
[1664717400.0, 0.19288720272707427],
[1664803800.0, 0.189602437112767],
[1664890200.0, 0.18689042969805106],
[1664976600.0, 0.191401249937316],
[1665063000.0, 0.19095675316118144],
[1665149400.0, 0.1873078317637836],
[1665235800.0, 0.2017496145826944],
[1665322200.0, 0.20430490855527172],
[1665408600.0, 0.20327493091816443],
[1665495000.0, 0.20021151122546305],
[1665581400.0, 0.2075165355269099],
[1665667800.0, 0.21420349033006103],
[1665754200.0, 0.2100159896670473],
[1665840600.0, 0.21528616658454575],
[1665927000.0, 0.2305318993679712],
[1666013400.0, 0.2102409449359279],
[1666099800.0, 0.2159292934806],
[1666186200.0, 0.7025024358552104],
[1666272600.0, 0.7058767525555719],
[1666359000.0, 0.6975790961557757],
[1666445400.0, 0.24440702431786004],
[1666531800.0, 0.2522721654801593],
[1666618200.0, 0.2481068363178181],
[1666704600.0, 0.22560876387773873],
[1666791000.0, 0.23759781863983678],
[1666877400.0, 0.23633215463614313],
[1666963800.0, 0.23328149596386702],
[1667050200.0, 0.2248461058614892],
[1667136600.0, 0.22373684073140168],
[1667223000.0, 0.22079079950251043],
[1667309400.0, 0.21728793514078298],
[1667395800.0, 0.2201669470639168],
[1667482200.0, 0.2154284468332477],
[1667568600.0, 0.21245732450572738],
[1667655000.0, 0.2043462594783634],
[1667741400.0, 0.20797684801162583],
[1667827800.0, 0.22841215842594412],
[1667914200.0, 0.2217684613989102],
[1668000600.0, 0.21658005527114968],
[1668087000.0, 0.22132007022434658],
[1668173400.0, 0.2220014405155539],
[1668259800.0, 0.23215498808686602],
[1668346200.0, 0.2127789949225309],
[1668432600.0, 0.21940358051905892],
[1668519000.0, 0.2142845945709802],
[1668605400.0, 0.21950176643124628],
[1668691800.0, 0.21891433774360045],
[1668778200.0, 0.2145097461527052],
[1668864600.0, 0.21046317681406243],
[1668951000.0, 0.2422305758734895],
[1669037400.0, 0.251101380358054],
[1669123800.0, 0.2494199969160133],
[1669210200.0, 0.23840277231545182],
[1669296600.0, 0.2231856225446836],
[1669383000.0, 0.22443408558979658],
[1669469400.0, 0.2148149862553996],
[1669555800.0, 0.21272780940687935],
[1669642200.0, 0.2098517551547484],
[1669728600.0, 0.2059236919077593],
[1669815000.0, 0.1921960341156384],
[1669901400.0, 0.21630523530096465],
[1669987800.0, 0.5303451783198441],
[1670074200.0, 0.22032359417966585],
[1670160600.0, 0.2082819741550306],
[1670247000.0, 0.20257947445426097],
[1670333400.0, 0.22581839126459297],
[1670419800.0, 0.21272612765851792],
[1670506200.0, 0.20251280584088824],
[1670592600.0, 0.20832309720716652],
[1670679000.0, 0.21086886851694076],
[1670765400.0, 0.20836966171825477],
[1670851800.0, 0.2015493327420293],
[1670938200.0, 0.20763995089226686],
[1671024600.0, 0.20749487521382715],
[1671111000.0, 0.22445486405369203],
[1671197400.0, 0.2080695643563551],
[1671283800.0, 0.2280761302085109],
[1671370200.0, 0.21251828490495],
[1671456600.0, 0.21212198706938648],
[1671543000.0, 0.21713735361602116],
[1671629400.0, 0.20729666233257457],
[1671715800.0, 0.2238616668232848],
[1671802200.0, 0.22186416168812134],
[1671888600.0, 0.23169880594671333],
[1671975000.0, 0.22296200648832326],
[1672061400.0, 0.22037169464783418],
[1672147800.0, 0.22947758874498336],
[1672234200.0, 0.214533854361912],
[1672320600.0, 0.22048467052672754],
[1672407000.0, 0.23150032237157464],
[1672493400.0, 0.227174756364064],
[1672579800.0, 0.22452001358493864],
[1672666200.0, 0.22533260663475113],
[1672752600.0, 0.2253289938215694],
[1672839000.0, 0.2321265516361995],
[1672925400.0, 0.22760564157229446],
[1673011800.0, 0.29295094408418443],
[1673098200.0, 0.2545983388409284],
[1673184600.0, 0.21615962249782558],
[1673271000.0, 0.6552030098020555],
[1673357400.0, 0.22133967649160335],
[1673443800.0, 1.0672027791108767],
[1673530200.0, 0.24132168136134566],
[1673616600.0, 0.23353255610429438],
[1673703000.0, 0.6186099756964526],
[1673789400.0, 0.22254042467820093],
[1673875800.0, 0.23552961408606876],
[1673962200.0, 0.3318023344525166],
[1674048600.0, 0.22071976809175436],
[1674135000.0, 0.2510781244130659],
[1674221400.0, 0.21813074778684655],
[1674307800.0, 0.22953159441865828],
[1674394200.0, 0.7588961378810853],
[1674480600.0, 0.6944439630488376],
[1674567000.0, 0.6179430760064681],
[1674653400.0, 0.2179553996599911],
[1674739800.0, 0.2357175520995017],
[1674826200.0, 0.24545360346853495],
[1674912600.0, 0.24470080759780552],
[1674999000.0, 0.6668828320042638],
[1675085400.0, 0.22029792983185462],
[1675171800.0, 0.21352877634276451],
[1675258200.0, 0.21017113048011896],
[1675344600.0, 0.21024405337356405],
[1675431000.0, 0.38827566665945545],
[1675517400.0, 0.21656284695380434],
[1675603800.0, 0.22967454508355334],
[1675690200.0, 0.24999266753781332],
[1675776600.0, 0.21457955604223014],
[1675863000.0, 0.214569855747443],
[1675949400.0, 0.214569855747443],
