[1598970600.0, 56.697420289642075],
[1599057000.0, 56.697420289642075],
[1599143400.0, 56.697420289642075],
[1599229800.0, 56.697420289642075],
[1599316200.0, 56.697420289642075],
[1599402600.0, 56.697420289642075],
[1599489000.0, 56.697420289642075],
[1599575400.0, 56.697420289642075],
[1599661800.0, 56.697420289642075],
[1599748200.0, 56.697420289642075],
[1599834600.0, 56.697420289642075],
[1599921000.0, 56.697420289642075],
[1600007400.0, 56.697420289642075],
[1600093800.0, 56.697420289642075],
[1600180200.0, 56.697420289642075],
[1600266600.0, 56.697420289642075],
[1600353000.0, 56.697420289642075],
[1600439400.0, 56.697420289642075],
[1600525800.0, 56.697420289642075],
[1600612200.0, 56.697420289642075],
[1600698600.0, 56.697420289642075],
[1600785000.0, 56.697420289642075],
[1600871400.0, 56.697420289642075],
[1600957800.0, 56.697420289642075],
[1601044200.0, 56.697420289642075],
[1601130600.0, 56.697420289642075],
[1601217000.0, 56.697420289642075],
[1601303400.0, 56.697420289642075],
[1601389800.0, 56.697420289642075],
[1601476200.0, 56.697420289642075],
[1601562600.0, 56.697420289642075],
[1601649000.0, 56.697420289642075],
[1601735400.0, 56.697420289642075],
[1601818200.0, 56.697420289642075],
[1601904600.0, 56.697420289642075],
[1601991000.0, 56.697420289642075],
[1602077400.0, 56.697420289642075],
[1602163800.0, 56.697420289642075],
[1602250200.0, 56.697420289642075],
[1602336600.0, 56.697420289642075],
[1602423000.0, 56.697420289642075],
[1602509400.0, 56.697420289642075],
[1602595800.0, 56.697420289642075],
[1602682200.0, 56.697420289642075],
[1602768600.0, 56.697420289642075],
[1602855000.0, 56.697420289642075],
[1602941400.0, 56.697420289642075],
[1603027800.0, 56.697420289642075],
[1603114200.0, 56.697420289642075],
[1603200600.0, 56.697420289642075],
[1603287000.0, 56.697420289642075],
[1603373400.0, 56.697420289642075],
[1603459800.0, 56.697420289642075],
[1603546200.0, 56.697420289642075],
[1603632600.0, 56.697420289642075],
[1603719000.0, 56.697420289642075],
[1603805400.0, 56.697420289642075],
[1603891800.0, 56.697420289642075],
[1603978200.0, 56.697420289642075],
[1604064600.0, 56.697420289642075],
[1604151000.0, 56.697420289642075],
[1604237400.0, 56.697420289642075],
[1604323800.0, 56.697420289642075],
[1604410200.0, 56.697420289642075],
[1604496600.0, 56.697420289642075],
[1604583000.0, 56.697420289642075],
[1604669400.0, 56.697420289642075],
[1604755800.0, 56.697420289642075],
[1604842200.0, 56.697420289642075],
[1604928600.0, 56.697420289642075],
[1605015000.0, 56.697420289642075],
[1605101400.0, 56.697420289642075],
[1605187800.0, 56.697420289642075],
[1605274200.0, 56.697420289642075],
[1605360600.0, 56.697420289642075],
[1605447000.0, 56.697420289642075],
[1605533400.0, 56.697420289642075],
[1605619800.0, 56.697420289642075],
[1605706200.0, 56.697420289642075],
[1605792600.0, 56.697420289642075],
[1605879000.0, 56.697420289642075],
[1605965400.0, 56.697420289642075],
[1606051800.0, 56.697420289642075],
[1606138200.0, 56.697420289642075],
[1606224600.0, 56.697420289642075],
[1606311000.0, 56.697420289642075],
[1606397400.0, 56.697420289642075],
[1606483800.0, 56.697420289642075],
[1606570200.0, 56.697420289642075],
[1606656600.0, 56.697420289642075],
[1606743000.0, 56.697420289642075],
[1606829400.0, 56.697420289642075],
[1606915800.0, 56.697420289642075],
[1607002200.0, 56.697420289642075],
[1607088600.0, 56.697420289642075],
[1607175000.0, 56.697420289642075],
[1607261400.0, 56.697420289642075],
[1607347800.0, 56.697420289642075],
[1607434200.0, 56.697420289642075],
[1607520600.0, 56.697420289642075],
[1607607000.0, 56.697420289642075],
[1607693400.0, 56.697420289642075],
[1607779800.0, 56.697420289642075],
[1607866200.0, 56.697420289642075],
[1607952600.0, 56.697420289642075],
[1608039000.0, 56.697420289642075],
[1608125400.0, 56.697420289642075],
[1608211800.0, 56.697420289642075],
[1608298200.0, 56.697420289642075],
[1608384600.0, 56.697420289642075],
[1608471000.0, 56.697420289642075],
[1608557400.0, 56.697420289642075],
[1608643800.0, 56.697420289642075],
[1608730200.0, 56.697420289642075],
[1608816600.0, 56.697420289642075],
[1608903000.0, 56.697420289642075],
[1608989400.0, 56.697420289642075],
[1609075800.0, 56.697420289642075],
[1609162200.0, 56.697420289642075],
[1609248600.0, 56.697420289642075],
[1609335000.0, 56.697420289642075],
[1609421400.0, 56.697420289642075],
[1609507800.0, 56.697420289642075],
[1609594200.0, 56.697420289642075],
[1609680600.0, 56.697420289642075],
[1609767000.0, 56.697420289642075],
[1609853400.0, 56.697420289642075],
[1609939800.0, 56.697420289642075],
[1610026200.0, 56.697420289642075],
[1610112600.0, 56.697420289642075],
[1610199000.0, 56.697420289642075],
[1610285400.0, 56.697420289642075],
[1610371800.0, 56.697420289642075],
[1610458200.0, 56.697420289642075],
[1610544600.0, 56.697420289642075],
[1610631000.0, 56.697420289642075],
[1610717400.0, 56.697420289642075],
[1610803800.0, 56.697420289642075],
[1610890200.0, 56.697420289642075],
[1610976600.0, 56.697420289642075],
[1611063000.0, 56.697420289642075],
[1611149400.0, 56.697420289642075],
[1611235800.0, 56.697420289642075],
[1611322200.0, 56.697420289642075],
[1611408600.0, 56.697420289642075],
[1611495000.0, 56.697420289642075],
[1611581400.0, 56.697420289642075],
[1611667800.0, 56.697420289642075],
[1611754200.0, 56.697420289642075],
[1611840600.0, 56.697420289642075],
[1611927000.0, 56.697420289642075],
[1612013400.0, 56.697420289642075],
[1612099800.0, 56.697420289642075],
[1612186200.0, 56.697420289642075],
[1612272600.0, 56.697420289642075],
[1612359000.0, 56.697420289642075],
[1612445400.0, 56.697420289642075],
[1612531800.0, 56.697420289642075],
[1612618200.0, 56.697420289642075],
[1612704600.0, 56.697420289642075],
[1612791000.0, 56.697420289642075],
[1612877400.0, 56.697420289642075],
[1612963800.0, 56.697420289642075],
[1613050200.0, 56.697420289642075],
[1613136600.0, 56.697420289642075],
[1613223000.0, 56.697420289642075],
[1613309400.0, 56.697420289642075],
[1613395800.0, 56.697420289642075],
[1613482200.0, 56.697420289642075],
[1613568600.0, 56.697420289642075],
[1613655000.0, 56.697420289642075],
[1613741400.0, 56.697420289642075],
[1613827800.0, 56.697420289642075],
[1613914200.0, 56.697420289642075],
[1614000600.0, 56.697420289642075],
[1614087000.0, 56.697420289642075],
[1614173400.0, 56.697420289642075],
[1614259800.0, 56.697420289642075],
[1614346200.0, 56.697420289642075],
[1614432600.0, 56.697420289642075],
[1614519000.0, 56.697420289642075],
[1614605400.0, 56.697420289642075],
[1614691800.0, 56.697420289642075],
[1614778200.0, 56.697420289642075],
[1614864600.0, 56.697420289642075],
[1614951000.0, 56.697420289642075],
[1615037400.0, 56.697420289642075],
[1615123800.0, 56.697420289642075],
[1615210200.0, 56.697420289642075],
[1615296600.0, 56.697420289642075],
[1615383000.0, 56.697420289642075],
[1615469400.0, 56.697420289642075],
[1615555800.0, 56.697420289642075],
[1615642200.0, 56.697420289642075],
[1615728600.0, 56.697420289642075],
[1615815000.0, 56.697420289642075],
[1615901400.0, 56.697420289642075],
[1615987800.0, 56.697420289642075],
[1616074200.0, 56.697420289642075],
[1616160600.0, 56.697420289642075],
[1616247000.0, 56.697420289642075],
[1616333400.0, 56.697420289642075],
[1616419800.0, 56.697420289642075],
[1616506200.0, 56.697420289642075],
[1616592600.0, 56.697420289642075],
[1616679000.0, 56.697420289642075],
[1616765400.0, 56.697420289642075],
[1616851800.0, 56.697420289642075],
[1616938200.0, 56.697420289642075],
[1617024600.0, 56.697420289642075],
[1617111000.0, 56.697420289642075],
[1617197400.0, 56.697420289642075],
[1617283800.0, 56.697420289642075],
[1617370200.0, 56.697420289642075],
[1617456600.0, 56.697420289642075],
[1617546600.0, 56.697420289642075],
[1617633000.0, 56.697420289642075],
[1617719400.0, 56.697420289642075],
[1617805800.0, 56.697420289642075],
[1617892200.0, 56.697420289642075],
[1617978600.0, 56.697420289642075],
[1618065000.0, 56.697420289642075],
[1618151400.0, 56.697420289642075],
[1618237800.0, 56.697420289642075],
[1618324200.0, 56.697420289642075],
[1618410600.0, 56.697420289642075],
[1618497000.0, 56.697420289642075],
[1618583400.0, 56.697420289642075],
[1618669800.0, 56.697420289642075],
[1618756200.0, 56.697420289642075],
[1618842600.0, 56.697420289642075],
[1618929000.0, 56.697420289642075],
[1619015400.0, 56.697420289642075],
[1619101800.0, 56.697420289642075],
[1619188200.0, 56.697420289642075],
[1619274600.0, 56.697420289642075],
[1619361000.0, 56.697420289642075],
[1619447400.0, 56.697420289642075],
[1619533800.0, 56.697420289642075],
[1619620200.0, 56.697420289642075],
[1619706600.0, 56.697420289642075],
[1619793000.0, 56.697420289642075],
[1619879400.0, 56.697420289642075],
[1619965800.0, 56.697420289642075],
[1620052200.0, 56.697420289642075],
[1620138600.0, 56.697420289642075],
[1620225000.0, 56.697420289642075],
[1620311400.0, 56.697420289642075],
[1620397800.0, 56.697420289642075],
[1620484200.0, 56.697420289642075],
[1620570600.0, 56.697420289642075],
[1620657000.0, 56.697420289642075],
[1620743400.0, 56.697420289642075],
[1620829800.0, 56.697420289642075],
[1620916200.0, 56.697420289642075],
[1621002600.0, 56.697420289642075],
[1621089000.0, 56.697420289642075],
[1621175400.0, 56.697420289642075],
[1621261800.0, 56.697420289642075],
[1621348200.0, 56.697420289642075],
[1621434600.0, 56.697420289642075],
[1621521000.0, 56.697420289642075],
[1621607400.0, 56.697420289642075],
[1621693800.0, 56.697420289642075],
[1621780200.0, 56.697420289642075],
[1621866600.0, 56.697420289642075],
[1621953000.0, 56.697420289642075],
[1622039400.0, 56.697420289642075],
[1622125800.0, 56.697420289642075],
[1622212200.0, 56.697420289642075],
[1622298600.0, 56.697420289642075],
[1622385000.0, 56.697420289642075],
[1622471400.0, 56.697420289642075],
[1622557800.0, 56.697420289642075],
[1622644200.0, 56.697420289642075],
[1622730600.0, 56.697420289642075],
[1622817000.0, 56.697420289642075],
[1622903400.0, 56.697420289642075],
[1622989800.0, 56.697420289642075],
[1623076200.0, 56.697420289642075],
[1623162600.0, 56.697420289642075],
[1623249000.0, 56.697420289642075],
[1623335400.0, 56.697420289642075],
[1623421800.0, 56.697420289642075],
[1623508200.0, 56.697420289642075],
[1623594600.0, 56.697420289642075],
[1623681000.0, 56.697420289642075],
[1623767400.0, 56.697420289642075],
[1623853800.0, 56.697420289642075],
[1623940200.0, 56.697420289642075],
[1624026600.0, 56.697420289642075],
[1624113000.0, 56.697420289642075],
[1624199400.0, 56.697420289642075],
[1624285800.0, 56.697420289642075],
[1624372200.0, 56.697420289642075],
[1624458600.0, 56.697420289642075],
[1624545000.0, 56.697420289642075],
[1624631400.0, 56.697420289642075],
[1624717800.0, 56.697420289642075],
[1624804200.0, 56.697420289642075],
[1624890600.0, 56.697420289642075],
[1624977000.0, 56.697420289642075],
[1625063400.0, 56.697420289642075],
[1625149800.0, 56.697420289642075],
[1625236200.0, 56.697420289642075],
[1625322600.0, 56.697420289642075],
[1625409000.0, 56.697420289642075],
[1625495400.0, 56.697420289642075],
[1625581800.0, 56.697420289642075],
[1625668200.0, 56.697420289642075],
[1625754600.0, 56.697420289642075],
[1625841000.0, 56.697420289642075],
[1625927400.0, 56.697420289642075],
[1626013800.0, 56.697420289642075],
[1626100200.0, 56.697420289642075],
[1626186600.0, 56.697420289642075],
[1626273000.0, 56.697420289642075],
[1626359400.0, 56.697420289642075],
[1626445800.0, 56.697420289642075],
[1626532200.0, 56.697420289642075],
[1626618600.0, 56.697420289642075],
[1626705000.0, 56.697420289642075],
[1626791400.0, 56.697420289642075],
[1626877800.0, 56.697420289642075],
[1626964200.0, 56.697420289642075],
[1627050600.0, 56.697420289642075],
[1627137000.0, 56.697420289642075],
[1627223400.0, 56.697420289642075],
[1627309800.0, 56.697420289642075],
[1627396200.0, 56.697420289642075],
[1627482600.0, 56.697420289642075],
[1627569000.0, 56.697420289642075],
[1627655400.0, 56.697420289642075],
[1627741800.0, 56.697420289642075],
[1627828200.0, 56.697420289642075],
[1627914600.0, 56.697420289642075],
[1628001000.0, 56.697420289642075],
[1628087400.0, 56.697420289642075],
[1628173800.0, 56.697420289642075],
[1628260200.0, 56.697420289642075],
[1628346600.0, 56.697420289642075],
[1628433000.0, 56.697420289642075],
[1628519400.0, 56.697420289642075],
[1628605800.0, 56.697420289642075],
[1628692200.0, 56.697420289642075],
[1628778600.0, 56.697420289642075],
[1628865000.0, 56.697420289642075],
[1628951400.0, 56.697420289642075],
[1629037800.0, 56.697420289642075],
[1629124200.0, 56.697420289642075],
[1629210600.0, 56.697420289642075],
[1629297000.0, 38.97303689697604],
[1629383400.0, 39.49744826989295],
[1629469800.0, 38.9486726564615],
[1629556200.0, 38.9486726564615],
[1629642600.0, 38.9486726564615],
[1629729000.0, 38.9486726564615],
[1629815400.0, 38.9486726564615],
[1629901800.0, 38.9486726564615],
[1629988200.0, 38.9486726564615],
[1630074600.0, 38.9486726564615],
[1630161000.0, 38.9486726564615],
[1630247400.0, 38.9486726564615],
[1630333800.0, 38.9486726564615],
[1630420200.0, 38.9486726564615],
[1630506600.0, 38.9486726564615],
[1630593000.0, 38.9486726564615],
[1630679400.0, 38.9486726564615],
[1630765800.0, 38.9486726564615],
[1630852200.0, 38.9486726564615],
[1630938600.0, 38.9486726564615],
[1631025000.0, 38.9486726564615],
[1631111400.0, 38.9486726564615],
[1631197800.0, 38.9486726564615],
[1631284200.0, 38.9486726564615],
[1631370600.0, 38.9486726564615],
[1631457000.0, 38.9486726564615],
[1631543400.0, 38.9486726564615],
[1631629800.0, 38.9486726564615],
[1631716200.0, 38.9486726564615],
[1631802600.0, 38.9486726564615],
[1631889000.0, 38.9486726564615],
[1631975400.0, 38.9486726564615],
[1632061800.0, 38.9486726564615],
[1632148200.0, 38.9486726564615],
[1632234600.0, 35.82768988892663],
[1632321000.0, 36.37163425086411],
[1632407400.0, 36.37891934882399],
[1632493800.0, 35.52476772581921],
[1632580200.0, 35.442037954230436],
[1632666600.0, 32.641359769913784],
[1632753000.0, 31.66906540433648],
[1632839400.0, 32.47463858051296],
[1632925800.0, 33.45801097095356],
[1633012200.0, 34.84558906184737],
[1633098600.0, 31.87372884883529],
[1633185000.0, 35.144755552592706],
[1633267800.0, 35.22739357342985],
[1633354200.0, 32.11574558086524],
[1633440600.0, 33.57250028688504],
[1633527000.0, 35.27179929874072],
[1633613400.0, 34.82489770622156],
[1633699800.0, 35.58531042073135],
[1633786200.0, 33.284105033493425],
[1633872600.0, 31.872716559253476],
[1633959000.0, 31.49877994405128],
[1634045400.0, 31.44066250008372],
[1634131800.0, 30.545751578927288],
[1634218200.0, 30.892732548579918],
[1634304600.0, 30.879615917058466],
[1634391000.0, 30.259616967798134],
[1634477400.0, 33.65131248748606],
[1634563800.0, 31.185657402910284],
[1634650200.0, 32.73589921025178],
[1634736600.0, 33.1318262588291],
[1634823000.0, 32.920671179025106],
[1634909400.0, 30.34320636419173],
[1634995800.0, 32.85385464094471],
[1635082200.0, 30.90605385292816],
[1635168600.0, 30.920613816951235],
[1635255000.0, 28.759531539724232],
[1635341400.0, 28.27628889536003],
[1635427800.0, 30.22630621743752],
[1635514200.0, 32.07113422687068],
[1635600600.0, 31.515575677014958],
[1635687000.0, 31.508786563185488],
[1635773400.0, 31.860049888449385],
[1635859800.0, 31.817778278241555],
[1635946200.0, 31.92727975197401],
[1636032600.0, 30.285915426891645],
[1636119000.0, 31.408662478084477],
[1636205400.0, 31.834624246963624],
[1636291800.0, 35.92134364736029],
[1636378200.0, 33.352732241194694],
[1636464600.0, 35.17641171299892],
[1636551000.0, 34.752100950868446],
[1636637400.0, 35.16970141424699],
[1636723800.0, 31.999893055305343],
[1636810200.0, 32.24640391064027],
[1636896600.0, 36.272356608606245],
[1636983000.0, 31.23044207654926],
[1637069400.0, 30.47277164821471],
[1637155800.0, 32.95316109055742],
[1637242200.0, 32.05742243764858],
[1637328600.0, 32.203010791489376],
[1637415000.0, 32.00301067692932],
[1637501400.0, 32.09634427692933],
[1637587800.0, 32.09032391447474],
[1637674200.0, 32.19754581353714],
[1637760600.0, 32.15838583374099],
[1637847000.0, 32.58607500451614],
[1637933400.0, 35.1919613769387],
[1638019800.0, 30.589745393994697],
[1638106200.0, 32.85966433128247],
[1638192600.0, 32.05340669288489],
[1638279000.0, 32.66284189497354],
[1638365400.0, 33.57476045086375],
[1638451800.0, 29.995458663830004],
[1638538200.0, 33.8371538507932],
[1638624600.0, 30.4223476053166],
[1638711000.0, 30.444128583349713],
[1638797400.0, 30.597527300979372],
[1638883800.0, 29.85698660797519],
[1638970200.0, 30.559521990142414],
[1639056600.0, 34.294859198138994],
[1639143000.0, 34.42622197867172],
[1639229400.0, 35.74042681490372],
[1639315800.0, 35.41155925111792],
[1639402200.0, 35.42153571448087],
[1639488600.0, 35.722676049242104],
[1639575000.0, 32.10691720400425],
[1639661400.0, 32.83132522606456],
[1639747800.0, 31.81330731091198],
[1639834200.0, 31.918091610165078],
[1639920600.0, 31.3124893747972],
[1640007000.0, 34.17502959332977],
[1640093400.0, 34.32059589368012],
[1640179800.0, 34.60527380439605],
[1640266200.0, 34.05750670048324],
[1640352600.0, 32.88998461873166],
[1640439000.0, 33.07580821604226],
[1640525400.0, 33.29572976952645],
[1640611800.0, 33.181517361533096],
[1640698200.0, 32.44277878926827],
[1640784600.0, 32.665507763433766],
[1640871000.0, 30.494480230368318],
[1640957400.0, 32.377921107124315],
[1641043800.0, 36.37496488546118],
[1641130200.0, 34.8596721370717],
[1641216600.0, 31.9687596764282],
[1641303000.0, 32.29253600067757],
[1641389400.0, 33.74569898370393],
[1641475800.0, 32.45481733780405],
[1641562200.0, 32.44288850632419],
[1641648600.0, 32.21526018084431],
[1641735000.0, 32.560647342507956],
[1641821400.0, 32.617398435703635],
[1641907800.0, 32.42502799278579],
[1641994200.0, 32.64861895235835],
[1642080600.0, 36.13906563794675],
[1642167000.0, 34.68735652962248],
[1642253400.0, 32.592663293769114],
[1642339800.0, 33.330612012932214],
[1642426200.0, 36.980534223534065],
[1642512600.0, 35.91209116002465],
[1642599000.0, 37.44100003912861],
[1642685400.0, 37.53713345874221],
[1642771800.0, 36.01577110190853],
[1642858200.0, 34.887099995922725],
[1642944600.0, 34.26757196026611],
[1643031000.0, 34.26757196026611],
[1643117400.0, 31.691504117160783],
[1643203800.0, 33.74100101185102],
[1643290200.0, 33.839873255408996],
[1643376600.0, 32.35316848039127],
[1643463000.0, 32.95587151943585],
[1643549400.0, 33.3827042793523],
[1643635800.0, 33.3827042793523],
[1643722200.0, 33.3827042793523],
[1643808600.0, 35.48108029369082],
[1643895000.0, 33.59311934964887],
[1643981400.0, 33.53510170663193],
[1644067800.0, 35.72732762189614],
[1644154200.0, 31.31600811279897],
[1644240600.0, 35.1441320657727],
[1644327000.0, 35.14463652464263],
[1644413400.0, 32.7063997264057],
[1644499800.0, 33.82715161204704],
[1644586200.0, 34.28688589163219],
[1644672600.0, 34.490174129605165],
[1644759000.0, 34.45901335986408],
[1644845400.0, 32.0264008225096],
[1644931800.0, 31.88039589137416],
[1645018200.0, 32.36168588279692],
[1645104600.0, 32.246373068307115],
[1645191000.0, 32.537811521265866],
[1645277400.0, 33.85542758045552],
[1645363800.0, 35.20338532581167],
[1645450200.0, 34.770229100572166],
[1645536600.0, 35.10100369261845],
[1645623000.0, 35.39431019003589],
[1645709400.0, 38.06646208739712],
[1645795800.0, 35.508252003539845],
[1645882200.0, 35.71701704192762],
[1645968600.0, 35.512717131924454],
[1646055000.0, 33.95560429829412],
[1646141400.0, 35.33174860355681],
[1646227800.0, 35.46132885389703],
[1646314200.0, 35.64548324871872],
[1646400600.0, 36.073748278044256],
[1646487000.0, 34.98305444913761],
[1646573400.0, 34.93621831496972],
[1646659800.0, 34.27749799892892],
[1646746200.0, 34.1265736933706],
[1646832600.0, 34.62922405388503],
[1646919000.0, 34.569009970253],
[1647005400.0, 34.453291878437255],
[1647091800.0, 35.90389309934617],
[1647178200.0, 35.2969352210826],
[1647264600.0, 35.2081252476252],
[1647351000.0, 34.04897834272002],
[1647437400.0, 35.076574196609606],
[1647523800.0, 35.19257452434298],
[1647610200.0, 37.104313680661654],
[1647696600.0, 37.143488587829836],
[1647783000.0, 37.120257208120634],
[1647869400.0, 35.2895287224791],
[1647955800.0, 34.71805968525055],
[1648042200.0, 34.600904864305],
[1648128600.0, 36.51002151247921],
[1648215000.0, 36.77375053336639],
[1648301400.0, 36.61654167950927],
[1648387800.0, 36.483915671799465],
[1648474200.0, 36.41554076282037],
[1648560600.0, 36.40800389116946],
[1648647000.0, 35.761787819600855],
[1648733400.0, 35.78998137116751],
[1648819800.0, 36.69184281151105],
[1648906200.0, 35.955062142590506],
[1648996200.0, 36.442577840431156],
[1649082600.0, 37.146584833913465],
[1649169000.0, 38.04766342019386],
[1649255400.0, 36.631065581437916],
[1649341800.0, 38.1585935231409],
[1649428200.0, 37.804856412496676],
[1649514600.0, 37.693111039607814],
[1649601000.0, 39.164733455250726],
[1649687400.0, 40.24597949514563],
[1649773800.0, 38.45488349956444],
[1649860200.0, 39.89188228446259],
[1649946600.0, 39.878001533673626],
[1650033000.0, 41.948326394005974],
[1650119400.0, 41.94751594763581],
[1650205800.0, 41.93825096147927],
[1650292200.0, 39.03166812249661],
[1650378600.0, 38.912383685805985],
[1650465000.0, 42.56738703065694],
[1650551400.0, 42.56738703065694],
[1650637800.0, 42.56738703065694],
[1650724200.0, 36.403540290577325],
[1650810600.0, 36.966006291035725],
[1650897000.0, 40.04205469654748],
[1650983400.0, 38.56634856279527],
[1651069800.0, 37.84890916078247],
[1651156200.0, 36.696890021313024],
[1651242600.0, 37.240869868917535],
[1651329000.0, 37.154838142885936],
[1651415400.0, 36.49795141406867],
[1651501800.0, 35.92570000442263],
[1651588200.0, 38.02281894258162],
[1651674600.0, 40.052438980576],
[1651761000.0, 39.90738704488327],
[1651847400.0, 37.94863913564651],
[1651933800.0, 37.9238645374108],
[1652020200.0, 37.094474487911086],
[1652106600.0, 36.823787972323345],
[1652193000.0, 36.370904957037084],
[1652279400.0, 36.38566169122009],
[1652365800.0, 35.66820253820319],
[1652452200.0, 34.51273529021076],
[1652538600.0, 36.33247119456512],
[1652625000.0, 36.33247119456512],
[1652711400.0, 38.25253781350458],
[1652797800.0, 38.570662234276824],
[1652884200.0, 36.9332757817194],
[1652970600.0, 36.49044832431635],
[1653057000.0, 36.307459249973846],
[1653143400.0, 38.18203408018195],
[1653229800.0, 38.10472132954497],
[1653316200.0, 35.996815628473215],
[1653402600.0, 35.79395142755953],
[1653489000.0, 36.06289278557239],
[1653575400.0, 35.60025789188317],
[1653661800.0, 37.82633126160975],
[1653748200.0, 37.58621882045899],
[1653834600.0, 37.08046100140324],
[1653921000.0, 35.16226267856777],
[1654007400.0, 36.51155780724953],
[1654093800.0, 37.94704404414515],
[1654180200.0, 37.56128153789367],
[1654266600.0, 37.54461225820098],
[1654353000.0, 36.71660521162957],
[1654439400.0, 36.68596066273141],
[1654525800.0, 36.88699177748693],
[1654612200.0, 36.956588333107874],
[1654698600.0, 37.50940114751408],
[1654785000.0, 37.417463511311404],
[1654871400.0, 38.51229167419415],
[1654957800.0, 38.60631066941355],
[1655044200.0, 40.050122844964086],
[1655130600.0, 39.98662012802487],
[1655217000.0, 38.26201103583764],
[1655303400.0, 38.30343038530356],
[1655389800.0, 38.25312131317307],
[1655476200.0, 37.80639909124373],
[1655562600.0, 37.78166091745744],
[1655649000.0, 36.5756922690197],
[1655735400.0, 38.84050432827271],
[1655821800.0, 37.94598307169592],
[1655908200.0, 38.69703885283444],
[1655994600.0, 36.335509393910634],
[1656081000.0, 38.13783062318538],
[1656167400.0, 36.98769020720508],
[1656253800.0, 37.65561903251122],
[1656340200.0, 35.665876536244404],
[1656426600.0, 35.48563155337285],
[1656513000.0, 35.15755691737764],
[1656599400.0, 36.336808581208544],
[1656685800.0, 36.50760540324012],
[1656772200.0, 36.25368836340316],
[1656858600.0, 35.612354820030674],
[1656945000.0, 35.57479869408777],
[1657031400.0, 35.701831975685586],
[1657117800.0, 36.23642258379114],
[1657204200.0, 36.23642258379114],
[1657290600.0, 36.314890010474315],
[1657377000.0, 36.01741194068987],
[1657463400.0, 35.789485791062745],
[1657549800.0, 37.204780648715854],
[1657636200.0, 37.61893465969004],
[1657722600.0, 37.69416406059851],
[1657809000.0, 36.62118183038186],
[1657895400.0, 36.352908005082],
[1657981800.0, 36.16142118053554],
[1658068200.0, 38.2273754974622],
[1658154600.0, 37.63353290087285],
[1658241000.0, 36.4766745957775],
[1658327400.0, 37.2937307109042],
[1658413800.0, 36.4989517528489],
[1658500200.0, 37.13557534358435],
[1658586600.0, 37.06941814358435],
[1658673000.0, 37.29799730768685],
[1658759400.0, 39.2602642574465],
[1658845800.0, 38.085528440091494],
[1658932200.0, 38.08043253215225],
[1659018600.0, 39.829030798781],
[1659105000.0, 38.973305991343054],
[1659191400.0, 39.2961235896314],
[1659277800.0, 39.495371719022046],
[1659364200.0, 37.78351018144286],
[1659450600.0, 37.812305634139804],
[1659537000.0, 37.42010952102686],
[1659623400.0, 37.938325749809906],
[1659709800.0, 37.54717876001045],
[1659796200.0, 37.356155622957296],
[1659882600.0, 37.543089724767],
[1659969000.0, 38.15770576675586],
[1660055400.0, 38.773618545210056],
[1660141800.0, 38.890435943301455],
[1660228200.0, 39.8635239366849],
[1660314600.0, 40.3717723590009],
[1660401000.0, 40.3717723590009],
[1660487400.0, 40.3717723590009],
[1660573800.0, 40.3717723590009],
[1660660200.0, 40.6708524888963],
[1660746600.0, 40.36582904231115],
[1660833000.0, 39.56776513321815],
[1660919400.0, 41.8788201500196],
[1661005800.0, 41.785351141278596],
[1661092200.0, 42.86907993705721],
[1661178600.0, 42.9494182276776],
[1661265000.0, 40.6061781181605],
[1661351400.0, 40.107354714059845],
[1661437800.0, 38.40040880677759],
[1661524200.0, 39.00860040089564],
[1661610600.0, 40.05584946543892],
[1661697000.0, 38.33828765066722],
[1661783400.0, 38.322221694249315],
[1661869800.0, 41.947198915099015],
[1661956200.0, 38.346586720956545],
[1662042600.0, 38.219672556936125],
[1662129000.0, 39.31793644368426],
[1662215400.0, 40.75748240153843],
[1662301800.0, 40.576604819740375],
[1662388200.0, 40.828575497032745],
[1662474600.0, 38.64303792452726],
[1662561000.0, 35.144318585591684],
[1662647400.0, 38.28879496737852],
[1662733800.0, 38.61252623996321],
[1662820200.0, 39.775273276425374],
[1662906600.0, 39.77147107062882],
[1662993000.0, 39.69070090971001],
[1663079400.0, 40.168887024335525],
[1663165800.0, 40.14048654050155],
[1663252200.0, 40.35538859713584],
[1663338600.0, 40.31378294071998],
[1663425000.0, 40.25313720500292],
[1663511400.0, 38.86068582515516],
[1663597800.0, 39.62450171882324],
[1663684200.0, 39.65453334351862],
[1663770600.0, 39.608537958466165],
[1663857000.0, 39.5935210234109],
[1663943400.0, 39.52888651406922],
[1664029800.0, 39.501947706758344],
[1664116200.0, 39.2575466792438],
[1664202600.0, 39.19689902382567],
[1664289000.0, 39.12986450926892],
[1664375400.0, 38.00157206653476],
[1664461800.0, 36.72202174220688],
[1664548200.0, 36.896451747202924],
[1664634600.0, 40.095675048167045],
[1664717400.0, 40.56231034537638],
[1664803800.0, 38.491044146809124],
[1664890200.0, 38.32611493478508],
[1664976600.0, 38.110405702123],
[1665063000.0, 38.05778996630556],
[1665149400.0, 39.9246726577137],
[1665235800.0, 39.85535099900436],
[1665322200.0, 36.89259883408266],
[1665408600.0, 36.95246906177227],
[1665495000.0, 36.70386652847158],
[1665581400.0, 37.1668897144525],
[1665667800.0, 35.12265202196934],
[1665754200.0, 40.054077848032385],
[1665840600.0, 39.22402193316654],
[1665927000.0, 38.95141336660512],
[1666013400.0, 39.014309655240794],
[1666099800.0, 39.058883692304775],
[1666186200.0, 38.16835506304362],
[1666272600.0, 37.23591949909044],
[1666359000.0, 39.50756333844918],
[1666445400.0, 39.426546377414944],
[1666531800.0, 38.20019793276162],
[1666618200.0, 38.51154086686776],
[1666704600.0, 38.199904468245364],
[1666791000.0, 37.08974562125652],
[1666877400.0, 36.7234647675216],
[1666963800.0, 36.29050930871446],
[1667050200.0, 35.8958229166733],
[1667136600.0, 38.153353290098764],
[1667223000.0, 36.420303554494865],
[1667309400.0, 37.20163295957046],
[1667395800.0, 37.51020542447022],
[1667482200.0, 37.24771772792694],
[1667568600.0, 37.012396386689105],
[1667655000.0, 37.79561668952706],
[1667741400.0, 39.4296047787915],
[1667827800.0, 37.19360961304795],
[1667914200.0, 37.13319209226978],
[1668000600.0, 39.3061405713795],
[1668087000.0, 38.258846655432],
[1668173400.0, 36.57642244519536],
[1668259800.0, 38.81568165098208],
[1668346200.0, 36.78842706964698],
[1668432600.0, 37.83234676252278],
[1668519000.0, 37.898067026597694],
[1668605400.0, 37.733747544357534],
[1668691800.0, 37.87246395909834],
[1668778200.0, 37.35091904375832],
[1668864600.0, 38.09586586526604],
[1668951000.0, 37.56598087715538],
[1669037400.0, 38.115539986114506],
[1669123800.0, 38.179967238603055],
[1669210200.0, 38.25059434841346],
[1669296600.0, 38.28334112516629],
[1669383000.0, 38.247416593736226],
[1669469400.0, 37.90801268392242],
[1669555800.0, 37.90861541258141],
[1669642200.0, 37.73317886458069],
[1669728600.0, 38.62983418142862],
[1669815000.0, 39.58212008459982],
[1669901400.0, 41.012171865577386],
[1669987800.0, 40.1698052707224],
[1670074200.0, 40.43758154115187],
[1670160600.0, 40.30623279694518],
[1670247000.0, 39.43865543692854],
[1670333400.0, 40.21206606648661],
[1670419800.0, 39.26158961819485],
[1670506200.0, 39.2259226739601],
[1670592600.0, 40.24840489456332],
[1670679000.0, 40.371089995877156],
[1670765400.0, 39.67736390174622],
[1670851800.0, 39.65893309380521],
[1670938200.0, 40.0309175541522],
[1671024600.0, 38.61144778507302],
[1671111000.0, 38.90852364729331],
[1671197400.0, 39.65622081483971],
[1671283800.0, 40.17341043403818],
[1671370200.0, 39.29822410054008],
[1671456600.0, 39.273487481923496],
[1671543000.0, 38.74187911281558],
[1671715800.0, 38.87066192480485],
[1671802200.0, 38.9516747896029],
[1671888600.0, 38.70168172868004],
[1671975000.0, 40.17890941610586],
[1672061400.0, 39.475089797316],
[1672147800.0, 39.46471764751908],
[1672234200.0, 40.88022883411458],
[1672320600.0, 40.39697139117678],
[1672407000.0, 41.161956669596044],
[1672493400.0, 41.29670758795062],
[1672579800.0, 38.857102221847256],
[1672666200.0, 41.21005930235328],
[1672752600.0, 38.142490087474926],
[1672839000.0, 43.60379216696022],
[1672925400.0, 38.90369715146328],
[1673011800.0, 43.34270480724336],
[1673098200.0, 42.985740665062266],
[1673184600.0, 40.4682691007283],
[1673271000.0, 41.7083177566614],
[1673357400.0, 40.86185070357156],
[1673443800.0, 40.53642756084169],
[1673530200.0, 40.434393846738836],
[1673616600.0, 38.60010591209682],
[1673703000.0, 40.58918154533347],
[1673789400.0, 40.57576290203047],
[1673875800.0, 40.16228110222068],
[1673962200.0, 39.89569358189377],
[1674048600.0, 39.78773113262376],
[1674135000.0, 39.801657971353976],
[1674221400.0, 39.77145174876978],
[1674307800.0, 40.4382955102581],
[1674394200.0, 41.595475531574635],
[1674480600.0, 40.56332448586237],
[1674567000.0, 39.954852774418924],
[1674653400.0, 39.913730818594615],
[1674739800.0, 39.62587712782452],
[1674826200.0, 39.63339664368395],
[1674912600.0, 39.167617452777066],
[1674999000.0, 39.173613016806065],
[1675085400.0, 39.3743102401311],
[1675171800.0, 41.24905649462131],
[1675258200.0, 41.166399766712225],
[1675344600.0, 40.68473391725652],
[1675431000.0, 40.96959913129668],
[1675517400.0, 40.9178581539195],
[1675603800.0, 42.71717217654276],
[1675690200.0, 43.89595378151412],
[1675776600.0, 40.6685632360449],
[1675863000.0, 43.862649745106395],
[1675949400.0, 43.46773410283122],
[1676035800.0, 43.084474809853624],
[1676122200.0, 43.08044244938304],
[1676208600.0, 42.92027523889404],
[1676295000.0, 42.178572366474185],
[1676381400.0, 42.05148353924233],
[1676467800.0, 42.14431200059419],
[1676554200.0, 42.9573618734754],
[1676640600.0, 40.82926359704244],
[1676727000.0, 44.785894912584546],
[1676813400.0, 41.46920599235153],
[1676899800.0, 45.08796982745094],
[1676986200.0, 44.85639830440704],
[1677072600.0, 44.97043033701504],
[1677159000.0, 44.98369480867158],
[1677245400.0, 44.950065933239216],
[1677331800.0, 44.85816948072953],
[1677418200.0, 43.6267988485836],
[1677504600.0, 41.07703392863537],
[1677591000.0, 41.35691151015138],
[1677677400.0, 42.32997463335889],
[1677763800.0, 43.50169204696303],
[1677850200.0, 42.7575282707526],
[1677936600.0, 43.020198979722906],
[1678023000.0, 43.68259016254926],
[1678109400.0, 44.37155028696276],
[1678195800.0, 44.312580204307736],
[1678282200.0, 43.63767093011111],
[1678368600.0, 43.72606297162739],
[1678455000.0, 43.705978360839595],
[1678541400.0, 43.6009449613686],
[1678627800.0, 43.177205777201344],
[1678714200.0, 43.22285454248035],
[1678800600.0, 43.21178125385394],
[1678887000.0, 43.93611940786614],
[1678973400.0, 44.68627591982502],
[1679059800.0, 43.63687908940606],
[1679146200.0, 43.55399625936388],
[1679232600.0, 44.092682085184634],
[1679319000.0, 43.98076552873381],
[1679405400.0, 46.25185113403686],
[1679491800.0, 47.25945702277379],
[1679578200.0, 47.56291961626068],
[1679664600.0, 46.692236848561876],
[1679751000.0, 46.24352258450202],
[1679837400.0, 46.72339961255578],
[1679923800.0, 46.57317999897452],
[1680010200.0, 46.680330784970714],
[1680096600.0, 46.9294825751844],
[1680183000.0, 46.80829846390788],
[1680269400.0, 47.361529886388574],
[1680355800.0, 46.71077804177789],
[1680445800.0, 49.96910733942026],
[1680532200.0, 46.066191973709465],
[1680618600.0, 47.418773037374635],
[1680705000.0, 49.01107296089379],
[1680791400.0, 52.67279026093501],
[1680877800.0, 52.607604310305064],
[1680964200.0, 62.02445121476136],
[1681050600.0, 51.57660221119942],
[1681137000.0, 60.57120030195702],
[1681223400.0, 55.12253481939027],
[1681309800.0, 60.548266582223945],
[1681396200.0, 62.42816627249046],
[1681482600.0, 63.14653466348994],
[1681569000.0, 55.22487974653872],
[1681655400.0, 54.83540525889798],
[1681741800.0, 56.79703439824397],
[1681828200.0, 60.853890087345476],
[1681914600.0, 59.157752287315134],
[1682001000.0, 68.58212612417321],
[1682087400.0, 68.08325712988722],
[1682173800.0, 66.48157127855411],
[1682260200.0, 65.90441819416728],
[1682346600.0, 63.45436828059654],
[1682433000.0, 61.96390109530867],
[1682519400.0, 61.8629740739868],
[1682605800.0, 60.75321357130428],
[1682692200.0, 63.12945164142396],
[1682778600.0, 62.002265935984134],
[1682865000.0, 61.322943153449636],
[1682951400.0, 61.322943153449636],
[1683037800.0, 61.322943153449636],
[1683124200.0, 55.75497136478208],
[1683210600.0, 59.07011147169357],
[1683297000.0, 56.573148250764916],
[1683383400.0, 57.87758498799576],
[1683469800.0, 56.51078356408338],
[1683556200.0, 55.21180896771594],
[1683642600.0, 57.13818686537442],
[1683729000.0, 61.159457340112574],
[1683815400.0, 61.56792189967458],
[1683901800.0, 60.17865495936454],
[1683988200.0, 58.314271615944186],
[1684074600.0, 57.34036710628201],
[1684161000.0, 56.78234157516181],
[1684247400.0, 55.712314214582996],
[1684333800.0, 56.89497125908986],
[1684420200.0, 60.910695572746505],
[1684506600.0, 60.9626793334572],
[1684593000.0, 55.483207674304],
[1684679400.0, 55.846019099137024],
[1684765800.0, 55.663592167594324],
[1684852200.0, 55.685457894440404],
[1684938600.0, 54.77593781020451],
[1685025000.0, 54.04195780891036],
[1685111400.0, 54.00427476579654],
[1685197800.0, 55.963330518009585],
[1685284200.0, 55.85557490691889],
[1685370600.0, 55.14382432294536],
[1685457000.0, 55.20780101380358],
[1685543400.0, 53.29380292068458],
[1685629800.0, 55.87526243582238],
[1685716200.0, 57.2835941866562],
[1685802600.0, 54.84005690308477],
[1685889000.0, 57.254101847136226],
[1685975400.0, 57.23253253218862],
[1686061800.0, 54.42403193613152],
[1686148200.0, 58.81602548439313],
[1686234600.0, 58.84701717606997],
[1686321000.0, 58.224197561769955],
[1686407400.0, 55.96811154677147],
[1686493800.0, 56.142115992549286],
[1686580200.0, 54.95394104653443],
[1686666600.0, 55.990738741430626],
[1686753000.0, 56.21418183681846],
[1686839400.0, 55.782059842989604],
[1686925800.0, 55.92741517247197],
[1687012200.0, 53.67800526960628],
[1687098600.0, 56.6932951515452],
[1687185000.0, 54.088739526104284],
[1687271400.0, 57.44318158422667],
[1687357800.0, 57.62869886819059],
[1687444200.0, 57.50707604970277],
[1687530600.0, 53.535830996242915],
[1687617000.0, 55.6487718100626],
[1687703400.0, 53.70963785054322],
[1687789800.0, 53.93158453709598],
[1687876200.0, 56.37626931966667],
[1687962600.0, 55.13670030885589],
[1688049000.0, 56.42411011391076],
[1688135400.0, 56.77841932616208],
[1688221800.0, 53.42155154500002],
[1688308200.0, 52.8865019684393],
[1688394600.0, 53.59115317661664],
[1688481000.0, 53.43769929147955],
[1688567400.0, 53.29866999141926],
[1688653800.0, 52.31989639607862],
[1688740200.0, 48.233104124750206],
[1688826600.0, 48.010363118553144],
[1688913000.0, 51.62812633769195],
[1688999400.0, 52.70348581420116],
[1689085800.0, 50.90338835207301],
[1689172200.0, 49.08644167684146],
[1689258600.0, 49.879376231314325],
[1689345000.0, 50.10638672907403],
[1689431400.0, 51.62067736477288],
[1689517800.0, 51.90858223710576],
[1689604200.0, 51.89246548893348],
[1689690600.0, 49.2000119766615],
[1689777000.0, 49.70502043664706],
[1689863400.0, 53.71209481266006],
[1689949800.0, 54.07945083984342],
[1690036200.0, 55.153486982615405],
[1690122600.0, 51.39364920695556],
[1690209000.0, 49.22802997592238],
[1690295400.0, 52.743853325771816],
[1690381800.0, 52.52998258455413],
[1690468200.0, 53.591121963111725],
[1690554600.0, 51.89331632898114],
[1690641000.0, 51.89331632898114],
[1690727400.0, 53.59774614888924],
[1690813800.0, 54.591627775061994],
[1690900200.0, 54.591627775061994],
[1690986600.0, 54.19038093901879],
[1691073000.0, 57.120822774344035],
[1691159400.0, 55.475604408551696],
[1691245800.0, 54.56683367674758],
[1691332200.0, 53.500228672660135],
[1691418600.0, 55.08746687845597],
[1691505000.0, 54.02957604125976],
[1691591400.0, 53.248976777628066],
[1691677800.0, 53.5998623511702],
[1691764200.0, 53.6022521174322],
[1691850600.0, 53.440335513445916],
[1691937000.0, 54.45020466983166],
[1692023400.0, 54.500451265582136],
[1692109800.0, 54.9001785859098],
[1692196200.0, 55.14613121475744],
[1692282600.0, 54.42501163178431],
[1692369000.0, 55.559962807687555],
[1692455400.0, 54.75083046059172],
[1692541800.0, 55.67244931810926],
[1692628200.0, 55.485159317965255],
[1692714600.0, 55.68563258000964],
[1692801000.0, 55.7789463965448],
[1692887400.0, 55.777827647560194],
[1692973800.0, 55.78016686920834],
[1693060200.0, 57.43964636255742],
[1693146600.0, 52.84732932063329],
[1693233000.0, 52.795159004545575],
[1693319400.0, 52.83259546312157],
[1693405800.0, 53.71285345339929],
[1693492200.0, 54.61695902359664],
[1693578600.0, 54.81168536363306],
[1693665000.0, 54.71470217027606],
[1693751400.0, 54.093593724471035],
[1693837800.0, 58.860712795119355],
[1693924200.0, 58.5909400567641],
[1694010600.0, 58.95362463323358],
[1694097000.0, 58.94429703323358],
[1694183400.0, 58.98604951831956],
[1694269800.0, 57.02783591874487],
[1694356200.0, 55.69620438027109],
[1694442600.0, 55.78981518039463],
[1694529000.0, 56.07292930906758],
[1694615400.0, 55.114220856196326],
[1694701800.0, 57.545563552577875],
[1694788200.0, 57.615758812591196],
[1694874600.0, 58.52197467487333],
[1694961000.0, 56.9334710280219],
[1695047400.0, 56.93732785698828],
[1695133800.0, 57.30852115666392],
[1695220200.0, 57.141171323913305],
[1695306600.0, 57.28473536894238],
[1695393000.0, 57.24985725905784],
[1695479400.0, 54.278149286346185],
[1695565800.0, 53.71491225501882],
[1695652200.0, 55.765789781595664],
[1695738600.0, 59.410203845068445],
[1695825000.0, 57.43295713186122],
[1695911400.0, 56.140285238626745],
[1695997800.0, 50.32147201570974],
[1696084200.0, 57.84288805594093],
[1696167000.0, 55.40333990442194],
[1696253400.0, 55.601458233639256],
[1696339800.0, 55.466505571035796],
[1696426200.0, 53.438205837057595],
[1696512600.0, 55.69782162172177],
[1696599000.0, 55.63888850531467],
[1696685400.0, 55.684434496203664],
[1696771800.0, 55.214670808747925],
[1696858200.0, 56.726639864484305],
[1696944600.0, 56.20815949977242],
[1697117400.0, 55.477870299673455],
[1697203800.0, 55.781138923069285],
[1697290200.0, 55.14304531198861],
[1697376600.0, 55.50763946090675],
[1697463000.0, 54.01136766552022],
[1697549400.0, 55.441951251018715],
[1697635800.0, 58.59190179256829],
[1697722200.0, 58.533215884663996],
[1697808600.0, 50.97085011168906],
[1697895000.0, 53.45235613850444],
[1697981400.0, 56.08897091550747],
[1698067800.0, 54.799892487076065],
[1698154200.0, 55.829211011540025],
[1698240600.0, 56.37119167761734],
[1698327000.0, 51.20515798149715],
[1698413400.0, 53.91708280817851],
[1698499800.0, 52.41742914543372],
[1698586200.0, 52.429594784827906],
[1698672600.0, 52.429594784827906],
[1698759000.0, 52.429594784827906],
[1698845400.0, 52.429594784827906],
[1698931800.0, 52.429594784827906],
[1699018200.0, 52.429594784827906],
[1699104600.0, 52.429594784827906],
[1699191000.0, 52.429594784827906],
[1699277400.0, 52.429594784827906],
[1699363800.0, 52.429594784827906],
[1699450200.0, 52.429594784827906],
[1699536600.0, 52.429594784827906],
[1699623000.0, 52.429594784827906],
[1699709400.0, 52.429594784827906],
[1699795800.0, 52.429594784827906],
[1699882200.0, 52.429594784827906],
[1699968600.0, 52.429594784827906],
[1700055000.0, 52.429594784827906],
[1700141400.0, 52.429594784827906],
[1700227800.0, 52.429594784827906],
[1700314200.0, 52.429594784827906],
[1700400600.0, 52.429594784827906],
[1700487000.0, 52.429594784827906],
[1700573400.0, 52.429594784827906],
[1700659800.0, 52.429594784827906],
[1700746200.0, 52.429594784827906],
[1700832600.0, 52.429594784827906],
[1700919000.0, 52.429594784827906],
[1701005400.0, 52.429594784827906],
[1701091800.0, 52.429594784827906],
[1701178200.0, 52.429594784827906],
[1701264600.0, 52.429594784827906],
[1701351000.0, 52.429594784827906],
[1701437400.0, 52.429594784827906],
[1701523800.0, 52.429594784827906],
