[1635773400.0, 0.25625275000000003],
[1635859800.0, 0.25329475],
[1635946200.0, 0.25626975],
[1636032600.0, 0.25958000000000003],
[1636119000.0, 0.26978650000000004],
[1636205400.0, 0.26968775],
[1636291800.0, 0.26432075000000005],
[1636378200.0, 0.26442925000000006],
[1636464600.0, 0.25481000000000004],
[1636551000.0, 0.24954425000000002],
[1636637400.0, 0.2589825],
[1636723800.0, 0.258359],
[1636810200.0, 0.25705675],
[1636896600.0, 0.23747675000000001],
[1636983000.0, 0.25585225000000006],
[1637069400.0, 0.25554000000000004],
[1637155800.0, 0.260511],
[1637242200.0, 0.263471],
[1637328600.0, 0.25713425],
[1637415000.0, 0.25716300000000003],
[1637501400.0, 0.2657875],
[1637587800.0, 0.265427],
[1637674200.0, 0.25950025000000004],
[1637760600.0, 0.2646425],
[1637847000.0, 0.264197],
[1637933400.0, 0.25525200000000003],
[1638019800.0, 0.25366425000000004],
[1638106200.0, 0.25000325],
[1638192600.0, 0.25586050000000005],
[1638279000.0, 0.23836800000000002],
[1638365400.0, 0.24486749999999996],
[1638451800.0, 0.2470565],
[1638538200.0, 0.24759025],
[1638624600.0, 0.25088925],
[1638711000.0, 0.256215],
[1638797400.0, 0.277254],
[1638883800.0, 0.3002115],
[1638970200.0, 0.31429675],
[1639056600.0, 0.32058000000000003],
[1639143000.0, 0.31397675],
[1639229400.0, 0.31858525000000004],
[1639315800.0, 0.311581],
[1639402200.0, 0.31231775],
[1639488600.0, 0.31089625000000004],
[1639575000.0, 0.29980700000000005],
[1639661400.0, 0.290209],
[1639747800.0, 0.29092250000000003],
[1639834200.0, 0.289034],
[1639920600.0, 0.28487075000000006],
[1640007000.0, 0.29178550000000003],
[1640093400.0, 0.27900375],
[1640179800.0, 0.269495],
[1640266200.0, 0.27519225],
[1640352600.0, 0.27654624999999994],
[1640439000.0, 0.28769475],
[1640525400.0, 0.2780515],
[1640611800.0, 0.28677474999999997],
[1640698200.0, 0.29138375000000005],
[1640784600.0, 0.2907385],
[1640871000.0, 0.28871525],
[1640957400.0, 0.2958505],
[1641043800.0, 0.29259325],
[1641130200.0, 0.3134295],
[1641216600.0, 0.30363725],
[1641303000.0, 0.30562725],
[1641389400.0, 0.31240925],
[1641475800.0, 0.31814850000000006],
[1641562200.0, 0.31786775],
[1641648600.0, 0.312288],
[1641735000.0, 0.3075035],
[1641821400.0, 0.32233],
[1641907800.0, 0.328293],
[1641994200.0, 0.3213210000000001],
[1642080600.0, 0.334562],
[1642167000.0, 0.32756275],
[1642253400.0, 0.32373450000000004],
[1642339800.0, 0.32742000000000004],
[1642426200.0, 0.32994500000000004],
[1642512600.0, 0.33243275000000005],
[1642599000.0, 0.32846450000000005],
[1642685400.0, 0.33011200000000007],
[1642771800.0, 0.32797875000000004],
[1642858200.0, 0.32112375],
[1642944600.0, 0.32333924999999997],
[1643031000.0, 0.3224675],
[1643117400.0, 0.316025],
[1643203800.0, 0.32075850000000006],
[1643290200.0, 0.3144285],
[1643376600.0, 0.3050985],
[1643463000.0, 0.30539075],
[1643549400.0, 0.30701375],
[1643635800.0, 0.30701375],
[1643722200.0, 0.30701375],
[1643808600.0, 0.3045535],
[1643895000.0, 0.30425],
[1643981400.0, 0.29995025],
[1644067800.0, 0.289848],
[1644154200.0, 0.30065975],
[1644240600.0, 0.30457375],
[1644327000.0, 0.30576475],
[1644413400.0, 0.309394],
[1644499800.0, 0.30937650000000005],
[1644586200.0, 0.3112465],
[1644672600.0, 0.309599],
[1644759000.0, 0.3181965],
[1644845400.0, 0.322216],
[1644931800.0, 0.32453475000000004],
[1645018200.0, 0.32927100000000004],
[1645104600.0, 0.33577575],
[1645191000.0, 0.33470174999999996],
[1645277400.0, 0.32871875000000006],
[1645363800.0, 0.3267475000000001],
[1645450200.0, 0.32449375],
[1645536600.0, 0.326987],
[1645623000.0, 0.3403415],
[1645709400.0, 0.33770225000000004],
[1645795800.0, 0.33450075],
[1645882200.0, 0.33305775000000004],
[1645968600.0, 0.33887225],
[1646055000.0, 0.34538775],
[1646141400.0, 0.3483895],
[1646227800.0, 0.35105325000000004],
[1646314200.0, 0.36050200000000004],
[1646400600.0, 0.35035],
[1646487000.0, 0.3616505],
[1646573400.0, 0.37193275000000003],
[1646659800.0, 0.38948400000000005],
[1646746200.0, 0.36253350000000006],
[1646832600.0, 0.36526575000000006],
[1646919000.0, 0.36558075000000007],
[1647005400.0, 0.37024100000000004],
[1647091800.0, 0.3763055],
[1647178200.0, 0.37794350000000004],
[1647264600.0, 0.3835705],
[1647351000.0, 0.38566800000000007],
[1647437400.0, 0.38619975000000006],
[1647523800.0, 0.38929275],
[1647610200.0, 0.39320150000000004],
[1647696600.0, 0.39432675000000006],
[1647783000.0, 0.39795875],
[1647869400.0, 0.39846000000000004],
[1647955800.0, 0.40309125],
[1648042200.0, 0.4035185],
[1648128600.0, 0.40518225],
[1648215000.0, 0.4053895],
[1648301400.0, 0.40513024999999997],
[1648387800.0, 0.40694925000000004],
[1648474200.0, 0.410447],
[1648560600.0, 0.41000800000000004],
[1648647000.0, 0.4127680000000001],
[1648733400.0, 0.4165135],
[1648819800.0, 0.41278200000000004],
[1648906200.0, 0.41528875000000004],
[1648996200.0, 0.41611125000000004],
[1649082600.0, 0.41878775000000007],
[1649169000.0, 0.46294725000000003],
[1649255400.0, 0.46467875000000003],
[1649341800.0, 0.453759],
[1649428200.0, 0.45544875],
[1649514600.0, 0.45407525000000004],
[1649601000.0, 0.4648007500000001],
[1649687400.0, 0.45713425],
[1649773800.0, 0.45792525000000006],
[1649860200.0, 0.44676550000000004],
[1649946600.0, 0.464284],
[1650033000.0, 0.4691222500000001],
[1650119400.0, 0.4730825],
[1650205800.0, 0.46974675],
[1650292200.0, 0.47529374999999996],
[1650378600.0, 0.4787140000000001],
[1650465000.0, 0.47965175],
[1650551400.0, 0.47965175],
[1650637800.0, 0.47965175],
[1650724200.0, 0.4933090000000001],
[1650810600.0, 0.5013734999999999],
[1650897000.0, 0.5234467500000001],
[1650983400.0, 0.5266700000000001],
[1651069800.0, 0.52225875],
[1651156200.0, 0.5220822500000001],
[1651242600.0, 0.52636875],
[1651329000.0, 0.5331062500000001],
[1651415400.0, 0.53168375],
[1651501800.0, 0.535559],
[1651588200.0, 0.529146],
[1651674600.0, 0.5066474999999999],
[1651761000.0, 0.500665],
[1651847400.0, 0.49210400000000004],
[1651933800.0, 0.48991],
[1652020200.0, 0.48715175],
[1652106600.0, 0.48900375],
[1652193000.0, 0.49786775000000005],
[1652279400.0, 0.50439725],
[1652365800.0, 0.5036225000000001],
[1652452200.0, 0.4942095000000001],
[1652538600.0, 0.49564575],
[1652625000.0, 0.4975305],
[1652711400.0, 0.5011592500000001],
[1652797800.0, 0.50229425],
[1652884200.0, 0.5036225000000001],
[1652970600.0, 0.4713605],
[1653057000.0, 0.48571175],
[1653143400.0, 0.49123475000000005],
[1653229800.0, 0.4882047500000001],
[1653316200.0, 0.46824750000000004],
[1653402600.0, 0.47396875000000005],
[1653489000.0, 0.48121275],
[1653575400.0, 0.48107],
[1653661800.0, 0.4848825],
[1653748200.0, 0.47809675],
[1653834600.0, 0.46229675000000003],
[1653921000.0, 0.47232650000000004],
[1654007400.0, 0.46145375],
[1654093800.0, 0.48111100000000007],
[1654180200.0, 0.47539575000000006],
[1654266600.0, 0.44643900000000003],
[1654353000.0, 0.443346],
[1654439400.0, 0.44457275000000007],
[1654525800.0, 0.4529512500000001],
[1654612200.0, 0.44732775],
[1654698600.0, 0.4374345],
[1654785000.0, 0.438501],
[1654871400.0, 0.44500075000000006],
[1654957800.0, 0.45450275],
[1655044200.0, 0.4550745],
[1655130600.0, 0.45410700000000004],
[1655217000.0, 0.45688275000000006],
[1655303400.0, 0.4603175],
[1655389800.0, 0.46135499999999996],
[1655476200.0, 0.46682300000000004],
[1655562600.0, 0.47009925],
[1655649000.0, 0.4596985],
[1655735400.0, 0.46501600000000004],
[1655821800.0, 0.44754700000000003],
[1655908200.0, 0.45832500000000004],
[1655994600.0, 0.44320725],
[1656081000.0, 0.4178895],
[1656167400.0, 0.41617625],
[1656253800.0, 0.41386850000000003],
[1656340200.0, 0.40945575],
[1656426600.0, 0.40782375],
[1656513000.0, 0.40322825],
[1656599400.0, 0.40086325],
[1656685800.0, 0.3974285],
[1656772200.0, 0.40167025],
[1656858600.0, 0.3967125],
[1656945000.0, 0.39699450000000003],
[1657031400.0, 0.403221],
[1657117800.0, 0.39702550000000003],
[1657204200.0, 0.398295],
[1657290600.0, 0.41233400000000003],
[1657377000.0, 0.41249325000000003],
[1657463400.0, 0.42072424999999997],
[1657549800.0, 0.42529125000000007],
[1657636200.0, 0.43073775000000003],
[1657722600.0, 0.42908375],
[1657809000.0, 0.431016],
[1657895400.0, 0.4273595],
[1657981800.0, 0.418783],
[1658068200.0, 0.42075025],
[1658154600.0, 0.43167025000000003],
[1658241000.0, 0.43781000000000003],
[1658327400.0, 0.43660050000000006],
[1658413800.0, 0.438538],
[1658500200.0, 0.43031074999999996],
[1658586600.0, 0.431166],
[1658673000.0, 0.42472675000000004],
[1658759400.0, 0.4226862500000001],
[1658845800.0, 0.44048],
[1658932200.0, 0.42969999999999997],
[1659018600.0, 0.42994725],
[1659105000.0, 0.4432725],
[1659191400.0, 0.43652650000000004],
[1659277800.0, 0.43648025],
[1659364200.0, 0.43402975],
[1659450600.0, 0.4405275],
[1659537000.0, 0.4559605],
[1659623400.0, 0.4511440000000001],
[1659709800.0, 0.458426],
[1659796200.0, 0.4725235],
[1659882600.0, 0.472729],
[1659969000.0, 0.4717635],
[1660055400.0, 0.467857],
[1660141800.0, 0.46799275],
[1660228200.0, 0.4688025],
[1660314600.0, 0.47739925000000005],
[1660401000.0, 0.47739925000000005],
[1660487400.0, 0.47739925000000005],
[1660573800.0, 0.47739925000000005],
[1660660200.0, 0.48736225],
[1660746600.0, 0.47187275000000006],
[1660833000.0, 0.47098550000000006],
[1660919400.0, 0.45619925000000006],
[1661005800.0, 0.46535200000000004],
[1661092200.0, 0.46731025000000004],
[1661178600.0, 0.46691400000000005],
[1661265000.0, 0.465484],
[1661351400.0, 0.46954450000000003],
[1661437800.0, 0.4721135],
[1661524200.0, 0.45973375],
[1661610600.0, 0.457837],
[1661697000.0, 0.45780750000000003],
[1661783400.0, 0.4529725],
[1661869800.0, 0.44900249999999997],
[1661956200.0, 0.44996725000000004],
[1662042600.0, 0.45515400000000006],
[1662129000.0, 0.46108325000000006],
[1662215400.0, 0.46614250000000007],
[1662301800.0, 0.46630175],
[1662388200.0, 0.45852375],
[1662474600.0, 0.45948975],
[1662561000.0, 0.488],
[1662647400.0, 0.49440975],
[1662733800.0, 0.5013455],
[1662820200.0, 0.4944315],
[1662906600.0, 0.48854125000000004],
[1662993000.0, 0.494798],
[1663079400.0, 0.4875455000000001],
[1663165800.0, 0.492419],
[1663252200.0, 0.48459650000000004],
[1663338600.0, 0.4755255],
[1663425000.0, 0.464808],
[1663511400.0, 0.46564575],
[1663597800.0, 0.46954125],
[1663684200.0, 0.46363550000000003],
[1663770600.0, 0.46413],
[1663857000.0, 0.45908175],
[1663943400.0, 0.460358],
[1664029800.0, 0.47270475],
[1664116200.0, 0.46371950000000006],
[1664202600.0, 0.46406175],
[1664289000.0, 0.456663],
[1664375400.0, 0.45048075000000004],
[1664461800.0, 0.45624425],
[1664548200.0, 0.46052400000000004],
[1664634600.0, 0.454683],
[1664717400.0, 0.46222625],
[1664803800.0, 0.43501975000000004],
[1664890200.0, 0.46428125],
[1664976600.0, 0.452499],
[1665063000.0, 0.46307925],
[1665149400.0, 0.46307925],
[1665235800.0, 0.47477625],
[1665322200.0, 0.4693375000000001],
[1665408600.0, 0.49319375000000004],
[1665495000.0, 0.50526775],
[1665581400.0, 0.5103340000000001],
[1665667800.0, 0.520701],
[1665754200.0, 0.51196325],
[1665840600.0, 0.52435075],
[1665927000.0, 0.529455],
[1666013400.0, 0.542834],
[1666099800.0, 0.54844725],
[1666186200.0, 0.54249375],
[1666272600.0, 0.5330545],
[1666359000.0, 0.53144425],
[1666445400.0, 0.5118024999999999],
[1666531800.0, 0.5136245],
[1666618200.0, 0.51955475],
[1666704600.0, 0.51637625],
[1666791000.0, 0.51691575],
[1666877400.0, 0.5241325000000001],
[1666963800.0, 0.5186192500000001],
[1667050200.0, 0.5259820000000001],
[1667136600.0, 0.5371822500000001],
[1667223000.0, 0.5415685000000001],
[1667309400.0, 0.54946125],
[1667395800.0, 0.5422755],
[1667482200.0, 0.55252],
[1667568600.0, 0.5702200000000001],
[1667655000.0, 0.5731585],
[1667741400.0, 0.581989],
[1667827800.0, 0.6121287500000001],
[1667914200.0, 0.60804775],
[1668000600.0, 0.60828675],
[1668087000.0, 0.62754125],
[1668173400.0, 0.6588229999999999],
[1668259800.0, 0.64439725],
[1668346200.0, 0.6523252500000001],
[1668432600.0, 0.6184047500000001],
[1668519000.0, 0.6464592499999999],
[1668605400.0, 0.6460755],
[1668691800.0, 0.653718],
[1668778200.0, 0.64933875],
[1668864600.0, 0.65206375],
[1668951000.0, 0.6432422500000001],
[1669037400.0, 0.6731937500000001],
[1669123800.0, 0.6633475],
[1669210200.0, 0.6376360000000001],
[1669296600.0, 0.6434570000000001],
[1669383000.0, 0.63907175],
[1669469400.0, 0.64079875],
[1669555800.0, 0.6272237500000001],
[1669642200.0, 0.6225345],
[1669728600.0, 0.63690575],
[1669815000.0, 0.64251],
[1669901400.0, 0.6419900000000001],
[1669987800.0, 0.6597102499999999],
[1670074200.0, 0.6682055],
[1670160600.0, 0.6599622500000001],
[1670247000.0, 0.63878775],
[1670333400.0, 0.6416485],
[1670419800.0, 0.634868],
[1670506200.0, 0.6542855000000001],
[1670592600.0, 0.6608320000000001],
[1670679000.0, 0.6463990000000001],
[1670765400.0, 0.65197475],
[1670851800.0, 0.65780375],
[1670938200.0, 0.64133825],
[1671024600.0, 0.6649325],
[1671111000.0, 0.6567345],
[1671197400.0, 0.6647885],
[1671283800.0, 0.6511560000000001],
[1671370200.0, 0.646352],
[1671456600.0, 0.6631410000000001],
[1671543000.0, 0.6509032500000002],
[1671629400.0, 0.6558352500000001],
[1671715800.0, 0.649129],
[1671802200.0, 0.6522117500000001],
[1671888600.0, 0.6486835000000001],
[1671975000.0, 0.6581895],
[1672061400.0, 0.6511530000000001],
[1672147800.0, 0.6534317500000001],
[1672234200.0, 0.62694275],
[1672320600.0, 0.6383144999999999],
[1672407000.0, 0.6265542500000001],
[1672493400.0, 0.620171],
[1672579800.0, 0.59267925],
[1672666200.0, 0.58942075],
[1672752600.0, 0.5748007500000001],
[1672839000.0, 0.570048],
[1672925400.0, 0.5475047500000001],
[1673011800.0, 0.55996075],
[1673098200.0, 0.5635727500000001],
[1673184600.0, 0.57147175],
[1673271000.0, 0.59417175],
[1673357400.0, 0.60989625],
[1673443800.0, 0.62134375],
[1673530200.0, 0.635486],
[1673616600.0, 0.6459137500000001],
[1673703000.0, 0.6518870000000001],
[1673789400.0, 0.6543650000000001],
[1673875800.0, 0.6554685],
[1673962200.0, 0.62600375],
[1674048600.0, 0.656695],
[1674135000.0, 0.65949225],
[1674221400.0, 0.6619655000000001],
[1674307800.0, 0.659429],
[1674394200.0, 0.64176025],
[1674480600.0, 0.6316275],
[1674567000.0, 0.63436775],
[1674653400.0, 0.641138],
[1674739800.0, 0.6436297500000001],
[1674826200.0, 0.6471045],
[1674912600.0, 0.64157575],
[1674999000.0, 0.65597475],
[1675085400.0, 0.655439],
[1675171800.0, 0.64789425],
[1675258200.0, 0.6669145],
[1675344600.0, 0.68325075],
[1675431000.0, 0.6632155000000001],
[1675517400.0, 0.6793247499999999],
[1675603800.0, 0.6648887499999999],
[1675690200.0, 0.6816409999999999],
[1675776600.0, 0.6903335],
[1675863000.0, 0.6903335],
[1675949400.0, 0.6903335],
