[1635773400.0, 18.07235466666667],
[1635859800.0, 18.592518333333334],
[1635946200.0, 17.89945833333333],
[1636032600.0, 18.764777],
[1636119000.0, 18.815236],
[1636205400.0, 18.865691666666667],
[1636291800.0, 18.50230333333333],
[1636378200.0, 18.58661233333333],
[1636464600.0, 17.754731666666668],
[1636551000.0, 17.11281766666667],
[1636637400.0, 18.011410666666666],
[1636723800.0, 17.885588],
[1636810200.0, 17.64505366666667],
[1636896600.0, 18.640087999999995],
[1636983000.0, 18.050551333333335],
[1637069400.0, 18.15128466666667],
[1637155800.0, 18.933731999999996],
[1637242200.0, 18.73112433333333],
[1637328600.0, 18.528262666666667],
[1637415000.0, 18.738907],
[1637501400.0, 17.949201333333335],
[1637587800.0, 17.954452],
[1637674200.0, 18.246149333333335],
[1637760600.0, 18.46689566666667],
[1637847000.0, 17.996570333333334],
[1637933400.0, 18.716053],
[1638019800.0, 18.299027],
[1638106200.0, 18.06690933333333],
[1638192600.0, 18.880927333333332],
[1638279000.0, 18.007086333333334],
[1638365400.0, 18.58569766666667],
[1638451800.0, 18.906741999999998],
[1638538200.0, 19.56087833333333],
[1638624600.0, 20.087778],
[1638711000.0, 20.400814999999998],
[1638797400.0, 20.697899666666668],
[1638883800.0, 21.41678966666667],
[1638970200.0, 21.71499366666667],
[1639056600.0, 21.634369333333336],
[1639143000.0, 21.90379066666667],
[1639229400.0, 21.188657333333335],
[1639315800.0, 20.578580666666664],
[1639402200.0, 20.90132866666666],
[1639488600.0, 20.638973],
[1639575000.0, 20.908844333333334],
[1639661400.0, 20.700316666666666],
[1639747800.0, 20.387391666666662],
[1639834200.0, 20.65729433333333],
[1639920600.0, 20.137148333333332],
[1640007000.0, 21.335830333333334],
[1640093400.0, 21.53994],
[1640179800.0, 21.213245999999998],
[1640266200.0, 20.962957666666668],
[1640352600.0, 20.80830466666667],
[1640439000.0, 20.886765333333333],
[1640525400.0, 21.146576999999997],
[1640611800.0, 21.04652366666667],
[1640698200.0, 21.964524666666666],
[1640784600.0, 21.720557],
[1640871000.0, 21.710867666666662],
[1640957400.0, 22.064814333333334],
[1641043800.0, 22.568418666666663],
[1641130200.0, 21.613564333333333],
[1641216600.0, 22.289711333333333],
[1641303000.0, 22.269026],
[1641389400.0, 22.481867333333337],
[1641475800.0, 23.847640666666667],
[1641562200.0, 24.328090333333336],
[1641648600.0, 23.490467],
[1641735000.0, 23.74216633333333],
[1641821400.0, 24.42487],
[1641907800.0, 23.670750666666663],
[1641994200.0, 23.713116],
[1642080600.0, 24.637612],
[1642167000.0, 25.058604333333335],
[1642253400.0, 24.227911333333335],
[1642339800.0, 25.351591333333335],
[1642426200.0, 24.801395666666664],
[1642512600.0, 25.12631933333333],
[1642599000.0, 24.09678866666667],
[1642685400.0, 24.172276666666665],
[1642771800.0, 23.539197666666666],
[1642858200.0, 23.830408666666667],
[1642944600.0, 23.239931666666664],
[1643031000.0, 22.954802333333333],
[1643117400.0, 23.650737000000003],
[1643203800.0, 23.809377333333334],
[1643290200.0, 24.40972333333333],
[1643376600.0, 22.921115999999998],
[1643463000.0, 23.772487],
[1643549400.0, 22.550317333333336],
[1643635800.0, 22.550317333333336],
[1643722200.0, 22.550317333333336],
[1643808600.0, 22.15549866666667],
[1643895000.0, 21.876416666666668],
[1643981400.0, 23.091089666666665],
[1644067800.0, 21.163131666666665],
[1644154200.0, 22.204221333333333],
[1644240600.0, 22.133319],
[1644327000.0, 21.855941666666666],
[1644413400.0, 22.46298333333333],
[1644499800.0, 22.549824333333333],
[1644586200.0, 22.236782666666667],
[1644672600.0, 22.986550666666663],
[1644759000.0, 22.59243533333333],
[1644845400.0, 22.352655],
[1644931800.0, 22.714254333333333],
[1645018200.0, 23.288233],
[1645104600.0, 23.798770666666666],
[1645191000.0, 23.960399],
[1645277400.0, 23.708999333333335],
[1645363800.0, 23.460882],
[1645450200.0, 23.960422666666663],
[1645536600.0, 23.64620933333333],
[1645623000.0, 23.785445999999997],
[1645709400.0, 24.128935000000002],
[1645795800.0, 23.28137033333333],
[1645882200.0, 23.645757666666665],
[1645968600.0, 23.378292666666663],
[1646055000.0, 22.981470666666667],
[1646141400.0, 22.601694],
[1646227800.0, 22.731269666666662],
[1646314200.0, 23.219368],
[1646400600.0, 23.120648999999997],
[1646487000.0, 24.683359],
[1646573400.0, 24.840635000000002],
[1646659800.0, 24.824864333333334],
[1646746200.0, 25.157669000000002],
[1646832600.0, 25.160717333333334],
[1646919000.0, 25.337581666666665],
[1647005400.0, 25.263918333333336],
[1647091800.0, 25.27937233333333],
[1647178200.0, 25.366232999999998],
[1647264600.0, 25.48665533333333],
[1647351000.0, 25.006231666666665],
[1647437400.0, 25.072340999999998],
[1647523800.0, 25.03327966666667],
[1647610200.0, 25.549426666666665],
[1647696600.0, 25.71877233333333],
[1647783000.0, 25.559048],
[1647869400.0, 25.044273000000004],
[1647955800.0, 25.488450999999998],
[1648042200.0, 25.973443666666668],
[1648128600.0, 25.995217999999998],
[1648215000.0, 26.432081333333333],
[1648301400.0, 26.398876333333334],
[1648387800.0, 26.566354333333333],
[1648474200.0, 26.699429666666664],
[1648560600.0, 26.59852033333333],
[1648647000.0, 26.409394333333335],
[1648733400.0, 26.717049000000003],
[1648819800.0, 26.80457233333333],
[1648906200.0, 27.102147000000002],
[1648996200.0, 26.90709733333333],
[1649082600.0, 26.851440999999998],
[1649169000.0, 28.65580833333334],
[1649255400.0, 29.339268],
[1649341800.0, 28.961045333333335],
[1649428200.0, 28.908641333333332],
[1649514600.0, 28.944813999999997],
[1649601000.0, 29.912272],
[1649687400.0, 27.688482000000004],
[1649773800.0, 28.32249833333334],
[1649860200.0, 29.486607000000003],
[1649946600.0, 29.257968666666667],
[1650033000.0, 28.535824666666667],
[1650119400.0, 29.739940666666666],
[1650205800.0, 28.854382],
[1650292200.0, 29.18509933333333],
[1650378600.0, 29.885068333333333],
[1650465000.0, 30.099288333333334],
[1650551400.0, 30.099288333333334],
[1650637800.0, 30.099288333333334],
[1650724200.0, 33.940726000000005],
[1650810600.0, 33.05366733333333],
[1650897000.0, 32.79894833333333],
[1650983400.0, 34.112224000000005],
[1651069800.0, 31.550700666666668],
[1651156200.0, 30.411486333333333],
[1651242600.0, 31.626829666666666],
[1651329000.0, 31.066619333333332],
[1651415400.0, 32.34335033333333],
[1651501800.0, 31.846002999999996],
[1651588200.0, 31.788355],
[1651674600.0, 29.467978333333335],
[1651761000.0, 29.66574466666667],
[1651847400.0, 28.765897],
[1651933800.0, 30.129234333333333],
[1652020200.0, 28.87578333333333],
[1652106600.0, 29.897499],
[1652193000.0, 29.028679666666665],
[1652279400.0, 29.697451333333333],
[1652365800.0, 29.822698],
[1652452200.0, 29.90907],
[1652538600.0, 29.711369333333334],
[1652625000.0, 29.907264666666666],
[1652711400.0, 29.67930266666666],
[1652797800.0, 29.83958166666667],
[1652884200.0, 29.864619333333327],
[1652970600.0, 28.921189666666667],
[1653057000.0, 30.204819666666662],
[1653143400.0, 28.594094000000002],
[1653229800.0, 28.84628066666666],
[1653316200.0, 29.091179999999998],
[1653402600.0, 28.776462666666664],
[1653489000.0, 29.618481333333335],
[1653575400.0, 28.771727999999996],
[1653661800.0, 28.212609000000004],
[1653748200.0, 25.143160333333327],
[1653834600.0, 27.83409466666667],
[1653921000.0, 27.470468666666665],
[1654007400.0, 26.786729999999995],
[1654093800.0, 27.888035666666667],
[1654180200.0, 27.98223366666667],
[1654266600.0, 27.194909],
[1654353000.0, 28.09971333333333],
[1654439400.0, 27.376917666666667],
[1654525800.0, 27.37798666666667],
[1654612200.0, 29.716405666666663],
[1654698600.0, 29.068090666666667],
[1654785000.0, 28.902537],
[1654871400.0, 28.634868333333333],
[1654957800.0, 29.183657999999998],
[1655044200.0, 29.552749333333335],
[1655130600.0, 28.065094333333334],
[1655217000.0, 28.276031666666665],
[1655303400.0, 28.085163000000005],
[1655389800.0, 27.44124666666666],
[1655476200.0, 26.664390666666666],
[1655562600.0, 27.047589333333335],
[1655649000.0, 26.804941],
[1655735400.0, 27.17864833333333],
[1655821800.0, 26.178216666666668],
[1655908200.0, 24.775776333333337],
[1655994600.0, 25.274818],
[1656081000.0, 24.02414733333333],
[1656167400.0, 24.831566],
[1656253800.0, 24.059101666666667],
[1656340200.0, 24.39775],
[1656426600.0, 22.611521],
[1656513000.0, 23.217860666666667],
[1656599400.0, 23.544227333333335],
[1656685800.0, 23.872706333333337],
[1656772200.0, 24.042531333333333],
[1656858600.0, 23.830468333333332],
[1656945000.0, 24.508655333333337],
[1657031400.0, 24.22811833333333],
[1657117800.0, 23.891281000000003],
[1657204200.0, 24.044264],
[1657290600.0, 23.528172333333334],
[1657377000.0, 24.366566666666667],
[1657463400.0, 24.1962],
[1657549800.0, 25.33135],
[1657636200.0, 24.674640999999998],
[1657722600.0, 25.140539],
[1657809000.0, 24.767441333333334],
[1657895400.0, 24.83783166666667],
[1657981800.0, 25.32997966666667],
[1658068200.0, 26.090245999999997],
[1658154600.0, 25.53361433333333],
[1658241000.0, 26.026891333333335],
[1658327400.0, 25.551956999999998],
[1658413800.0, 25.58861466666667],
[1658500200.0, 25.774900000000002],
[1658586600.0, 25.918019],
[1658673000.0, 26.115419],
[1658759400.0, 24.919469666666668],
[1658845800.0, 26.49619833333333],
[1658932200.0, 26.01858833333333],
[1659018600.0, 27.344832],
[1659105000.0, 26.737902333333334],
[1659191400.0, 26.847544666666664],
[1659277800.0, 27.85697433333333],
[1659364200.0, 27.366621],
[1659450600.0, 27.629479000000003],
[1659537000.0, 27.716582],
[1659623400.0, 28.577605666666667],
[1659709800.0, 29.260771999999992],
[1659796200.0, 29.32382366666667],
[1659882600.0, 29.87506],
[1659969000.0, 29.522060999999997],
[1660055400.0, 28.468613666666666],
[1660141800.0, 29.472741],
[1660228200.0, 28.017673666666667],
[1660314600.0, 28.0197],
[1660401000.0, 28.0197],
[1660487400.0, 28.0197],
[1660573800.0, 28.0197],
[1660660200.0, 27.82475666666667],
[1660746600.0, 26.67683066666667],
[1660833000.0, 27.657731666666667],
[1660919400.0, 26.734353666666667],
[1661005800.0, 27.045458999999997],
[1661092200.0, 27.31585766666667],
[1661178600.0, 27.808437666666666],
[1661265000.0, 27.01939966666667],
[1661351400.0, 26.068133],
[1661437800.0, 27.009104333333337],
[1661524200.0, 26.76123033333333],
[1661610600.0, 26.11001333333333],
[1661697000.0, 26.588621333333332],
[1661783400.0, 26.659811666666666],
[1661869800.0, 27.004846333333333],
[1661956200.0, 27.327671999999996],
[1662042600.0, 25.233213333333335],
[1662129000.0, 27.43327933333333],
[1662215400.0, 27.198628333333332],
[1662301800.0, 27.269053666666668],
[1662388200.0, 27.414375999999994],
[1662474600.0, 27.18441466666667],
[1662561000.0, 28.512917333333334],
[1662647400.0, 27.848810999999998],
[1662733800.0, 27.880768333333332],
[1662820200.0, 27.496099666666662],
[1662906600.0, 27.262853000000003],
[1662993000.0, 27.597284666666667],
[1663079400.0, 27.629108000000002],
[1663165800.0, 26.372770000000003],
[1663252200.0, 26.306992333333337],
[1663338600.0, 26.60455433333333],
[1663425000.0, 27.766653],
[1663511400.0, 27.190155333333337],
[1663597800.0, 27.221202666666667],
[1663684200.0, 27.337731666666667],
[1663770600.0, 26.839012999999998],
[1663857000.0, 26.47057666666667],
[1663943400.0, 25.64192266666667],
[1664029800.0, 26.874599999999997],
[1664116200.0, 26.380182],
[1664202600.0, 26.51556933333333],
[1664289000.0, 27.371798333333334],
[1664375400.0, 26.50306466666667],
[1664461800.0, 26.557462333333334],
[1664548200.0, 26.75637],
[1664634600.0, 28.445114],
[1664717400.0, 28.375766666666664],
[1664803800.0, 28.177171666666666],
[1664890200.0, 27.969255333333336],
[1664976600.0, 27.599041],
[1665063000.0, 27.747700999999996],
[1665149400.0, 27.747700999999996],
[1665235800.0, 29.09452633333333],
[1665322200.0, 29.818223],
[1665408600.0, 29.324444999999997],
[1665495000.0, 29.790925333333334],
[1665581400.0, 28.362539333333334],
[1665667800.0, 29.049015666666666],
[1665754200.0, 28.17595833333333],
[1665840600.0, 28.55807366666666],
[1665927000.0, 28.087766666666667],
[1666013400.0, 29.254867666666666],
[1666099800.0, 28.678028],
[1666186200.0, 29.440446666666663],
[1666272600.0, 25.894314999999995],
[1666359000.0, 28.630442],
[1666445400.0, 28.899653999999998],
[1666531800.0, 27.20837633333333],
[1666618200.0, 28.14406766666666],
[1666704600.0, 28.674712333333332],
[1666791000.0, 28.106997999999994],
[1666877400.0, 27.56432633333333],
[1666963800.0, 28.010848666666664],
[1667050200.0, 27.942739666666665],
[1667136600.0, 27.945441666666667],
[1667223000.0, 28.725802333333334],
[1667309400.0, 28.838340666666667],
[1667395800.0, 28.712073000000004],
[1667482200.0, 28.650334333333333],
[1667568600.0, 29.554693333333333],
[1667655000.0, 29.137179000000003],
[1667741400.0, 29.126895666666666],
[1667827800.0, 29.770318333333336],
[1667914200.0, 30.765400666666665],
[1668000600.0, 30.402114666666666],
[1668087000.0, 29.94224133333333],
[1668173400.0, 29.147331999999995],
[1668259800.0, 29.67284766666667],
[1668346200.0, 31.209849333333334],
[1668432600.0, 30.27257733333333],
[1668519000.0, 31.412747999999997],
[1668605400.0, 30.575875999999997],
[1668691800.0, 31.458005333333332],
[1668778200.0, 30.430165666666667],
[1668864600.0, 31.384383333333332],
[1668951000.0, 29.713556999999998],
[1669037400.0, 28.833600333333333],
[1669123800.0, 27.710284333333334],
[1669210200.0, 27.469758000000002],
[1669296600.0, 27.44649366666667],
[1669383000.0, 27.453884],
[1669469400.0, 26.929628999999995],
[1669555800.0, 26.150331333333337],
[1669642200.0, 26.59018233333333],
[1669728600.0, 25.995058666666665],
[1669815000.0, 26.903999],
[1669901400.0, 28.065781],
[1669987800.0, 27.967617333333333],
[1670074200.0, 28.09324033333333],
[1670160600.0, 28.06619466666667],
[1670247000.0, 29.355781000000004],
[1670333400.0, 28.51791133333333],
[1670419800.0, 28.655700333333332],
[1670506200.0, 28.10055566666667],
[1670592600.0, 27.561772],
[1670679000.0, 27.020184999999998],
[1670765400.0, 28.178611],
[1670851800.0, 27.626455000000004],
[1670938200.0, 26.586458333333336],
[1671024600.0, 28.133203999999996],
[1671111000.0, 27.606911666666665],
[1671197400.0, 26.971311],
[1671283800.0, 27.360952666666666],
[1671370200.0, 27.492934666666667],
[1671456600.0, 28.591511999999998],
[1671543000.0, 27.59971633333333],
[1671629400.0, 28.304104],
[1671715800.0, 28.015763000000003],
[1671802200.0, 27.068671666666663],
[1671888600.0, 28.000618333333332],
[1671975000.0, 27.552488333333333],
[1672061400.0, 27.68081033333333],
[1672147800.0, 26.654331666666664],
[1672234200.0, 26.866984666666667],
[1672320600.0, 26.34457066666667],
[1672407000.0, 26.431008333333335],
[1672493400.0, 26.657348000000002],
[1672579800.0, 26.329089999999997],
[1672666200.0, 25.606747666666667],
[1672752600.0, 27.509709],
[1672839000.0, 26.801843666666667],
[1672925400.0, 26.597555333333336],
[1673011800.0, 27.03793333333333],
[1673098200.0, 29.459626333333333],
[1673184600.0, 27.179858666666664],
[1673271000.0, 26.445747666666666],
[1673357400.0, 26.832219666666663],
[1673443800.0, 26.532755999999996],
[1673530200.0, 27.000263333333333],
[1673616600.0, 27.379997666666668],
[1673703000.0, 27.061259666666672],
[1673789400.0, 26.654636666666665],
[1673875800.0, 28.040792],
[1673962200.0, 28.21567333333333],
[1674048600.0, 27.289389],
[1674135000.0, 27.007559666666666],
[1674221400.0, 27.332217],
[1674307800.0, 28.059116],
[1674394200.0, 27.437931333333335],
[1674480600.0, 27.283878],
[1674567000.0, 27.510515666666667],
[1674653400.0, 27.873984000000004],
[1674739800.0, 27.39736466666667],
[1674826200.0, 28.65456566666667],
[1674912600.0, 28.371368],
[1674999000.0, 28.164920666666664],
[1675085400.0, 28.505859],
[1675171800.0, 28.313563000000002],
[1675258200.0, 27.395026],
[1675344600.0, 27.572395333333333],
[1675431000.0, 28.389996],
[1675517400.0, 28.32688033333333],
[1675603800.0, 27.092330666666665],
[1675690200.0, 27.773774666666665],
[1675776600.0, 27.379569],
[1675863000.0, 27.379569],
[1675949400.0, 27.379569],
