[1635773400.0, 139.2826185],
[1635859800.0, 138.89341249999998],
[1635946200.0, 138.249418],
[1636032600.0, 135.337978],
[1636119000.0, 138.289216],
[1636205400.0, 138.8344985],
[1636291800.0, 138.97657550000002],
[1636378200.0, 137.30297950000002],
[1636464600.0, 136.44127699999999],
[1636551000.0, 137.68285199999997],
[1636637400.0, 137.3046385],
[1636723800.0, 139.152532],
[1636810200.0, 141.98655049999996],
[1636896600.0, 138.78124849999998],
[1636983000.0, 137.16576499999996],
[1637069400.0, 136.67405399999998],
[1637155800.0, 137.77572249999997],
[1637242200.0, 134.18467900000002],
[1637328600.0, 133.1474815],
[1637415000.0, 131.609816],
[1637501400.0, 129.7514555],
[1637587800.0, 127.95452499999999],
[1637674200.0, 126.85821449999999],
[1637760600.0, 124.17285100000001],
[1637847000.0, 122.8206525],
[1637933400.0, 123.56666599999998],
[1638019800.0, 122.31074849999999],
[1638106200.0, 121.93364899999999],
[1638192600.0, 121.94616849999998],
[1638279000.0, 120.50557099999997],
[1638365400.0, 120.659392],
[1638451800.0, 124.20590249999998],
[1638538200.0, 139.37584149999998],
[1638624600.0, 143.6048725],
[1638711000.0, 145.4998975],
[1638797400.0, 142.407853],
[1638883800.0, 137.72434099999998],
[1638970200.0, 136.951731],
[1639056600.0, 141.0063515],
[1639143000.0, 139.17172349999998],
[1639229400.0, 139.163594],
[1639315800.0, 136.18298249999998],
[1639402200.0, 138.7754595],
[1639488600.0, 140.57068400000003],
[1639575000.0, 140.87253699999997],
[1639661400.0, 140.40450049999998],
[1639747800.0, 141.06793399999998],
[1639834200.0, 142.944052],
[1639920600.0, 145.410876],
[1640007000.0, 142.81219899999996],
[1640093400.0, 141.884121],
[1640179800.0, 140.112221],
[1640266200.0, 137.958967],
[1640352600.0, 135.90430049999998],
[1640439000.0, 136.0890475],
[1640525400.0, 136.5924245],
[1640611800.0, 137.9440975],
[1640698200.0, 137.6486665],
[1640784600.0, 136.753638],
[1640871000.0, 135.779223],
[1640957400.0, 134.76864949999998],
[1641043800.0, 133.5864765],
[1641130200.0, 133.2327595],
[1641216600.0, 134.97134499999999],
[1641303000.0, 134.771619],
[1641389400.0, 134.7368605],
[1641475800.0, 132.663817],
[1641562200.0, 133.0531105],
[1641648600.0, 132.85430350000001],
[1641735000.0, 132.52312999999998],
[1641821400.0, 131.78054699999998],
[1641907800.0, 131.531455],
[1641994200.0, 132.2403875],
[1642080600.0, 130.790011],
[1642167000.0, 128.822631],
[1642253400.0, 129.3020775],
[1642339800.0, 128.947668],
[1642426200.0, 129.03188649999998],
[1642512600.0, 128.176603],
[1642599000.0, 127.3706235],
[1642685400.0, 127.6238215],
[1642771800.0, 126.894272],
[1642858200.0, 126.2252255],
[1642944600.0, 125.62411949999999],
[1643031000.0, 126.79819049999999],
[1643117400.0, 126.213795],
[1643203800.0, 125.68572099999997],
[1643290200.0, 125.05829650000001],
[1643376600.0, 124.53682049999999],
[1643463000.0, 123.47103199999998],
[1643549400.0, 123.3838475],
[1643635800.0, 123.3838475],
[1643722200.0, 123.3838475],
[1643808600.0, 124.22833399999999],
[1643895000.0, 125.1802825],
[1643981400.0, 124.2529025],
[1644067800.0, 124.66659149999998],
[1644154200.0, 125.00831600000001],
[1644240600.0, 126.849332],
[1644327000.0, 127.92091949999998],
[1644413400.0, 128.025218],
[1644499800.0, 127.22498099999999],
[1644586200.0, 127.1098795],
[1644672600.0, 127.3319655],
[1644759000.0, 128.5378985],
[1644845400.0, 128.9468425],
[1644931800.0, 130.05456449999997],
[1645018200.0, 131.826095],
[1645104600.0, 133.63525199999998],
[1645191000.0, 134.99087749999998],
[1645277400.0, 136.64766099999997],
[1645363800.0, 135.522088],
[1645450200.0, 143.7952815],
[1645536600.0, 140.51578999999998],
[1645623000.0, 140.23424799999998],
[1645709400.0, 139.8087915],
[1645795800.0, 138.51271599999995],
[1645882200.0, 136.8242555],
[1645968600.0, 136.494139],
[1646055000.0, 134.797536],
[1646141400.0, 133.462066],
[1646227800.0, 131.959424],
[1646314200.0, 130.9900345],
[1646400600.0, 131.634955],
[1646487000.0, 131.4418265],
[1646573400.0, 132.153938],
[1646659800.0, 132.284188],
[1646746200.0, 134.70460799999998],
[1646832600.0, 133.7107815],
[1646919000.0, 133.80447249999997],
[1647005400.0, 133.91754099999997],
[1647091800.0, 134.766446],
[1647178200.0, 133.39978499999998],
[1647264600.0, 133.2010805],
[1647351000.0, 132.5166305],
[1647437400.0, 134.877454],
[1647523800.0, 135.7936725],
[1647610200.0, 137.123522],
[1647696600.0, 137.60843749999998],
[1647783000.0, 139.60171649999998],
[1647869400.0, 140.0141335],
[1647955800.0, 139.9129815],
[1648042200.0, 140.13322949999997],
[1648128600.0, 139.4088305],
[1648215000.0, 138.9793735],
[1648301400.0, 138.42090149999999],
[1648387800.0, 139.53162249999997],
[1648474200.0, 139.24872249999999],
[1648560600.0, 141.481156],
[1648647000.0, 143.84821349999999],
[1648733400.0, 143.30692849999997],
[1648819800.0, 142.78507249999998],
[1648906200.0, 143.32158049999998],
[1648996200.0, 143.05296950000002],
[1649082600.0, 143.814238],
[1649169000.0, 142.74174799999997],
[1649255400.0, 141.8246595],
[1649341800.0, 141.7391065],
[1649428200.0, 141.84122699999998],
[1649514600.0, 140.97321899999997],
[1649601000.0, 140.97321899999997],
[1649687400.0, 140.97321899999997],
[1649773800.0, 140.97321899999997],
[1649860200.0, 140.9501385],
[1649946600.0, 140.09098596483403],
[1650033000.0, 140.89311095452734],
[1650119400.0, 141.26241644247074],
[1650205800.0, 140.66029889529392],
[1650292200.0, 141.28046607027227],
[1650378600.0, 140.40722389080264],
[1650465000.0, 139.68175174827354],
[1650551400.0, 139.68175174827354],
[1650637800.0, 139.68175174827354],
[1650724200.0, 143.3202570847921],
[1650810600.0, 141.91585600000002],
[1650897000.0, 142.414583],
[1650983400.0, 141.95730350000002],
[1651069800.0, 142.59585600000003],
[1651156200.0, 136.66414550000002],
[1651242600.0, 135.05438750000002],
[1651329000.0, 137.594874],
[1651415400.0, 136.13631550000002],
[1651501800.0, 134.9370145],
[1651588200.0, 134.48861799999997],
[1651674600.0, 134.1266875],
[1651761000.0, 132.2455025],
[1651847400.0, 132.55472650000002],
[1651933800.0, 132.4749585],
[1652020200.0, 131.5999865],
[1652106600.0, 130.90501899999998],
[1652193000.0, 129.41413749999998],
[1652279400.0, 129.8976035],
[1652365800.0, 128.20198],
[1652452200.0, 127.33509],
[1652538600.0, 126.86252099999999],
[1652625000.0, 125.67800399999999],
[1652711400.0, 126.08131800000001],
[1652797800.0, 126.2648615],
[1652884200.0, 125.318959],
[1652970600.0, 125.586306],
[1653057000.0, 123.93156749999997],
[1653143400.0, 122.987889],
[1653229800.0, 122.10476349999999],
[1653316200.0, 122.22471049999999],
[1653402600.0, 121.48347899999999],
[1653489000.0, 119.66842499999998],
[1653575400.0, 117.61927749999998],
[1653661800.0, 117.93930549999999],
[1653748200.0, 117.4780765],
[1653834600.0, 118.62732299999999],
[1653921000.0, 121.48148400000001],
[1654007400.0, 120.5679455],
[1654093800.0, 119.93704249999999],
[1654180200.0, 119.9827545],
[1654266600.0, 119.9918725],
[1654353000.0, 119.68970299999998],
[1654439400.0, 119.3197445],
[1654525800.0, 118.3953405],
[1654612200.0, 120.554466],
[1654698600.0, 120.88548150000001],
[1654785000.0, 119.858396],
[1654871400.0, 118.1905515],
[1654957800.0, 118.7613565],
[1655044200.0, 118.10875899999999],
[1655130600.0, 118.66359650000001],
[1655217000.0, 118.859418],
[1655303400.0, 118.1086845],
[1655389800.0, 117.4261875],
[1655476200.0, 115.08558950000001],
[1655562600.0, 117.53242699999998],
[1655649000.0, 117.1945555],
[1655735400.0, 118.36980799999998],
[1655821800.0, 118.3513165],
[1655908200.0, 116.8262505],
[1655994600.0, 116.68325099999998],
[1656081000.0, 116.233105],
[1656167400.0, 116.14957749999999],
[1656253800.0, 116.20660649999999],
[1656340200.0, 115.9277185],
[1656426600.0, 115.096259],
[1656513000.0, 114.4015305],
[1656599400.0, 115.08585299999999],
[1656685800.0, 116.944712],
[1656772200.0, 116.450693],
[1656858600.0, 115.86961299999999],
[1656945000.0, 116.2527215],
[1657031400.0, 116.5997955],
[1657117800.0, 116.792473],
[1657204200.0, 115.510977],
[1657290600.0, 114.95469549999999],
[1657377000.0, 114.03331299999999],
[1657463400.0, 113.53429599999998],
[1657549800.0, 112.0622265],
[1657636200.0, 111.7974285],
[1657722600.0, 111.33809500000001],
[1657809000.0, 108.87379050000001],
[1657895400.0, 107.90540999999999],
[1657981800.0, 110.75627399999999],
[1658068200.0, 110.21405100000001],
[1658154600.0, 110.6067855],
[1658241000.0, 110.63642],
[1658327400.0, 111.093033],
[1658413800.0, 111.344644],
[1658500200.0, 111.331163],
[1658586600.0, 112.1978855],
[1658673000.0, 113.71730749999999],
[1658759400.0, 113.851697],
[1658845800.0, 113.98857349999999],
[1658932200.0, 114.137284],
[1659018600.0, 114.8855105],
[1659105000.0, 114.35119449999999],
[1659191400.0, 114.09699699999999],
[1659277800.0, 115.7698485],
[1659364200.0, 115.17390499999999],
[1659450600.0, 114.52391800000001],
[1659537000.0, 114.3367265],
[1659623400.0, 114.6496275],
[1659709800.0, 114.47914999999998],
[1659796200.0, 114.73657149999998],
[1659882600.0, 114.694628],
[1659969000.0, 114.6967645],
[1660055400.0, 114.46052849999998],
[1660141800.0, 114.331141],
[1660228200.0, 112.66018],
[1660314600.0, 112.340578],
[1660401000.0, 112.340578],
[1660487400.0, 112.340578],
[1660573800.0, 112.340578],
[1660660200.0, 110.79433],
[1660746600.0, 111.2681805],
[1660833000.0, 113.6280525],
[1660919400.0, 112.92927449999999],
[1661005800.0, 113.30768099999999],
[1661092200.0, 112.824979],
[1661178600.0, 112.5570425],
[1661265000.0, 112.94120699999999],
[1661351400.0, 112.47462049999999],
[1661437800.0, 112.79189550000001],
[1661524200.0, 112.06746100000001],
[1661610600.0, 111.76769099999999],
[1661697000.0, 112.4388485],
[1661783400.0, 112.0916685],
[1661869800.0, 112.68694199999999],
[1661956200.0, 113.25202300000001],
[1662042600.0, 113.08817499999998],
[1662129000.0, 112.85977399999999],
[1662215400.0, 112.692847],
[1662301800.0, 113.41091899999999],
[1662388200.0, 112.8562795],
[1662474600.0, 112.4508185],
[1662561000.0, 112.66999799999999],
[1662647400.0, 112.97778349999999],
[1662733800.0, 113.5699545],
[1662820200.0, 113.213781],
[1662906600.0, 113.3373005],
[1662993000.0, 113.64871199999999],
[1663079400.0, 114.6843725],
[1663165800.0, 114.415278],
[1663252200.0, 113.71118849999999],
[1663338600.0, 122.53333699999999],
[1663425000.0, 116.34719199999999],
[1663511400.0, 123.32470699999999],
[1663597800.0, 118.41430349999999],
[1663684200.0, 118.598445],
[1663770600.0, 115.56047799999999],
[1663857000.0, 116.06211099999999],
[1663943400.0, 115.15673899999999],
[1664029800.0, 115.7886695],
[1664116200.0, 113.69771899999998],
[1664202600.0, 113.90206749999999],
[1664289000.0, 113.780428],
[1664375400.0, 114.42882849999998],
[1664461800.0, 114.86119450000001],
[1664548200.0, 114.165162],
[1664634600.0, 116.2642615],
[1664717400.0, 116.22750249999999],
[1664803800.0, 116.20055399999998],
[1664890200.0, 115.2262985],
[1664976600.0, 117.295994],
[1665063000.0, 117.6627185],
[1665149400.0, 119.30372249999999],
[1665235800.0, 119.24538099999998],
[1665322200.0, 119.2113225],
[1665408600.0, 119.046753],
[1665495000.0, 118.779144],
[1665581400.0, 117.928703],
[1665667800.0, 117.87340799999998],
[1665754200.0, 117.23432449999999],
[1665840600.0, 117.28121199999998],
[1665927000.0, 115.49070449999999],
[1666013400.0, 114.81365949999999],
[1666099800.0, 114.11755550000001],
[1666186200.0, 113.97401199999999],
[1666272600.0, 113.2702075],
[1666359000.0, 114.503165],
[1666445400.0, 114.8024725],
[1666531800.0, 114.75392249999999],
[1666618200.0, 113.92360649999999],
[1666704600.0, 115.61182099999999],
[1666791000.0, 115.09575249999997],
[1666877400.0, 114.48057399999999],
[1666963800.0, 115.33331549999998],
[1667050200.0, 115.70517749999999],
[1667136600.0, 116.6435505],
[1667223000.0, 117.69207],
[1667309400.0, 116.72637700000001],
[1667395800.0, 116.865992],
[1667482200.0, 119.62128849999999],
[1667568600.0, 119.86306549999999],
[1667655000.0, 121.66884099999999],
[1667741400.0, 121.04361999999999],
[1667827800.0, 121.81504799999999],
[1667914200.0, 121.823044],
[1668000600.0, 123.369353],
[1668087000.0, 125.712873],
[1668173400.0, 125.29314400000001],
[1668259800.0, 125.19077150000001],
[1668346200.0, 127.17311949999998],
[1668432600.0, 126.6869395],
[1668519000.0, 126.31503400000001],
[1668605400.0, 125.39195049999998],
[1668691800.0, 125.43792499999998],
[1668778200.0, 129.62845750000002],
[1668864600.0, 125.921332],
[1668951000.0, 127.99034349999998],
[1669037400.0, 138.634608],
[1669123800.0, 131.94501649999998],
[1669210200.0, 139.0410895],
[1669296600.0, 136.05117],
[1669383000.0, 138.322578],
[1669469400.0, 136.7015955],
[1669555800.0, 139.08072499999997],
[1669642200.0, 140.18934199999998],
[1669728600.0, 141.38415049999998],
[1669815000.0, 137.40328699999998],
[1669901400.0, 137.80627199999998],
[1669987800.0, 137.1071265],
[1670074200.0, 138.076166],
[1670160600.0, 138.48029749999998],
[1670247000.0, 135.6494315],
[1670333400.0, 135.9982755],
[1670419800.0, 136.2720555],
[1670506200.0, 135.9066765],
[1670592600.0, 137.61493299999998],
[1670679000.0, 138.189728],
[1670765400.0, 138.75121049999998],
[1670851800.0, 138.76864750000001],
[1670938200.0, 137.672052],
[1671024600.0, 137.8612015],
[1671111000.0, 136.49528149999998],
[1671197400.0, 137.50217199999997],
[1671283800.0, 136.737486],
[1671370200.0, 136.6579405],
[1671456600.0, 134.46506849999997],
[1671543000.0, 135.234904],
[1671629400.0, 135.139504],
[1671715800.0, 135.059415],
[1671802200.0, 134.325694],
[1671888600.0, 133.9158385],
[1671975000.0, 134.0091655],
[1672061400.0, 133.51092549999998],
[1672147800.0, 132.3956635],
[1672234200.0, 131.65732599999998],
[1672320600.0, 132.007335],
[1672407000.0, 131.5058355],
[1672493400.0, 130.9943695],
[1672579800.0, 129.2221615],
[1672666200.0, 126.2050225],
[1672752600.0, 126.98955149999998],
[1672839000.0, 130.421566],
[1672925400.0, 129.79989899999998],
[1673011800.0, 123.49510099999998],
[1673098200.0, 130.22175900000002],
[1673184600.0, 130.90171049999998],
[1673271000.0, 131.1365],
[1673357400.0, 130.4675155],
[1673443800.0, 130.38874199999998],
[1673530200.0, 130.273112],
[1673616600.0, 130.07010449999999],
[1673703000.0, 130.68287999999998],
[1673789400.0, 129.58549799999997],
[1673875800.0, 131.788181],
[1673962200.0, 129.4979615],
[1674048600.0, 129.271728],
[1674135000.0, 128.8612215],
[1674221400.0, 128.890194],
[1674307800.0, 129.67432150000002],
[1674394200.0, 129.3327855],
[1674480600.0, 128.7670505],
[1674567000.0, 128.40505050000002],
[1674653400.0, 128.2032935],
[1674739800.0, 128.5623915],
[1674826200.0, 128.31883950000002],
[1674912600.0, 128.9035435],
[1674999000.0, 129.5209865],
[1675085400.0, 129.3271835],
[1675171800.0, 130.064726],
[1675258200.0, 130.376892],
[1675344600.0, 129.63183049999998],
[1675431000.0, 126.629567],
[1675517400.0, 126.712513],
[1675603800.0, 124.8907285],
[1675690200.0, 124.58462299999998],
[1675776600.0, 124.67298699999999],
[1675863000.0, 124.67988699999998],
[1675949400.0, 124.67988699999998],
