[1635773400.0, 0.469343322424861],
[1635859800.0, 0.4674143819271881],
[1635946200.0, 0.4590936920679999],
[1636032600.0, 0.4502593129141521],
[1636119000.0, 0.4510789753554807],
[1636205400.0, 0.4437103596714393],
[1636291800.0, 0.44659208509594533],
[1636378200.0, 0.44277898384806536],
[1636464600.0, 0.44569915908620283],
[1636551000.0, 0.4403047681980437],
[1636637400.0, 0.4372113668870548],
[1636723800.0, 0.4362533047124601],
[1636810200.0, 0.4324886862501479],
[1636896600.0, 0.42951399844199895],
[1636983000.0, 0.4330514141447757],
[1637069400.0, 0.42984083340728907],
[1637155800.0, 0.42918499031179735],
[1637242200.0, 0.4258849974238749],
[1637328600.0, 0.4222673900031555],
[1637415000.0, 0.4196960187650377],
[1637501400.0, 0.41395173617274084],
[1637587800.0, 0.4148372922090088],
[1637674200.0, 0.408371245377766],
[1637760600.0, 0.4054715454655268],
[1637847000.0, 0.40363068603814145],
[1637933400.0, 0.40680018729292394],
[1638019800.0, 0.40721040072920367],
[1638106200.0, 0.40925123401323327],
[1638192600.0, 0.4138301695558711],
[1638279000.0, 0.4175463583451662],
[1638365400.0, 0.4165683265910346],
[1638451800.0, 0.4257069491283082],
[1638538200.0, 0.46738982763381054],
[1638624600.0, 0.4881282043545143],
[1638711000.0, 0.4975173694804363],
[1638797400.0, 0.4946254209684258],
[1638883800.0, 0.48667106352058925],
[1638970200.0, 0.48166783471137536],
[1639056600.0, 0.4783291163151304],
[1639143000.0, 0.47214940634490987],
[1639229400.0, 0.46659230988443173],
[1639315800.0, 0.46121698422030927],
[1639402200.0, 0.4603213445770717],
[1639488600.0, 0.4640499461971956],
[1639575000.0, 0.46676849636877293],
[1639661400.0, 0.45922294166370836],
[1639747800.0, 0.4538030760659487],
[1639834200.0, 0.449678238941151],
[1639920600.0, 0.45052276460132923],
[1640007000.0, 0.44952096358172605],
[1640093400.0, 0.45771281939021025],
[1640179800.0, 0.44904384556314836],
[1640266200.0, 0.4435524958708042],
[1640352600.0, 0.4437565025465428],
[1640439000.0, 0.43590105299422155],
[1640525400.0, 0.43373501590048513],
[1640611800.0, 0.4372272326992861],
[1640698200.0, 0.43992794807320634],
[1640784600.0, 0.440785245261902],
[1640871000.0, 0.4373416106698418],
[1640957400.0, 0.44049968475131146],
[1641043800.0, 0.4454392590004142],
[1641130200.0, 0.4484126579078413],
[1641216600.0, 0.4482892881143258],
[1641303000.0, 0.4473129077303475],
[1641389400.0, 0.4505801180456948],
[1641475800.0, 0.45177315639421367],
[1641562200.0, 0.4517339646812014],
[1641648600.0, 0.4414330195144559],
[1641735000.0, 0.4392707871972745],
[1641821400.0, 0.4374778173934052],
[1641907800.0, 0.4315234843509644],
[1641994200.0, 0.42812744194474023],
[1642080600.0, 0.41986512043693053],
[1642167000.0, 0.41683175723780225],
[1642253400.0, 0.41764784557054396],
[1642339800.0, 0.41967830949493157],
[1642426200.0, 0.42213644875606443],
[1642512600.0, 0.4237327016033605],
[1642599000.0, 0.4222001161844752],
[1642685400.0, 0.4297564788560526],
[1642771800.0, 0.42598306710497774],
[1642858200.0, 0.4245117083900327],
[1642944600.0, 0.4243058411972942],
[1643031000.0, 0.42641139079941237],
[1643117400.0, 0.4288230849283123],
[1643203800.0, 0.4321881912027176],
[1643290200.0, 0.4321865693902102],
[1643376600.0, 0.4315625179219422],
[1643463000.0, 0.42890064493107316],
[1643549400.0, 0.4323122504856427],
[1643635800.0, 0.4323122504856427],
[1643722200.0, 0.4323122504856427],
[1643808600.0, 0.44259690026821286],
[1643895000.0, 0.44585934004358463],
[1643981400.0, 0.44743422187463017],
[1644067800.0, 0.4469772060259142],
[1644154200.0, 0.44318388646067525],
[1644240600.0, 0.4421576059416046],
[1644327000.0, 0.44538838984784834],
[1644413400.0, 0.4487324737457105],
[1644499800.0, 0.44834111374886604],
[1644586200.0, 0.45057959593046193],
[1644672600.0, 0.4598706945430521],
[1644759000.0, 0.4586564286401018],
[1644845400.0, 0.46048201414773404],
[1644931800.0, 0.4636802993235514],
[1645018200.0, 0.47285890466611447],
[1645104600.0, 0.4772106160020511],
[1645191000.0, 0.48797835501469244],
[1645277400.0, 0.4930290218736441],
[1645363800.0, 0.49989070808927943],
[1645450200.0, 0.5060574731663905],
[1645536600.0, 0.505496890049994],
[1645623000.0, 0.5037520086133791],
[1645709400.0, 0.49882248589910466],
[1645795800.0, 0.4880883893055062],
[1645882200.0, 0.4849170415236856],
[1645968600.0, 0.48564666867579764],
[1646055000.0, 0.4861702680402714],
[1646141400.0, 0.48307228137449215],
[1646227800.0, 0.48315214779809096],
[1646314200.0, 0.4843262347158128],
[1646400600.0, 0.48603929762996495],
[1646487000.0, 0.4864126579078412],
[1646573400.0, 0.4836589741228849],
[1646659800.0, 0.48574594066777105],
[1646746200.0, 0.5011279913866209],
[1646832600.0, 0.4895937168431743],
[1646919000.0, 0.48908779977961186],
[1647005400.0, 0.490762214765018],
[1647091800.0, 0.4898369295546878],
[1647178200.0, 0.48536973391955585],
[1647264600.0, 0.4849456140915276],
[1647351000.0, 0.4888249789472646],
[1647437400.0, 0.49315912018548097],
[1647523800.0, 0.49750671630329746],
[1647610200.0, 0.4971489852408985],
[1647696600.0, 0.49770560877904],
[1647783000.0, 0.5129175763223287],
[1647869400.0, 0.5141782932616455],
[1647955800.0, 0.5134800216320554],
[1648042200.0, 0.510715039443064],
[1648128600.0, 0.5201725311600206],
[1648215000.0, 0.5195315294171301],
[1648301400.0, 0.5203445502751154],
[1648387800.0, 0.5214588632139194],
[1648474200.0, 0.519105391041001],
[1648560600.0, 0.5269461912668126],
[1648647000.0, 0.5386761822688636],
[1648733400.0, 0.5373356216843175],
[1648819800.0, 0.5357418165379837],
[1648906200.0, 0.5331581039349387],
[1648996200.0, 0.5358107089397705],
[1649082600.0, 0.5306300832988208],
[1649169000.0, 0.5304807976866642],
[1649255400.0, 0.5292189030267622],
[1649341800.0, 0.5284812939173865],
[1649428200.0, 0.5261590092518637],
[1649514600.0, 0.524291822269554],
[1649601000.0, 0.524291822269554],
[1649687400.0, 0.524291822269554],
[1649773800.0, 0.524291822269554],
[1649860200.0, 0.524218420379245],
[1649946600.0, 0.5200954955760911],
[1650033000.0, 0.518736495893874],
[1650119400.0, 0.5211933163918995],
[1650205800.0, 0.5199737541380414],
[1650292200.0, 0.5254265244277839],
[1650378600.0, 0.5263709810654577],
[1650465000.0, 0.5314867971972795],
[1650551400.0, 0.5314867971972795],
[1650637800.0, 0.5314867971972795],
[1650724200.0, 0.5376431419246185],
[1650810600.0, 0.5371152187364415],
[1650897000.0, 0.5341654408871731],
[1650983400.0, 0.5284839307355146],
[1651069800.0, 0.5284847123614563],
[1651156200.0, 0.5075369213332742],
[1651242600.0, 0.5073733778300399],
[1651329000.0, 0.5080761579744014],
[1651415400.0, 0.5062930620390091],
[1651501800.0, 0.5035867746050763],
[1651588200.0, 0.496547159396817],
[1651674600.0, 0.4987490941160809],
[1651761000.0, 0.4873429806014081],
[1651847400.0, 0.47707169415355194],
[1651933800.0, 0.4758025592878554],
[1652020200.0, 0.4724370380107876],
[1652106600.0, 0.46876497628485786],
[1652193000.0, 0.46421162750709966],
[1652279400.0, 0.4624786318556975],
[1652365800.0, 0.4544485642354948],
[1652452200.0, 0.450513978153473],
[1652538600.0, 0.44579759825020704],
[1652625000.0, 0.43967477506360203],
[1652711400.0, 0.4389165532925098],
[1652797800.0, 0.441409788387962],
[1652884200.0, 0.438784957968485],
[1652970600.0, 0.43776938945834815],
[1653057000.0, 0.4380061382898473],
[1653143400.0, 0.4361896650790833],
[1653229800.0, 0.43406943188429375],
[1653316200.0, 0.4361676469254131],
[1653402600.0, 0.4340507323097858],
[1653489000.0, 0.4252508385225614],
[1653575400.0, 0.4219824546404765],
[1653661800.0, 0.4259342412387094],
[1653748200.0, 0.4222816598380862],
[1653834600.0, 0.42228442683065126],
[1653921000.0, 0.42738740781416407],
[1654007400.0, 0.425999690113103],
[1654093800.0, 0.4216740065771309],
[1654180200.0, 0.4234746702929633],
[1654266600.0, 0.4233309049101685],
[1654353000.0, 0.4209598518789689],
[1654439400.0, 0.42002630395071594],
[1654525800.0, 0.4174331043786731],
[1654612200.0, 0.4165902833244587],
[1654698600.0, 0.4143701091093756],
[1654785000.0, 0.4151346783541395],
[1654871400.0, 0.4127848213352463],
[1654957800.0, 0.41258332523517927],
[1655044200.0, 0.4107278129190825],
[1655130600.0, 0.40740320593223683],
[1655217000.0, 0.4084558481244823],
[1655303400.0, 0.4076338629180965],
[1655389800.0, 0.40984211439474616],
[1655476200.0, 0.415648218640299],
[1655562600.0, 0.41982940984548167],
[1655649000.0, 0.4208062967646827],
[1655735400.0, 0.4199929574655859],
[1655821800.0, 0.4271609893553031],
[1655908200.0, 0.42600597720190897],
[1655994600.0, 0.4295734702500691],
[1656081000.0, 0.42930107230899694],
[1656167400.0, 0.4306277015047529],
[1656253800.0, 0.4295518684549166],
[1656340200.0, 0.4316064822456908],
[1656426600.0, 0.42744706330365245],
[1656513000.0, 0.42576936083747485],
[1656599400.0, 0.42582193575464444],
[1656685800.0, 0.42485007990918233],
[1656772200.0, 0.4214935834023587],
[1656858600.0, 0.4190235471640437],
[1656945000.0, 0.4148901427469136],
[1657031400.0, 0.4186000171700588],
[1657117800.0, 0.4200088415448862],
[1657204200.0, 0.4185190388834655],
[1657290600.0, 0.41755615860302525],
[1657377000.0, 0.4163023253781605],
[1657463400.0, 0.41509257862728277],
[1657549800.0, 0.4147122735475092],
[1657636200.0, 0.4150028808351083],
[1657722600.0, 0.41204530456208344],
[1657809000.0, 0.4100191101151737],
[1657895400.0, 0.40890350127450403],
[1657981800.0, 0.4180086866445786],
[1658068200.0, 0.4170807795058771],
[1658154600.0, 0.4188342422740899],
[1658241000.0, 0.41570268935135885],
[1658327400.0, 0.4158592042115332],
[1658413800.0, 0.41643913815672706],
[1658500200.0, 0.4114631614601822],
[1658586600.0, 0.4136821681112689],
[1658673000.0, 0.41709941000571926],
[1658759400.0, 0.4186602874290025],
[1658845800.0, 0.41901306254437337],
[1658932200.0, 0.4215255322718219],
[1659018600.0, 0.42269452284986],
[1659105000.0, 0.42307006688064536],
[1659191400.0, 0.42352374765806805],
[1659277800.0, 0.42091278099485263],
[1659364200.0, 0.42313471584970225],
[1659450600.0, 0.42596994635743307],
[1659537000.0, 0.4301273302345876],
[1659623400.0, 0.43072945638829735],
[1659709800.0, 0.4280016191254487],
[1659796200.0, 0.42647782976866644],
[1659882600.0, 0.4272119090812724],
[1659969000.0, 0.42801969671981627],
[1660055400.0, 0.4355556258874689],
[1660141800.0, 0.4298287056265531],
[1660228200.0, 0.42741152982388675],
[1660314600.0, 0.4248119005393839],
[1660401000.0, 0.4248119005393839],
[1660487400.0, 0.4248119005393839],
[1660573800.0, 0.4248119005393839],
[1660660200.0, 0.42256040920946236],
[1660746600.0, 0.42946603122658067],
[1660833000.0, 0.4311624685564825],
[1660919400.0, 0.4264959416168698],
[1661005800.0, 0.42768423512503445],
[1661092200.0, 0.4294185291558198],
[1661178600.0, 0.4266226564780302],
[1661265000.0, 0.42944283819962137],
[1661351400.0, 0.43141146863783375],
[1661437800.0, 0.4337709370439396],
[1661524200.0, 0.4349603930501322],
[1661610600.0, 0.4329164583086815],
[1661697000.0, 0.4348727347355342],
[1661783400.0, 0.43313388031002253],
[1661869800.0, 0.4344380005201554],
[1661956200.0, 0.44030268908018777],
[1662042600.0, 0.4486178270939336],
[1662129000.0, 0.45772535783487167],
[1662215400.0, 0.45368406635802466],
[1662301800.0, 0.4518437321027098],
[1662388200.0, 0.45310268573985324],
[1662474600.0, 0.45417048955005324],
[1662561000.0, 0.4525354609538319],
[1662647400.0, 0.45571176009742437],
[1662733800.0, 0.45862145457391623],
[1662820200.0, 0.4528919839244862],
[1662906600.0, 0.4526259145244152],
[1662993000.0, 0.4502227198211257],
[1663079400.0, 0.45125195285074743],
[1663165800.0, 0.4484971319099318],
[1663252200.0, 0.446501714096951],
[1663338600.0, 0.4489775968080701],
[1663425000.0, 0.4475372117328324],
[1663511400.0, 0.46445937210340005],
[1663597800.0, 0.4610716703891058],
[1663684200.0, 0.4632647262651363],
[1663770600.0, 0.4578902681881828],
[1663857000.0, 0.4565442966069105],
[1663943400.0, 0.4530924891654834],
[1664029800.0, 0.45329811849189444],
[1664116200.0, 0.4512550095033132],
[1664202600.0, 0.44880552539393764],
[1664289000.0, 0.45183075810801476],
[1664375400.0, 0.45641117242042356],
[1664461800.0, 0.45848730751784805],
[1664548200.0, 0.46433574753234336],
[1664634600.0, 0.47624411608093714],
[1664717400.0, 0.47302744964846377],
[1664803800.0, 0.47755441057271325],
[1664890200.0, 0.47814383321253895],
[1664976600.0, 0.48126220724618385],
[1665063000.0, 0.4806353018626987],
[1665149400.0, 0.480960178874295],
[1665235800.0, 0.4890861075119315],
[1665322200.0, 0.4882515132577998],
[1665408600.0, 0.5045110433923008],
[1665495000.0, 0.5078098901880448],
[1665581400.0, 0.4947921183513785],
[1665667800.0, 0.5221224642670493],
[1665754200.0, 0.49910093455409615],
[1665840600.0, 0.5044446221724254],
[1665927000.0, 0.49013363557813666],
[1666013400.0, 0.4800277487008441],
[1666099800.0, 0.4829078055851379],
[1666186200.0, 0.4826742077737348],
[1666272600.0, 0.48006699695302335],
[1666359000.0, 0.48322473601496874],
[1666445400.0, 0.4826817640787086],
[1666531800.0, 0.4860639720274721],
[1666618200.0, 0.48561969353971923],
[1666704600.0, 0.496585513400781],
[1666791000.0, 0.5058724068157614],
[1666877400.0, 0.5133509433794816],
[1666963800.0, 0.5062392344471068],
[1667050200.0, 0.5043256155459905],
[1667136600.0, 0.5098471218519505],
[1667223000.0, 0.5219625224332427],
[1667309400.0, 0.5132743765653967],
[1667395800.0, 0.5105933853981778],
[1667482200.0, 0.5157238873974481],
[1667568600.0, 0.5148028688912555],
[1667655000.0, 0.5135002733527592],
[1667741400.0, 0.5047622618131977],
[1667827800.0, 0.5050357201194139],
[1667914200.0, 0.49856587248057427],
[1668000600.0, 0.5063708482723939],
[1668087000.0, 0.5066692956824635],
[1668173400.0, 0.5085507603143613],
[1668259800.0, 0.5054578206597838],
[1668346200.0, 0.5090376702831027],
[1668432600.0, 0.5155584188015225],
[1668519000.0, 0.5145641844530233],
[1668605400.0, 0.5135624256991282],
[1668691800.0, 0.5188493139618586],
[1668778200.0, 0.5179053346743976],
[1668864600.0, 0.5191097138898749],
[1668951000.0, 0.5186907562467952],
[1669037400.0, 0.5353978732423185],
[1669123800.0, 0.5384978011108154],
[1669210200.0, 0.5382258500350057],
[1669296600.0, 0.5331106659961345],
[1669383000.0, 0.5389749202264033],
[1669469400.0, 0.5360825276594485],
[1669555800.0, 0.5358696699971404],
[1669642200.0, 0.5420526434001892],
[1669728600.0, 0.5541171452835956],
[1669815000.0, 0.5483150795270777],
[1669901400.0, 0.5515949767039404],
[1669987800.0, 0.5549238957914251],
[1670074200.0, 0.5571852608419122],
[1670160600.0, 0.557292262281584],
[1670247000.0, 0.5685402131897607],
[1670333400.0, 0.571557110080661],
[1670419800.0, 0.5675117972971641],
[1670506200.0, 0.5633643103133751],
[1670592600.0, 0.558490759205025],
[1670679000.0, 0.5607518337203685],
[1670765400.0, 0.5583477056092967],
[1670851800.0, 0.5544994597902615],
[1670938200.0, 0.5723066539955824],
[1671024600.0, 0.5494361486066738],
[1671111000.0, 0.5544245946732143],
[1671197400.0, 0.5634603703826963],
[1671283800.0, 0.556839016400919],
[1671370200.0, 0.5654243314647183],
[1671456600.0, 0.5616474120173155],
[1671543000.0, 0.5526010261482862],
[1671629400.0, 0.5448045894470082],
[1671715800.0, 0.5329761817141956],
[1671802200.0, 0.527940086700785],
[1671888600.0, 0.528309207761409],
[1671975000.0, 0.526124666915651],
[1672061400.0, 0.5291196987782512],
[1672147800.0, 0.5241177300763223],
[1672234200.0, 0.5262388864236974],
[1672320600.0, 0.5245664370957086],
[1672407000.0, 0.518836181603262],
[1672493400.0, 0.5152847918145781],
[1672579800.0, 0.5205204572806965],
[1672666200.0, 0.5198041791158838],
[1672752600.0, 0.5244690394751114],
[1672839000.0, 0.5275290916262375],
[1672925400.0, 0.5241306512912673],
[1673011800.0, 0.5227543010072772],
[1673098200.0, 0.5281663004871219],
[1673184600.0, 0.5413282436373407],
[1673271000.0, 0.5393970811269869],
[1673357400.0, 0.53967292900495],
[1673443800.0, 0.5436251629245059],
[1673530200.0, 0.5567398654498482],
[1673616600.0, 0.5604323130645288],
[1673703000.0, 0.5746520609863723],
[1673789400.0, 0.5682642041499034],
[1673875800.0, 0.5649229494290617],
[1673962200.0, 0.5695131897482546],
[1674048600.0, 0.5719268151574765],
[1674135000.0, 0.5699465574093796],
[1674221400.0, 0.58394034841784],
[1674307800.0, 0.5819006259614247],
[1674394200.0, 0.6042675917914053],
[1674480600.0, 0.6077080308420107],
[1674567000.0, 0.6098666070336844],
[1674653400.0, 0.6065123043377509],
[1674739800.0, 0.6094338138854376],
[1674826200.0, 0.6239117324256499],
[1674912600.0, 0.6236822455799117],
[1674999000.0, 0.6175957411968013],
[1675085400.0, 0.5959291876207944],
[1675171800.0, 0.5972323599401452],
[1675258200.0, 0.5972733714575198],
[1675344600.0, 0.6065220442230702],
[1675431000.0, 0.5960082897364217],
[1675517400.0, 0.5940076445341773],
[1675603800.0, 0.5881999707751548],
[1675690200.0, 0.5957805695578432],
[1675776600.0, 0.5831984268503726],
[1675863000.0, 0.5864159231402596],
[1675949400.0, 0.5864159231402596],
