[1635773400.0, 0.69820375],
[1635859800.0, 0.6945815000000001],
[1635946200.0, 0.684255],
[1636032600.0, 0.6820395],
[1636119000.0, 0.69841275],
[1636205400.0, 0.67999825],
[1636291800.0, 0.68270025],
[1636378200.0, 0.679185],
[1636464600.0, 0.64162775],
[1636551000.0, 0.6393665000000001],
[1636637400.0, 0.6411902500000001],
[1636723800.0, 0.6356310000000001],
[1636810200.0, 0.6369895],
[1636896600.0, 0.6298107500000001],
[1636983000.0, 0.6118807500000001],
[1637069400.0, 0.62773375],
[1637155800.0, 0.6361245000000001],
[1637242200.0, 0.6356422500000001],
[1637328600.0, 0.6425390000000001],
[1637415000.0, 0.6493867500000001],
[1637501400.0, 0.65436875],
[1637587800.0, 0.6621237500000001],
[1637674200.0, 0.652966],
[1637760600.0, 0.6544617500000001],
[1637847000.0, 0.6490575000000001],
[1637933400.0, 0.624758],
[1638019800.0, 0.62675075],
[1638106200.0, 0.6312182500000001],
[1638192600.0, 0.629474],
[1638279000.0, 0.6260005000000001],
[1638365400.0, 0.6279992500000001],
[1638451800.0, 0.6250632500000001],
[1638538200.0, 0.6142102500000001],
[1638624600.0, 0.62355875],
[1638711000.0, 0.6342287500000001],
[1638797400.0, 0.6347955000000001],
[1638883800.0, 0.66405625],
[1638970200.0, 0.6689092500000001],
[1639056600.0, 0.6682290000000001],
[1639143000.0, 0.6532902500000001],
[1639229400.0, 0.621198],
[1639315800.0, 0.6370937500000001],
[1639402200.0, 0.64661],
[1639488600.0, 0.6465057500000001],
[1639575000.0, 0.65814675],
[1639661400.0, 0.6442510000000001],
[1639747800.0, 0.67678825],
[1639834200.0, 0.6348660000000002],
[1639920600.0, 0.63467675],
[1640007000.0, 0.63149425],
[1640093400.0, 0.6314075],
[1640179800.0, 0.629279],
[1640266200.0, 0.6407715],
[1640352600.0, 0.63314275],
[1640439000.0, 0.6332265],
[1640525400.0, 0.6418255],
[1640611800.0, 0.63959275],
[1640698200.0, 0.6385237500000001],
[1640784600.0, 0.6355852500000001],
[1640871000.0, 0.62473175],
[1640957400.0, 0.63952975],
[1641043800.0, 0.664733],
[1641130200.0, 0.7332602500000001],
[1641216600.0, 0.7221204999999999],
[1641303000.0, 0.7122584999999999],
[1641389400.0, 0.6747940000000001],
[1641475800.0, 0.67012225],
[1641562200.0, 0.65764875],
[1641648600.0, 0.672951],
[1641735000.0, 0.6759535],
[1641821400.0, 0.6530425],
[1641907800.0, 0.6546965],
[1641994200.0, 0.6490952500000001],
[1642080600.0, 0.65506525],
[1642167000.0, 0.67291575],
[1642253400.0, 0.6812027500000001],
[1642339800.0, 0.73120575],
[1642426200.0, 0.7482895],
[1642512600.0, 0.7332585],
[1642599000.0, 0.7475597500000001],
[1642685400.0, 0.7590252500000001],
[1642771800.0, 0.7623992500000001],
[1642858200.0, 0.7488172500000001],
[1642944600.0, 0.74903125],
[1643031000.0, 0.71504575],
[1643117400.0, 1.048189],
[1643203800.0, 0.94080125],
[1643290200.0, 0.9494997500000002],
[1643376600.0, 0.9142165000000001],
[1643463000.0, 0.8827337500000001],
[1643549400.0, 0.9088542500000001],
[1643635800.0, 0.9088542500000001],
[1643722200.0, 0.9088542500000001],
[1643808600.0, 0.8474297500000001],
[1643895000.0, 0.8032727500000001],
[1643981400.0, 0.7663235],
[1644067800.0, 0.75471],
[1644154200.0, 0.7419417500000001],
[1644240600.0, 0.7018230000000001],
[1644327000.0, 0.697509],
[1644413400.0, 0.6942552500000001],
[1644499800.0, 0.72436725],
[1644586200.0, 0.73265775],
[1644672600.0, 0.738297],
[1644759000.0, 0.7534230000000001],
[1644845400.0, 0.7637250000000001],
[1644931800.0, 0.7333757500000002],
[1645018200.0, 0.7743467500000002],
[1645104600.0, 0.7577717500000001],
[1645191000.0, 0.7880435],
[1645277400.0, 0.759712],
[1645363800.0, 0.7361905000000001],
[1645450200.0, 0.74128375],
[1645536600.0, 0.7338810000000001],
[1645623000.0, 0.746992],
[1645709400.0, 0.7535215000000001],
[1645795800.0, 0.7596752500000001],
[1645882200.0, 0.7345572499999999],
[1645968600.0, 0.75511],
[1646055000.0, 0.7793265],
[1646141400.0, 0.83414975],
[1646227800.0, 0.8577975],
[1646314200.0, 0.8582507500000001],
[1646400600.0, 0.92171675],
[1646487000.0, 0.96396875],
[1646573400.0, 0.9939372500000001],
[1646659800.0, 1.01045475],
[1646746200.0, 1.0539800000000004],
[1646832600.0, 0.95392675],
[1646919000.0, 0.889854],
[1647005400.0, 0.851052],
[1647091800.0, 0.8233665],
[1647178200.0, 0.79431925],
[1647264600.0, 0.7868107499999999],
[1647351000.0, 0.77691525],
[1647437400.0, 0.7657207500000001],
[1647523800.0, 0.8045185000000001],
[1647610200.0, 0.7912845000000001],
[1647696600.0, 0.77217425],
[1647783000.0, 0.8113297500000001],
[1647869400.0, 0.7837164999999999],
[1647955800.0, 0.8352425000000001],
[1648042200.0, 0.801424],
[1648128600.0, 0.779307],
[1648215000.0, 0.79752],
[1648301400.0, 1.0027777500000001],
[1648387800.0, 0.9918972500000001],
[1648474200.0, 0.899201],
[1648560600.0, 0.8954312500000001],
[1648647000.0, 0.8792415],
[1648733400.0, 0.8816595],
[1648819800.0, 0.90295725],
[1648906200.0, 0.8883117500000002],
[1648996200.0, 0.8573402500000001],
[1649082600.0, 0.8729967500000001],
[1649169000.0, 0.8625940000000001],
[1649255400.0, 0.8591557500000001],
[1649341800.0, 0.8770452500000001],
[1649428200.0, 0.8788755000000001],
[1649514600.0, 0.87590875],
[1649601000.0, 0.87590875],
[1649687400.0, 0.87590875],
[1649773800.0, 0.87590875],
[1649860200.0, 0.87590875],
[1649946600.0, 1.0037855],
[1650033000.0, 0.9950040000000001],
[1650119400.0, 0.9872312500000001],
[1650205800.0, 0.9597505000000001],
[1650292200.0, 0.9345465000000001],
[1650378600.0, 0.9305007500000002],
[1650465000.0, 0.9132545000000001],
[1650551400.0, 0.9132545000000001],
[1650637800.0, 0.9132545000000001],
[1650724200.0, 0.8947285],
[1650810600.0, 0.9165097500000001],
[1650897000.0, 0.9067835000000001],
[1650983400.0, 0.8858137500000001],
[1651069800.0, 0.8839822500000002],
[1651156200.0, 0.85290025],
[1651242600.0, 0.8624245000000001],
[1651329000.0, 0.8534057500000001],
[1651415400.0, 0.8898947500000001],
[1651501800.0, 0.8724617500000001],
[1651588200.0, 0.8645980000000002],
[1651674600.0, 0.856382],
[1651761000.0, 0.8055235000000002],
[1651847400.0, 0.7884599999999999],
[1651933800.0, 0.7989445000000001],
[1652020200.0, 0.796999],
[1652106600.0, 0.8030790000000001],
[1652193000.0, 0.7854570000000002],
[1652279400.0, 0.7761895000000001],
[1652365800.0, 0.744139],
[1652452200.0, 0.7469297500000001],
[1652538600.0, 0.7209962500000001],
[1652625000.0, 0.7228890000000001],
[1652711400.0, 0.7250327500000001],
[1652797800.0, 0.7299964999999999],
[1652884200.0, 0.76662125],
[1652970600.0, 0.7805532500000001],
[1653057000.0, 0.78095125],
[1653143400.0, 0.7664867500000001],
[1653229800.0, 0.756237],
[1653316200.0, 0.754267],
[1653402600.0, 0.74146075],
[1653489000.0, 0.7564325000000001],
[1653575400.0, 0.7450165000000001],
[1653661800.0, 0.7376897500000001],
[1653748200.0, 0.7153570000000002],
[1653834600.0, 0.7162605000000002],
[1653921000.0, 0.71461725],
[1654007400.0, 0.74329875],
[1654093800.0, 0.74715025],
[1654180200.0, 0.7533880000000001],
[1654266600.0, 0.7453527500000001],
[1654353000.0, 0.7387075000000001],
[1654439400.0, 0.7632430000000001],
[1654525800.0, 0.7801722499999999],
[1654612200.0, 0.7954065000000001],
[1654698600.0, 0.8047340000000001],
[1654785000.0, 0.7852162500000001],
[1654871400.0, 0.79208875],
[1654957800.0, 0.77014025],
[1655044200.0, 0.8173645],
[1655130600.0, 0.89098675],
[1655217000.0, 0.879832],
[1655303400.0, 0.8815287500000001],
[1655389800.0, 0.8430582500000001],
[1655476200.0, 0.8184067500000001],
[1655562600.0, 0.8191222500000002],
[1655649000.0, 0.9240450000000001],
[1655735400.0, 0.9639467500000001],
[1655821800.0, 0.92373675],
[1655908200.0, 0.8936845000000001],
[1655994600.0, 0.9475475000000001],
[1656081000.0, 0.94684425],
[1656167400.0, 0.9280170000000001],
[1656253800.0, 0.9142297500000001],
[1656340200.0, 0.9027510000000001],
[1656426600.0, 0.8818257500000001],
[1656513000.0, 0.8705315],
[1656599400.0, 0.843661],
[1656685800.0, 0.83335525],
[1656772200.0, 0.82971325],
[1656858600.0, 0.83520925],
[1656945000.0, 0.814387],
[1657031400.0, 0.86168175],
[1657117800.0, 0.92047575],
[1657204200.0, 0.8858737500000001],
[1657290600.0, 0.9514870000000001],
[1657377000.0, 0.9783875],
[1657463400.0, 1.01512975],
[1657549800.0, 1.0259885],
[1657636200.0, 1.0319385],
[1657722600.0, 0.9402972500000002],
[1657809000.0, 0.8395445],
[1657895400.0, 0.8317340000000001],
[1657981800.0, 0.8489470000000001],
[1658068200.0, 0.8535062500000001],
[1658154600.0, 0.82665825],
[1658241000.0, 0.8357220000000001],
[1658327400.0, 0.82683775],
[1658413800.0, 0.84372225],
[1658500200.0, 0.8332812500000001],
[1658586600.0, 0.81713525],
[1658673000.0, 0.8038190000000001],
[1658759400.0, 0.7937305],
[1658845800.0, 0.8127312500000001],
[1658932200.0, 0.9124647500000002],
[1659018600.0, 0.96174875],
[1659105000.0, 0.9367427500000001],
[1659191400.0, 0.9104970000000001],
[1659277800.0, 0.9199935000000001],
[1659364200.0, 0.9008467500000001],
[1659450600.0, 0.9212297500000001],
[1659537000.0, 0.9127622500000001],
[1659623400.0, 0.9216395000000002],
[1659709800.0, 0.9065437500000001],
[1659796200.0, 0.90232725],
[1659882600.0, 0.881283],
[1659969000.0, 0.873157],
[1660055400.0, 0.8874272500000001],
[1660141800.0, 0.87344175],
[1660228200.0, 0.88079825],
[1660314600.0, 0.8755245],
[1660401000.0, 0.8755245],
[1660487400.0, 0.8755245],
[1660573800.0, 0.8755245],
[1660660200.0, 0.86693925],
[1660746600.0, 0.8902705000000001],
[1660833000.0, 0.8913357500000001],
[1660919400.0, 0.8689357500000001],
[1661005800.0, 0.8877687500000001],
[1661092200.0, 0.89486325],
[1661178600.0, 0.90821825],
[1661265000.0, 0.9040285],
[1661351400.0, 0.89906425],
[1661437800.0, 0.929491],
[1661524200.0, 0.93361025],
[1661610600.0, 0.92398225],
[1661697000.0, 0.92272],
[1661783400.0, 0.9541295000000001],
[1661869800.0, 0.99963325],
[1661956200.0, 0.99633725],
[1662042600.0, 0.9687427500000001],
[1662129000.0, 0.9574327500000002],
[1662215400.0, 0.9515690000000001],
[1662301800.0, 0.9861445000000001],
[1662388200.0, 0.94498425],
[1662474600.0, 0.94527775],
[1662561000.0, 0.97556225],
[1662647400.0, 0.9474905],
[1662733800.0, 0.92977175],
[1662820200.0, 0.9326957499999999],
[1662906600.0, 0.92946],
[1662993000.0, 0.9091710000000001],
[1663079400.0, 0.89435675],
[1663165800.0, 0.8843625],
[1663252200.0, 0.86939725],
[1663338600.0, 0.8568647500000001],
[1663425000.0, 0.89052025],
[1663511400.0, 0.8569374999999999],
[1663597800.0, 0.8790415000000001],
[1663684200.0, 0.8672452500000001],
[1663770600.0, 0.836445],
[1663857000.0, 0.8312745000000001],
[1663943400.0, 0.8468942500000001],
[1664029800.0, 0.8520367500000001],
[1664116200.0, 0.83520375],
[1664202600.0, 0.841248],
[1664289000.0, 0.8352600000000001],
[1664375400.0, 0.84357375],
[1664461800.0, 0.83839375],
[1664548200.0, 0.8908215000000002],
[1664634600.0, 0.8830957500000001],
[1664717400.0, 0.92218325],
[1664803800.0, 1.01082],
[1664890200.0, 1.191186],
[1664976600.0, 1.6202067500000001],
[1665063000.0, 1.257298],
[1665149400.0, 1.169373],
[1665235800.0, 1.1489282500000002],
[1665322200.0, 1.0514215000000002],
[1665408600.0, 1.11590075],
[1665495000.0, 1.1030900000000001],
[1665581400.0, 1.09422825],
[1665667800.0, 1.0677915],
[1665754200.0, 1.04633725],
[1665840600.0, 1.053017],
[1665927000.0, 1.052029],
[1666013400.0, 1.010332],
[1666099800.0, 1.00459925],
[1666186200.0, 1.00004475],
[1666272600.0, 1.0123590000000002],
[1666359000.0, 1.0157655],
[1666445400.0, 1.0749050000000002],
[1666531800.0, 1.08233025],
[1666618200.0, 1.11352275],
[1666704600.0, 1.0843407500000002],
[1666791000.0, 1.05577325],
[1666877400.0, 1.0611907500000002],
[1666963800.0, 1.037668],
[1667050200.0, 1.03170575],
[1667136600.0, 1.012339],
[1667223000.0, 0.98978575],
[1667309400.0, 0.95699825],
[1667395800.0, 0.9444302500000001],
[1667482200.0, 0.9479475000000002],
[1667568600.0, 0.9354370000000001],
[1667655000.0, 0.93844875],
[1667741400.0, 0.8854747500000001],
[1667827800.0, 0.8752030000000001],
[1667914200.0, 0.8630462500000001],
[1668000600.0, 0.8677895],
[1668087000.0, 0.8826637500000001],
[1668173400.0, 0.8794517500000001],
[1668259800.0, 0.89862525],
[1668346200.0, 0.9009325000000001],
[1668432600.0, 0.8888227500000002],
[1668519000.0, 0.8787145000000001],
[1668605400.0, 0.8414385],
[1668691800.0, 0.86843125],
[1668778200.0, 0.86661],
[1668864600.0, 0.86795825],
[1668951000.0, 0.8881960000000002],
[1669037400.0, 0.8784565000000001],
[1669123800.0, 0.8810067500000001],
[1669210200.0, 0.8867642500000001],
[1669296600.0, 0.8702077500000001],
[1669383000.0, 0.8659650000000001],
[1669469400.0, 0.8629425000000001],
[1669555800.0, 0.9392525000000002],
[1669642200.0, 0.95328975],
[1669728600.0, 0.8831565000000001],
[1669815000.0, 0.92671775],
[1669901400.0, 0.93941925],
[1669987800.0, 0.9383705000000002],
[1670074200.0, 0.9658315000000001],
[1670160600.0, 0.9278995000000001],
[1670247000.0, 0.9334695000000001],
[1670333400.0, 0.91144725],
[1670419800.0, 0.9167305000000001],
[1670506200.0, 0.880677],
[1670592600.0, 0.9668320000000001],
[1670679000.0, 0.9332650000000001],
[1670765400.0, 0.9727785000000001],
[1670851800.0, 0.9656545000000001],
[1670938200.0, 0.9418125000000002],
[1671024600.0, 0.918787],
[1671111000.0, 0.9023912500000001],
[1671197400.0, 0.9160415],
[1671283800.0, 0.9026077499999999],
[1671370200.0, 0.8885792500000002],
[1671456600.0, 0.8938737500000001],
[1671543000.0, 0.8952672500000001],
[1671629400.0, 0.8793105],
[1671715800.0, 0.888131],
[1671802200.0, 0.85963325],
[1671888600.0, 0.8450342500000001],
[1671975000.0, 0.8497702500000001],
[1672061400.0, 0.8344677500000001],
[1672147800.0, 0.83342525],
[1672234200.0, 0.8256952500000001],
[1672320600.0, 0.82589925],
[1672407000.0, 0.8318077500000001],
[1672493400.0, 0.854932],
[1672579800.0, 0.87996925],
[1672666200.0, 0.8618635000000001],
[1672752600.0, 0.8688215],
[1672839000.0, 0.8283585],
[1672925400.0, 0.83695275],
[1673011800.0, 0.8219945000000001],
[1673098200.0, 0.79644775],
[1673184600.0, 0.848614],
[1673271000.0, 0.8577760000000001],
[1673357400.0, 0.8498985],
[1673443800.0, 0.8847670000000001],
[1673530200.0, 0.914224],
[1673616600.0, 0.9938655000000001],
[1673703000.0, 1.004578],
[1673789400.0, 1.028102],
[1673875800.0, 1.00974],
[1673962200.0, 1.2257502500000002],
[1674048600.0, 1.23963125],
[1674135000.0, 1.23576075],
[1674221400.0, 1.26778075],
[1674307800.0, 1.5750450000000003],
[1674394200.0, 1.5406822500000001],
[1674480600.0, 1.5306605],
[1674567000.0, 1.6153020000000002],
[1674653400.0, 1.59073375],
[1674739800.0, 1.5290015000000001],
[1674826200.0, 1.47422075],
[1674912600.0, 1.54445775],
[1674999000.0, 1.50747475],
[1675085400.0, 1.4974557499999999],
[1675171800.0, 2.2404585000000004],
[1675258200.0, 1.5354385],
[1675344600.0, 1.2859185000000002],
[1675431000.0, 1.2507587500000001],
[1675517400.0, 1.1825842500000001],
[1675603800.0, 1.18292875],
[1675690200.0, 1.1647267500000003],
[1675776600.0, 1.1459865],
[1675863000.0, 1.1497985],
[1675949400.0, 1.1497985],
