[1635773400.0, 0],
[1635859800.0, 0],
[1635946200.0, 0],
[1636032600.0, 0],
[1636119000.0, 0],
[1636205400.0, 0],
[1636291800.0, 0],
[1636378200.0, 0],
[1636464600.0, 0],
[1636551000.0, 0],
[1636637400.0, 0],
[1636723800.0, 0],
[1636810200.0, 0],
[1636896600.0, 0],
[1636983000.0, 0],
[1637069400.0, 0],
[1637155800.0, 0],
[1637242200.0, 0],
[1637328600.0, 0],
[1637415000.0, 0],
[1637501400.0, 0],
[1637587800.0, 0],
[1637674200.0, 0],
[1637760600.0, 0],
[1637847000.0, 0],
[1637933400.0, 0],
[1638019800.0, 0],
[1638106200.0, 0],
[1638192600.0, 0],
[1638279000.0, 0],
[1638365400.0, 0],
[1638451800.0, 0],
[1638538200.0, 0],
[1638624600.0, 0],
[1638711000.0, 0],
[1638797400.0, 0],
[1638883800.0, 0],
[1638970200.0, 0],
[1639056600.0, 0],
[1639143000.0, 0],
[1639229400.0, 0],
[1639315800.0, 0],
[1639402200.0, 0],
[1639488600.0, 0],
[1639575000.0, 0],
[1639661400.0, 0],
[1639747800.0, 0],
[1639834200.0, 0],
[1639920600.0, 0],
[1640007000.0, 0],
[1640093400.0, 0],
[1640179800.0, 0],
[1640266200.0, 0],
[1640352600.0, 0],
[1640439000.0, 0],
[1640525400.0, 0],
[1640611800.0, 0],
[1640698200.0, 0],
[1640784600.0, 0],
[1640871000.0, 0],
[1640957400.0, 0],
[1641043800.0, 0],
[1641130200.0, 0],
[1641216600.0, 0],
[1641303000.0, 0],
[1641389400.0, 0],
[1641475800.0, 0],
[1641562200.0, 0],
[1641648600.0, 0],
[1641735000.0, 0],
[1641821400.0, 0],
[1641907800.0, 0],
[1641994200.0, 0],
[1642080600.0, 0],
[1642167000.0, 0],
[1642253400.0, 0],
[1642339800.0, 0],
[1642426200.0, 0],
[1642512600.0, 0],
[1642599000.0, 0],
[1642685400.0, 0],
[1642771800.0, 104.28927643031568],
[1642858200.0, 107.37185623068038],
[1642944600.0, 101.00164695876401],
[1643031000.0, 82.67225759309972],
[1643117400.0, 79.71845093913048],
[1643203800.0, 76.40394609237538],
[1643290200.0, 154.7207920214907],
[1643376600.0, 80.92379716772656],
[1643463000.0, 95.7204091],
[1643549400.0, 93.9459602],
[1643635800.0, 93.9459602],
[1643722200.0, 93.9459602],
[1643808600.0, 85.73984715],
[1643895000.0, 80.9391268],
[1643981400.0, 76.3038886],
[1644067800.0, 75.96142],
[1644154200.0, 75.4524222],
[1644240600.0, 67.41216370000001],
[1644327000.0, 61.7496493],
[1644413400.0, 61.408549900000004],
[1644499800.0, 61.48163485],
[1644586200.0, 59.51995105],
[1644672600.0, 59.415529899999996],
[1644759000.0, 57.082415250000004],
[1644845400.0, 55.89770015],
[1644931800.0, 57.31347615],
[1645018200.0, 55.613231250000005],
[1645104600.0, 56.20467885000001],
[1645191000.0, 55.52950345000001],
[1645277400.0, 54.86172859999999],
[1645363800.0, 56.08578925],
[1645450200.0, 55.74594345],
[1645536600.0, 55.96755535],
[1645623000.0, 54.85516595],
[1645709400.0, 54.0735035],
[1645795800.0, 54.67381385],
[1645882200.0, 54.15172814999999],
[1645968600.0, 54.630993499999995],
[1646055000.0, 54.35071275],
[1646141400.0, 53.7150444],
[1646227800.0, 53.9565504],
[1646314200.0, 54.24497149999999],
[1646400600.0, 54.711005799999995],
[1646487000.0, 55.685306800000006],
[1646573400.0, 56.431227800000016],
[1646659800.0, 56.358787750000005],
[1646746200.0, 55.624353400000004],
[1646832600.0, 55.058650500000006],
[1646919000.0, 54.78166805],
[1647005400.0, 54.419830700000006],
[1647091800.0, 54.335962650000006],
[1647178200.0, 53.60458499999999],
[1647264600.0, 53.7469252],
[1647351000.0, 52.81878065000001],
[1647437400.0, 52.95592514999999],
[1647523800.0, 52.853352300000005],
[1647610200.0, 52.5365851],
[1647696600.0, 51.9023002],
[1647783000.0, 51.77840435],
[1647869400.0, 52.2627422],
[1647955800.0, 52.090459800000005],
[1648042200.0, 51.17430995],
[1648128600.0, 51.064761700000005],
[1648215000.0, 50.855191850000004],
[1648301400.0, 50.06803565],
[1648387800.0, 48.911263950000006],
[1648474200.0, 47.23296735],
[1648560600.0, 46.16828425],
[1648647000.0, 45.002377550000006],
[1648733400.0, 45.9137775],
[1648819800.0, 45.840943249999995],
[1648906200.0, 46.53064035],
[1648996200.0, 46.8907703],
[1649082600.0, 46.325737000000004],
[1649169000.0, 46.16716435],
[1649255400.0, 46.36400635],
[1649341800.0, 46.25830705],
[1649428200.0, 46.6289769],
[1649514600.0, 46.45330104999999],
[1649601000.0, 46.45330104999999],
[1649687400.0, 46.45330104999999],
[1649773800.0, 46.45330104999999],
[1649860200.0, 46.445334550000005],
[1649946600.0, 46.504166950000005],
[1650033000.0, 46.4214415],
[1650119400.0, 46.556566350000004],
[1650205800.0, 46.04115745],
[1650292200.0, 46.021926549999996],
[1650378600.0, 46.20126585],
[1650465000.0, 45.39662375],
[1650551400.0, 45.39662375],
[1650637800.0, 45.39662375],
[1650724200.0, 45.34901475],
[1650810600.0, 44.5510376],
[1650897000.0, 43.9468604],
[1650983400.0, 43.966493199999995],
[1651069800.0, 43.220465450000006],
[1651156200.0, 41.973030949999995],
[1651242600.0, 41.9671367],
[1651329000.0, 42.06188315],
[1651415400.0, 41.35092105],
[1651501800.0, 40.65221545],
[1651588200.0, 39.191165100000006],
[1651674600.0, 38.1964815],
[1651761000.0, 37.34841],
[1651847400.0, 36.5556189],
[1651933800.0, 35.0468068],
[1652020200.0, 34.937162300000004],
[1652106600.0, 35.46178385],
[1652193000.0, 35.977860899999996],
[1652279400.0, 36.027849599999996],
[1652365800.0, 35.02584435],
[1652452200.0, 34.881923500000006],
[1652538600.0, 34.474730199999996],
[1652625000.0, 34.088817049999996],
[1652711400.0, 33.813800650000005],
[1652797800.0, 33.3041888],
[1652884200.0, 32.244049950000004],
[1652970600.0, 31.808670199999998],
[1653057000.0, 32.31290025],
[1653143400.0, 31.937619700000006],
[1653229800.0, 31.50262225],
[1653316200.0, 31.768717449999997],
[1653402600.0, 31.389917650000005],
[1653489000.0, 31.119557499999996],
[1653575400.0, 30.7788943],
[1653661800.0, 31.084758299999997],
[1653748200.0, 31.135155250000004],
[1653834600.0, 31.1963968],
[1653921000.0, 31.3877952],
[1654007400.0, 31.998861750000007],
[1654093800.0, 32.1779235],
[1654180200.0, 32.4281933],
[1654266600.0, 32.0490075],
[1654353000.0, 31.789984600000004],
[1654439400.0, 31.773436550000003],
[1654525800.0, 31.389860500000005],
[1654612200.0, 31.10794615],
[1654698600.0, 30.8749522],
[1654785000.0, 31.182245599999998],
[1654871400.0, 30.820035850000004],
[1654957800.0, 30.207076150000006],
[1655044200.0, 30.065210800000003],
[1655130600.0, 29.73641965],
[1655217000.0, 29.758370600000003],
[1655303400.0, 29.81193185],
[1655389800.0, 29.952470850000005],
[1655476200.0, 29.97111315],
[1655562600.0, 29.555988749999997],
[1655649000.0, 29.573309300000002],
[1655735400.0, 29.30689465],
[1655821800.0, 29.714677950000002],
[1655908200.0, 29.4425743],
[1655994600.0, 28.94210855],
[1656081000.0, 28.9170461],
[1656167400.0, 28.2990233],
[1656253800.0, 27.8740279],
[1656340200.0, 27.639852599999998],
[1656426600.0, 27.419497100000008],
[1656513000.0, 27.092308300000003],
[1656599400.0, 27.539412350000003],
[1656685800.0, 27.06991795],
[1656772200.0, 27.181961799999996],
[1656858600.0, 27.437144800000002],
[1656945000.0, 27.344393099999998],
[1657031400.0, 28.197118000000003],
[1657117800.0, 28.104113599999998],
[1657204200.0, 28.200443949999997],
[1657290600.0, 28.2393359],
[1657377000.0, 27.86252925],
[1657463400.0, 27.614592050000002],
[1657549800.0, 27.3844897],
[1657636200.0, 27.082809750000003],
[1657722600.0, 26.8395949],
[1657809000.0, 26.634364750000007],
[1657895400.0, 26.4270317],
[1657981800.0, 26.310366150000004],
[1658068200.0, 26.362424849999996],
[1658154600.0, 26.518082749999998],
[1658241000.0, 26.38362235],
[1658327400.0, 26.4212795],
[1658413800.0, 26.22889815],
[1658500200.0, 26.2895437],
[1658586600.0, 25.960961450000003],
[1658673000.0, 25.632284850000005],
[1658759400.0, 25.7554844],
[1658845800.0, 25.58993625],
[1658932200.0, 25.442358],
[1659018600.0, 25.189760299999996],
[1659105000.0, 25.120363600000005],
[1659191400.0, 24.689350900000004],
[1659277800.0, 24.5421534],
[1659364200.0, 24.214949550000004],
[1659450600.0, 23.613003449999997],
[1659537000.0, 23.521482499999998],
[1659623400.0, 23.53666625],
[1659709800.0, 23.2355046],
[1659796200.0, 23.10797635],
[1659882600.0, 22.8494742],
[1659969000.0, 22.714523950000004],
[1660055400.0, 22.88850865],
[1660141800.0, 23.09129875],
[1660228200.0, 23.1637575],
[1660314600.0, 22.824772850000002],
[1660401000.0, 22.824772850000002],
[1660487400.0, 22.824772850000002],
[1660573800.0, 22.824772850000002],
[1660660200.0, 23.12160335],
[1660746600.0, 22.93232495],
[1660833000.0, 23.073965299999998],
[1660919400.0, 23.100866999999997],
[1661005800.0, 22.999330350000005],
[1661092200.0, 23.064611199999998],
[1661178600.0, 23.31646775],
[1661265000.0, 23.0686704],
[1661351400.0, 23.11239635],
[1661437800.0, 23.315780900000004],
[1661524200.0, 23.2895214],
[1661610600.0, 23.357765849999996],
[1661697000.0, 23.43369985],
[1661783400.0, 23.273744349999998],
[1661869800.0, 23.39112705],
[1661956200.0, 23.445942499999997],
[1662042600.0, 23.4265405],
[1662129000.0, 23.3267228],
[1662215400.0, 23.426330199999995],
[1662301800.0, 23.558595949999997],
[1662388200.0, 23.258336149999995],
[1662474600.0, 22.920588249999998],
[1662561000.0, 22.86371595],
[1662647400.0, 22.8464871],
[1662733800.0, 22.921342250000002],
[1662820200.0, 22.818960450000006],
[1662906600.0, 22.62427025],
[1662993000.0, 22.683173649999997],
[1663079400.0, 22.408509350000003],
[1663165800.0, 22.382139249999998],
[1663252200.0, 22.383848450000002],
[1663338600.0, 22.35342325],
[1663425000.0, 22.281827000000003],
[1663511400.0, 22.067441700000003],
[1663597800.0, 22.18224145],
[1663684200.0, 22.035611000000003],
[1663770600.0, 21.972952900000003],
[1663857000.0, 21.911737],
[1663943400.0, 21.518524499999998],
[1664029800.0, 21.429338500000004],
[1664116200.0, 21.23798215],
[1664202600.0, 21.184510749999998],
[1664289000.0, 20.96804745],
[1664375400.0, 20.80767515],
[1664461800.0, 20.9049963],
[1664548200.0, 21.44118285],
[1664634600.0, 21.7006218],
[1664717400.0, 21.700107600000003],
[1664803800.0, 21.805634949999998],
[1664890200.0, 21.94346395],
[1664976600.0, 21.872383850000002],
[1665063000.0, 21.62394995],
[1665149400.0, 21.285403950000003],
[1665235800.0, 21.26351875],
[1665322200.0, 21.0697671],
[1665408600.0, 21.13181385],
[1665495000.0, 21.070289099999997],
[1665581400.0, 21.16340835],
[1665667800.0, 21.04583425],
[1665754200.0, 21.139967450000004],
[1665840600.0, 20.9541552],
[1665927000.0, 20.94669455],
[1666013400.0, 20.656665950000004],
[1666099800.0, 20.763631500000002],
[1666186200.0, 20.757427900000003],
[1666272600.0, 20.608883650000003],
[1666359000.0, 20.944686950000005],
[1666445400.0, 20.832138450000002],
[1666531800.0, 20.8567192],
[1666618200.0, 20.42170845],
[1666704600.0, 20.3908568],
[1666791000.0, 20.51744975],
[1666877400.0, 20.5636023],
[1666963800.0, 20.199610100000005],
[1667050200.0, 20.1676228],
[1667136600.0, 19.869089],
[1667223000.0, 19.8491884],
[1667309400.0, 19.86513875],
[1667395800.0, 19.7647943],
[1667482200.0, 20.121676750000002],
[1667568600.0, 20.1502288],
[1667655000.0, 19.9021021],
[1667741400.0, 19.6819146],
[1667827800.0, 19.48078585],
[1667914200.0, 19.2818678],
[1668000600.0, 19.25545105],
[1668087000.0, 19.36659165],
[1668173400.0, 19.50640365],
[1668259800.0, 19.4777468],
[1668346200.0, 19.37093145],
[1668432600.0, 19.538878150000002],
[1668519000.0, 19.3906092],
[1668605400.0, 19.24486965],
[1668691800.0, 19.4675687],
[1668778200.0, 19.466838850000002],
[1668864600.0, 19.57256865],
[1668951000.0, 19.724633500000003],
[1669037400.0, 20.336527999999998],
[1669123800.0, 19.9504632],
[1669210200.0, 19.580403500000003],
[1669296600.0, 19.397515249999998],
[1669383000.0, 19.43323225],
[1669469400.0, 19.27553955],
[1669555800.0, 19.15369235],
[1669642200.0, 19.252686399999998],
[1669728600.0, 19.442495150000003],
[1669815000.0, 19.545471000000003],
[1669901400.0, 19.52096685],
[1669987800.0, 19.58772975],
[1670074200.0, 19.3941758],
[1670160600.0, 19.6990149],
[1670247000.0, 19.52653265],
[1670333400.0, 19.597941849999998],
[1670419800.0, 19.576422],
[1670506200.0, 19.411709549999998],
[1670592600.0, 19.1811616],
[1670679000.0, 19.1304629],
[1670765400.0, 18.6310496],
[1670851800.0, 18.72815795],
[1670938200.0, 18.793272750000003],
[1671024600.0, 18.68420305],
[1671111000.0, 18.68861435],
[1671197400.0, 18.52536585],
[1671283800.0, 18.30428625],
[1671370200.0, 18.31312275],
[1671456600.0, 18.2125331],
[1671543000.0, 18.12755335],
[1671629400.0, 17.80182435],
[1671715800.0, 17.4222653],
[1671802200.0, 16.9686337],
[1671888600.0, 16.80553905],
[1671975000.0, 16.78477125],
[1672061400.0, 17.0067594],
[1672147800.0, 17.058380999999997],
[1672234200.0, 16.831512449999998],
[1672320600.0, 16.9366165],
[1672407000.0, 16.824711800000003],
[1672493400.0, 16.646457050000002],
[1672579800.0, 16.68974705],
[1672666200.0, 16.4554155],
[1672752600.0, 16.41111875],
[1672839000.0, 16.2476816],
[1672925400.0, 16.3319972],
[1673011800.0, 16.20439195],
[1673098200.0, 15.933600599999998],
[1673184600.0, 16.14020575],
[1673271000.0, 16.37107905],
[1673357400.0, 16.53341845],
[1673443800.0, 16.77612405],
[1673530200.0, 17.127183600000002],
[1673616600.0, 17.275457900000003],
[1673703000.0, 17.4243084],
[1673789400.0, 17.446659],
[1673875800.0, 17.30914835],
[1673962200.0, 17.64437755],
[1674048600.0, 17.640909550000003],
[1674135000.0, 17.72988775],
[1674221400.0, 18.3255215],
[1674307800.0, 18.73964665],
[1674394200.0, 18.790157200000003],
[1674480600.0, 18.62365755],
[1674567000.0, 18.501168300000003],
[1674653400.0, 18.41513185],
[1674739800.0, 18.3697357],
[1674826200.0, 18.116507399999996],
[1674912600.0, 17.85741185],
[1674999000.0, 17.78078415],
[1675085400.0, 17.7313842],
[1675171800.0, 17.72717035],
[1675258200.0, 17.8410991],
[1675344600.0, 17.714138],
[1675431000.0, 17.607531200000004],
[1675517400.0, 17.768852600000002],
[1675603800.0, 17.601538950000002],
[1675690200.0, 17.6222873],
[1675776600.0, 17.557312149999998],
[1675863000.0, 17.594770850000003],
[1675949400.0, 17.594770850000003],
