[1635773400.0, 0.0025563273657289],
[1635859800.0, 0.0025563273657289],
[1635946200.0, 0.0025563273657289],
[1636032600.0, 0.0025563273657289],
[1636119000.0, 0.0025563273657289],
[1636205400.0, 0.0025563273657289],
[1636291800.0, 0.0025563273657289],
[1636378200.0, 0.0025563273657289],
[1636464600.0, 0.0025563273657289],
[1636551000.0, 0.0025563273657289],
[1636637400.0, 0.0025563273657289],
[1636723800.0, 0.0025563273657289],
[1636810200.0, 0.0025569335038363164],
[1636896600.0, 0.0025569335038363164],
[1636983000.0, 0.0025569335038363164],
[1637069400.0, 0.0025569335038363164],
[1637155800.0, 0.0025569335038363164],
[1637242200.0, 0.0025569335038363164],
[1637328600.0, 0.0025569335038363164],
[1637415000.0, 0.0025569335038363164],
[1637501400.0, 0.0025569335038363164],
[1637587800.0, 0.0025569335038363164],
[1637674200.0, 0.0025569335038363164],
[1637760600.0, 0.0025569335038363164],
[1637847000.0, 0.0025569335038363164],
[1637933400.0, 0.0025569335038363164],
[1638019800.0, 0.0025569335038363164],
[1638106200.0, 0.002557459505541346],
[1638192600.0, 0.002557459505541346],
[1638279000.0, 0.002557459505541346],
[1638365400.0, 0.002557459505541346],
[1638451800.0, 0.002557459505541346],
[1638538200.0, 0.002557459505541346],
[1638624600.0, 0.0025483282182438187],
[1638711000.0, 0.0025483282182438187],
[1638797400.0, 0.0025483282182438187],
[1638883800.0, 0.0025483282182438187],
[1638970200.0, 0.0025483282182438187],
[1639056600.0, 0.0025483282182438187],
[1639143000.0, 0.0025489343563512355],
[1639229400.0, 0.0025489343563512355],
[1639315800.0, 0.0025489343563512355],
[1639402200.0, 0.0025489343563512355],
[1639488600.0, 0.0025489343563512355],
[1639575000.0, 0.0025489343563512355],
[1639661400.0, 0.0025489343563512355],
[1639747800.0, 0.0025489343563512355],
[1639834200.0, 0.002540409207161125],
[1639920600.0, 0.0025400937766410906],
[1640007000.0, 0.0025400937766410906],
[1640093400.0, 0.0025400937766410906],
[1640179800.0, 0.0025489343563512355],
[1640266200.0, 0.002540409207161125],
[1640352600.0, 0.002540409207161125],
[1640439000.0, 0.0025401534526854216],
[1640525400.0, 0.0025401534526854216],
[1640611800.0, 0.0025401534526854216],
[1640698200.0, 0.0025401534526854216],
[1640784600.0, 0.0025401534526854216],
[1640871000.0, 0.0025401534526854216],
[1640957400.0, 0.0025401534526854216],
[1641043800.0, 0.002540409207161125],
[1641130200.0, 0.002540409207161125],
[1641216600.0, 0.002540409207161125],
[1641303000.0, 0.002548934356351236],
[1641389400.0, 0.002548934356351236],
[1641475800.0, 0.002540409207161125],
[1641562200.0, 0.002540409207161125],
[1641648600.0, 0.002557459505541346],
[1641735000.0, 0.002557459505541346],
[1641821400.0, 0.002557459505541346],
[1641907800.0, 0.002557459505541346],
[1641994200.0, 0.002557459505541346],
[1642080600.0, 0.002557459505541346],
[1642167000.0, 0.002557459505541346],
[1642253400.0, 0.002557459505541346],
[1642339800.0, 0.002557459505541346],
[1642426200.0, 0.002557459505541346],
[1642512600.0, 0.002557459505541346],
[1642599000.0, 0.002557459505541346],
[1642685400.0, 0.002557459505541346],
[1642771800.0, 0.04880051759834369],
[1642858200.0, 0.1044267963707222],
[1642944600.0, 0.1044267963707222],
[1643031000.0, 0.1044267963707222],
[1643117400.0, 0.1013577426622823],
[1643203800.0, 0.10289226951650225],
[1643290200.0, 0.1532994328948971],
[1643376600.0, 0.1258323794300329],
[1643463000.0, 0.11728321063207892],
[1643549400.0, 0.09464446382900987],
[1643635800.0, 0.09464446382900987],
[1643722200.0, 0.09464446382900987],
[1643808600.0, 0.09262217665327001],
[1643895000.0, 0.09640597278041652],
[1643981400.0, 0.09153293660942637],
[1644067800.0, 0.09774363719400804],
[1644154200.0, 0.10836681037632444],
[1644240600.0, 0.09224715381804896],
[1644327000.0, 0.092132338326635],
[1644413400.0, 0.09013265801972963],
[1644499800.0, 0.0896955005480453],
[1644586200.0, 0.08929364632809646],
[1644672600.0, 0.08851263609791743],
[1644759000.0, 0.08851263609791743],
[1644845400.0, 0.08390905553525757],
[1644931800.0, 0.08663558092802337],
[1645018200.0, 0.08585918341249542],
[1645104600.0, 0.08622906832298136],
[1645191000.0, 0.08622906832298136],
[1645277400.0, 0.08695381256850565],
[1645363800.0, 0.08463827548410668],
[1645450200.0, 0.08388923456339056],
[1645536600.0, 0.08354670624771646],
[1645623000.0, 0.08276122031421262],
[1645709400.0, 0.08276122031421262],
[1645795800.0, 0.08237486907806599],
[1645882200.0, 0.08276137802947264],
[1645968600.0, 0.08276137802947264],
[1646055000.0, 0.08276137802947264],
[1646141400.0, 0.08276137802947264],
[1646227800.0, 0.0820323407623919],
[1646314200.0, 0.0820323407623919],
[1646400600.0, 0.08471470283765678],
[1646487000.0, 0.0843721745219827],
[1646573400.0, 0.08356686761661185],
[1646659800.0, 0.0820323407623919],
[1646746200.0, 0.08356686761661185],
[1646832600.0, 0.08356686761661185],
[1646919000.0, 0.08356686761661185],
[1647005400.0, 0.06726923334551212],
[1647091800.0, 0.0820323407623919],
[1647178200.0, 0.06726923334551212],
[1647264600.0, 0.06726923334551212],
[1647351000.0, 0.06726923334551212],
[1647437400.0, 0.059946663013031296],
[1647523800.0, 0.06726923334551212],
[1647610200.0, 0.059946663013031296],
[1647696600.0, 0.06880376019973207],
[1647783000.0, 0.059946663013031296],
[1647869400.0, 0.059946663013031296],
[1647955800.0, 0.059946663013031296],
[1648042200.0, 0.059946663013031296],
[1648128600.0, 0.059946663013031296],
[1648215000.0, 0.05919314638899038],
[1648301400.0, 0.059946663013031296],
[1648387800.0, 0.052670128486177074],
[1648474200.0, 0.05919314638899038],
[1648560600.0, 0.0522877755450006],
[1648647000.0, 0.04501124101814638],
[1648733400.0, 0.0473130312994763],
[1648819800.0, 0.0473130312994763],
[1648906200.0, 0.0473130312994763],
[1648996200.0, 0.04927229326513214],
[1649082600.0, 0.052670128486177074],
[1649169000.0, 0.05036833820484715],
[1649255400.0, 0.04927229326513214],
[1649341800.0, 0.05157408354646206],
[1649428200.0, 0.05232760017050298],
[1649514600.0, 0.046874595055413464],
[1649601000.0, 0.046874595055413464],
[1649687400.0, 0.046874595055413464],
[1649773800.0, 0.046874595055413464],
[1649860200.0, 0.046874595055413464],
[1649946600.0, 0.04456314748508099],
[1650033000.0, 0.04805689063451467],
[1650119400.0, 0.04805689063451467],
[1650205800.0, 0.052661077335281935],
[1650292200.0, 0.052661077335281935],
[1650378600.0, 0.052661077335281935],
[1650465000.0, 0.052661077335281935],
[1650551400.0, 0.052661077335281935],
[1650637800.0, 0.052661077335281935],
[1650724200.0, 0.052661077335281935],
[1650810600.0, 0.04961429557910121],
[1650897000.0, 0.045010715016441355],
[1650983400.0, 0.045764231640482274],
[1651069800.0, 0.045010715016441355],
[1651156200.0, 0.04466818670076726],
[1651242600.0, 0.04466818670076726],
[1651329000.0, 0.0462848746803069],
[1651415400.0, 0.04542170332480818],
[1651501800.0, 0.04542170332480818],
[1651588200.0, 0.04466871270247229],
[1651674600.0, 0.04466871270247229],
[1651761000.0, 0.04542222932651321],
[1651847400.0, 0.04542222932651321],
[1651933800.0, 0.045081223358908774],
[1652020200.0, 0.04264676044330775],
[1652106600.0, 0.037146121057118495],
[1652193000.0, 0.03454328644501279],
[1652279400.0, 0.030854667519181592],
[1652365800.0, 0.033521121057118505],
[1652452200.0, 0.03585627280477408],
[1652538600.0, 0.03585627280477408],
[1652625000.0, 0.031839648763853375],
[1652711400.0, 0.035004610400682014],
[1652797800.0, 0.0413345336743393],
[1652884200.0, 0.02993992583120205],
[1652970600.0, 0.03252080818414323],
[1653057000.0, 0.031765053708439905],
[1653143400.0, 0.028928097186700776],
[1653229800.0, 0.029098600170502992],
[1653316200.0, 0.027041901108269404],
[1653402600.0, 0.029463256606990628],
[1653489000.0, 0.031144202898550733],
[1653575400.0, 0.02987885763000853],
[1653661800.0, 0.03193608269394715],
[1653748200.0, 0.029003218243819275],
[1653834600.0, 0.029098520034100604],
[1653921000.0, 0.027041294970161986],
[1654007400.0, 0.02987825149190111],
[1654093800.0, 0.033786925831202054],
[1654180200.0, 0.03332177237851663],
[1654266600.0, 0.03480909121909634],
[1654353000.0, 0.03227708866155158],
[1654439400.0, 0.03312875106564365],
[1654525800.0, 0.032106585677749364],
[1654612200.0, 0.030780072463768123],
[1654698600.0, 0.03176557971014493],
[1654785000.0, 0.03176557971014493],
[1654871400.0, 0.026871398124467188],
[1654957800.0, 0.031389300937766415],
[1655044200.0, 0.030780072463768123],
[1655130600.0, 0.026871398124467188],
[1655217000.0, 0.03176557971014493],
[1655303400.0, 0.026871398124467188],
[1655389800.0, 0.026871398124467188],
[1655476200.0, 0.028916474850809896],
[1655562600.0, 0.027235528559249798],
[1655649000.0, 0.027235528559249798],
[1655735400.0, 0.027041901108269404],
[1655821800.0, 0.027041901108269404],
[1655908200.0, 0.027041901108269404],
[1655994600.0, 0.028722847399829506],
[1656081000.0, 0.026871398124467188],
[1656167400.0, 0.02677549019607844],
[1656253800.0, 0.02677549019607844],
[1656340200.0, 0.027139620630861047],
[1656426600.0, 0.02677549019607844],
[1656513000.0, 0.026871398124467188],
[1656599400.0, 0.026871398124467188],
[1656685800.0, 0.02677549019607844],
[1656772200.0, 0.027235528559249798],
[1656858600.0, 0.027235528559249798],
[1656945000.0, 0.027235528559249798],
[1657031400.0, 0.027406031543052014],
[1657117800.0, 0.027406031543052014],
[1657204200.0, 0.027624914748508107],
[1657290600.0, 0.02736916027280478],
[1657377000.0, 0.026871398124467188],
[1657463400.0, 0.026871398124467188],
[1657549800.0, 0.026871398124467188],
[1657636200.0, 0.02855234441602729],
[1657722600.0, 0.026871398124467188],
[1657809000.0, 0.026359889173060532],
[1657895400.0, 0.026871398124467188],
[1657981800.0, 0.026871398124467188],
[1658068200.0, 0.02661564364876386],
[1658154600.0, 0.02677549019607844],
[1658241000.0, 0.02677549019607844],
[1658327400.0, 0.02677549019607844],
[1658413800.0, 0.02677549019607844],
[1658500200.0, 0.02677549019607844],
[1658586600.0, 0.026519735720375113],
[1658673000.0, 0.026519735720375113],
[1658759400.0, 0.026263981244671785],
[1658845800.0, 0.026008226768968464],
[1658932200.0, 0.026519735720375113],
[1659018600.0, 0.026871398124467188],
[1659105000.0, 0.026359889173060532],
[1659191400.0, 0.026359889173060532],
[1659277800.0, 0.02610413469735721],
[1659364200.0, 0.026008226768968464],
[1659450600.0, 0.026008226768968464],
[1659537000.0, 0.02637235720375107],
[1659623400.0, 0.02610413469735721],
[1659709800.0, 0.026263981244671785],
[1659796200.0, 0.026263981244671785],
[1659882600.0, 0.02677549019607844],
[1659969000.0, 0.02661564364876386],
[1660055400.0, 0.026263981244671785],
[1660141800.0, 0.026008226768968464],
[1660228200.0, 0.026008226768968464],
[1660314600.0, 0.026008226768968464],
[1660401000.0, 0.026008226768968464],
[1660487400.0, 0.026008226768968464],
[1660573800.0, 0.026008226768968464],
[1660660200.0, 0.026008226768968464],
[1660746600.0, 0.02637235720375107],
[1660833000.0, 0.026263981244671785],
[1660919400.0, 0.02677549019607844],
[1661005800.0, 0.02677549019607844],
[1661092200.0, 0.02677549019607844],
[1661178600.0, 0.026871398124467188],
[1661265000.0, 0.02661564364876386],
[1661351400.0, 0.027235528559249798],
[1661437800.0, 0.027235528559249798],
[1661524200.0, 0.026871398124467188],
[1661610600.0, 0.026871398124467188],
[1661697000.0, 0.026871398124467188],
[1661783400.0, 0.02677549019607844],
[1661869800.0, 0.026519735720375113],
[1661956200.0, 0.026774301790281337],
[1662042600.0, 0.02677549019607844],
[1662129000.0, 0.02688386615515772],
[1662215400.0, 0.02752900682011936],
[1662301800.0, 0.026519735720375113],
[1662388200.0, 0.026871398124467188],
[1662474600.0, 0.03441295822676897],
[1662561000.0, 0.026359889173060532],
[1662647400.0, 0.025635336743393012],
[1662733800.0, 0.026359889173060532],
[1662820200.0, 0.025635336743393012],
[1662906600.0, 0.028448635976129583],
[1662993000.0, 0.02677549019607844],
[1663079400.0, 0.02677549019607844],
[1663165800.0, 0.026263981244671785],
[1663252200.0, 0.026263981244671785],
[1663338600.0, 0.02677549019607844],
[1663425000.0, 0.026519735720375113],
[1663511400.0, 0.026263981244671785],
[1663597800.0, 0.025635336743393012],
[1663684200.0, 0.026008226768968464],
[1663770600.0, 0.026263981244671785],
[1663857000.0, 0.026359889173060532],
[1663943400.0, 0.02610413469735721],
[1664029800.0, 0.026263981244671785],
[1664116200.0, 0.026008226768968464],
[1664202600.0, 0.026008226768968464],
[1664289000.0, 0.026008226768968464],
[1664375400.0, 0.026008226768968464],
[1664461800.0, 0.026263981244671785],
[1664548200.0, 0.026263981244671785],
[1664634600.0, 0.026008226768968464],
[1664717400.0, 0.026359889173060532],
[1664803800.0, 0.02610413469735721],
[1664890200.0, 0.02610413469735721],
[1664976600.0, 0.02610413469735721],
[1665063000.0, 0.026008226768968464],
[1665149400.0, 0.026008226768968464],
[1665235800.0, 0.026263981244671785],
[1665322200.0, 0.026263981244671785],
[1665408600.0, 0.026263981244671785],
[1665495000.0, 0.026008226768968464],
[1665581400.0, 0.026008226768968464],
[1665667800.0, 0.026263981244671785],
[1665754200.0, 0.026263981244671785],
[1665840600.0, 0.026263981244671785],
[1665927000.0, 0.026519735720375113],
[1666013400.0, 0.026008226768968464],
[1666099800.0, 0.025920950554134705],
[1666186200.0, 0.026008226768968464],
[1666272600.0, 0.026008226768968464],
[1666359000.0, 0.02610413469735721],
[1666445400.0, 0.02610413469735721],
[1666531800.0, 0.02610413469735721],
[1666618200.0, 0.02610413469735721],
[1666704600.0, 0.02573124467178176],
[1666791000.0, 0.02610413469735721],
[1666877400.0, 0.02610413469735721],
[1666963800.0, 0.025635336743393012],
[1667050200.0, 0.026146845694799668],
[1667136600.0, 0.026146845694799668],
[1667223000.0, 0.02589109121909634],
[1667309400.0, 0.025635336743393012],
[1667395800.0, 0.02589109121909634],
[1667482200.0, 0.025635336743393012],
[1667568600.0, 0.025635336743393012],
[1667655000.0, 0.02589109121909634],
[1667741400.0, 0.02600791133844843],
[1667827800.0, 0.02592063512361467],
[1667914200.0, 0.02554774509803922],
[1668000600.0, 0.025920950554134705],
[1668087000.0, 0.02628508098891731],
[1668173400.0, 0.02628508098891731],
[1668259800.0, 0.02601685848252345],
[1668346200.0, 0.02601685848252345],
[1668432600.0, 0.02601685848252345],
[1668519000.0, 0.02638098891730606],
[1668605400.0, 0.02609537510656437],
[1668691800.0, 0.02637235720375107],
[1668778200.0, 0.02646826513213982],
[1668864600.0, 0.02646826513213982],
[1668951000.0, 0.02637235720375107],
[1669037400.0, 0.023424147485080996],
[1669123800.0, 0.02259121909633419],
[1669210200.0, 0.02259121909633419],
[1669296600.0, 0.02287683290707588],
[1669383000.0, 0.02287683290707588],
[1669469400.0, 0.02332823955669225],
[1669555800.0, 0.02287683290707588],
[1669642200.0, 0.02287683290707588],
[1669728600.0, 0.02324096334185849],
[1669815000.0, 0.0312652600170503],
[1669901400.0, 0.03100950554134698],
[1669987800.0, 0.027471653878942886],
[1670074200.0, 0.023496717817561814],
[1670160600.0, 0.024008226768968466],
[1670247000.0, 0.027931820119352094],
[1670333400.0, 0.02332823955669225],
[1670419800.0, 0.023319714407502138],
[1670506200.0, 0.02324096334185849],
[1670592600.0, 0.023496717817561814],
[1670679000.0, 0.02324096334185849],
[1670765400.0, 0.02324096334185849],
[1670851800.0, 0.02324096334185849],
[1670938200.0, 0.02324096334185849],
[1671024600.0, 0.02324096334185849],
[1671111000.0, 0.02324096334185849],
[1671197400.0, 0.02324096334185849],
[1671283800.0, 0.02324096334185849],
[1671370200.0, 0.02324096334185849],
[1671456600.0, 0.02324096334185849],
[1671543000.0, 0.02324096334185849],
[1671629400.0, 0.02324096334185849],
[1671715800.0, 0.02286807331628304],
[1671802200.0, 0.02324096334185849],
[1671888600.0, 0.02286807331628304],
[1671975000.0, 0.02286807331628304],
[1672061400.0, 0.02286807331628304],
[1672147800.0, 0.022164748508098894],
[1672234200.0, 0.019808610400682013],
[1672320600.0, 0.022164748508098894],
[1672407000.0, 0.019808610400682013],
[1672493400.0, 0.02017274083546462],
[1672579800.0, 0.02018150042625746],
[1672666200.0, 0.02017274083546462],
[1672752600.0, 0.022164748508098898],
[1672839000.0, 0.015205029838022167],
[1672925400.0, 0.020214620630861047],
[1673011800.0, 0.014543584825234443],
[1673098200.0, 0.012903239556692243],
[1673184600.0, 0.01914716538789429],
[1673271000.0, 0.022173508098891733],
[1673357400.0, 0.021800618073316288],
[1673443800.0, 0.02287683290707588],
[1673530200.0, 0.02251641091219097],
[1673616600.0, 0.02215228047740836],
[1673703000.0, 0.02324096334185849],
[1673789400.0, 0.022889300937766418],
[1673875800.0, 0.02324096334185849],
[1673962200.0, 0.02324096334185849],
[1674048600.0, 0.02324096334185849],
[1674135000.0, 0.02324096334185849],
[1674221400.0, 0.02324096334185849],
[1674307800.0, 0.023496717817561814],
[1674394200.0, 0.023496717817561814],
[1674480600.0, 0.02324096334185849],
[1674567000.0, 0.02324096334185849],
[1674653400.0, 0.02324096334185849],
[1674739800.0, 0.02324096334185849],
[1674826200.0, 0.02324096334185849],
[1674912600.0, 0.02324096334185849],
[1674999000.0, 0.02324096334185849],
[1675085400.0, 0.02324096334185849],
[1675171800.0, 0.02324096334185849],
[1675258200.0, 0.02324096334185849],
[1675344600.0, 0.02324096334185849],
[1675431000.0, 0.022889300937766418],
[1675517400.0, 0.02324096334185849],
[1675603800.0, 0.02332823955669225],
[1675690200.0, 0.023583994032395573],
[1675776600.0, 0.02324096334185849],
[1675863000.0, 0.02324096334185849],
[1675949400.0, 0.02324096334185849],
