[1635773400.0, 36.64705882352941],
[1635859800.0, 43.00000000000001],
[1635946200.0, 42.41176470588236],
[1636032600.0, 33.94117647058823],
[1636119000.0, 30.470588235294127],
[1636205400.0, 28.29411764705883],
[1636291800.0, 27.47058823529412],
[1636378200.0, 26.882352941176478],
[1636464600.0, 25.352941176470583],
[1636551000.0, 29.470588235294116],
[1636637400.0, 27.882352941176467],
[1636723800.0, 31.176470588235293],
[1636810200.0, 32.29411764705882],
[1636896600.0, 25.352941176470587],
[1636983000.0, 24.529411764705888],
[1637069400.0, 25.88235294117647],
[1637155800.0, 29.117647058823536],
[1637242200.0, 27.941176470588243],
[1637328600.0, 27.294117647058822],
[1637415000.0, 27.05882352941176],
[1637501400.0, 33.11764705882354],
[1637587800.0, 28.000000000000007],
[1637674200.0, 28.235294117647065],
[1637760600.0, 28.470588235294112],
[1637847000.0, 28.352941176470587],
[1637933400.0, 28.41176470588235],
[1638019800.0, 26.76470588235294],
[1638106200.0, 27.058823529411768],
[1638192600.0, 28.41176470588235],
[1638279000.0, 33.05882352941176],
[1638365400.0, 32.94117647058823],
[1638451800.0, 34.117647058823536],
[1638538200.0, 34.294117647058826],
[1638624600.0, 33.76470588235294],
[1638711000.0, 28.41176470588236],
[1638797400.0, 31.411764705882348],
[1638883800.0, 31.76470588235294],
[1638970200.0, 30.705882352941178],
[1639056600.0, 30.823529411764703],
[1639143000.0, 32.705882352941174],
[1639229400.0, 30.235294117647058],
[1639315800.0, 32.1764705882353],
[1639402200.0, 33.235294117647065],
[1639488600.0, 31.88235294117647],
[1639575000.0, 34],
[1639661400.0, 31.05882352941176],
[1639747800.0, 28.764705882352935],
[1639834200.0, 28.29411764705882],
[1639920600.0, 30.64705882352941],
[1640007000.0, 33.41176470588235],
[1640093400.0, 32.1764705882353],
[1640179800.0, 30.411764705882355],
[1640266200.0, 31.529411764705884],
[1640352600.0, 41.94117647058824],
[1640439000.0, 42.470588235294116],
[1640525400.0, 34.705882352941174],
[1640611800.0, 36.23529411764705],
[1640698200.0, 33.705882352941174],
[1640784600.0, 31.117647058823522],
[1640871000.0, 30.58823529411765],
[1640957400.0, 32.705882352941174],
[1641043800.0, 30.70588235294118],
[1641130200.0, 32],
[1641216600.0, 30.70588235294118],
[1641303000.0, 30.176470588235297],
[1641389400.0, 31.411764705882348],
[1641475800.0, 33.23529411764706],
[1641562200.0, 34.529411764705884],
[1641648600.0, 33.99999999999999],
[1641735000.0, 32.94117647058823],
[1641821400.0, 31.1764705882353],
[1641907800.0, 33.11764705882352],
[1641994200.0, 30.235294117647054],
[1642080600.0, 30.294117647058833],
[1642167000.0, 32.411764705882355],
[1642253400.0, 33.23529411764706],
[1642339800.0, 32.76470588235294],
[1642426200.0, 32],
[1642512600.0, 30.000000000000004],
[1642599000.0, 29.176470588235297],
[1642685400.0, 29.41176470588236],
[1642771800.0, 29.411764705882348],
[1642858200.0, 29.29411764705882],
[1642944600.0, 29.058823529411764],
[1643031000.0, 29.117647058823525],
[1643117400.0, 29.235294117647058],
[1643203800.0, 28.941176470588232],
[1643290200.0, 28.64705882352941],
[1643376600.0, 27.647058823529406],
[1643463000.0, 28.529411764705873],
[1643549400.0, 29.235294117647054],
[1643635800.0, 29.235294117647054],
[1643722200.0, 29.235294117647054],
[1643808600.0, 31.70588235294117],
[1643895000.0, 32.35294117647059],
[1643981400.0, 32.882352941176464],
[1644067800.0, 31.76470588235294],
[1644154200.0, 32.94117647058823],
[1644240600.0, 30.64705882352941],
[1644327000.0, 30.470588235294116],
[1644413400.0, 30.64705882352941],
[1644499800.0, 30.823529411764703],
[1644586200.0, 29.117647058823525],
[1644672600.0, 32.8235294117647],
[1644759000.0, 33.94117647058823],
[1644845400.0, 32.470588235294116],
[1644931800.0, 31.88235294117647],
[1645018200.0, 33.1764705882353],
[1645104600.0, 34.117647058823536],
[1645191000.0, 32.411764705882355],
[1645277400.0, 29.470588235294116],
[1645363800.0, 30.764705882352942],
[1645450200.0, 30.70588235294118],
[1645536600.0, 31.94117647058824],
[1645623000.0, 35.235294117647065],
[1645709400.0, 33.76470588235294],
[1645795800.0, 27.588235294117645],
[1645882200.0, 28.058823529411768],
[1645968600.0, 28.17647058823529],
[1646055000.0, 32.76470588235294],
[1646141400.0, 35.529411764705884],
[1646227800.0, 30.411764705882355],
[1646314200.0, 34.76470588235293],
[1646400600.0, 33.35294117647058],
[1646487000.0, 36.882352941176464],
[1646573400.0, 40.11764705882353],
[1646659800.0, 35.23529411764706],
[1646746200.0, 26.882352941176475],
[1646832600.0, 29.470588235294116],
[1646919000.0, 30.88235294117647],
[1647005400.0, 26.882352941176467],
[1647091800.0, 31.352941176470583],
[1647178200.0, 29.47058823529411],
[1647264600.0, 30.117647058823522],
[1647351000.0, 29.411764705882348],
[1647437400.0, 29.35294117647058],
[1647523800.0, 28.823529411764696],
[1647610200.0, 28.941176470588225],
[1647696600.0, 29.823529411764703],
[1647783000.0, 29.705882352941178],
[1647869400.0, 31.70588235294117],
[1647955800.0, 33.588235294117645],
[1648042200.0, 28.235294117647065],
[1648128600.0, 28.17647058823529],
[1648215000.0, 36.64705882352941],
[1648301400.0, 35.05882352941176],
[1648387800.0, 34.99999999999999],
[1648474200.0, 33.764705882352935],
[1648560600.0, 33.882352941176464],
[1648647000.0, 32.647058823529406],
[1648733400.0, 32.647058823529406],
[1648819800.0, 31.941176470588232],
[1648906200.0, 31.705882352941178],
[1648996200.0, 31.05882352941177],
[1649082600.0, 29.76470588235294],
[1649169000.0, 28.58823529411764],
[1649255400.0, 28.764705882352935],
[1649341800.0, 28.88235294117647],
[1649428200.0, 32],
[1649514600.0, 31.94117647058824],
[1649601000.0, 31.94117647058824],
[1649687400.0, 31.94117647058824],
[1649773800.0, 31.94117647058824],
[1649860200.0, 31.94117647058824],
[1649946600.0, 27.41176470588235],
[1650033000.0, 27.176470588235297],
[1650119400.0, 30.117647058823533],
[1650205800.0, 27.117647058823522],
[1650292200.0, 27.588235294117645],
[1650378600.0, 26.941176470588236],
[1650465000.0, 25.941176470588232],
[1650551400.0, 25.941176470588232],
[1650637800.0, 25.941176470588232],
[1650724200.0, 25.94117647058824],
[1650810600.0, 26.000000000000007],
[1650897000.0, 27.235294117647058],
[1650983400.0, 25.11764705882353],
[1651069800.0, 25],
[1651156200.0, 27.058823529411757],
[1651242600.0, 25.117647058823522],
[1651329000.0, 25.6470588235294],
[1651415400.0, 25.705882352941174],
[1651501800.0, 25.764705882352935],
[1651588200.0, 25.352941176470583],
[1651674600.0, 24.8235294117647],
[1651761000.0, 24.47058823529411],
[1651847400.0, 23.823529411764703],
[1651933800.0, 24.05882352941176],
[1652020200.0, 23.882352941176467],
[1652106600.0, 23.117647058823533],
[1652193000.0, 24.70588235294117],
[1652279400.0, 24.294117647058822],
[1652365800.0, 23.235294117647058],
[1652452200.0, 23.117647058823533],
[1652538600.0, 22.88235294117647],
[1652625000.0, 22.76470588235294],
[1652711400.0, 23.05882352941176],
[1652797800.0, 22.941176470588232],
[1652884200.0, 24.88235294117647],
[1652970600.0, 24.705882352941178],
[1653057000.0, 31.88235294117647],
[1653143400.0, 30.76470588235293],
[1653229800.0, 29.588235294117638],
[1653316200.0, 29.176470588235293],
[1653402600.0, 28.705882352941163],
[1653489000.0, 29.352941176470587],
[1653575400.0, 27.588235294117645],
[1653661800.0, 27.764705882352942],
[1653748200.0, 30.58823529411765],
[1653834600.0, 31.058823529411764],
[1653921000.0, 28.23529411764705],
[1654007400.0, 28.941176470588236],
[1654093800.0, 29.117647058823525],
[1654180200.0, 28.58823529411764],
[1654266600.0, 30.76470588235294],
[1654353000.0, 29.176470588235286],
[1654439400.0, 29.35294117647058],
[1654525800.0, 28.823529411764703],
[1654612200.0, 27.941176470588236],
[1654698600.0, 28.235294117647058],
[1654785000.0, 28.29411764705882],
[1654871400.0, 28.999999999999996],
[1654957800.0, 28.823529411764703],
[1655044200.0, 30.588235294117645],
[1655130600.0, 30.117647058823536],
[1655217000.0, 29.588235294117652],
[1655303400.0, 29.117647058823536],
[1655389800.0, 28.941176470588243],
[1655476200.0, 28.941176470588236],
[1655562600.0, 28.000000000000004],
[1655649000.0, 28.705882352941174],
[1655735400.0, 27.41176470588236],
[1655821800.0, 27.70588235294118],
[1655908200.0, 26.588235294117652],
[1655994600.0, 26.41176470588235],
[1656081000.0, 27.352941176470583],
[1656167400.0, 26.941176470588236],
[1656253800.0, 25.588235294117645],
[1656340200.0, 25.588235294117645],
[1656426600.0, 25.117647058823533],
[1656513000.0, 28.058823529411768],
[1656599400.0, 29.76470588235293],
[1656685800.0, 29.176470588235286],
[1656772200.0, 30.352941176470583],
[1656858600.0, 27.058823529411768],
[1656945000.0, 27.647058823529406],
[1657031400.0, 29.58823529411765],
[1657117800.0, 28.529411764705873],
[1657204200.0, 30.58823529411765],
[1657290600.0, 28.17647058823529],
[1657377000.0, 29.058823529411757],
[1657463400.0, 28.52941176470588],
[1657549800.0, 27.882352941176467],
[1657636200.0, 32.882352941176464],
[1657722600.0, 31.8235294117647],
[1657809000.0, 28.352941176470587],
[1657895400.0, 28.41176470588236],
[1657981800.0, 32.941176470588246],
[1658068200.0, 32],
[1658154600.0, 28.235294117647058],
[1658241000.0, 29.411764705882348],
[1658327400.0, 28.70588235294117],
[1658413800.0, 30.176470588235293],
[1658500200.0, 29.176470588235286],
[1658586600.0, 28.23529411764705],
[1658673000.0, 27.882352941176467],
[1658759400.0, 28.411764705882348],
[1658845800.0, 27.764705882352935],
[1658932200.0, 30.05882352941176],
[1659018600.0, 30.88235294117647],
[1659105000.0, 30.76470588235294],
[1659191400.0, 32.41176470588235],
[1659277800.0, 32.17647058823529],
[1659364200.0, 30.70588235294117],
[1659450600.0, 31.8235294117647],
[1659537000.0, 31.94117647058823],
[1659623400.0, 31.941176470588232],
[1659709800.0, 35.99999999999999],
[1659796200.0, 37.941176470588225],
[1659882600.0, 34.52941176470588],
[1659969000.0, 37],
[1660055400.0, 32.35294117647058],
[1660141800.0, 31.764705882352946],
[1660228200.0, 31.941176470588232],
[1660314600.0, 30.70588235294117],
[1660401000.0, 30.70588235294117],
[1660487400.0, 30.70588235294117],
[1660573800.0, 30.70588235294117],
[1660660200.0, 30.64705882352941],
[1660746600.0, 29.411764705882355],
[1660833000.0, 29.176470588235293],
[1660919400.0, 29.4705882352941],
[1661005800.0, 29.529411764705877],
[1661092200.0, 29.823529411764703],
[1661178600.0, 30.05882352941176],
[1661265000.0, 29.941176470588236],
[1661351400.0, 29.647058823529413],
[1661437800.0, 29.64705882352941],
[1661524200.0, 30.529411764705877],
[1661610600.0, 30.117647058823533],
[1661697000.0, 30.705882352941178],
[1661783400.0, 29.823529411764703],
[1661869800.0, 28.058823529411764],
[1661956200.0, 36.294117647058826],
[1662042600.0, 29.764705882352942],
[1662129000.0, 28.999999999999996],
[1662215400.0, 28.999999999999996],
[1662301800.0, 28.470588235294112],
[1662388200.0, 28.470588235294112],
[1662474600.0, 27.823529411764703],
[1662561000.0, 31.88235294117647],
[1662647400.0, 27.058823529411757],
[1662733800.0, 29.70588235294117],
[1662820200.0, 31.294117647058822],
[1662906600.0, 32.76470588235294],
[1662993000.0, 31.8235294117647],
[1663079400.0, 36.88235294117646],
[1663165800.0, 39.17647058823529],
[1663252200.0, 40.470588235294116],
[1663338600.0, 38.764705882352935],
[1663425000.0, 41.235294117647044],
[1663511400.0, 41.58823529411763],
[1663597800.0, 41.41176470588235],
[1663684200.0, 38.47058823529411],
[1663770600.0, 37.11764705882352],
[1663857000.0, 35.99999999999999],
[1663943400.0, 39.058823529411754],
[1664029800.0, 38.88235294117647],
[1664116200.0, 36.29411764705881],
[1664202600.0, 39.70588235294117],
[1664289000.0, 31.294117647058822],
[1664375400.0, 33.8235294117647],
[1664461800.0, 32.529411764705884],
[1664548200.0, 47.11764705882352],
[1664634600.0, 36.705882352941174],
[1664717400.0, 34.05882352941177],
[1664803800.0, 36.352941176470594],
[1664890200.0, 36.76470588235294],
[1664976600.0, 41.23529411764706],
[1665063000.0, 35.76470588235294],
[1665149400.0, 42.3529411764706],
[1665235800.0, 32.05882352941176],
[1665322200.0, 37.88235294117647],
[1665408600.0, 35.05882352941176],
[1665495000.0, 34.11764705882353],
[1665581400.0, 31.764705882352946],
[1665667800.0, 31.176470588235293],
[1665754200.0, 32.882352941176464],
[1665840600.0, 31.58823529411765],
[1665927000.0, 29.76470588235294],
[1666013400.0, 29.88235294117647],
[1666099800.0, 30.05882352941177],
[1666186200.0, 28.588235294117652],
[1666272600.0, 27.52941176470588],
[1666359000.0, 29.76470588235294],
[1666445400.0, 26.941176470588225],
[1666531800.0, 26.76470588235294],
[1666618200.0, 26.470588235294105],
[1666704600.0, 26.647058823529402],
[1666791000.0, 26.705882352941174],
[1666877400.0, 26.705882352941174],
[1666963800.0, 26],
[1667050200.0, 26.882352941176467],
[1667136600.0, 27.588235294117645],
[1667223000.0, 27.058823529411768],
[1667309400.0, 30.8235294117647],
[1667395800.0, 28.882352941176464],
[1667482200.0, 30.411764705882355],
[1667568600.0, 30.000000000000004],
[1667655000.0, 33.294117647058826],
[1667741400.0, 33.1764705882353],
[1667827800.0, 30.88235294117647],
[1667914200.0, 56.176470588235304],
[1668000600.0, 33.99999999999999],
[1668087000.0, 35.882352941176464],
[1668173400.0, 40.52941176470587],
[1668259800.0, 36.470588235294116],
[1668346200.0, 38.11764705882353],
[1668432600.0, 78.00000000000001],
[1668519000.0, 68.76470588235294],
[1668605400.0, 49.64705882352943],
[1668691800.0, 35.94117647058824],
[1668778200.0, 35.17647058823528],
[1668864600.0, 33.88235294117647],
[1668951000.0, 35.352941176470594],
[1669037400.0, 38.235294117647065],
[1669123800.0, 35.58823529411764],
[1669210200.0, 29.941176470588225],
[1669296600.0, 32.647058823529406],
[1669383000.0, 32.705882352941174],
[1669469400.0, 36.29411764705881],
[1669555800.0, 33.99999999999999],
[1669642200.0, 37.05882352941176],
[1669728600.0, 31.6470588235294],
[1669815000.0, 29.882352941176464],
[1669901400.0, 38.647058823529406],
[1669987800.0, 35.35294117647057],
[1670074200.0, 35.882352941176464],
[1670160600.0, 35.88235294117647],
[1670247000.0, 32.588235294117645],
[1670333400.0, 35.529411764705884],
[1670419800.0, 35.823529411764696],
[1670506200.0, 34.58823529411764],
[1670592600.0, 33.882352941176464],
[1670679000.0, 33.47058823529411],
[1670765400.0, 31.88235294117647],
[1670851800.0, 33],
[1670938200.0, 34.705882352941174],
[1671024600.0, 34.882352941176464],
[1671111000.0, 31.058823529411764],
[1671197400.0, 40.52941176470588],
[1671283800.0, 35.58823529411765],
[1671370200.0, 52.17647058823529],
[1671456600.0, 50.058823529411775],
[1671543000.0, 52.88235294117648],
[1671629400.0, 52.64705882352941],
[1671715800.0, 54.411764705882355],
[1671802200.0, 53.70588235294117],
[1671888600.0, 41.235294117647044],
[1671975000.0, 31.882352941176467],
[1672061400.0, 29.29411764705882],
[1672147800.0, 42.76470588235295],
[1672234200.0, 44.58823529411765],
[1672320600.0, 35.76470588235294],
[1672407000.0, 39.11764705882353],
[1672493400.0, 35.529411764705884],
[1672579800.0, 34.58823529411764],
[1672666200.0, 34.88235294117647],
[1672752600.0, 34.411764705882355],
[1672839000.0, 32.1764705882353],
[1672925400.0, 30.411764705882355],
[1673011800.0, 32.705882352941174],
[1673098200.0, 30.52941176470587],
[1673184600.0, 30.941176470588232],
[1673271000.0, 31.05882352941176],
[1673357400.0, 30.529411764705877],
[1673443800.0, 31.058823529411754],
[1673530200.0, 32.35294117647059],
[1673616600.0, 32.99999999999999],
[1673703000.0, 31.705882352941178],
[1673789400.0, 34.64705882352941],
[1673875800.0, 35.23529411764706],
[1673962200.0, 37.58823529411765],
[1674048600.0, 35.76470588235294],
[1674135000.0, 32.52941176470588],
[1674221400.0, 34.88235294117647],
[1674307800.0, 35.294117647058826],
[1674394200.0, 37.8235294117647],
[1674480600.0, 35.705882352941174],
[1674567000.0, 38.8235294117647],
[1674653400.0, 38.529411764705884],
[1674739800.0, 0.6470588235294118],
[1674826200.0, 0.6470588235294118],
[1674912600.0, 0.6470588235294118],
[1674999000.0, 0.6470588235294118],
[1675085400.0, 0.5294117647058824],
[1675171800.0, 43.88235294117647],
[1675258200.0, 42.352941176470594],
[1675344600.0, 39.1764705882353],
[1675431000.0, 42],
[1675517400.0, 44.470588235294116],
[1675603800.0, 44.11764705882352],
[1675690200.0, 42.29411764705882],
[1675776600.0, 41.35294117647058],
[1675863000.0, 42.17647058823529],
[1675949400.0, 42.17647058823529],
