[1635773400.0, 14.440000000000001],
[1635859800.0, 15.084999999999997],
[1635946200.0, 14.759999999999998],
[1636032600.0, 15.780000000000001],
[1636119000.0, 14.97],
[1636205400.0, 14.97],
[1636291800.0, 15.159999999999998],
[1636378200.0, 15.312499999999998],
[1636464600.0, 15.78],
[1636551000.0, 15.5275],
[1636637400.0, 15.774999999999999],
[1636723800.0, 15.692499999999999],
[1636810200.0, 15.780000000000001],
[1636896600.0, 15.57],
[1636983000.0, 16.165],
[1637069400.0, 14.9125],
[1637155800.0, 15.7225],
[1637242200.0, 15.305],
[1637328600.0, 15.035],
[1637415000.0, 15.4325],
[1637501400.0, 14.594999999999999],
[1637587800.0, 14.654999999999998],
[1637674200.0, 16.2275],
[1637760600.0, 15.765],
[1637847000.0, 15.729999999999997],
[1637933400.0, 14.7875],
[1638019800.0, 15.45],
[1638106200.0, 15.7375],
[1638192600.0, 15.705000000000002],
[1638279000.0, 15.39],
[1638365400.0, 15.5925],
[1638451800.0, 15.434999999999999],
[1638538200.0, 15.1475],
[1638624600.0, 16.3475],
[1638711000.0, 15.655],
[1638797400.0, 16.5425],
[1638883800.0, 16.7875],
[1638970200.0, 17.3825],
[1639056600.0, 16.7375],
[1639143000.0, 15.7225],
[1639229400.0, 17.4125],
[1639315800.0, 16.6375],
[1639402200.0, 16.235],
[1639488600.0, 16.3575],
[1639575000.0, 17.3725],
[1639661400.0, 18.587500000000002],
[1639747800.0, 17.85],
[1639834200.0, 16.645000000000003],
[1639920600.0, 16.7525],
[1640007000.0, 17.662499999999998],
[1640093400.0, 18.935],
[1640179800.0, 16.495],
[1640266200.0, 16.715],
[1640352600.0, 16.655],
[1640439000.0, 18.415],
[1640525400.0, 17.877499999999998],
[1640611800.0, 17.525000000000002],
[1640698200.0, 17.275],
[1640784600.0, 17.07],
[1640871000.0, 18.93],
[1640957400.0, 18.8825],
[1641043800.0, 17.6575],
[1641130200.0, 17.2],
[1641216600.0, 18.889999999999997],
[1641303000.0, 17.5475],
[1641389400.0, 17],
[1641475800.0, 16.8275],
[1641562200.0, 17.53],
[1641648600.0, 17.957500000000003],
[1641735000.0, 18.32],
[1641821400.0, 17.33],
[1641907800.0, 17.477500000000003],
[1641994200.0, 17.82],
[1642080600.0, 19.625],
[1642167000.0, 17.695],
[1642253400.0, 18.0875],
[1642339800.0, 18.237499999999997],
[1642426200.0, 18.150000000000002],
[1642512600.0, 18.189999999999998],
[1642599000.0, 18.2175],
[1642685400.0, 17.6975],
[1642771800.0, 16.735],
[1642858200.0, 17.175],
[1642944600.0, 18.5025],
[1643031000.0, 16.587500000000002],
[1643117400.0, 16.84],
[1643203800.0, 17.72],
[1643290200.0, 16.2725],
[1643376600.0, 15.95],
[1643463000.0, 15.845],
[1643549400.0, 16.2975],
[1643635800.0, 16.2975],
[1643722200.0, 16.2975],
[1643808600.0, 15.78],
[1643895000.0, 15.004999999999999],
[1643981400.0, 15.86],
[1644067800.0, 16.3525],
[1644154200.0, 16.139999999999997],
[1644240600.0, 15.614999999999998],
[1644327000.0, 15.57],
[1644413400.0, 16.36],
[1644499800.0, 16.3275],
[1644586200.0, 15.647499999999999],
[1644672600.0, 15.82],
[1644759000.0, 15.6825],
[1644845400.0, 15.205],
[1644931800.0, 14.790000000000001],
[1645018200.0, 15.115],
[1645104600.0, 15.6325],
[1645191000.0, 16.259999999999998],
[1645277400.0, 16.4625],
[1645363800.0, 16.1325],
[1645450200.0, 16.285],
[1645536600.0, 16.185],
[1645623000.0, 16.3725],
[1645709400.0, 16.145],
[1645795800.0, 15.47],
[1645882200.0, 15.412499999999998],
[1645968600.0, 16.6025],
[1646055000.0, 15.625],
[1646141400.0, 15.995],
[1646227800.0, 16.09],
[1646314200.0, 15.1525],
[1646400600.0, 15.48],
[1646487000.0, 15.4325],
[1646573400.0, 15.3425],
[1646659800.0, 15.647499999999999],
[1646746200.0, 15.485],
[1646832600.0, 15.6475],
[1646919000.0, 15.102500000000001],
[1647005400.0, 15.29],
[1647091800.0, 15.622499999999999],
[1647178200.0, 15.465],
[1647264600.0, 16.435],
[1647351000.0, 15.6975],
[1647437400.0, 15.322500000000002],
[1647523800.0, 15.784999999999998],
[1647610200.0, 15.6075],
[1647696600.0, 14.23],
[1647783000.0, 14.9325],
[1647869400.0, 15.000000000000002],
[1647955800.0, 15.115],
[1648042200.0, 14.945],
[1648128600.0, 15.6175],
[1648215000.0, 15.5475],
[1648301400.0, 16.2175],
[1648387800.0, 15.687500000000002],
[1648474200.0, 16.084999999999997],
[1648560600.0, 17.0725],
[1648647000.0, 16.802500000000002],
[1648733400.0, 16.925],
[1648819800.0, 17.3125],
[1648906200.0, 17.3625],
[1648996200.0, 17.32],
[1649082600.0, 16.96],
[1649169000.0, 17.644999999999996],
[1649255400.0, 17.4375],
[1649341800.0, 18.9325],
[1649428200.0, 17.462500000000002],
[1649514600.0, 17.2475],
[1649601000.0, 18.062500000000004],
[1649687400.0, 17.622500000000002],
[1649773800.0, 18.607499999999998],
[1649860200.0, 17.2275],
[1649946600.0, 18.0675],
[1650033000.0, 18.0425],
[1650119400.0, 17.8425],
[1650205800.0, 16.685000000000002],
[1650292200.0, 17.31],
[1650378600.0, 17.400000000000002],
[1650465000.0, 16.9325],
[1650551400.0, 16.9325],
[1650637800.0, 16.9325],
[1650724200.0, 16.7],
[1650810600.0, 16.907500000000002],
[1650897000.0, 16.9875],
[1650983400.0, 17.335],
[1651069800.0, 17.932499999999997],
[1651156200.0, 18.1825],
[1651242600.0, 16.8825],
[1651329000.0, 17.182499999999997],
[1651415400.0, 16.51],
[1651501800.0, 16.155],
[1651588200.0, 16.105],
[1651674600.0, 16.635],
[1651761000.0, 15.73],
[1651847400.0, 15.8325],
[1651933800.0, 16.02],
[1652020200.0, 16.07],
[1652106600.0, 15.687500000000002],
[1652193000.0, 16.13],
[1652279400.0, 15.684999999999999],
[1652365800.0, 15.45],
[1652452200.0, 15.885],
[1652538600.0, 15.8675],
[1652625000.0, 15.7375],
[1652711400.0, 15.7075],
[1652797800.0, 15.5975],
[1652884200.0, 15.695],
[1652970600.0, 16.2825],
[1653057000.0, 16.135],
[1653143400.0, 15.665],
[1653229800.0, 15.185],
[1653316200.0, 15.557500000000001],
[1653402600.0, 15.275],
[1653489000.0, 15.282499999999999],
[1653575400.0, 16.5625],
[1653661800.0, 15.620000000000001],
[1653748200.0, 15.4575],
[1653834600.0, 15.6675],
[1653921000.0, 16.055],
[1654007400.0, 16.2575],
[1654093800.0, 16.7675],
[1654180200.0, 16.400000000000002],
[1654266600.0, 16.6225],
[1654353000.0, 16.4475],
[1654439400.0, 16.1975],
[1654525800.0, 17.475],
[1654612200.0, 17.6025],
[1654698600.0, 16.857499999999998],
[1654785000.0, 17.305],
[1654871400.0, 17.617500000000003],
[1654957800.0, 17.802500000000002],
[1655044200.0, 17.035],
[1655130600.0, 17.82],
[1655217000.0, 17.15],
[1655303400.0, 17.62],
[1655389800.0, 17.999999999999996],
[1655476200.0, 17.79],
[1655562600.0, 17.965],
[1655649000.0, 17.6575],
[1655735400.0, 16.982499999999998],
[1655821800.0, 18.057499999999997],
[1655908200.0, 16.44],
[1655994600.0, 16.46],
[1656081000.0, 16.01],
[1656167400.0, 16.78],
[1656253800.0, 17.5875],
[1656340200.0, 17.715],
[1656426600.0, 18.857499999999998],
[1656513000.0, 17.052500000000002],
[1656599400.0, 17.48],
[1656685800.0, 17.080000000000002],
[1656772200.0, 16.9075],
[1656858600.0, 18.1],
[1656945000.0, 18.7275],
[1657031400.0, 18.3775],
[1657117800.0, 16.822499999999998],
[1657204200.0, 17.337499999999995],
[1657290600.0, 17.8075],
[1657377000.0, 17.14],
[1657463400.0, 17.7925],
[1657549800.0, 17.005],
[1657636200.0, 17.925],
[1657722600.0, 18.3875],
[1657809000.0, 18.3575],
[1657895400.0, 18.4375],
[1657981800.0, 18.1275],
[1658068200.0, 18.9025],
[1658154600.0, 18.692500000000003],
[1658241000.0, 18.1375],
[1658327400.0, 18.6225],
[1658413800.0, 17.11],
[1658500200.0, 17.9175],
[1658586600.0, 18.14],
[1658673000.0, 17.4775],
[1658759400.0, 17.535],
[1658845800.0, 18.302500000000002],
[1658932200.0, 17.537499999999998],
[1659018600.0, 18.342499999999998],
[1659105000.0, 17.464999999999996],
[1659191400.0, 17.635],
[1659277800.0, 17.672500000000003],
[1659364200.0, 17.432499999999997],
[1659450600.0, 18.1675],
[1659537000.0, 17.297500000000003],
[1659623400.0, 17.2925],
[1659709800.0, 17.9375],
[1659796200.0, 18.505000000000003],
[1659882600.0, 17.625],
[1659969000.0, 17.3375],
[1660055400.0, 16.8475],
[1660141800.0, 17.64],
[1660228200.0, 16.862499999999997],
[1660314600.0, 16.615],
[1660401000.0, 16.615],
[1660487400.0, 16.615],
[1660573800.0, 16.615],
[1660660200.0, 16.735],
[1660746600.0, 15.8925],
[1660833000.0, 16.7425],
[1660919400.0, 15.8225],
[1661005800.0, 16.2075],
[1661092200.0, 16.304999999999996],
[1661178600.0, 16.39],
[1661265000.0, 15.975],
[1661351400.0, 14.46],
[1661437800.0, 14.855],
[1661524200.0, 13.647499999999999],
[1661610600.0, 13.375],
[1661697000.0, 14.002499999999998],
[1661783400.0, 13.275],
[1661869800.0, 14.0025],
[1661956200.0, 14.594999999999999],
[1662042600.0, 14.240000000000002],
[1662129000.0, 13.739999999999998],
[1662215400.0, 13.895],
[1662301800.0, 13.4125],
[1662388200.0, 14.0075],
[1662474600.0, 13.9875],
[1662561000.0, 13.8475],
[1662647400.0, 13.802499999999998],
[1662733800.0, 13.927499999999998],
[1662820200.0, 13.8425],
[1662906600.0, 13.3375],
[1662993000.0, 13.56],
[1663079400.0, 13.5425],
[1663165800.0, 14.235],
[1663252200.0, 14.3975],
[1663338600.0, 13.197499999999998],
[1663425000.0, 13.727500000000001],
[1663511400.0, 14.330000000000002],
[1663597800.0, 14.2175],
[1663684200.0, 13.565000000000001],
[1663770600.0, 13.2775],
[1663857000.0, 12.115],
[1663943400.0, 13.6325],
[1664029800.0, 14.052500000000002],
[1664116200.0, 13.29],
[1664202600.0, 13.4675],
[1664289000.0, 14.3975],
[1664375400.0, 14.209999999999999],
[1664461800.0, 13.185],
[1664548200.0, 13.7175],
[1664634600.0, 13.217500000000001],
[1664717400.0, 12.575],
[1664803800.0, 13.087499999999999],
[1664890200.0, 13.655],
[1664976600.0, 13.9125],
[1665063000.0, 13.7125],
[1665149400.0, 13.645],
[1665235800.0, 13.5825],
[1665322200.0, 13.4725],
[1665408600.0, 13.9225],
[1665495000.0, 14.24],
[1665581400.0, 14.200000000000001],
[1665667800.0, 14.485],
[1665754200.0, 14.175],
[1665840600.0, 13.385],
[1665927000.0, 13.16],
[1666013400.0, 13.495],
[1666099800.0, 13.2125],
[1666186200.0, 14.63],
[1666272600.0, 15.58],
[1666359000.0, 15.5625],
[1666445400.0, 15.482499999999998],
[1666531800.0, 15.135],
[1666618200.0, 14.0625],
[1666704600.0, 15.67],
[1666791000.0, 15.17],
[1666877400.0, 15.962499999999997],
[1666963800.0, 16.700000000000003],
[1667050200.0, 16.8],
[1667136600.0, 16.0975],
[1667223000.0, 15.112499999999997],
[1667309400.0, 15.087499999999999],
[1667395800.0, 16.7025],
[1667482200.0, 16.654999999999998],
[1667568600.0, 17.0725],
[1667655000.0, 15.567499999999999],
[1667741400.0, 18.0125],
[1667827800.0, 16.7675],
[1667914200.0, 17.86],
[1668000600.0, 17.9725],
[1668087000.0, 17.56],
[1668173400.0, 16.707500000000003],
[1668259800.0, 16.560000000000002],
[1668346200.0, 16.2025],
[1668432600.0, 16.71],
[1668519000.0, 15.4625],
[1668605400.0, 16.2],
[1668691800.0, 16.435000000000002],
[1668778200.0, 16.005000000000003],
[1668864600.0, 15.3975],
[1668951000.0, 12],
[1669037400.0, 13.454999999999998],
[1669123800.0, 13.489999999999998],
[1669210200.0, 14.665],
[1669296600.0, 13.7825],
[1669383000.0, 13.6825],
[1669469400.0, 13.455],
[1669555800.0, 14.857499999999998],
[1669642200.0, 15.537500000000001],
[1669728600.0, 14.81],
[1669815000.0, 16.1525],
[1669901400.0, 15.26],
[1669987800.0, 16.9075],
[1670074200.0, 17.0525],
[1670160600.0, 18.0325],
[1670247000.0, 16.402499999999996],
[1670333400.0, 17.27],
[1670419800.0, 17.2725],
[1670506200.0, 17.662499999999998],
[1670592600.0, 17.915000000000003],
[1670679000.0, 17.449999999999996],
[1670765400.0, 17.29],
[1670851800.0, 17.377499999999998],
[1670938200.0, 17.34],
[1671024600.0, 16.955000000000002],
[1671111000.0, 17.797500000000003],
[1671197400.0, 17.4375],
[1671283800.0, 17.132500000000004],
[1671370200.0, 17.2475],
[1671456600.0, 15.6675],
[1671543000.0, 15.975000000000001],
[1671629400.0, 17.6225],
[1671715800.0, 17.029999999999998],
[1671802200.0, 16.5625],
[1671888600.0, 15.885],
[1671975000.0, 16.675],
[1672061400.0, 17.8475],
[1672147800.0, 16.717499999999998],
[1672234200.0, 17.177500000000002],
[1672320600.0, 17.285],
[1672407000.0, 19.065],
[1672493400.0, 18.5325],
[1672579800.0, 18.465],
[1672666200.0, 19.93],
[1672752600.0, 18.65],
[1672839000.0, 18.709999999999997],
[1672925400.0, 17.73],
[1673011800.0, 18.347499999999997],
[1673098200.0, 19.0475],
[1673184600.0, 19.2575],
[1673271000.0, 19.3125],
[1673357400.0, 19.2175],
[1673443800.0, 20.547500000000003],
[1673530200.0, 20.845000000000002],
[1673616600.0, 20.025],
[1673703000.0, 19.8175],
[1673789400.0, 19.090000000000003],
[1673875800.0, 19.1275],
[1673962200.0, 18.845000000000002],
[1674048600.0, 19.020000000000003],
[1674135000.0, 19.257500000000004],
[1674221400.0, 18.6575],
[1674307800.0, 19.557499999999997],
[1674394200.0, 17.9425],
[1674480600.0, 19.1575],
[1674567000.0, 18.485],
[1674653400.0, 17.235],
[1674739800.0, 18.3725],
[1674826200.0, 17.732499999999998],
[1674912600.0, 18.185],
[1674999000.0, 17.709999999999997],
[1675085400.0, 17.854999999999997],
[1675171800.0, 17.612499999999997],
[1675258200.0, 17.955],
[1675344600.0, 18.21],
[1675431000.0, 18.565],
[1675517400.0, 18.355],
[1675603800.0, 17.165],
[1675690200.0, 18.16],
[1675776600.0, 17.1375],
[1675863000.0, 17.1375],
[1675949400.0, 17.1375],
