[1635773400.0, 0.23898323069872485],
[1635859800.0, 0.2464096341980305],
[1635946200.0, 0.24635219978252812],
[1636032600.0, 0.24369232651589665],
[1636119000.0, 0.2440737185464904],
[1636205400.0, 0.19749529935449647],
[1636291800.0, 0.20164477252723031],
[1636378200.0, 0.19295056730708712],
[1636464600.0, 0.18315724520202958],
[1636551000.0, 0.190832154240275],
[1636637400.0, 0.20201121157314514],
[1636723800.0, 0.19946297945244718],
[1636810200.0, 0.1988149356501414],
[1636896600.0, 0.21075540385071914],
[1636983000.0, 0.21887499603832505],
[1637069400.0, 0.2219439497483636],
[1637155800.0, 0.21036716845089662],
[1637242200.0, 0.21922081465559495],
[1637328600.0, 0.21730178914648932],
[1637415000.0, 0.20746999361166218],
[1637501400.0, 0.2109305907999017],
[1637587800.0, 0.1994486124289759],
[1637674200.0, 0.20618246873540538],
[1637760600.0, 0.17469285331249468],
[1637847000.0, 0.17578662502560688],
[1637933400.0, 0.1725947106968187],
[1638019800.0, 0.17002588116976833],
[1638106200.0, 0.16609378495931199],
[1638192600.0, 0.1726086281581753],
[1638279000.0, 0.1828812372567697],
[1638365400.0, 0.21331500225734545],
[1638451800.0, 0.21127618277068236],
[1638538200.0, 0.2076138921880287],
[1638624600.0, 0.2068756785651888],
[1638711000.0, 0.20118285185491752],
[1638797400.0, 0.20115209585226215],
[1638883800.0, 0.18555144740102994],
[1638970200.0, 0.1874323342362652],
[1639056600.0, 0.18522212040947467],
[1639143000.0, 0.18253352159269792],
[1639229400.0, 0.18478942698422138],
[1639315800.0, 0.18017969006799786],
[1639402200.0, 0.17747112794651732],
[1639488600.0, 0.1904230338698074],
[1639575000.0, 0.18945709993609464],
[1639661400.0, 0.19914643396913284],
[1639747800.0, 0.2102311341343309],
[1639834200.0, 0.20471200638404674],
[1639920600.0, 0.2038039471250391],
[1640007000.0, 0.21041738746428343],
[1640093400.0, 0.2131643438568347],
[1640179800.0, 0.21503955951007503],
[1640266200.0, 0.21372594432641684],
[1640352600.0, 0.21380165212497665],
[1640439000.0, 0.22006855298528233],
[1640525400.0, 0.21860552238772502],
[1640611800.0, 0.18620803648294865],
[1640698200.0, 0.16903886779817168],
[1640784600.0, 0.16810058536992023],
[1640871000.0, 0.1702098608805322],
[1640957400.0, 0.17368385487920707],
[1641043800.0, 0.1823115460042502],
[1641130200.0, 0.17931205367592473],
[1641216600.0, 0.223376709463395],
[1641303000.0, 0.2241133314261502],
[1641389400.0, 0.2162842544771973],
[1641475800.0, 0.2071074718552576],
[1641562200.0, 0.20944956695733974],
[1641648600.0, 0.21468156307617814],
[1641735000.0, 0.2180120490311663],
[1641821400.0, 0.2103250334538629],
[1641907800.0, 0.21477763416284276],
[1641994200.0, 0.20962390631698163],
[1642080600.0, 0.21372251349619348],
[1642167000.0, 0.23582176576159666],
[1642253400.0, 0.23109528745301594],
[1642339800.0, 0.23105341199165771],
[1642426200.0, 0.23432238718454093],
[1642512600.0, 0.22938944095874336],
[1642599000.0, 0.21722123365260074],
[1642685400.0, 0.20520076406304846],
[1642771800.0, 0.2137056217352838],
[1642858200.0, 0.21571077390089063],
[1642944600.0, 0.2101881567747749],
[1643031000.0, 0.21724521060043228],
[1643117400.0, 0.21020218502025687],
[1643203800.0, 0.21463507877751026],
[1643290200.0, 0.23608619490161195],
[1643376600.0, 0.22676652803817773],
[1643463000.0, 0.2523740848062471],
[1643549400.0, 0.2563850092158338],
[1643635800.0, 0.2563850092158338],
[1643722200.0, 0.2563850092158338],
[1643808600.0, 0.2492059788122588],
[1643895000.0, 0.2489279198063928],
[1643981400.0, 0.2576758362516128],
[1644067800.0, 0.26723075276613034],
[1644154200.0, 0.26144435632670476],
[1644240600.0, 0.26292134069507256],
[1644327000.0, 0.26747074518076386],
[1644413400.0, 0.26938379399444184],
[1644499800.0, 0.2589398290115389],
[1644586200.0, 0.2572297368526704],
[1644672600.0, 0.2618295545854641],
[1644759000.0, 0.2611739127431005],
[1644845400.0, 0.2614846232809284],
[1644931800.0, 0.26008839505601916],
[1645018200.0, 0.2584913905954896],
[1645104600.0, 0.2607891750595705],
[1645191000.0, 0.26396934695470997],
[1645277400.0, 0.2545988774839019],
[1645363800.0, 0.27688476396523987],
[1645450200.0, 0.27642680622069826],
[1645536600.0, 0.27126585911877293],
[1645623000.0, 0.2821276719695849],
[1645709400.0, 0.24877124848474505],
[1645795800.0, 0.2588075343659192],
[1645882200.0, 0.25006777403436026],
[1645968600.0, 0.24934752033840543],
[1646055000.0, 0.24461526334895567],
[1646141400.0, 0.2431203382573718],
[1646227800.0, 0.24458562207946172],
[1646314200.0, 0.2733020925435841],
[1646400600.0, 0.2694783430731171],
[1646487000.0, 0.25857488522092437],
[1646573400.0, 0.25129438672249405],
[1646659800.0, 0.2531472351611991],
[1646746200.0, 0.1809682887633698],
[1646832600.0, 0.2646065213874923],
[1646919000.0, 0.26682700969628376],
[1647005400.0, 0.26742706042698555],
[1647091800.0, 0.2956553345392085],
[1647178200.0, 0.2887697384622419],
[1647264600.0, 0.28964984455514525],
[1647351000.0, 0.2810820928809064],
[1647437400.0, 0.28074627423961257],
[1647523800.0, 0.28214044586299813],
[1647610200.0, 0.2841062027142619],
[1647696600.0, 0.28616896021459703],
[1647783000.0, 0.2785074749827907],
[1647869400.0, 0.2720143497591375],
[1647955800.0, 0.253709684927728],
[1648042200.0, 0.24902912463918433],
[1648128600.0, 0.25403835131353186],
[1648215000.0, 0.2526367881603653],
[1648301400.0, 0.2844390446647544],
[1648387800.0, 0.2854941799323514],
[1648474200.0, 0.27943211561850834],
[1648560600.0, 0.3108279338557984],
[1648647000.0, 0.30521973586024215],
[1648733400.0, 0.3032775411479866],
[1648819800.0, 0.3094084713742393],
[1648906200.0, 0.33636210912442366],
[1648996200.0, 0.3375921621068465],
[1649082600.0, 0.33692353605282716],
[1649169000.0, 0.3438169995378287],
[1649255400.0, 0.3473264706398386],
[1649341800.0, 0.34895426936132484],
[1649428200.0, 0.30896025011638134],
[1649514600.0, 0.3055668172610031],
[1649601000.0, 0.30321671392300703],
[1649687400.0, 0.3088473951456659],
[1649773800.0, 0.3059603684819155],
[1649860200.0, 0.3112984559624029],
[1649946600.0, 0.3041342909425187],
[1650033000.0, 0.3166598601907091],
[1650119400.0, 0.3623503850784873],
[1650205800.0, 0.38343163723982765],
[1650292200.0, 0.3224111240019396],
[1650378600.0, 0.31697072501713003],
[1650465000.0, 0.2964575747966239],
[1650551400.0, 0.2964575747966239],
[1650637800.0, 0.2964575747966239],
[1650724200.0, 0.27742086989182174],
[1650810600.0, 0.2690880287122477],
[1650897000.0, 0.25869559290861044],
[1650983400.0, 0.26494206955025984],
[1651069800.0, 0.2622942899365993],
[1651156200.0, 0.25840546207588294],
[1651242600.0, 0.2688676318500869],
[1651329000.0, 0.248197045439839],
[1651415400.0, 1.667388316975527],
[1651501800.0, 1.6878942184440644],
[1651588200.0, 1.6928659259381713],
[1651674600.0, 1.633180398504134],
[1651761000.0, 1.6089199283152733],
[1651847400.0, 1.589648553632582],
[1651933800.0, 1.5946647248348207],
[1652020200.0, 0.27579175466209865],
[1652106600.0, 0.26891874407953764],
[1652193000.0, 0.27388260448990714],
[1652279400.0, 0.27920786699719613],
[1652365800.0, 0.2747271331574054],
[1652452200.0, 0.2694247404417714],
[1652538600.0, 0.27146141084796693],
[1652625000.0, 0.26777628431174916],
[1652711400.0, 0.28787789705504],
[1652797800.0, 0.2874782149208842],
[1652884200.0, 0.26706888500937087],
[1652970600.0, 0.26468798193325466],
[1653057000.0, 0.2609047830098329],
[1653143400.0, 0.2642781283736676],
[1653229800.0, 0.2668387036671355],
[1653316200.0, 0.25842752263889557],
[1653402600.0, 0.25728157951458996],
[1653489000.0, 0.2618402324425334],
[1653575400.0, 0.2651315521896096],
[1653661800.0, 0.25986695807562343],
[1653748200.0, 0.25917525587718276],
[1653834600.0, 0.2618545760476186],
[1653921000.0, 0.26041861862785926],
[1654007400.0, 0.26600129679115453],
[1654093800.0, 0.2788023177482927],
[1654180200.0, 0.27670473413622254],
[1654266600.0, 0.28862833887920986],
[1654353000.0, 0.2722264914766551],
[1654439400.0, 0.26893345785824946],
[1654525800.0, 0.26940900328092254],
[1654612200.0, 0.28268123471688733],
[1654698600.0, 0.2892600923688053],
[1654785000.0, 0.2899764218859869],
[1654871400.0, 0.2864735098783171],
[1654957800.0, 0.282430836950807],
[1655044200.0, 0.26964972392907727],
[1655130600.0, 0.26731184373555206],
[1655217000.0, 0.2619103187026332],
[1655303400.0, 0.271546395043923],
[1655389800.0, 0.2687607182977737],
[1655476200.0, 0.27330873683876244],
[1655562600.0, 0.2795813397179357],
[1655649000.0, 0.2932795473710612],
[1655735400.0, 0.28971871124632553],
[1655821800.0, 0.28192510608574933],
[1655908200.0, 0.29472940925187596],
[1655994600.0, 0.29216503390725246],
[1656081000.0, 0.28573701262867934],
[1656167400.0, 0.28479286846252727],
[1656253800.0, 0.28087185690142596],
[1656340200.0, 0.2841229927160424],
[1656426600.0, 0.28578291234806935],
[1656513000.0, 0.273105862658782],
[1656599400.0, 0.27865884795943857],
[1656685800.0, 0.28328270990114596],
[1656772200.0, 0.2970377411015479],
[1656858600.0, 0.30019841669990255],
[1656945000.0, 0.2935525697028184],
[1657031400.0, 0.28347565897193094],
[1657117800.0, 0.2826130210450406],
[1657204200.0, 0.2855621286794626],
[1657290600.0, 0.2816504049939656],
[1657377000.0, 0.2824417091132726],
[1657463400.0, 0.28122580559550403],
[1657549800.0, 0.2776875845397282],
[1657636200.0, 0.2803134704621852],
[1657722600.0, 0.2832050470496778],
[1657809000.0, 0.2773222413785472],
[1657895400.0, 0.28120827661738995],
[1657981800.0, 0.2793876111674001],
[1658068200.0, 0.27850368132139797],
[1658154600.0, 0.28321481910551705],
[1658241000.0, 0.2812224902088284],
[1658327400.0, 0.2801162477229368],
[1658413800.0, 0.2858608566040521],
[1658500200.0, 0.2875119002145472],
[1658586600.0, 0.2846500808091589],
[1658673000.0, 0.2898682615019786],
[1658759400.0, 0.2992026795993658],
[1658845800.0, 0.3081387845159471],
[1658932200.0, 0.30760807054729783],
[1659018600.0, 0.30263134407585524],
[1659105000.0, 0.30411319221700833],
[1659191400.0, 0.3016795638043421],
[1659277800.0, 0.3006840188913837],
[1659364200.0, 0.3006315893597747],
[1659450600.0, 0.23575838400176818],
[1659537000.0, 0.2348967907505829],
[1659623400.0, 0.23231443230304127],
[1659709800.0, 0.23392187453093438],
[1659796200.0, 0.23088071611648922],
[1659882600.0, 0.28277443753669024],
[1659969000.0, 0.2842217028672575],
[1660055400.0, 0.23230414819795983],
[1660141800.0, 0.2297169148938492],
[1660228200.0, 0.23043231509029657],
[1660314600.0, 0.23055381513507417],
[1660401000.0, 0.23055381513507417],
[1660487400.0, 0.23055381513507417],
[1660573800.0, 0.23055381513507417],
[1660660200.0, 0.23782851121071502],
[1660746600.0, 0.2320136206738129],
[1660833000.0, 0.23034969400188232],
[1660919400.0, 0.27295574871850664],
[1661005800.0, 0.27434658385246297],
[1661092200.0, 0.2704929783522725],
[1661178600.0, 0.26988292034247896],
[1661265000.0, 0.27224944942196067],
[1661351400.0, 0.2732997297514196],
[1661437800.0, 0.2729779687845333],
[1661524200.0, 0.27096478183585343],
[1661610600.0, 0.26961361746241463],
[1661697000.0, 0.2668196101030453],
[1661783400.0, 0.26066695574514853],
[1661869800.0, 0.26221117623524115],
[1661956200.0, 0.2605632861038565],
[1662042600.0, 0.26239356002164044],
[1662129000.0, 0.26041833314219265],
[1662215400.0, 0.25607430087136146],
[1662301800.0, 0.2545721398412249],
[1662388200.0, 0.2531304522755954],
[1662474600.0, 0.2510546307795711],
[1662561000.0, 0.2544055363113764],
[1662647400.0, 0.258701483298842],
[1662733800.0, 0.23438562481829722],
[1662820200.0, 0.27244029418388865],
[1662906600.0, 0.25876318273072046],
[1662993000.0, 0.26347724363469055],
[1663079400.0, 0.263746172707229],
[1663165800.0, 0.2661942315988895],
[1663252200.0, 0.26592618360606474],
[1663338600.0, 0.28340356420429574],
[1663425000.0, 0.2567764341848517],
[1663511400.0, 0.2757899692837802],
[1663597800.0, 0.24811104243310317],
[1663684200.0, 0.19466663422068345],
[1663770600.0, 0.19114048339991602],
[1663857000.0, 0.1912750081658497],
[1663943400.0, 0.21013202254537294],
[1664029800.0, 0.22409761765118327],
[1664116200.0, 0.2299784869639195],
[1664202600.0, 0.23404919477273464],
[1664289000.0, 0.23538846120612353],
[1664375400.0, 0.2374003328460108],
[1664461800.0, 0.2673425207547306],
[1664548200.0, 0.2401891145916891],
[1664634600.0, 0.23488415503014579],
[1664717400.0, 0.23378938264013702],
[1664803800.0, 0.234436649620142],
[1664890200.0, 0.23242420044082343],
[1664976600.0, 0.23388970791313576],
[1665063000.0, 0.2338487889591648],
[1665149400.0, 0.23064799779808937],
[1665235800.0, 0.23544923176984595],
[1665322200.0, 0.23438908647363288],
[1665408600.0, 0.23053988336795112],
[1665495000.0, 0.22714200808197452],
[1665581400.0, 0.22679291678619473],
[1665667800.0, 0.225888111172262],
[1665754200.0, 0.22678596571254672],
[1665840600.0, 0.22529407642208069],
[1665927000.0, 0.2263721131579272],
[1666013400.0, 0.22535746077929955],
[1666099800.0, 0.21722430195066814],
[1666186200.0, 0.21449220336811883],
[1666272600.0, 0.22654247119546086],
[1666359000.0, 0.22285065668717086],
[1666445400.0, 0.21852791554352619],
[1666531800.0, 0.2240902859469558],
[1666618200.0, 0.225260306224708],
[1666704600.0, 0.22620994723058338],
[1666791000.0, 0.23385208492672238],
[1666877400.0, 0.23153778980490952],
[1666963800.0, 0.23123835667582887],
[1667050200.0, 0.22447577297534507],
[1667136600.0, 0.2269801178719079],
[1667223000.0, 0.2263930517301616],
[1667309400.0, 0.23123756289997952],
[1667395800.0, 0.22931778863364358],
[1667482200.0, 0.22936472720224593],
[1667568600.0, 0.2378234368308883],
[1667655000.0, 0.20434754547800585],
[1667741400.0, 0.217365005758022],
[1667827800.0, 0.22113723964439935],
[1667914200.0, 0.22197804324125792],
[1668000600.0, 0.2274879739743121],
[1668087000.0, 0.23419980675219426],
[1668173400.0, 0.22330267744747428],
[1668259800.0, 0.22608954064209816],
[1668346200.0, 0.23784065514630565],
[1668432600.0, 0.24065403965013724],
[1668519000.0, 0.23932959630035372],
[1668605400.0, 0.24641441961258106],
[1668691800.0, 0.236267577373677],
[1668778200.0, 0.2355427873188703],
[1668864600.0, 0.23404401371236475],
[1668951000.0, 0.2288527392378028],
[1669037400.0, 0.22683950545665996],
[1669123800.0, 0.22837862858667346],
[1669210200.0, 0.23272701684002445],
[1669296600.0, 0.23366522632334327],
[1669383000.0, 0.2294862005170518],
[1669469400.0, 0.2274936631127167],
[1669555800.0, 0.2226830070142909],
[1669642200.0, 0.22923208462876482],
[1669728600.0, 0.22798314186552615],
[1669815000.0, 0.23135480529317037],
[1669901400.0, 0.23132554929347934],
[1669987800.0, 0.23825779916632742],
[1670074200.0, 0.25543530724593155],
[1670160600.0, 0.25530811325249764],
[1670247000.0, 0.24254857146021558],
[1670333400.0, 0.24408541206102213],
[1670419800.0, 0.24164025421812832],
[1670506200.0, 0.24710883789411117],
[1670592600.0, 0.23865608651126988],
[1670679000.0, 0.236770805664912],
[1670765400.0, 0.2332389167267799],
[1670851800.0, 0.2311556072230151],
[1670938200.0, 0.2030188351300951],
[1671024600.0, 0.21255122903185522],
[1671111000.0, 0.2113346283802268],
[1671197400.0, 0.21760300725914974],
[1671283800.0, 0.21707092218121862],
[1671370200.0, 0.21359029327417844],
[1671456600.0, 0.22267306370448536],
[1671543000.0, 0.23994089451236203],
[1671629400.0, 0.24800682366230364],
[1671715800.0, 0.25062925370646144],
[1671802200.0, 0.24724329718621388],
[1671888600.0, 0.2509099274348415],
[1671975000.0, 0.2517084880940986],
[1672061400.0, 0.25569634145795317],
[1672147800.0, 0.26011331261958026],
[1672234200.0, 0.25378309298236196],
[1672320600.0, 0.2521098025063518],
[1672407000.0, 0.2439740884674948],
[1672493400.0, 0.23569277068476907],
[1672579800.0, 0.23049899824421066],
[1672666200.0, 0.2272115144083205],
[1672752600.0, 0.22657762706785622],
[1672839000.0, 0.22284370355528546],
[1672925400.0, 0.22399941502437787],
[1673011800.0, 0.22995233341243687],
[1673098200.0, 0.2322024641233461],
[1673184600.0, 0.22853159454291044],
[1673271000.0, 0.23072396368074508],
[1673357400.0, 0.2342011195231222],
[1673443800.0, 0.23634956362514942],
[1673530200.0, 0.23641112952501575],
[1673616600.0, 0.23285029536659982],
[1673703000.0, 0.23142757107358908],
[1673789400.0, 0.22805022501751232],
[1673875800.0, 0.22778944177728058],
[1673962200.0, 0.22715713397147133],
[1674048600.0, 0.23048091289335285],
[1674135000.0, 0.2244429326135994],
[1674221400.0, 0.23609317178104652],
[1674307800.0, 0.229074555949341],
[1674394200.0, 0.2281281136925287],
[1674480600.0, 0.23569026582960684],
[1674567000.0, 0.23183891962622835],
[1674653400.0, 0.23140231436885328],
[1674739800.0, 0.24586693888941022],
[1674826200.0, 0.24406722003285902],
[1674912600.0, 0.24855921522898092],
[1674999000.0, 0.2413724002996545],
[1675085400.0, 0.2427263297435588],
[1675171800.0, 0.25558022306377043],
[1675258200.0, 0.25430088275482793],
[1675344600.0, 0.2514914891661167],
[1675431000.0, 0.2536695020596465],
[1675517400.0, 0.24986376000642666],
[1675603800.0, 0.2387443995887288],
[1675690200.0, 0.24320606416112092],
[1675776600.0, 0.24605343367818944],
[1675863000.0, 0.24472837407527795],
[1675949400.0, 0.24472837407527795],
