[1635773400.0, 2.168],
[1635859800.0, 2.418],
[1635946200.0, 2.412],
[1636032600.0, 2.4260000000000006],
[1636119000.0, 2.422],
[1636205400.0, 2.4379999999999997],
[1636291800.0, 2.3760000000000003],
[1636378200.0, 2.4240000000000004],
[1636464600.0, 2.4080000000000004],
[1636551000.0, 2.18],
[1636637400.0, 2.354],
[1636723800.0, 2.344],
[1636810200.0, 2.32],
[1636896600.0, 2.252],
[1636983000.0, 2.292],
[1637069400.0, 2.292],
[1637155800.0, 2.3459999999999996],
[1637242200.0, 2.366],
[1637328600.0, 2.34],
[1637415000.0, 2.422],
[1637501400.0, 2.384],
[1637587800.0, 2.3640000000000003],
[1637674200.0, 2.376],
[1637760600.0, 2.232],
[1637847000.0, 2.2020000000000004],
[1637933400.0, 2.196],
[1638019800.0, 2.2120000000000006],
[1638106200.0, 2.2620000000000005],
[1638192600.0, 2.3],
[1638279000.0, 2.2279999999999998],
[1638365400.0, 2.3360000000000003],
[1638451800.0, 2.3840000000000003],
[1638538200.0, 2.506],
[1638624600.0, 2.5379999999999994],
[1638711000.0, 2.6],
[1638797400.0, 2.6260000000000003],
[1638883800.0, 2.634],
[1638970200.0, 2.6580000000000004],
[1639056600.0, 2.6380000000000003],
[1639143000.0, 2.68],
[1639229400.0, 2.716],
[1639315800.0, 2.664],
[1639402200.0, 2.6660000000000004],
[1639488600.0, 2.68],
[1639575000.0, 2.6100000000000003],
[1639661400.0, 2.598],
[1639747800.0, 2.642],
[1639834200.0, 2.68],
[1639920600.0, 2.7039999999999997],
[1640007000.0, 2.6719999999999997],
[1640093400.0, 2.59],
[1640179800.0, 2.5799999999999996],
[1640266200.0, 2.546],
[1640352600.0, 2.604],
[1640439000.0, 2.64],
[1640525400.0, 2.666],
[1640611800.0, 2.696],
[1640698200.0, 2.774],
[1640784600.0, 2.756],
[1640871000.0, 2.7619999999999996],
[1640957400.0, 2.898],
[1641043800.0, 2.8779999999999997],
[1641130200.0, 2.8020000000000005],
[1641216600.0, 2.714],
[1641303000.0, 2.842],
[1641389400.0, 2.8939999999999997],
[1641475800.0, 2.978],
[1641562200.0, 3.0580000000000007],
[1641648600.0, 3.1220000000000003],
[1641735000.0, 3.104],
[1641821400.0, 2.986],
[1641907800.0, 3.1000000000000005],
[1641994200.0, 3.088],
[1642080600.0, 3.034],
[1642167000.0, 3.09],
[1642253400.0, 3.0940000000000003],
[1642339800.0, 3.08],
[1642426200.0, 3.0640000000000005],
[1642512600.0, 3.06],
[1642599000.0, 2.998],
[1642685400.0, 3.0040000000000004],
[1642771800.0, 3.0060000000000002],
[1642858200.0, 3.0379999999999994],
[1642944600.0, 2.9479999999999995],
[1643031000.0, 2.9619999999999997],
[1643117400.0, 2.92],
[1643203800.0, 2.986],
[1643290200.0, 2.9459999999999997],
[1643376600.0, 2.908],
[1643463000.0, 2.884],
[1643549400.0, 2.8820000000000006],
[1643635800.0, 2.8820000000000006],
[1643722200.0, 2.8820000000000006],
[1643808600.0, 3.028],
[1643895000.0, 2.956],
[1643981400.0, 2.9939999999999998],
[1644067800.0, 3.068],
[1644154200.0, 3.092],
[1644240600.0, 3.066],
[1644327000.0, 3.122],
[1644413400.0, 3.14],
[1644499800.0, 3.22],
[1644586200.0, 3.2359999999999998],
[1644672600.0, 3.2079999999999997],
[1644759000.0, 3.254],
[1644845400.0, 3.2840000000000003],
[1644931800.0, 3.2399999999999998],
[1645018200.0, 3.316],
[1645104600.0, 3.414],
[1645191000.0, 3.34],
[1645277400.0, 3.478],
[1645363800.0, 3.434],
[1645450200.0, 3.4120000000000004],
[1645536600.0, 3.4200000000000004],
[1645623000.0, 3.3900000000000006],
[1645709400.0, 3.38],
[1645795800.0, 3.4160000000000004],
[1645882200.0, 3.496],
[1645968600.0, 3.4579999999999997],
[1646055000.0, 3.404],
[1646141400.0, 3.3899999999999997],
[1646227800.0, 3.4219999999999997],
[1646314200.0, 3.3800000000000003],
[1646400600.0, 3.468],
[1646487000.0, 3.532],
[1646573400.0, 3.518],
[1646659800.0, 3.5439999999999996],
[1646746200.0, 3.3],
[1646832600.0, 3.4200000000000004],
[1646919000.0, 3.428],
[1647005400.0, 3.503999999999999],
[1647091800.0, 3.5460000000000003],
[1647178200.0, 3.554],
[1647264600.0, 3.5660000000000003],
[1647351000.0, 3.5840000000000005],
[1647437400.0, 3.588],
[1647523800.0, 3.5700000000000003],
[1647610200.0, 3.5800000000000005],
[1647696600.0, 3.596],
[1647783000.0, 3.6119999999999997],
[1647869400.0, 3.6060000000000003],
[1647955800.0, 3.6060000000000003],
[1648042200.0, 3.62],
[1648128600.0, 3.62],
[1648215000.0, 3.6320000000000006],
[1648301400.0, 3.6420000000000003],
[1648387800.0, 3.654],
[1648474200.0, 3.664],
[1648560600.0, 3.66],
[1648647000.0, 3.668],
[1648733400.0, 3.678],
[1648819800.0, 3.688],
[1648906200.0, 3.7079999999999997],
[1648996200.0, 3.724],
[1649082600.0, 3.742],
[1649169000.0, 4.236000000000001],
[1649255400.0, 4.282],
[1649341800.0, 4.27],
[1649428200.0, 4.1899999999999995],
[1649514600.0, 4.339999999999999],
[1649601000.0, 4.336],
[1649687400.0, 4.36],
[1649773800.0, 4.368],
[1649860200.0, 4.254],
[1649946600.0, 4.17],
[1650033000.0, 4.284000000000001],
[1650119400.0, 4.3580000000000005],
[1650205800.0, 4.404],
[1650292200.0, 4.432],
[1650378600.0, 4.452],
[1650465000.0, 4.409999999999999],
[1650551400.0, 4.409999999999999],
[1650637800.0, 4.409999999999999],
[1650724200.0, 4.488],
[1650810600.0, 4.4159999999999995],
[1650897000.0, 4.434],
[1650983400.0, 4.4719999999999995],
[1651069800.0, 4.332],
[1651156200.0, 4.382],
[1651242600.0, 4.378],
[1651329000.0, 4.434],
[1651415400.0, 4.404],
[1651501800.0, 4.408],
[1651588200.0, 4.422],
[1651674600.0, 4.08],
[1651761000.0, 4.087999999999999],
[1651847400.0, 4.14],
[1651933800.0, 4.2],
[1652020200.0, 4.26],
[1652106600.0, 4.191999999999999],
[1652193000.0, 4.276000000000001],
[1652279400.0, 4.186000000000001],
[1652365800.0, 4.2],
[1652452200.0, 4.214],
[1652538600.0, 4.220000000000001],
[1652625000.0, 4.209999999999999],
[1652711400.0, 4.218],
[1652797800.0, 4.1899999999999995],
[1652884200.0, 4.2],
[1652970600.0, 4.14],
[1653057000.0, 4.1899999999999995],
[1653143400.0, 4.202],
[1653229800.0, 4.178],
[1653316200.0, 4.194],
[1653402600.0, 4.17],
[1653489000.0, 4.212000000000001],
[1653575400.0, 4.2059999999999995],
[1653661800.0, 4.224000000000001],
[1653748200.0, 4.236],
[1653834600.0, 4.26],
[1653921000.0, 4.156000000000001],
[1654007400.0, 4.228],
[1654093800.0, 4.292],
[1654180200.0, 4.329999999999999],
[1654266600.0, 4.146],
[1654353000.0, 4.276],
[1654439400.0, 4.1979999999999995],
[1654525800.0, 4.212],
[1654612200.0, 4.334],
[1654698600.0, 4.308],
[1654785000.0, 4.306],
[1654871400.0, 4.196000000000001],
[1654957800.0, 4.328],
[1655044200.0, 4.278],
[1655130600.0, 4.264],
[1655217000.0, 4.101999999999999],
[1655303400.0, 4.2],
[1655389800.0, 4.061999999999999],
[1655476200.0, 4.16],
[1655562600.0, 4.138],
[1655649000.0, 4.1419999999999995],
[1655735400.0, 4.026],
[1655821800.0, 3.9939999999999998],
[1655908200.0, 3.978],
[1655994600.0, 3.876],
[1656081000.0, 3.7359999999999998],
[1656167400.0, 3.779999999999999],
[1656253800.0, 3.7559999999999993],
[1656340200.0, 3.753999999999999],
[1656426600.0, 3.7939999999999996],
[1656513000.0, 3.8659999999999997],
[1656599400.0, 3.9240000000000004],
[1656685800.0, 4.054],
[1656772200.0, 4.066000000000001],
[1656858600.0, 4.1240000000000006],
[1656945000.0, 4.122],
[1657031400.0, 4.0920000000000005],
[1657117800.0, 3.9899999999999993],
[1657204200.0, 4.066000000000001],
[1657290600.0, 4.1160000000000005],
[1657377000.0, 4.148],
[1657463400.0, 4.2700000000000005],
[1657549800.0, 4.2700000000000005],
[1657636200.0, 4.2860000000000005],
[1657722600.0, 4.392],
[1657809000.0, 4.305999999999999],
[1657895400.0, 4.448],
[1657981800.0, 4.412000000000001],
[1658068200.0, 4.481999999999999],
[1658154600.0, 4.412],
[1658241000.0, 4.446],
[1658327400.0, 4.736],
[1658413800.0, 4.454000000000001],
[1658500200.0, 4.4639999999999995],
[1658586600.0, 4.473999999999999],
[1658673000.0, 4.554],
[1658759400.0, 4.634],
[1658845800.0, 4.531999999999999],
[1658932200.0, 4.587999999999999],
[1659018600.0, 4.6099999999999985],
[1659105000.0, 4.706],
[1659191400.0, 4.668000000000001],
[1659277800.0, 4.706],
[1659364200.0, 4.782],
[1659450600.0, 4.8500000000000005],
[1659537000.0, 4.9079999999999995],
[1659623400.0, 4.824],
[1659709800.0, 4.832000000000001],
[1659796200.0, 5.022],
[1659882600.0, 4.959999999999999],
[1659969000.0, 5.040000000000001],
[1660055400.0, 5.029999999999999],
[1660141800.0, 4.973999999999999],
[1660228200.0, 5.072000000000001],
[1660314600.0, 5.126],
[1660401000.0, 5.126],
[1660487400.0, 5.126],
[1660573800.0, 5.126],
[1660660200.0, 5.145999999999999],
[1660746600.0, 5.119999999999999],
[1660833000.0, 5.198],
[1660919400.0, 5.4159999999999995],
[1661005800.0, 5.485999999999999],
[1661092200.0, 5.268],
[1661178600.0, 5.449999999999999],
[1661265000.0, 5.348000000000001],
[1661351400.0, 5.172],
[1661437800.0, 5.430000000000001],
[1661524200.0, 5.122000000000001],
[1661610600.0, 5.290000000000001],
[1661697000.0, 5.318],
[1661783400.0, 5.220000000000001],
[1661869800.0, 5.194000000000001],
[1661956200.0, 5.25],
[1662042600.0, 5.204000000000001],
[1662129000.0, 4.99],
[1662215400.0, 5.084],
[1662301800.0, 5.19],
[1662388200.0, 5.154],
[1662474600.0, 5.146],
[1662561000.0, 5.284],
[1662647400.0, 5.198],
[1662733800.0, 5.258],
[1662820200.0, 5.21],
[1662906600.0, 5.250000000000001],
[1662993000.0, 5.604000000000001],
[1663079400.0, 6.378000000000001],
[1663165800.0, 6.398000000000001],
[1663252200.0, 6.2540000000000004],
[1663338600.0, 6.174000000000001],
[1663425000.0, 6.16],
[1663511400.0, 6.234],
[1663597800.0, 6.223999999999999],
[1663684200.0, 6.04],
[1663770600.0, 5.904],
[1663857000.0, 5.828],
[1663943400.0, 5.894],
[1664029800.0, 5.8260000000000005],
[1664116200.0, 5.880000000000001],
[1664202600.0, 5.9159999999999995],
[1664289000.0, 5.954000000000001],
[1664375400.0, 5.918],
[1664461800.0, 5.868],
[1664548200.0, 6.018000000000001],
[1664634600.0, 6.005999999999999],
[1664717400.0, 6.15],
[1664803800.0, 6.286],
[1664890200.0, 6.4319999999999995],
[1664976600.0, 6.316],
[1665063000.0, 6.284000000000001],
[1665149400.0, 6.284000000000001],
[1665235800.0, 6.406000000000001],
[1665322200.0, 6.378],
[1665408600.0, 6.3839999999999995],
[1665495000.0, 6.4],
[1665581400.0, 6.372000000000001],
[1665667800.0, 6.352],
[1665754200.0, 6.38],
[1665840600.0, 6.456],
[1665927000.0, 6.5040000000000004],
[1666013400.0, 6.572],
[1666099800.0, 6.604000000000001],
[1666186200.0, 6.5760000000000005],
[1666272600.0, 6.494],
[1666359000.0, 6.378000000000001],
[1666445400.0, 6.096000000000001],
[1666531800.0, 6.110000000000001],
[1666618200.0, 6.074],
[1666704600.0, 6.202000000000001],
[1666791000.0, 6.11],
[1666877400.0, 6.164],
[1666963800.0, 6.200000000000001],
[1667050200.0, 6.258000000000001],
[1667136600.0, 6.200000000000001],
[1667223000.0, 6.281999999999999],
[1667309400.0, 6.272],
[1667395800.0, 6.332],
[1667482200.0, 6.390000000000001],
[1667568600.0, 6.428],
[1667655000.0, 6.5680000000000005],
[1667741400.0, 6.634],
[1667827800.0, 6.622],
[1667914200.0, 6.661999999999999],
[1668000600.0, 6.662000000000001],
[1668087000.0, 6.662000000000001],
[1668173400.0, 6.6819999999999995],
[1668259800.0, 6.726000000000001],
[1668346200.0, 6.727999999999999],
[1668432600.0, 6.57],
[1668519000.0, 6.758],
[1668605400.0, 6.764],
[1668691800.0, 6.83],
[1668778200.0, 7],
[1668864600.0, 6.953999999999999],
[1668951000.0, 6.5840000000000005],
[1669037400.0, 6.651999999999999],
[1669123800.0, 6.558000000000002],
[1669210200.0, 6.103999999999999],
[1669296600.0, 5.808],
[1669383000.0, 5.749999999999999],
[1669469400.0, 5.797999999999999],
[1669555800.0, 5.924],
[1669642200.0, 5.974],
[1669728600.0, 6.086],
[1669815000.0, 6.382],
[1669901400.0, 6.601999999999999],
[1669987800.0, 6.846000000000001],
[1670074200.0, 6.8420000000000005],
[1670160600.0, 6.866],
[1670247000.0, 6.8199999999999985],
[1670333400.0, 6.7559999999999985],
[1670419800.0, 6.8439999999999985],
[1670506200.0, 6.828],
[1670592600.0, 6.733999999999999],
[1670679000.0, 6.684],
[1670765400.0, 6.7],
[1670851800.0, 6.758],
[1670938200.0, 6.556],
[1671024600.0, 6.694],
[1671111000.0, 6.672],
[1671197400.0, 6.606],
[1671283800.0, 6.696000000000001],
[1671370200.0, 6.651999999999999],
[1671456600.0, 6.686],
[1671543000.0, 6.654000000000001],
[1671629400.0, 6.7379999999999995],
[1671715800.0, 6.7219999999999995],
[1671802200.0, 6.601999999999999],
[1671888600.0, 6.601999999999999],
[1671975000.0, 6.5280000000000005],
[1672061400.0, 6.516],
[1672147800.0, 6.511999999999999],
[1672234200.0, 6.492],
[1672320600.0, 6.542],
[1672407000.0, 6.63],
[1672493400.0, 6.55],
[1672579800.0, 6.65],
[1672666200.0, 6.586],
[1672752600.0, 6.519999999999999],
[1672839000.0, 6.522],
[1672925400.0, 6.5920000000000005],
[1673011800.0, 6.703999999999999],
[1673098200.0, 6.776000000000001],
[1673184600.0, 6.718000000000001],
[1673271000.0, 6.978],
[1673357400.0, 7.056],
[1673443800.0, 7.029999999999999],
[1673530200.0, 7.3100000000000005],
[1673616600.0, 7.425999999999999],
[1673703000.0, 7.495999999999998],
[1673789400.0, 7.534000000000001],
[1673875800.0, 7.556],
[1673962200.0, 7.581999999999999],
[1674048600.0, 7.552],
[1674135000.0, 7.711999999999999],
[1674221400.0, 7.566],
[1674307800.0, 7.656000000000001],
[1674394200.0, 7.684000000000002],
[1674480600.0, 7.766000000000001],
[1674567000.0, 7.596000000000001],
[1674653400.0, 7.607999999999999],
[1674739800.0, 7.6480000000000015],
[1674826200.0, 7.7379999999999995],
[1674912600.0, 7.893999999999998],
[1674999000.0, 7.94],
[1675085400.0, 7.959999999999999],
[1675171800.0, 7.806],
[1675258200.0, 8.038],
[1675344600.0, 7.981999999999999],
[1675431000.0, 8.048],
[1675517400.0, 8.186000000000002],
[1675603800.0, 8.058],
[1675690200.0, 8.16],
[1675776600.0, 8.106],
[1675863000.0, 8.106],
[1675949400.0, 8.106],
