[1598970600.0, 9.769082099204885],
[1599057000.0, 9.769082099204885],
[1599143400.0, 9.769082099204885],
[1599229800.0, 9.769082099204885],
[1599316200.0, 9.769082099204885],
[1599402600.0, 9.769082099204885],
[1599489000.0, 9.769082099204885],
[1599575400.0, 9.769082099204885],
[1599661800.0, 9.769082099204885],
[1599748200.0, 9.769082099204885],
[1599834600.0, 9.769082099204885],
[1599921000.0, 9.769082099204885],
[1600007400.0, 9.769082099204885],
[1600093800.0, 9.769082099204885],
[1600180200.0, 9.769082099204885],
[1600266600.0, 9.769082099204885],
[1600353000.0, 9.769082099204885],
[1600439400.0, 9.769082099204885],
[1600525800.0, 9.769082099204885],
[1600612200.0, 9.769082099204885],
[1600698600.0, 9.769082099204885],
[1600785000.0, 9.769082099204885],
[1600871400.0, 9.769082099204885],
[1600957800.0, 9.769082099204885],
[1601044200.0, 9.769082099204885],
[1601130600.0, 9.769082099204885],
[1601217000.0, 9.769082099204885],
[1601303400.0, 9.769082099204885],
[1601389800.0, 9.769082099204885],
[1601476200.0, 9.769082099204885],
[1601562600.0, 9.769082099204885],
[1601649000.0, 9.769082099204885],
[1601735400.0, 9.769082099204885],
[1601818200.0, 9.769082099204885],
[1601904600.0, 9.769082099204885],
[1601991000.0, 9.769082099204885],
[1602077400.0, 9.769082099204885],
[1602163800.0, 9.769082099204885],
[1602250200.0, 9.769082099204885],
[1602336600.0, 9.769082099204885],
[1602423000.0, 9.769082099204885],
[1602509400.0, 9.769082099204885],
[1602595800.0, 9.769082099204885],
[1602682200.0, 9.769082099204885],
[1602768600.0, 9.769082099204885],
[1602855000.0, 9.769082099204885],
[1602941400.0, 9.769082099204885],
[1603027800.0, 9.769082099204885],
[1603114200.0, 9.769082099204885],
[1603200600.0, 9.769082099204885],
[1603287000.0, 9.769082099204885],
[1603373400.0, 9.769082099204885],
[1603459800.0, 9.769082099204885],
[1603546200.0, 9.769082099204885],
[1603632600.0, 9.769082099204885],
[1603719000.0, 9.769082099204885],
[1603805400.0, 9.769082099204885],
[1603891800.0, 9.769082099204885],
[1603978200.0, 9.769082099204885],
[1604064600.0, 9.769082099204885],
[1604151000.0, 9.769082099204885],
[1604237400.0, 9.769082099204885],
[1604323800.0, 9.769082099204885],
[1604410200.0, 9.769082099204885],
[1604496600.0, 9.769082099204885],
[1604583000.0, 9.769082099204885],
[1604669400.0, 9.769082099204885],
[1604755800.0, 9.769082099204885],
[1604842200.0, 9.769082099204885],
[1604928600.0, 9.769082099204885],
[1605015000.0, 9.769082099204885],
[1605101400.0, 9.769082099204885],
[1605187800.0, 9.769082099204885],
[1605274200.0, 9.769082099204885],
[1605360600.0, 9.769082099204885],
[1605447000.0, 9.769082099204885],
[1605533400.0, 9.769082099204885],
[1605619800.0, 9.769082099204885],
[1605706200.0, 9.769082099204885],
[1605792600.0, 9.769082099204885],
[1605879000.0, 9.769082099204885],
[1605965400.0, 9.769082099204885],
[1606051800.0, 9.769082099204885],
[1606138200.0, 9.769082099204885],
[1606224600.0, 9.769082099204885],
[1606311000.0, 9.769082099204885],
[1606397400.0, 9.769082099204885],
[1606483800.0, 9.769082099204885],
[1606570200.0, 9.769082099204885],
[1606656600.0, 9.769082099204885],
[1606743000.0, 9.769082099204885],
[1606829400.0, 9.769082099204885],
[1606915800.0, 9.769082099204885],
[1607002200.0, 9.769082099204885],
[1607088600.0, 9.769082099204885],
[1607175000.0, 9.769082099204885],
[1607261400.0, 9.769082099204885],
[1607347800.0, 9.769082099204885],
[1607434200.0, 9.769082099204885],
[1607520600.0, 9.769082099204885],
[1607607000.0, 9.769082099204885],
[1607693400.0, 9.769082099204885],
[1607779800.0, 9.769082099204885],
[1607866200.0, 9.769082099204885],
[1607952600.0, 9.769082099204885],
[1608039000.0, 9.769082099204885],
[1608125400.0, 9.769082099204885],
[1608211800.0, 9.769082099204885],
[1608298200.0, 9.769082099204885],
[1608384600.0, 9.769082099204885],
[1608471000.0, 9.769082099204885],
[1608557400.0, 9.769082099204885],
[1608643800.0, 9.769082099204885],
[1608730200.0, 9.769082099204885],
[1608816600.0, 9.769082099204885],
[1608903000.0, 9.769082099204885],
[1608989400.0, 9.769082099204885],
[1609075800.0, 9.769082099204885],
[1609162200.0, 9.769082099204885],
[1609248600.0, 9.769082099204885],
[1609335000.0, 9.769082099204885],
[1609421400.0, 9.769082099204885],
[1609507800.0, 9.769082099204885],
[1609594200.0, 9.769082099204885],
[1609680600.0, 9.769082099204885],
[1609767000.0, 9.769082099204885],
[1609853400.0, 9.769082099204885],
[1609939800.0, 9.769082099204885],
[1610026200.0, 9.769082099204885],
[1610112600.0, 9.769082099204885],
[1610199000.0, 9.769082099204885],
[1610285400.0, 9.769082099204885],
[1610371800.0, 9.769082099204885],
[1610458200.0, 9.769082099204885],
[1610544600.0, 9.769082099204885],
[1610631000.0, 9.769082099204885],
[1610717400.0, 9.769082099204885],
[1610803800.0, 9.769082099204885],
[1610890200.0, 9.769082099204885],
[1610976600.0, 9.769082099204885],
[1611063000.0, 9.769082099204885],
[1611149400.0, 9.769082099204885],
[1611235800.0, 9.769082099204885],
[1611322200.0, 9.769082099204885],
[1611408600.0, 9.769082099204885],
[1611495000.0, 9.769082099204885],
[1611581400.0, 9.769082099204885],
[1611667800.0, 9.769082099204885],
[1611754200.0, 9.769082099204885],
[1611840600.0, 9.769082099204885],
[1611927000.0, 9.769082099204885],
[1612013400.0, 9.769082099204885],
[1612099800.0, 9.769082099204885],
[1612186200.0, 9.769082099204885],
[1612272600.0, 9.769082099204885],
[1612359000.0, 9.769082099204885],
[1612445400.0, 9.769082099204885],
[1612531800.0, 9.769082099204885],
[1612618200.0, 9.769082099204885],
[1612704600.0, 9.769082099204885],
[1612791000.0, 9.769082099204885],
[1612877400.0, 9.769082099204885],
[1612963800.0, 9.769082099204885],
[1613050200.0, 9.769082099204885],
[1613136600.0, 9.769082099204885],
[1613223000.0, 9.769082099204885],
[1613309400.0, 9.769082099204885],
[1613395800.0, 9.769082099204885],
[1613482200.0, 9.769082099204885],
[1613568600.0, 9.769082099204885],
[1613655000.0, 9.769082099204885],
[1613741400.0, 9.769082099204885],
[1613827800.0, 9.769082099204885],
[1613914200.0, 9.769082099204885],
[1614000600.0, 9.769082099204885],
[1614087000.0, 9.769082099204885],
[1614173400.0, 9.769082099204885],
[1614259800.0, 9.769082099204885],
[1614346200.0, 9.769082099204885],
[1614432600.0, 9.769082099204885],
[1614519000.0, 9.769082099204885],
[1614605400.0, 9.769082099204885],
[1614691800.0, 9.769082099204885],
[1614778200.0, 9.769082099204885],
[1614864600.0, 9.769082099204885],
[1614951000.0, 9.769082099204885],
[1615037400.0, 9.769082099204885],
[1615123800.0, 9.769082099204885],
[1615210200.0, 9.769082099204885],
[1615296600.0, 9.769082099204885],
[1615383000.0, 9.769082099204885],
[1615469400.0, 9.769082099204885],
[1615555800.0, 9.769082099204885],
[1615642200.0, 9.769082099204885],
[1615728600.0, 9.769082099204885],
[1615815000.0, 9.769082099204885],
[1615901400.0, 9.769082099204885],
[1615987800.0, 9.769082099204885],
[1616074200.0, 9.769082099204885],
[1616160600.0, 9.769082099204885],
[1616247000.0, 9.769082099204885],
[1616333400.0, 9.769082099204885],
[1616419800.0, 9.769082099204885],
[1616506200.0, 9.769082099204885],
[1616592600.0, 9.769082099204885],
[1616679000.0, 9.769082099204885],
[1616765400.0, 9.769082099204885],
[1616851800.0, 9.769082099204885],
[1616938200.0, 9.769082099204885],
[1617024600.0, 9.769082099204885],
[1617111000.0, 9.769082099204885],
[1617197400.0, 9.769082099204885],
[1617283800.0, 9.769082099204885],
[1617370200.0, 9.769082099204885],
[1617456600.0, 9.769082099204885],
[1617546600.0, 9.769082099204885],
[1617633000.0, 9.769082099204885],
[1617719400.0, 9.769082099204885],
[1617805800.0, 9.769082099204885],
[1617892200.0, 9.769082099204885],
[1617978600.0, 9.769082099204885],
[1618065000.0, 9.769082099204885],
[1618151400.0, 9.769082099204885],
[1618237800.0, 9.769082099204885],
[1618324200.0, 9.769082099204885],
[1618410600.0, 9.769082099204885],
[1618497000.0, 9.769082099204885],
[1618583400.0, 9.769082099204885],
[1618669800.0, 9.769082099204885],
[1618756200.0, 9.769082099204885],
[1618842600.0, 9.769082099204885],
[1618929000.0, 9.769082099204885],
[1619015400.0, 9.769082099204885],
[1619101800.0, 9.769082099204885],
[1619188200.0, 9.769082099204885],
[1619274600.0, 9.769082099204885],
[1619361000.0, 9.769082099204885],
[1619447400.0, 9.769082099204885],
[1619533800.0, 9.769082099204885],
[1619620200.0, 9.769082099204885],
[1619706600.0, 9.769082099204885],
[1619793000.0, 9.769082099204885],
[1619879400.0, 9.769082099204885],
[1619965800.0, 9.769082099204885],
[1620052200.0, 9.769082099204885],
[1620138600.0, 9.769082099204885],
[1620225000.0, 9.769082099204885],
[1620311400.0, 9.769082099204885],
[1620397800.0, 9.769082099204885],
[1620484200.0, 9.769082099204885],
[1620570600.0, 9.769082099204885],
[1620657000.0, 9.769082099204885],
[1620743400.0, 9.769082099204885],
[1620829800.0, 9.769082099204885],
[1620916200.0, 9.769082099204885],
[1621002600.0, 9.769082099204885],
[1621089000.0, 9.769082099204885],
[1621175400.0, 9.769082099204885],
[1621261800.0, 9.769082099204885],
[1621348200.0, 9.769082099204885],
[1621434600.0, 9.769082099204885],
[1621521000.0, 9.769082099204885],
[1621607400.0, 9.769082099204885],
[1621693800.0, 9.769082099204885],
[1621780200.0, 9.769082099204885],
[1621866600.0, 9.769082099204885],
[1621953000.0, 9.769082099204885],
[1622039400.0, 9.769082099204885],
[1622125800.0, 9.769082099204885],
[1622212200.0, 9.769082099204885],
[1622298600.0, 9.769082099204885],
[1622385000.0, 9.769082099204885],
[1622471400.0, 9.769082099204885],
[1622557800.0, 9.769082099204885],
[1622644200.0, 9.769082099204885],
[1622730600.0, 9.769082099204885],
[1622817000.0, 9.769082099204885],
[1622903400.0, 9.769082099204885],
[1622989800.0, 9.769082099204885],
[1623076200.0, 9.769082099204885],
[1623162600.0, 9.769082099204885],
[1623249000.0, 9.769082099204885],
[1623335400.0, 9.769082099204885],
[1623421800.0, 9.769082099204885],
[1623508200.0, 9.769082099204885],
[1623594600.0, 9.769082099204885],
[1623681000.0, 9.769082099204885],
[1623767400.0, 9.769082099204885],
[1623853800.0, 9.769082099204885],
[1623940200.0, 9.769082099204885],
[1624026600.0, 9.769082099204885],
[1624113000.0, 9.769082099204885],
[1624199400.0, 9.769082099204885],
[1624285800.0, 9.769082099204885],
[1624372200.0, 9.769082099204885],
[1624458600.0, 9.769082099204885],
[1624545000.0, 9.769082099204885],
[1624631400.0, 9.769082099204885],
[1624717800.0, 9.769082099204885],
[1624804200.0, 9.769082099204885],
[1624890600.0, 9.769082099204885],
[1624977000.0, 9.769082099204885],
[1625063400.0, 9.769082099204885],
[1625149800.0, 9.769082099204885],
[1625236200.0, 9.769082099204885],
[1625322600.0, 9.769082099204885],
[1625409000.0, 9.769082099204885],
[1625495400.0, 9.769082099204885],
[1625581800.0, 9.769082099204885],
[1625668200.0, 9.769082099204885],
[1625754600.0, 9.769082099204885],
[1625841000.0, 9.769082099204885],
[1625927400.0, 9.769082099204885],
[1626013800.0, 9.769082099204885],
[1626100200.0, 9.769082099204885],
[1626186600.0, 9.769082099204885],
[1626273000.0, 9.769082099204885],
[1626359400.0, 9.769082099204885],
[1626445800.0, 9.769082099204885],
[1626532200.0, 9.769082099204885],
[1626618600.0, 9.769082099204885],
[1626705000.0, 9.769082099204885],
[1626791400.0, 9.769082099204885],
[1626877800.0, 9.769082099204885],
[1626964200.0, 9.769082099204885],
[1627050600.0, 9.769082099204885],
[1627137000.0, 9.769082099204885],
[1627223400.0, 9.769082099204885],
[1627309800.0, 9.769082099204885],
[1627396200.0, 9.769082099204885],
[1627482600.0, 9.769082099204885],
[1627569000.0, 9.769082099204885],
[1627655400.0, 9.769082099204885],
[1627741800.0, 9.769082099204885],
[1627828200.0, 9.769082099204885],
[1627914600.0, 9.769082099204885],
[1628001000.0, 9.769082099204885],
[1628087400.0, 9.769082099204885],
[1628173800.0, 9.769082099204885],
[1628260200.0, 9.769082099204885],
[1628346600.0, 9.769082099204885],
[1628433000.0, 9.769082099204885],
[1628519400.0, 9.769082099204885],
[1628605800.0, 9.769082099204885],
[1628692200.0, 9.769082099204885],
[1628778600.0, 9.769082099204885],
[1628865000.0, 9.769082099204885],
[1628951400.0, 9.769082099204885],
[1629037800.0, 9.769082099204885],
[1629124200.0, 9.769082099204885],
[1629210600.0, 9.769082099204885],
[1629297000.0, 5.894484467644674],
[1629383400.0, 5.917140822566373],
[1629469800.0, 6.0365765785554],
[1629556200.0, 6.0365765785554],
[1629642600.0, 6.0365765785554],
[1629729000.0, 6.0365765785554],
[1629815400.0, 6.0365765785554],
[1629901800.0, 6.0365765785554],
[1629988200.0, 6.0365765785554],
[1630074600.0, 6.0365765785554],
[1630161000.0, 6.0365765785554],
[1630247400.0, 6.0365765785554],
[1630333800.0, 6.0365765785554],
[1630420200.0, 6.0365765785554],
[1630506600.0, 6.0365765785554],
[1630593000.0, 6.0365765785554],
[1630679400.0, 6.0365765785554],
[1630765800.0, 6.0365765785554],
[1630852200.0, 6.0365765785554],
[1630938600.0, 6.0365765785554],
[1631025000.0, 6.0365765785554],
[1631111400.0, 6.0365765785554],
[1631197800.0, 6.0365765785554],
[1631284200.0, 6.0365765785554],
[1631370600.0, 6.0365765785554],
[1631457000.0, 6.0365765785554],
[1631543400.0, 6.0365765785554],
[1631629800.0, 6.0365765785554],
[1631716200.0, 6.0365765785554],
[1631802600.0, 6.0365765785554],
[1631889000.0, 6.0365765785554],
[1631975400.0, 6.0365765785554],
[1632061800.0, 6.0365765785554],
[1632148200.0, 6.0365765785554],
[1632234600.0, 5.668492386739612],
[1632321000.0, 5.5032906853459265],
[1632407400.0, 5.295696253360617],
[1632493800.0, 5.135927668776621],
[1632580200.0, 5.245811525288176],
[1632666600.0, 5.070779101245255],
[1632753000.0, 5.30286713011403],
[1632839400.0, 5.128611376776573],
[1632925800.0, 5.269654221193039],
[1633012200.0, 5.062166770288953],
[1633098600.0, 5.223584886187244],
[1633185000.0, 5.184498182753259],
[1633267800.0, 5.141428756543253],
[1633354200.0, 5.108334950448471],
[1633440600.0, 4.935666623744987],
[1633527000.0, 4.964554082543789],
[1633613400.0, 4.83238251985033],
[1633699800.0, 4.966441692010501],
[1633786200.0, 4.836504370106315],
[1633872600.0, 4.834517571961411],
[1633959000.0, 4.74908751504188],
[1634045400.0, 4.666618318123095],
[1634131800.0, 4.699204083338717],
[1634218200.0, 4.682752715559139],
[1634304600.0, 4.7259134539840515],
[1634391000.0, 4.638617815758164],
[1634477400.0, 4.516658851963641],
[1634563800.0, 4.588716035288206],
[1634650200.0, 4.480776788468611],
[1634736600.0, 4.562785992769854],
[1634823000.0, 4.728436902928919],
[1634909400.0, 4.660790114604478],
[1634995800.0, 4.602068298326401],
[1635082200.0, 4.519144539416495],
[1635168600.0, 4.44157783562684],
[1635255000.0, 4.575594504663424],
[1635341400.0, 4.559645832048595],
[1635427800.0, 4.5756961318983205],
[1635514200.0, 4.602383882137563],
[1635600600.0, 4.639867865047007],
[1635687000.0, 4.527431274636993],
[1635773400.0, 4.567691921525913],
[1635859800.0, 4.622053121208878],
[1635946200.0, 4.452386248121608],
[1636032600.0, 4.555044804585329],
[1636119000.0, 4.582875726398233],
[1636205400.0, 4.825624846280532],
[1636291800.0, 4.746250152419343],
[1636378200.0, 4.911393005323794],
[1636464600.0, 4.931742293702061],
[1636551000.0, 4.576543469393424],
[1636637400.0, 4.598835255860451],
[1636723800.0, 4.518567732017816],
[1636810200.0, 4.560435368288666],
[1636896600.0, 4.714469535981093],
[1636983000.0, 4.681159318494784],
[1637069400.0, 4.73066616399447],
[1637155800.0, 4.645247109414695],
[1637242200.0, 4.676961400507998],
[1637328600.0, 4.827231104951629],
[1637415000.0, 4.873641960587222],
[1637501400.0, 4.793966663288555],
[1637587800.0, 4.738702839349407],
[1637674200.0, 4.704621479150799],
[1637760600.0, 4.739801118199959],
[1637847000.0, 4.756600029491174],
[1637933400.0, 4.8276216418592],
[1638019800.0, 4.837952434948588],
[1638106200.0, 4.788669331288569],
[1638192600.0, 4.900187510535467],
[1638279000.0, 4.860731877620691],
[1638365400.0, 4.7648678694890885],
[1638451800.0, 4.824497922131584],
[1638538200.0, 5.002397854838544],
[1638624600.0, 4.86598899636084],
[1638711000.0, 5.068438951429414],
[1638797400.0, 5.080381402625622],
[1638883800.0, 5.2755395164488865],
[1638970200.0, 5.300154155941585],
[1639056600.0, 5.41738060663472],
[1639143000.0, 5.191183578143431],
[1639229400.0, 5.087043811948578],
[1639315800.0, 5.00684689421531],
[1639402200.0, 4.93593236823186],
[1639488600.0, 4.943274004146009],
[1639575000.0, 5.006604040733658],
[1639661400.0, 5.187963255959484],
[1639747800.0, 5.339285705240115],
[1639834200.0, 5.491750932556738],
[1639920600.0, 5.447644545207276],
[1640007000.0, 5.079262518486561],
[1640093400.0, 5.374205028146942],
[1640179800.0, 5.459708772973879],
[1640266200.0, 5.4776202951865],
[1640352600.0, 5.40224744448937],
[1640439000.0, 5.437187595109667],
[1640525400.0, 5.213605643764659],
[1640611800.0, 5.352837775865109],
[1640698200.0, 5.206170108541077],
[1640784600.0, 5.328201362483447],
[1640871000.0, 5.290655414661182],
[1640957400.0, 5.231699298139972],
[1641043800.0, 5.285841957145199],
[1641130200.0, 5.239758859694968],
[1641216600.0, 5.285255454930338],
[1641303000.0, 5.363028599279304],
[1641389400.0, 5.194178039067276],
[1641475800.0, 5.226990280583812],
[1641562200.0, 5.3627334914672105],
[1641648600.0, 5.392773428260662],
[1641735000.0, 5.357992466519424],
[1641821400.0, 5.2111679170178435],
[1641907800.0, 5.27602193525722],
[1641994200.0, 5.42261526524507],
[1642080600.0, 5.3138142299109274],
[1642167000.0, 5.2853271513892865],
[1642253400.0, 5.41016212221036],
[1642339800.0, 5.315512841805853],
[1642426200.0, 5.284621505191205],
[1642512600.0, 5.4109010990459785],
[1642599000.0, 5.374564601062446],
[1642685400.0, 5.408008966532962],
[1642771800.0, 5.4165324456624475],
[1642858200.0, 5.4253390695805495],
[1642944600.0, 5.3839871694230625],
[1643031000.0, 5.457393697162085],
[1643117400.0, 5.386664797923577],
[1643203800.0, 5.314262578278366],
[1643290200.0, 5.305927320952574],
[1643376600.0, 5.347511012173034],
[1643463000.0, 5.324117188933833],
[1643549400.0, 5.209660922204107],
[1643635800.0, 5.209660922204107],
[1643722200.0, 5.209660922204107],
[1643808600.0, 5.609316634399583],
[1643895000.0, 5.506389930904791],
[1643981400.0, 5.614378119100039],
[1644067800.0, 5.70444625941598],
[1644154200.0, 5.553172477105083],
[1644240600.0, 5.5916258759187185],
[1644327000.0, 5.289476022470876],
[1644413400.0, 5.116228058785304],
[1644499800.0, 5.467190953955286],
[1644586200.0, 5.305584332559666],
[1644672600.0, 5.400968853501865],
[1644759000.0, 5.404831100944432],
[1644845400.0, 5.39638333606266],
[1644931800.0, 5.353082627490484],
[1645018200.0, 5.350142193889414],
[1645104600.0, 5.472089036826847],
[1645191000.0, 5.358679871638906],
[1645277400.0, 5.419645648809248],
[1645363800.0, 5.3933698578907245],
[1645450200.0, 5.398630245688793],
[1645536600.0, 5.5614056104118275],
[1645623000.0, 5.412010931933623],
[1645709400.0, 5.4932152379701575],
[1645795800.0, 5.594632681707033],
[1645882200.0, 5.362966828235219],
[1645968600.0, 5.481688353431601],
[1646055000.0, 5.754318851458656],
[1646141400.0, 5.657073652621388],
[1646227800.0, 5.62515156196775],
[1646314200.0, 5.607940290543099],
[1646400600.0, 5.9074582515175935],
[1646487000.0, 5.922048748579119],
[1646573400.0, 5.873207306703029],
[1646659800.0, 5.622734515176712],
[1646746200.0, 5.60681891196242],
[1646832600.0, 5.529663277952678],
[1646919000.0, 5.478968194162587],
[1647005400.0, 5.578943627315446],
[1647091800.0, 5.598507983651417],
[1647178200.0, 5.637770189739854],
[1647264600.0, 5.656483763335806],
[1647351000.0, 5.603900709875147],
[1647437400.0, 5.591677478074462],
[1647523800.0, 5.639266328814997],
[1647610200.0, 5.820183433350241],
[1647696600.0, 5.893069096112559],
[1647783000.0, 5.835556158796909],
[1647869400.0, 5.754994020599888],
[1647955800.0, 5.761033342418997],
[1648042200.0, 5.761195473877027],
[1648128600.0, 5.769158408835878],
[1648215000.0, 5.800320217854583],
[1648301400.0, 5.764591228966573],
[1648387800.0, 5.702948908872636],
[1648474200.0, 5.766973268116256],
[1648560600.0, 5.658570414576878],
[1648647000.0, 5.774757145294264],
[1648733400.0, 5.872074447177414],
[1648819800.0, 5.991433004962882],
[1648906200.0, 5.87946096482554],
[1648996200.0, 5.78873878838693],
[1649082600.0, 5.9990477456799],
[1649169000.0, 5.86514669106877],
[1649255400.0, 5.898993706511629],
[1649341800.0, 6.083529499434262],
[1649428200.0, 5.896894896822475],
[1649514600.0, 6.006353198447635],
[1649601000.0, 5.945070414850709],
[1649687400.0, 5.85131222983092],
[1649773800.0, 6.089939688745865],
[1649860200.0, 6.079066242101606],
[1649946600.0, 6.060234377257021],
[1650033000.0, 6.101194280598411],
[1650119400.0, 6.108836496562238],
[1650205800.0, 6.068275207510823],
[1650292200.0, 6.021404091697259],
[1650378600.0, 5.966727050438109],
[1650465000.0, 6.017589747428748],
[1650551400.0, 6.017589747428748],
[1650637800.0, 6.017589747428748],
[1650724200.0, 6.051642596075907],
[1650810600.0, 6.1061745385821204],
[1650897000.0, 6.135145488356469],
[1650983400.0, 6.128752416104505],
[1651069800.0, 6.0116934750581486],
[1651156200.0, 6.071604436262355],
[1651242600.0, 6.0556087257042135],
[1651329000.0, 6.027397419678736],
[1651415400.0, 5.981343782616996],
[1651501800.0, 5.98463053145283],
[1651588200.0, 5.858417313176312],
[1651674600.0, 5.857593672056076],
[1651761000.0, 5.9012005943891745],
[1651847400.0, 5.826061345573],
[1651933800.0, 5.798476505612352],
[1652020200.0, 5.6231076080045],
[1652106600.0, 5.574236874361247],
[1652193000.0, 5.524785730834119],
[1652279400.0, 5.478886076620768],
[1652365800.0, 5.545511895865089],
[1652452200.0, 5.52836980365029],
[1652538600.0, 5.412639048340867],
[1652625000.0, 5.412639048340867],
[1652711400.0, 5.46895752492581],
[1652797800.0, 5.549165651128244],
[1652884200.0, 5.52418958415742],
[1652970600.0, 5.467824954246935],
[1653057000.0, 5.436238195004723],
[1653143400.0, 5.4783324212165985],
[1653229800.0, 5.44592278277405],
[1653316200.0, 5.4037727399044675],
[1653402600.0, 5.502992139214079],
[1653489000.0, 5.4256722602085175],
[1653575400.0, 5.512871834396815],
[1653661800.0, 5.122347210140338],
[1653748200.0, 5.2532325087897895],
[1653834600.0, 5.277000586555834],
[1653921000.0, 5.36564988150482],
[1654007400.0, 5.449392082504012],
[1654093800.0, 5.386456239875746],
[1654180200.0, 5.480703700839715],
[1654266600.0, 5.528970254745153],
[1654353000.0, 5.388494772038098],
[1654439400.0, 5.593049582068225],
[1654525800.0, 5.549673424625106],
[1654612200.0, 5.376079023416817],
[1654698600.0, 5.336925858044515],
[1654785000.0, 5.426202563073268],
[1654871400.0, 5.403136627759292],
[1654957800.0, 5.37084446732636],
[1655044200.0, 5.451393408600841],
[1655130600.0, 5.4887145232962355],
[1655217000.0, 5.45826349035342],
[1655303400.0, 6.053032378962701],
[1655389800.0, 6.057145820909699],
[1655476200.0, 6.3218373954370435],
[1655562600.0, 6.2847323132347634],
[1655649000.0, 6.092461589920479],
[1655735400.0, 5.977742157381226],
[1655821800.0, 6.172980079335184],
[1655908200.0, 5.776647122911086],
[1655994600.0, 5.577091004913723],
[1656081000.0, 5.6718747208854765],
[1656167400.0, 5.688756802980073],
[1656253800.0, 5.723831213509725],
[1656340200.0, 5.699103715374232],
[1656426600.0, 5.582335673681694],
[1656513000.0, 5.665787291645465],
[1656599400.0, 5.610188142674722],
[1656685800.0, 5.842806421049159],
[1656772200.0, 5.75968314407931],
[1656858600.0, 5.725782724723931],
[1656945000.0, 5.722887655645519],
[1657031400.0, 5.506789343146246],
[1657117800.0, 5.534631493148265],
[1657204200.0, 5.534631493148265],
[1657290600.0, 5.718670123628489],
[1657377000.0, 5.799857949530447],
[1657463400.0, 5.762903226575504],
[1657549800.0, 5.731191003428825],
[1657636200.0, 5.717304710662273],
[1657722600.0, 5.5300767372584945],
[1657809000.0, 5.434555930843513],
[1657895400.0, 5.514702716621965],
[1657981800.0, 5.478636746827168],
[1658068200.0, 5.527138878567901],
[1658154600.0, 5.722958117704284],
[1658241000.0, 5.440824356459333],
[1658327400.0, 5.5995614388823425],
[1658413800.0, 5.616052019316892],
[1658500200.0, 5.6761270319097825],
[1658586600.0, 5.589488314381484],
[1658673000.0, 5.689140804967109],
[1658759400.0, 5.7225975064892],
[1658845800.0, 5.644154714738225],
[1658932200.0, 5.70696739488741],
[1659018600.0, 5.717958475522309],
[1659105000.0, 5.676107849437368],
[1659191400.0, 5.63775763981615],
[1659277800.0, 5.8169802721116755],
[1659364200.0, 5.672410859415149],
[1659450600.0, 5.555331529989317],
[1659537000.0, 5.661128815998659],
[1659623400.0, 5.492680193290159],
[1659709800.0, 5.686312126275492],
[1659796200.0, 5.775726458791117],
[1659882600.0, 5.638203423528133],
[1659969000.0, 5.5113488865620175],
[1660055400.0, 5.659715549038858],
[1660141800.0, 5.778253931463592],
[1660228200.0, 5.794779576883009],
[1660314600.0, 5.697107757873076],
[1660401000.0, 5.697107757873076],
[1660487400.0, 5.697107757873076],
[1660573800.0, 5.697107757873076],
[1660660200.0, 5.939117407552433],
[1660746600.0, 5.909210705883275],
[1660833000.0, 6.065876589477274],
[1660919400.0, 5.959073583968418],
[1661005800.0, 6.05276085306545],
[1661092200.0, 5.8096064582819915],
[1661178600.0, 6.179081302753533],
[1661265000.0, 6.206296418555151],
[1661351400.0, 5.956346085436192],
[1661437800.0, 6.19818999356615],
[1661524200.0, 5.870424502876304],
[1661610600.0, 6.004724104189646],
[1661697000.0, 6.018110912503221],
[1661783400.0, 6.001512239778851],
[1661869800.0, 5.913501844748988],
[1661956200.0, 6.077339053682917],
[1662042600.0, 5.86580372573752],
[1662129000.0, 5.990084271348301],
[1662215400.0, 6.038166812776474],
[1662301800.0, 5.9466705713644865],
[1662388200.0, 5.81299618968371],
[1662474600.0, 6.060623750405685],
[1662561000.0, 6.049941885665031],
[1662647400.0, 6.00774424067941],
[1662733800.0, 6.1590330873657635],
[1662820200.0, 5.85935808916654],
[1662906600.0, 5.999162581255501],
[1662993000.0, 6.181744835529624],
[1663079400.0, 5.99183510277705],
[1663165800.0, 6.110083576512353],
[1663252200.0, 6.043818670905501],
[1663338600.0, 6.1062822173426765],
[1663425000.0, 5.950039615304237],
[1663511400.0, 6.200636668226004],
[1663597800.0, 6.059649805743853],
[1663684200.0, 6.082740458160042],
[1663770600.0, 5.9365394509739104],
[1663857000.0, 5.969761262636493],
[1663943400.0, 5.919785627788934],
[1664029800.0, 5.981311212203136],
[1664116200.0, 5.89526560960599],
[1664202600.0, 5.722977766491101],
[1664289000.0, 5.8124331999624035],
[1664375400.0, 5.83876565910882],
[1664461800.0, 5.807335972587928],
[1664548200.0, 5.773672683310714],
[1664634600.0, 5.937314521304148],
[1664717400.0, 6.086563378743928],
[1664803800.0, 6.0843400106886465],
[1664890200.0, 6.163472361543241],
[1664976600.0, 6.089351849056103],
[1665063000.0, 6.04388008587411],
[1665149400.0, 6.103789570476693],
[1665235800.0, 6.096471178061388],
[1665322200.0, 6.085344665346791],
[1665408600.0, 6.0477146583045345],
[1665495000.0, 5.992230255061131],
[1665581400.0, 5.790539954314473],
[1665667800.0, 5.788396806502591],
[1665754200.0, 5.644287554269087],
[1665840600.0, 5.648579121483519],
[1665927000.0, 5.673569485803547],
[1666013400.0, 5.643360914812273],
[1666099800.0, 5.811628772682511],
[1666186200.0, 5.765426045366784],
[1666272600.0, 5.981839233823687],
[1666359000.0, 6.210831747606098],
[1666445400.0, 6.212441879764737],
[1666531800.0, 6.153994691719671],
[1666618200.0, 6.102911742131241],
[1666704600.0, 6.170390571252543],
[1666791000.0, 6.0742041288902975],
[1666877400.0, 6.049305967755713],
[1666963800.0, 6.137353550915737],
[1667050200.0, 6.14875378781785],
[1667136600.0, 6.094184802045903],
[1667223000.0, 6.164822345124024],
[1667309400.0, 6.155959204830038],
[1667395800.0, 6.148557477613607],
[1667482200.0, 6.230223457668977],
[1667568600.0, 6.118558594229106],
[1667655000.0, 6.109533565731815],
[1667741400.0, 6.2032315141582695],
[1667827800.0, 5.995122777131261],
[1667914200.0, 5.969589803548874],
[1668000600.0, 6.19658119699923],
[1668087000.0, 6.534446545638544],
[1668173400.0, 6.295236021568204],
[1668259800.0, 6.311131914534368],
[1668346200.0, 6.360593207971281],
[1668432600.0, 6.384462753343787],
[1668519000.0, 6.178899556008841],
[1668605400.0, 6.348771018394841],
[1668691800.0, 6.479147820344131],
[1668778200.0, 6.837138809202151],
[1668864600.0, 7.284691126287924],
[1668951000.0, 7.406531082441305],
[1669037400.0, 7.827295579495782],
[1669123800.0, 7.85785214907708],
[1669210200.0, 7.549933553286152],
[1669296600.0, 7.47061615388678],
[1669383000.0, 6.82321859114666],
[1669469400.0, 7.046553504039387],
[1669555800.0, 6.998204976242981],
[1669642200.0, 6.736408283606953],
[1669728600.0, 6.862876942341543],
[1669815000.0, 7.0277513612399405],
[1669901400.0, 7.1940353700012425],
[1669987800.0, 7.011728817685257],
[1670074200.0, 7.099312746427468],
[1670160600.0, 6.967603367504441],
[1670247000.0, 7.316288534628504],
[1670333400.0, 7.252648081338854],
[1670419800.0, 7.3858769794698205],
[1670506200.0, 7.344745971903074],
[1670592600.0, 7.347880235904564],
[1670679000.0, 7.279684348096612],
[1670765400.0, 7.191898139833694],
[1670851800.0, 7.180602800451474],
[1670938200.0, 7.36582409671774],
[1671024600.0, 7.385112886160321],
[1671111000.0, 7.505306418441337],
[1671197400.0, 7.303380368681894],
[1671283800.0, 7.280194250397781],
[1671370200.0, 7.306940278219347],
[1671456600.0, 7.245247635349133],
[1671543000.0, 7.244278988594831],
[1671715800.0, 6.960938961937907],
[1671802200.0, 7.097902547974656],
[1671888600.0, 6.808768104939866],
[1671975000.0, 7.011441764276005],
[1672061400.0, 7.153836608235867],
[1672147800.0, 6.874888007790754],
[1672234200.0, 6.823790239821077],
[1672320600.0, 6.734775326212951],
[1672407000.0, 6.877638879106221],
[1672493400.0, 6.609853224672231],
[1672579800.0, 6.571510921456608],
[1672666200.0, 6.7334280441947305],
[1672752600.0, 6.624858765000077],
[1672839000.0, 6.743140138662778],
[1672925400.0, 6.780251991635052],
[1673011800.0, 6.728767726007297],
[1673098200.0, 7.0248920221720335],
[1673184600.0, 7.186182990357231],
[1673271000.0, 7.139086224526611],
[1673357400.0, 6.949107639424917],
[1673443800.0, 6.965015245036398],
[1673530200.0, 7.245074402783217],
[1673616600.0, 7.4347632419772305],
[1673703000.0, 7.468397126508947],
[1673789400.0, 7.710731286057307],
[1673875800.0, 7.49193300061734],
[1673962200.0, 7.493863868702121],
[1674048600.0, 7.478767068856738],
[1674135000.0, 7.666605013328428],
[1674221400.0, 7.816855106248524],
[1674307800.0, 7.857335229978194],
[1674394200.0, 7.770635869148273],
[1674480600.0, 7.874288613621339],
[1674567000.0, 7.663791610206612],
[1674653400.0, 7.704372699736464],
[1674739800.0, 7.829664925546159],
[1674826200.0, 7.868993559396451],
[1674912600.0, 7.84930169344451],
[1674999000.0, 7.7343431807633864],
[1675085400.0, 7.891644813258299],
[1675171800.0, 7.7451941904348525],
[1675258200.0, 7.709040504277738],
[1675344600.0, 7.770010321779883],
[1675431000.0, 7.862786534206937],
[1675517400.0, 7.823091506989383],
[1675603800.0, 7.7507440658429205],
[1675690200.0, 7.668088201700686],
[1675776600.0, 7.8197018000399],
[1675863000.0, 7.825375697456558],
[1675949400.0, 7.707183432087487],
[1676035800.0, 7.809439685186806],
[1676122200.0, 7.85584819924037],
[1676208600.0, 7.853746939064597],
[1676295000.0, 7.88415493933951],
[1676381400.0, 7.889291625590292],
[1676467800.0, 7.94051477658936],
[1676554200.0, 7.90807553049338],
[1676640600.0, 7.99197375130224],
[1676727000.0, 8.04969870978154],
[1676813400.0, 8.039881757856449],
[1676899800.0, 8.099961040712842],
[1676986200.0, 8.15994050817088],
[1677072600.0, 8.16385654038409],
[1677159000.0, 8.247846118259192],
[1677245400.0, 8.286078624638607],
[1677331800.0, 8.147896805145487],
[1677418200.0, 8.423380455789111],
[1677504600.0, 8.245244604729573],
[1677591000.0, 8.24880697886536],
[1677677400.0, 8.24573929312889],
[1677763800.0, 8.210192129931846],
[1677850200.0, 8.350577989846704],
[1677936600.0, 8.348868600952404],
[1678023000.0, 8.303562720526983],
[1678109400.0, 8.67248645198304],
[1678195800.0, 8.899364091064298],
[1678282200.0, 9.268222054438297],
[1678368600.0, 9.465275014800032],
[1678455000.0, 9.048117956930854],
[1678541400.0, 8.745155231870541],
[1678627800.0, 8.698976270170126],
[1678714200.0, 8.655778650142757],
[1678800600.0, 8.680366810929494],
[1678887000.0, 9.067960565782675],
[1678973400.0, 9.161919702843127],
[1679059800.0, 9.012232832380677],
[1679146200.0, 9.23780189332826],
[1679232600.0, 8.945674713115606],
[1679319000.0, 9.072473954091656],
[1679405400.0, 9.338246534528022],
[1679491800.0, 9.40027234083184],
[1679578200.0, 10.517238922950432],
[1679664600.0, 10.846838291453267],
[1679751000.0, 10.839500377051897],
[1679837400.0, 11.863247349952863],
[1679923800.0, 11.07318016060775],
[1680010200.0, 10.435977866148276],
[1680096600.0, 10.527093564294661],
[1680183000.0, 10.13749512546484],
[1680269400.0, 10.190043868455104],
[1680355800.0, 9.732674564258692],
[1680445800.0, 10.50930872913481],
[1680532200.0, 11.108038798850464],
[1680618600.0, 11.433527777855431],
[1680705000.0, 10.945196174812265],
[1680791400.0, 11.442872155780897],
[1680877800.0, 11.541018505555364],
[1680964200.0, 11.310027694371584],
[1681050600.0, 11.767674910548058],
[1681137000.0, 12.107055694629627],
[1681223400.0, 12.602232631200701],
[1681309800.0, 12.727219051002153],
[1681396200.0, 13.02844552580716],
[1681482600.0, 12.891332843266918],
[1681569000.0, 12.698576233629042],
[1681655400.0, 12.568679233195143],
[1681741800.0, 12.463446836974432],
[1681828200.0, 12.655828338396821],
[1681914600.0, 13.105152438540545],
[1682001000.0, 13.008882415751295],
[1682087400.0, 12.520643908495593],
[1682173800.0, 12.826983331033212],
[1682260200.0, 12.749012342898043],
[1682346600.0, 12.634592190048759],
[1682433000.0, 12.07479059455094],
[1682519400.0, 11.712034382314561],
[1682605800.0, 11.503228164230862],
[1682692200.0, 11.598462944722142],
[1682778600.0, 11.308662113676172],
[1682865000.0, 11.405643972350575],
[1682951400.0, 11.405643972350575],
[1683037800.0, 11.405643972350575],
[1683124200.0, 11.103297394137405],
[1683210600.0, 11.202694175226581],
[1683297000.0, 11.140221157761696],
[1683383400.0, 11.052910598606717],
[1683469800.0, 11.130139638408352],
[1683556200.0, 10.798317510331481],
[1683642600.0, 10.840001795874228],
[1683729000.0, 10.61163606248291],
[1683815400.0, 10.650653743915184],
[1683901800.0, 10.03957411144686],
[1683988200.0, 9.921147298892988],
[1684074600.0, 9.583074599029912],
[1684161000.0, 9.797441208393966],
[1684247400.0, 9.9679688027446],
[1684333800.0, 9.994537448806136],
[1684420200.0, 9.81418836094984],
[1684506600.0, 9.747337545419054],
[1684593000.0, 9.791151227495273],
[1684679400.0, 9.79683428871276],
[1684765800.0, 9.819392469499947],
[1684852200.0, 9.861154114329386],
[1684938600.0, 9.682984071699597],
[1685025000.0, 9.938735846572664],
[1685111400.0, 10.074815686536104],
[1685197800.0, 10.009568948847301],
[1685284200.0, 9.883816209175073],
[1685370600.0, 9.910709800833205],
[1685457000.0, 9.759835566590931],
[1685543400.0, 9.873211957391618],
[1685629800.0, 9.825451676717972],
[1685716200.0, 9.810946705902682],
[1685802600.0, 10.106050782338434],
[1685889000.0, 9.94707218882667],
[1685975400.0, 9.97145662054732],
[1686061800.0, 9.957157478104678],
[1686148200.0, 9.984378363308144],
[1686234600.0, 9.829320483903784],
[1686321000.0, 9.828452222656823],
[1686407400.0, 9.905564374240297],
[1686493800.0, 9.892408345928441],
[1686580200.0, 9.803657851238695],
[1686666600.0, 9.90485505076517],
[1686753000.0, 9.66806808835648],
[1686839400.0, 9.75738273632243],
[1686925800.0, 9.823139344220545],
[1687012200.0, 9.441506437938164],
[1687098600.0, 9.33555487351767],
[1687185000.0, 9.570841246379397],
[1687271400.0, 9.335312033980712],
[1687357800.0, 9.119513762944864],
[1687444200.0, 9.269972950122524],
[1687530600.0, 9.197846130048498],
[1687617000.0, 8.77231023568423],
[1687703400.0, 8.630734334262659],
[1687789800.0, 8.08015456603872],
[1687876200.0, 7.743730672652426],
[1687962600.0, 7.939608054216596],
[1688049000.0, 7.7752898748056145],
[1688135400.0, 7.808641067916624],
[1688221800.0, 7.700229376152123],
[1688308200.0, 7.857222044431709],
[1688394600.0, 7.943247999120636],
[1688481000.0, 7.712487304970071],
[1688567400.0, 7.8822322870441965],
[1688653800.0, 7.990944571733327],
[1688740200.0, 7.68449607594745],
[1688826600.0, 7.760204609538676],
[1688913000.0, 7.950660711197318],
[1688999400.0, 7.640820686450968],
[1689085800.0, 7.977658456243698],
[1689172200.0, 8.330340632435691],
[1689258600.0, 8.094849407263867],
[1689345000.0, 7.817822616916247],
[1689431400.0, 7.967197153136428],
[1689517800.0, 7.963170792495298],
[1689604200.0, 7.925535608524764],
[1689690600.0, 8.081504099763341],
[1689777000.0, 8.310930450245568],
[1689863400.0, 7.770344393962225],
[1689949800.0, 7.956614514049104],
[1690036200.0, 7.8973702864548025],
[1690122600.0, 8.004366081538171],
[1690209000.0, 8.254319920391454],
[1690295400.0, 8.416698919151763],
[1690381800.0, 8.200706410777261],
[1690468200.0, 8.181548738456677],
[1690554600.0, 8.152296153263146],
[1690641000.0, 8.152296153263146],
[1690727400.0, 8.33385063019824],
[1690813800.0, 8.281486010662027],
[1690900200.0, 8.281486010662027],
[1690986600.0, 8.6375825600349],
[1691073000.0, 8.763505539738075],
[1691159400.0, 8.42250365561929],
[1691245800.0, 8.510740315614035],
[1691332200.0, 8.390344026211741],
[1691418600.0, 8.34129857050558],
[1691505000.0, 8.20982446696703],
[1691591400.0, 8.487602669355272],
[1691677800.0, 8.46151231194058],
[1691764200.0, 8.656500451013452],
[1691850600.0, 8.270301684284272],
[1691937000.0, 8.507267668390073],
[1692023400.0, 8.63021790417328],
[1692109800.0, 8.632432311837414],
[1692196200.0, 8.60675320442036],
[1692282600.0, 8.559326332093017],
[1692369000.0, 8.655053681760164],
[1692455400.0, 8.597413334238066],
[1692541800.0, 8.58728157347342],
[1692628200.0, 8.57213510801462],
[1692714600.0, 8.580160258722888],
[1692801000.0, 8.603740549261198],
[1692887400.0, 8.631920393318971],
[1692973800.0, 8.68058182374363],
[1693060200.0, 8.699407096320389],
[1693146600.0, 8.86159818094707],
[1693233000.0, 8.85892775411587],
[1693319400.0, 8.88142833489219],
[1693405800.0, 8.921457024557201],
[1693492200.0, 9.051975511063654],
[1693578600.0, 9.28359515637351],
[1693665000.0, 9.456586712975971],
[1693751400.0, 9.49679156979513],
[1693837800.0, 9.52231083608733],
[1693924200.0, 9.50986599202416],
[1694010600.0, 9.471083967434081],
[1694097000.0, 9.22213981178457],
[1694183400.0, 9.181070644098611],
[1694269800.0, 9.29023456072082],
[1694356200.0, 9.366367680534758],
[1694442600.0, 9.296126789727568],
[1694529000.0, 9.520659149184127],
[1694615400.0, 9.559068873075184],
[1694701800.0, 9.629489056792012],
[1694788200.0, 9.41287135880745],
[1694874600.0, 9.521815160751627],
[1694961000.0, 9.575663511818425],
[1695047400.0, 9.553207816859308],
[1695133800.0, 9.568532927004874],
[1695220200.0, 9.54450659793927],
[1695306600.0, 9.610005654040247],
[1695393000.0, 9.572809622993631],
[1695479400.0, 9.59056085658563],
[1695565800.0, 9.639345438089421],
[1695652200.0, 9.722298525987972],
[1695738600.0, 9.679506971964262],
[1695825000.0, 9.7486622018142],
[1695911400.0, 9.54892456857359],
[1695997800.0, 9.27103170909606],
[1696084200.0, 9.557618413781794],
[1696167000.0, 9.772179792559294],
[1696253400.0, 9.917602827342245],
[1696339800.0, 9.674531612495514],
[1696426200.0, 10.022220995942162],
[1696512600.0, 9.766394208682435],
[1696599000.0, 9.783190828945848],
[1696685400.0, 9.643957578634415],
[1696771800.0, 9.58178426673224],
[1696858200.0, 9.53775830228116],
[1696944600.0, 9.547362759168754],
[1697117400.0, 9.323297092677791],
[1697203800.0, 9.693539115505713],
[1697290200.0, 9.240181036138924],
[1697376600.0, 9.130686503540417],
[1697463000.0, 9.247588798684385],
[1697549400.0, 9.351241753313605],
[1697635800.0, 9.164790246195432],
[1697722200.0, 9.037438033681932],
[1697808600.0, 9.251309289886658],
[1697895000.0, 8.953901904674504],
[1697981400.0, 8.915081982379084],
[1698067800.0, 9.065422465753388],
[1698154200.0, 9.130410422750613],
[1698240600.0, 9.09575934712039],
[1698327000.0, 8.378984146862111],
[1698413400.0, 8.71188344452696],
[1698499800.0, 8.824880275904727],
[1698586200.0, 8.700849416318684],
[1698672600.0, 8.700849416318684],
[1698759000.0, 8.700849416318684],
[1698845400.0, 8.700849416318684],
[1698931800.0, 8.700849416318684],
[1699018200.0, 8.700849416318684],
[1699104600.0, 8.700849416318684],
[1699191000.0, 8.700849416318684],
[1699277400.0, 8.700849416318684],
[1699363800.0, 8.700849416318684],
[1699450200.0, 8.700849416318684],
[1699536600.0, 8.700849416318684],
[1699623000.0, 8.700849416318684],
[1699709400.0, 8.700849416318684],
[1699795800.0, 8.700849416318684],
[1699882200.0, 8.700849416318684],
[1699968600.0, 8.700849416318684],
[1700055000.0, 8.700849416318684],
[1700141400.0, 8.700849416318684],
[1700227800.0, 8.700849416318684],
[1700314200.0, 8.700849416318684],
[1700400600.0, 8.700849416318684],
[1700487000.0, 8.700849416318684],
[1700573400.0, 8.700849416318684],
[1700659800.0, 8.700849416318684],
[1700746200.0, 8.700849416318684],
[1700832600.0, 8.700849416318684],
[1700919000.0, 8.700849416318684],
[1701005400.0, 8.700849416318684],
[1701091800.0, 8.700849416318684],
[1701178200.0, 8.700849416318684],
[1701264600.0, 8.700849416318684],
[1701351000.0, 8.700849416318684],
[1701437400.0, 8.700849416318684],
[1701523800.0, 8.700849416318684],
