[1635773400.0, 0.48666666666666664],
[1635859800.0, 0.4933333333333333],
[1635946200.0, 0.49888888888888894],
[1636032600.0, 0.4977777777777778],
[1636119000.0, 0.4811111111111111],
[1636205400.0, 0.4422222222222223],
[1636291800.0, 0.4277777777777778],
[1636378200.0, 0.4588888888888889],
[1636464600.0, 0.43111111111111117],
[1636551000.0, 0.42444444444444446],
[1636637400.0, 0.41666666666666674],
[1636723800.0, 0.42888888888888893],
[1636810200.0, 0.4266666666666667],
[1636896600.0, 0.4277777777777778],
[1636983000.0, 0.42333333333333334],
[1637069400.0, 0.4188888888888889],
[1637155800.0, 0.4244444444444445],
[1637242200.0, 0.4511111111111112],
[1637328600.0, 0.4488888888888889],
[1637415000.0, 0.47555555555555556],
[1637501400.0, 0.46333333333333343],
[1637587800.0, 0.44777777777777783],
[1637674200.0, 0.44999999999999996],
[1637760600.0, 0.45222222222222225],
[1637847000.0, 0.4511111111111112],
[1637933400.0, 0.4755555555555555],
[1638019800.0, 0.4833333333333333],
[1638106200.0, 0.4744444444444445],
[1638192600.0, 0.49666666666666676],
[1638279000.0, 0.49666666666666665],
[1638365400.0, 0.48888888888888893],
[1638451800.0, 0.5111111111111111],
[1638538200.0, 0.5111111111111112],
[1638624600.0, 0.49222222222222217],
[1638711000.0, 0.49222222222222217],
[1638797400.0, 0.48444444444444446],
[1638883800.0, 0.47777777777777786],
[1638970200.0, 0.48777777777777787],
[1639056600.0, 0.47777777777777775],
[1639143000.0, 0.49],
[1639229400.0, 0.4633333333333333],
[1639315800.0, 0.46222222222222226],
[1639402200.0, 0.4644444444444445],
[1639488600.0, 0.4855555555555557],
[1639575000.0, 0.48777777777777787],
[1639661400.0, 0.5],
[1639747800.0, 0.508888888888889],
[1639834200.0, 0.4933333333333334],
[1639920600.0, 0.5],
[1640007000.0, 0.5033333333333333],
[1640093400.0, 0.49666666666666676],
[1640179800.0, 0.5022222222222221],
[1640266200.0, 0.5066666666666667],
[1640352600.0, 0.5022222222222222],
[1640439000.0, 0.4822222222222222],
[1640525400.0, 0.4933333333333334],
[1640611800.0, 0.47777777777777786],
[1640698200.0, 0.48777777777777787],
[1640784600.0, 0.4766666666666667],
[1640871000.0, 0.4444444444444444],
[1640957400.0, 0.48777777777777787],
[1641043800.0, 0.508888888888889],
[1641130200.0, 0.5111111111111111],
[1641216600.0, 0.4933333333333334],
[1641303000.0, 0.5033333333333334],
[1641389400.0, 0.4811111111111112],
[1641475800.0, 0.4955555555555555],
[1641562200.0, 0.4822222222222222],
[1641648600.0, 0.49666666666666676],
[1641735000.0, 0.48000000000000004],
[1641821400.0, 0.49444444444444435],
[1641907800.0, 0.5077777777777778],
[1641994200.0, 0.5122222222222222],
[1642080600.0, 0.4977777777777777],
[1642167000.0, 0.53],
[1642253400.0, 0.5322222222222223],
[1642339800.0, 0.5277777777777778],
[1642426200.0, 0.52],
[1642512600.0, 0.5133333333333333],
[1642599000.0, 0.5299999999999999],
[1642685400.0, 0.5366666666666667],
[1642771800.0, 0.5311111111111111],
[1642858200.0, 0.5366666666666666],
[1642944600.0, 0.5177777777777778],
[1643031000.0, 0.5422222222222222],
[1643117400.0, 0.5555555555555557],
[1643203800.0, 0.5677777777777778],
[1643290200.0, 0.5588888888888889],
[1643376600.0, 0.5666666666666667],
[1643463000.0, 0.5833333333333334],
[1643549400.0, 0.5877777777777777],
[1643635800.0, 0.5877777777777777],
[1643722200.0, 0.5877777777777777],
[1643808600.0, 0.6222222222222222],
[1643895000.0, 0.6344444444444445],
[1643981400.0, 0.6044444444444445],
[1644067800.0, 0.6322222222222222],
[1644154200.0, 0.6133333333333333],
[1644240600.0, 0.6055555555555556],
[1644327000.0, 0.5855555555555555],
[1644413400.0, 0.5900000000000001],
[1644499800.0, 0.6033333333333334],
[1644586200.0, 0.5900000000000001],
[1644672600.0, 0.5755555555555555],
[1644759000.0, 0.5900000000000001],
[1644845400.0, 0.61],
[1644931800.0, 0.6144444444444443],
[1645018200.0, 0.6177777777777778],
[1645104600.0, 0.5966666666666666],
[1645191000.0, 0.6344444444444445],
[1645277400.0, 0.6711111111111112],
[1645363800.0, 0.6655555555555557],
[1645450200.0, 0.6644444444444445],
[1645536600.0, 0.6533333333333334],
[1645623000.0, 0.6366666666666666],
[1645709400.0, 0.6533333333333332],
[1645795800.0, 0.6711111111111112],
[1645882200.0, 0.6811111111111111],
[1645968600.0, 0.6499999999999999],
[1646055000.0, 0.6366666666666667],
[1646141400.0, 0.6188888888888888],
[1646227800.0, 0.63],
[1646314200.0, 0.6311111111111111],
[1646400600.0, 0.6566666666666667],
[1646487000.0, 0.6644444444444445],
[1646573400.0, 0.66],
[1646659800.0, 0.6466666666666667],
[1646746200.0, 0.6711111111111111],
[1646832600.0, 0.7066666666666667],
[1646919000.0, 0.7000000000000001],
[1647005400.0, 0.6866666666666668],
[1647091800.0, 0.6944444444444444],
[1647178200.0, 0.66],
[1647264600.0, 0.6555555555555554],
[1647351000.0, 0.6655555555555556],
[1647437400.0, 0.6611111111111111],
[1647523800.0, 0.6733333333333333],
[1647610200.0, 0.6644444444444445],
[1647696600.0, 0.6544444444444445],
[1647783000.0, 0.6766666666666666],
[1647869400.0, 0.6866666666666666],
[1647955800.0, 0.7133333333333334],
[1648042200.0, 0.6922222222222222],
[1648128600.0, 0.7188888888888889],
[1648215000.0, 0.7111111111111111],
[1648301400.0, 0.7044444444444445],
[1648387800.0, 0.6988888888888889],
[1648474200.0, 0.69],
[1648560600.0, 0.7000000000000001],
[1648647000.0, 0.7066666666666666],
[1648733400.0, 0.7066666666666667],
[1648819800.0, 0.7366666666666668],
[1648906200.0, 0.7544444444444445],
[1648996200.0, 0.7422222222222222],
[1649082600.0, 0.7633333333333332],
[1649169000.0, 0.7555555555555556],
[1649255400.0, 0.7522222222222221],
[1649341800.0, 0.7855555555555556],
[1649428200.0, 0.7888888888888889],
[1649514600.0, 0.8000000000000002],
[1649601000.0, 0.8000000000000002],
[1649687400.0, 0.8000000000000002],
[1649773800.0, 0.8000000000000002],
[1649860200.0, 0.8000000000000002],
[1649946600.0, 0.7922222222222222],
[1650033000.0, 0.8211111111111111],
[1650119400.0, 0.7955555555555556],
[1650205800.0, 0.8022222222222223],
[1650292200.0, 0.7899999999999999],
[1650378600.0, 0.79],
[1650465000.0, 0.7866666666666667],
[1650551400.0, 0.7866666666666667],
[1650637800.0, 0.7866666666666667],
[1650724200.0, 0.79],
[1650810600.0, 0.7911111111111111],
[1650897000.0, 0.8022222222222222],
[1650983400.0, 0.81],
[1651069800.0, 0.8111111111111111],
[1651156200.0, 0.7822222222222223],
[1651242600.0, 0.7977777777777777],
[1651329000.0, 0.8122222222222223],
[1651415400.0, 0.8044444444444445],
[1651501800.0, 0.7944444444444445],
[1651588200.0, 0.8177777777777778],
[1651674600.0, 0.81],
[1651761000.0, 0.8000000000000002],
[1651847400.0, 0.801111111111111],
[1651933800.0, 0.798888888888889],
[1652020200.0, 0.7433333333333334],
[1652106600.0, 0.7577777777777778],
[1652193000.0, 0.7555555555555555],
[1652279400.0, 0.7411111111111112],
[1652365800.0, 0.7344444444444443],
[1652452200.0, 0.7222222222222222],
[1652538600.0, 0.7233333333333333],
[1652625000.0, 0.6944444444444444],
[1652711400.0, 0.7088888888888889],
[1652797800.0, 0.6866666666666668],
[1652884200.0, 0.6466666666666667],
[1652970600.0, 0.7055555555555555],
[1653057000.0, 0.7077777777777778],
[1653143400.0, 0.7233333333333333],
[1653229800.0, 0.7066666666666667],
[1653316200.0, 0.6911111111111112],
[1653402600.0, 0.6955555555555555],
[1653489000.0, 0.7055555555555556],
[1653575400.0, 0.7166666666666667],
[1653661800.0, 0.7077777777777778],
[1653748200.0, 0.6933333333333334],
[1653834600.0, 0.7033333333333335],
[1653921000.0, 0.6944444444444444],
[1654007400.0, 0.7388888888888889],
[1654093800.0, 0.7122222222222222],
[1654180200.0, 0.7266666666666667],
[1654266600.0, 0.7488888888888889],
[1654353000.0, 0.728888888888889],
[1654439400.0, 0.7477777777777779],
[1654525800.0, 0.7233333333333334],
[1654612200.0, 0.7288888888888888],
[1654698600.0, 0.7444444444444445],
[1654785000.0, 0.7433333333333334],
[1654871400.0, 0.7244444444444444],
[1654957800.0, 0.7333333333333334],
[1655044200.0, 0.7311111111111113],
[1655130600.0, 0.701111111111111],
[1655217000.0, 0.7211111111111111],
[1655303400.0, 0.7244444444444444],
[1655389800.0, 0.7200000000000001],
[1655476200.0, 0.7333333333333334],
[1655562600.0, 0.74],
[1655649000.0, 0.7444444444444445],
[1655735400.0, 0.7377777777777779],
[1655821800.0, 0.7566666666666667],
[1655908200.0, 0.7633333333333333],
[1655994600.0, 0.7555555555555555],
[1656081000.0, 0.7455555555555555],
[1656167400.0, 0.7433333333333333],
[1656253800.0, 0.73],
[1656340200.0, 0.76],
[1656426600.0, 0.7533333333333334],
[1656513000.0, 0.75],
[1656599400.0, 0.7266666666666668],
[1656685800.0, 0.7577777777777778],
[1656772200.0, 0.7422222222222222],
[1656858600.0, 0.727777777777778],
[1656945000.0, 0.7188888888888889],
[1657031400.0, 0.7233333333333333],
[1657117800.0, 0.7311111111111112],
[1657204200.0, 0.7133333333333334],
[1657290600.0, 0.7244444444444444],
[1657377000.0, 0.7055555555555555],
[1657463400.0, 0.7322222222222222],
[1657549800.0, 0.7255555555555556],
[1657636200.0, 0.737777777777778],
[1657722600.0, 0.7344444444444446],
[1657809000.0, 0.7444444444444446],
[1657895400.0, 0.7488888888888889],
[1657981800.0, 0.7477777777777779],
[1658068200.0, 0.7711111111111111],
[1658154600.0, 0.778888888888889],
[1658241000.0, 0.788888888888889],
[1658327400.0, 0.8122222222222223],
[1658413800.0, 0.7855555555555556],
[1658500200.0, 0.8122222222222223],
[1658586600.0, 0.8000000000000002],
[1658673000.0, 0.8077777777777778],
[1658759400.0, 0.8244444444444443],
[1658845800.0, 0.8377777777777777],
[1658932200.0, 0.8355555555555557],
[1659018600.0, 0.8300000000000001],
[1659105000.0, 0.8566666666666668],
[1659191400.0, 0.8244444444444445],
[1659277800.0, 0.8288888888888889],
[1659364200.0, 0.8155555555555556],
[1659450600.0, 0.8355555555555557],
[1659537000.0, 0.8233333333333335],
[1659623400.0, 0.8300000000000001],
[1659709800.0, 0.86],
[1659796200.0, 0.83],
[1659882600.0, 0.8322222222222222],
[1659969000.0, 0.8333333333333333],
[1660055400.0, 0.8722222222222222],
[1660141800.0, 0.8566666666666667],
[1660228200.0, 0.8444444444444446],
[1660314600.0, 0.858888888888889],
[1660401000.0, 0.858888888888889],
[1660487400.0, 0.858888888888889],
[1660573800.0, 0.858888888888889],
[1660660200.0, 0.9266666666666666],
[1660746600.0, 0.9700000000000001],
[1660833000.0, 0.9566666666666666],
[1660919400.0, 0.9333333333333333],
[1661005800.0, 0.9266666666666669],
[1661092200.0, 0.9477777777777777],
[1661178600.0, 0.9422222222222223],
[1661265000.0, 0.9444444444444444],
[1661351400.0, 0.9411111111111112],
[1661437800.0, 0.9466666666666667],
[1661524200.0, 0.9222222222222223],
[1661610600.0, 0.9088888888888889],
[1661697000.0, 0.9166666666666666],
[1661783400.0, 0.9311111111111112],
[1661869800.0, 0.9344444444444444],
[1661956200.0, 0.9200000000000002],
[1662042600.0, 0.9177777777777778],
[1662129000.0, 0.9122222222222223],
[1662215400.0, 0.9477777777777779],
[1662301800.0, 0.9455555555555555],
[1662388200.0, 0.9266666666666666],
[1662474600.0, 0.9188888888888889],
[1662561000.0, 0.9144444444444445],
[1662647400.0, 0.9322222222222223],
[1662733800.0, 0.9655555555555557],
[1662820200.0, 0.9333333333333333],
[1662906600.0, 0.9100000000000001],
[1662993000.0, 0.9500000000000001],
[1663079400.0, 0.9577777777777777],
[1663165800.0, 0.9722222222222222],
[1663252200.0, 0.9688888888888889],
[1663338600.0, 0.9633333333333334],
[1663425000.0, 0.9688888888888889],
[1663511400.0, 0.9644444444444444],
[1663597800.0, 0.938888888888889],
[1663684200.0, 0.9544444444444447],
[1663770600.0, 0.9722222222222222],
[1663857000.0, 0.9611111111111111],
[1663943400.0, 0.9444444444444444],
[1664029800.0, 0.9466666666666667],
[1664116200.0, 0.9511111111111111],
[1664202600.0, 0.9566666666666666],
[1664289000.0, 0.9455555555555557],
[1664375400.0, 0.9322222222222223],
[1664461800.0, 0.9833333333333333],
[1664548200.0, 0.9877777777777779],
[1664634600.0, 1.0088888888888892],
[1664717400.0, 0.9877777777777779],
[1664803800.0, 1.0377777777777777],
[1664890200.0, 1.0266666666666666],
[1664976600.0, 0.9966666666666667],
[1665063000.0, 1.0444444444444445],
[1665149400.0, 0.9955555555555556],
[1665235800.0, 0.9977777777777779],
[1665322200.0, 0.9877777777777779],
[1665408600.0, 1.0022222222222221],
[1665495000.0, 0.9922222222222222],
[1665581400.0, 0.9788888888888889],
[1665667800.0, 0.9888888888888892],
[1665754200.0, 1.0011111111111113],
[1665840600.0, 0.9966666666666667],
[1665927000.0, 0.9933333333333335],
[1666013400.0, 0.9944444444444446],
[1666099800.0, 0.9911111111111113],
[1666186200.0, 1],
[1666272600.0, 0.9933333333333333],
[1666359000.0, 1.0122222222222221],
[1666445400.0, 1.01],
[1666531800.0, 1.0333333333333334],
[1666618200.0, 1.041111111111111],
[1666704600.0, 1.0666666666666664],
[1666791000.0, 1.0333333333333334],
[1666877400.0, 1.051111111111111],
[1666963800.0, 1.0599999999999998],
[1667050200.0, 1.04],
[1667136600.0, 1.0333333333333332],
[1667223000.0, 1.0533333333333335],
[1667309400.0, 1.008888888888889],
[1667395800.0, 0.9822222222222222],
[1667482200.0, 0.9955555555555556],
[1667568600.0, 1.02],
[1667655000.0, 1.0033333333333334],
[1667741400.0, 1.028888888888889],
[1667827800.0, 0.991111111111111],
[1667914200.0, 0.9733333333333333],
[1668000600.0, 0.99],
[1668087000.0, 1.0244444444444443],
[1668173400.0, 1.0166666666666666],
[1668259800.0, 1.0355555555555556],
[1668346200.0, 0.9788888888888889],
[1668432600.0, 1.0255555555555556],
[1668519000.0, 1.0166666666666666],
[1668605400.0, 1.0077777777777779],
[1668691800.0, 1.0522222222222224],
[1668778200.0, 1.0499999999999998],
[1668864600.0, 1.0666666666666669],
[1668951000.0, 1.0699999999999998],
[1669037400.0, 1.0488888888888888],
[1669123800.0, 1.0366666666666666],
[1669210200.0, 1.0333333333333334],
[1669296600.0, 1.03],
[1669383000.0, 1.1077777777777778],
[1669469400.0, 1.0855555555555556],
[1669555800.0, 1.0222222222222224],
[1669642200.0, 1.077777777777778],
[1669728600.0, 1.0966666666666667],
[1669815000.0, 1.1055555555555556],
[1669901400.0, 1.0855555555555556],
[1669987800.0, 1.1233333333333335],
[1670074200.0, 1.09],
[1670160600.0, 1.0555555555555556],
[1670247000.0, 1.0522222222222224],
[1670333400.0, 1.08],
[1670419800.0, 1.0522222222222222],
[1670506200.0, 1.0599999999999998],
[1670592600.0, 1.0622222222222222],
[1670679000.0, 1.0711111111111111],
[1670765400.0, 1.03],
[1670851800.0, 1.04],
[1670938200.0, 1.028888888888889],
[1671024600.0, 1.017777777777778],
[1671111000.0, 1.0244444444444447],
[1671197400.0, 1.051111111111111],
[1671283800.0, 1.0499999999999998],
[1671370200.0, 1.0533333333333332],
[1671456600.0, 1.051111111111111],
[1671543000.0, 1.0511111111111113],
[1671629400.0, 1.0599999999999998],
[1671715800.0, 1.0233333333333334],
[1671802200.0, 1.0333333333333332],
[1671888600.0, 0.9766666666666668],
[1671975000.0, 1.0077777777777779],
[1672061400.0, 1.0233333333333334],
[1672147800.0, 0.991111111111111],
[1672234200.0, 0.9922222222222223],
[1672320600.0, 1.001111111111111],
[1672407000.0, 0.9755555555555555],
[1672493400.0, 0.9822222222222222],
[1672579800.0, 1],
[1672666200.0, 0.9888888888888889],
[1672752600.0, 0.9688888888888889],
[1672839000.0, 0.98],
[1672925400.0, 0.9866666666666668],
[1673011800.0, 1.0033333333333332],
[1673098200.0, 1.0222222222222221],
[1673184600.0, 1.0222222222222221],
[1673271000.0, 1.038888888888889],
[1673357400.0, 1.0655555555555556],
[1673443800.0, 1.0666666666666669],
[1673530200.0, 1.1155555555555556],
[1673616600.0, 1.0966666666666667],
[1673703000.0, 1.1422222222222222],
[1673789400.0, 1.1588888888888889],
[1673875800.0, 1.157777777777778],
[1673962200.0, 1.1933333333333336],
[1674048600.0, 1.1922222222222223],
[1674135000.0, 1.2066666666666666],
[1674221400.0, 1.2633333333333332],
[1674307800.0, 1.2944444444444447],
[1674394200.0, 1.348888888888889],
[1674480600.0, 1.33],
[1674567000.0, 1.3466666666666667],
[1674653400.0, 1.3244444444444445],
[1674739800.0, 1.3733333333333335],
[1674826200.0, 1.2977777777777777],
[1674912600.0, 1.3133333333333335],
[1674999000.0, 1.3122222222222222],
[1675085400.0, 1.271111111111111],
[1675171800.0, 1.278888888888889],
[1675258200.0, 1.3022222222222222],
[1675344600.0, 1.2999999999999998],
[1675431000.0, 1.29],
[1675517400.0, 1.2877777777777777],
[1675603800.0, 1.27],
[1675690200.0, 1.2611111111111113],
[1675776600.0, 1.2755555555555556],
[1675863000.0, 1.2655555555555555],
[1675949400.0, 1.2655555555555555],
