[1635773400.0, 0.6063492063492064],
[1635859800.0, 0.6253968253968254],
[1635946200.0, 0.5644444444444444],
[1636032600.0, 0.5409523809523811],
[1636119000.0, 0.5174603174603175],
[1636205400.0, 0.48063492063492075],
[1636291800.0, 0.4603174603174604],
[1636378200.0, 0.4641269841269842],
[1636464600.0, 0.4533333333333333],
[1636551000.0, 0.4006349206349207],
[1636637400.0, 0.3707936507936508],
[1636723800.0, 0.422857142857143],
[1636810200.0, 0.4431746031746032],
[1636896600.0, 0.42349206349206353],
[1636983000.0, 0.4285714285714286],
[1637069400.0, 0.4165079365079366],
[1637155800.0, 0.41269841269841273],
[1637242200.0, 0.4158730158730159],
[1637328600.0, 0.42984126984126986],
[1637415000.0, 0.4247619047619049],
[1637501400.0, 0.42730158730158735],
[1637587800.0, 0.4158730158730159],
[1637674200.0, 0.4177777777777778],
[1637760600.0, 0.4063492063492063],
[1637847000.0, 0.4012698412698413],
[1637933400.0, 0.40380952380952384],
[1638019800.0, 0.4088888888888889],
[1638106200.0, 0.41904761904761917],
[1638192600.0, 0.4215873015873016],
[1638279000.0, 0.4412698412698413],
[1638365400.0, 0.42793650793650806],
[1638451800.0, 0.4247619047619048],
[1638538200.0, 0.426031746031746],
[1638624600.0, 0.41841269841269846],
[1638711000.0, 0.40952380952380957],
[1638797400.0, 0.40952380952380946],
[1638883800.0, 0.4006349206349207],
[1638970200.0, 0.3961904761904762],
[1639056600.0, 0.3898412698412698],
[1639143000.0, 0.3771428571428571],
[1639229400.0, 0.3822222222222223],
[1639315800.0, 0.3771428571428572],
[1639402200.0, 0.3847619047619047],
[1639488600.0, 0.3904761904761905],
[1639575000.0, 0.38603174603174595],
[1639661400.0, 0.38349206349206355],
[1639747800.0, 0.3834920634920635],
[1639834200.0, 0.37777777777777777],
[1639920600.0, 0.3676190476190476],
[1640007000.0, 0.37079365079365084],
[1640093400.0, 0.37142857142857144],
[1640179800.0, 0.36380952380952386],
[1640266200.0, 0.3606349206349207],
[1640352600.0, 0.3549206349206349],
[1640439000.0, 0.34412698412698417],
[1640525400.0, 0.33396825396825397],
[1640611800.0, 0.3384126984126984],
[1640698200.0, 0.37079365079365084],
[1640784600.0, 0.36571428571428577],
[1640871000.0, 0.36380952380952386],
[1640957400.0, 0.36190476190476195],
[1641043800.0, 0.35492063492063497],
[1641130200.0, 0.3536507936507937],
[1641216600.0, 0.3485714285714286],
[1641303000.0, 0.4031746031746032],
[1641389400.0, 0.39301587301587304],
[1641475800.0, 0.36507936507936506],
[1641562200.0, 0.3485714285714286],
[1641648600.0, 0.3453968253968254],
[1641735000.0, 0.3460317460317461],
[1641821400.0, 0.3561904761904762],
[1641907800.0, 0.35238095238095235],
[1641994200.0, 0.347936507936508],
[1642080600.0, 0.33015873015873026],
[1642167000.0, 0.3288888888888889],
[1642253400.0, 0.33650793650793653],
[1642339800.0, 0.335873015873016],
[1642426200.0, 0.3352380952380953],
[1642512600.0, 0.335873015873016],
[1642599000.0, 0.3390476190476191],
[1642685400.0, 0.34031746031746035],
[1642771800.0, 0.3517460317460318],
[1642858200.0, 0.3612698412698413],
[1642944600.0, 0.36380952380952386],
[1643031000.0, 0.3682539682539682],
[1643117400.0, 0.3860317460317461],
[1643203800.0, 0.39174603174603173],
[1643290200.0, 0.39174603174603184],
[1643376600.0, 0.39873015873015877],
[1643463000.0, 0.4012698412698412],
[1643549400.0, 0.41841269841269846],
[1643635800.0, 0.41841269841269846],
[1643722200.0, 0.41841269841269846],
[1643808600.0, 0.4457142857142858],
[1643895000.0, 0.4285714285714286],
[1643981400.0, 0.4317460317460317],
[1644067800.0, 0.4247619047619048],
[1644154200.0, 0.41015873015873017],
[1644240600.0, 0.4050793650793651],
[1644327000.0, 0.40698412698412706],
[1644413400.0, 0.4076190476190477],
[1644499800.0, 0.4120634920634921],
[1644586200.0, 0.4088888888888889],
[1644672600.0, 0.4006349206349207],
[1644759000.0, 0.4050793650793651],
[1644845400.0, 0.4228571428571429],
[1644931800.0, 0.4253968253968255],
[1645018200.0, 0.4355555555555556],
[1645104600.0, 0.4457142857142857],
[1645191000.0, 0.4444444444444445],
[1645277400.0, 0.44317460317460317],
[1645363800.0, 0.4457142857142858],
[1645450200.0, 0.48063492063492064],
[1645536600.0, 0.4653968253968254],
[1645623000.0, 0.4711111111111112],
[1645709400.0, 0.46349206349206357],
[1645795800.0, 0.45714285714285713],
[1645882200.0, 0.4584126984126984],
[1645968600.0, 0.45587301587301593],
[1646055000.0, 0.4514285714285714],
[1646141400.0, 0.46095238095238095],
[1646227800.0, 0.46730158730158733],
[1646314200.0, 0.4768253968253968],
[1646400600.0, 0.49079365079365084],
[1646487000.0, 0.49396825396825406],
[1646573400.0, 0.48380952380952386],
[1646659800.0, 0.4628571428571429],
[1646746200.0, 0.48063492063492064],
[1646832600.0, 0.47809523809523813],
[1646919000.0, 0.4844444444444445],
[1647005400.0, 0.4780952380952382],
[1647091800.0, 0.4634920634920635],
[1647178200.0, 0.4615873015873016],
[1647264600.0, 0.453968253968254],
[1647351000.0, 0.46793650793650793],
[1647437400.0, 0.4831746031746032],
[1647523800.0, 0.4844444444444445],
[1647610200.0, 0.48000000000000004],
[1647696600.0, 0.4774603174603175],
[1647783000.0, 0.49269841269841275],
[1647869400.0, 0.4920634920634921],
[1647955800.0, 0.5193650793650794],
[1648042200.0, 0.5384126984126985],
[1648128600.0, 0.5422222222222223],
[1648215000.0, 0.5517460317460319],
[1648301400.0, 0.526984126984127],
[1648387800.0, 0.525079365079365],
[1648474200.0, 0.5390476190476192],
[1648560600.0, 0.5523809523809523],
[1648647000.0, 0.5549206349206349],
[1648733400.0, 0.5619047619047619],
[1648819800.0, 0.547936507936508],
[1648906200.0, 0.5803174603174603],
[1648996200.0, 0.5707936507936509],
[1649082600.0, 0.573968253968254],
[1649169000.0, 0.5752380952380953],
[1649255400.0, 0.5625396825396827],
[1649341800.0, 0.5834920634920635],
[1649428200.0, 0.572063492063492],
[1649514600.0, 0.5841269841269843],
[1649601000.0, 0.5841269841269843],
[1649687400.0, 0.5841269841269843],
[1649773800.0, 0.5841269841269843],
[1649860200.0, 0.5841269841269843],
[1649946600.0, 0.6082539682539683],
[1650033000.0, 0.6184126984126983],
[1650119400.0, 0.6228571428571428],
[1650205800.0, 0.6057142857142858],
[1650292200.0, 0.6000000000000001],
[1650378600.0, 0.5942857142857143],
[1650465000.0, 0.5898412698412698],
[1650551400.0, 0.5898412698412698],
[1650637800.0, 0.5898412698412698],
[1650724200.0, 0.6012698412698413],
[1650810600.0, 0.5834920634920636],
[1650897000.0, 0.6006349206349207],
[1650983400.0, 0.6057142857142858],
[1651069800.0, 0.5974603174603176],
[1651156200.0, 0.5980952380952382],
[1651242600.0, 0.6057142857142858],
[1651329000.0, 0.6076190476190477],
[1651415400.0, 0.5892063492063493],
[1651501800.0, 0.5917460317460318],
[1651588200.0, 0.5917460317460318],
[1651674600.0, 0.5796825396825397],
[1651761000.0, 0.5866666666666667],
[1651847400.0, 0.5866666666666666],
[1651933800.0, 0.5904761904761905],
[1652020200.0, 0.5726984126984127],
[1652106600.0, 0.5904761904761905],
[1652193000.0, 0.593015873015873],
[1652279400.0, 0.5822222222222223],
[1652365800.0, 0.5447619047619048],
[1652452200.0, 0.5403174603174603],
[1652538600.0, 0.5530158730158731],
[1652625000.0, 0.5453968253968254],
[1652711400.0, 0.5219047619047619],
[1652797800.0, 0.5428571428571429],
[1652884200.0, 0.5320634920634921],
[1652970600.0, 0.5434920634920636],
[1653057000.0, 0.5492063492063493],
[1653143400.0, 0.5453968253968254],
[1653229800.0, 0.5384126984126985],
[1653316200.0, 0.5365079365079366],
[1653402600.0, 0.5422222222222223],
[1653489000.0, 0.539047619047619],
[1653575400.0, 0.5403174603174603],
[1653661800.0, 0.5447619047619049],
[1653748200.0, 0.535873015873016],
[1653834600.0, 0.5409523809523811],
[1653921000.0, 0.5403174603174603],
[1654007400.0, 0.5612698412698413],
[1654093800.0, 0.568888888888889],
[1654180200.0, 0.5663492063492064],
[1654266600.0, 0.5726984126984128],
[1654353000.0, 0.5771428571428573],
[1654439400.0, 0.5784126984126984],
[1654525800.0, 0.5803174603174603],
[1654612200.0, 0.5682539682539682],
[1654698600.0, 0.5879365079365081],
[1654785000.0, 0.5847619047619048],
[1654871400.0, 0.5644444444444444],
[1654957800.0, 0.5784126984126985],
[1655044200.0, 0.5746031746031747],
[1655130600.0, 0.5593650793650794],
[1655217000.0, 0.5676190476190477],
[1655303400.0, 0.5796825396825397],
[1655389800.0, 0.5777777777777777],
[1655476200.0, 0.566984126984127],
[1655562600.0, 0.5809523809523809],
[1655649000.0, 0.5904761904761905],
[1655735400.0, 0.5961904761904763],
[1655821800.0, 0.5974603174603175],
[1655908200.0, 0.5987301587301589],
[1655994600.0, 0.5936507936507937],
[1656081000.0, 0.5892063492063493],
[1656167400.0, 0.5879365079365079],
[1656253800.0, 0.6139682539682539],
[1656340200.0, 0.5949206349206348],
[1656426600.0, 0.5961904761904763],
[1656513000.0, 0.6095238095238097],
[1656599400.0, 0.5987301587301589],
[1656685800.0, 0.584126984126984],
[1656772200.0, 0.6101587301587302],
[1656858600.0, 0.5879365079365079],
[1656945000.0, 0.5853968253968255],
[1657031400.0, 0.5911111111111111],
[1657117800.0, 0.5752380952380953],
[1657204200.0, 0.5803174603174603],
[1657290600.0, 0.5771428571428572],
[1657377000.0, 0.5803174603174605],
[1657463400.0, 0.5892063492063493],
[1657549800.0, 0.594920634920635],
[1657636200.0, 0.596190476190476],
[1657722600.0, 0.6088888888888889],
[1657809000.0, 0.626031746031746],
[1657895400.0, 0.6107936507936508],
[1657981800.0, 0.6165079365079364],
[1658068200.0, 0.627936507936508],
[1658154600.0, 0.6304761904761905],
[1658241000.0, 0.6412698412698413],
[1658327400.0, 0.6539682539682539],
[1658413800.0, 0.6615873015873016],
[1658500200.0, 0.6647619047619049],
[1658586600.0, 0.6615873015873016],
[1658673000.0, 0.6850793650793652],
[1658759400.0, 0.6895238095238095],
[1658845800.0, 0.6850793650793651],
[1658932200.0, 0.683809523809524],
[1659018600.0, 0.6793650793650794],
[1659105000.0, 0.674920634920635],
[1659191400.0, 0.7028571428571428],
[1659277800.0, 0.6996825396825396],
[1659364200.0, 0.6876190476190475],
[1659450600.0, 0.7085714285714286],
[1659537000.0, 0.707936507936508],
[1659623400.0, 0.7180952380952381],
[1659709800.0, 0.7034920634920636],
[1659796200.0, 0.6996825396825396],
[1659882600.0, 0.6971428571428572],
[1659969000.0, 0.6926984126984127],
[1660055400.0, 0.7028571428571428],
[1660141800.0, 0.7276190476190477],
[1660228200.0, 0.7314285714285714],
[1660314600.0, 0.725079365079365],
[1660401000.0, 0.725079365079365],
[1660487400.0, 0.725079365079365],
[1660573800.0, 0.725079365079365],
[1660660200.0, 0.7822222222222223],
[1660746600.0, 0.8247619047619049],
[1660833000.0, 0.855873015873016],
[1660919400.0, 0.8088888888888889],
[1661005800.0, 0.8063492063492064],
[1661092200.0, 0.8368253968253969],
[1661178600.0, 0.8158730158730159],
[1661265000.0, 0.826031746031746],
[1661351400.0, 0.8101587301587301],
[1661437800.0, 0.7949206349206351],
[1661524200.0, 0.78984126984127],
[1661610600.0, 0.7720634920634921],
[1661697000.0, 0.7720634920634921],
[1661783400.0, 0.775873015873016],
[1661869800.0, 0.7828571428571429],
[1661956200.0, 0.7777777777777779],
[1662042600.0, 0.7860317460317461],
[1662129000.0, 0.7987301587301587],
[1662215400.0, 0.7923809523809525],
[1662301800.0, 0.7904761904761904],
[1662388200.0, 0.7968253968253971],
[1662474600.0, 0.7860317460317461],
[1662561000.0, 0.7968253968253968],
[1662647400.0, 0.7866666666666667],
[1662733800.0, 0.8203174603174603],
[1662820200.0, 0.826031746031746],
[1662906600.0, 0.833015873015873],
[1662993000.0, 0.8190476190476191],
[1663079400.0, 0.8266666666666665],
[1663165800.0, 0.8476190476190477],
[1663252200.0, 0.8526984126984128],
[1663338600.0, 0.8768253968253967],
[1663425000.0, 0.8406349206349207],
[1663511400.0, 0.8273015873015874],
[1663597800.0, 0.8241269841269842],
[1663684200.0, 0.8266666666666668],
[1663770600.0, 0.8114285714285715],
[1663857000.0, 0.8152380952380954],
[1663943400.0, 0.8044444444444445],
[1664029800.0, 0.7968253968253968],
[1664116200.0, 0.7860317460317461],
[1664202600.0, 0.7904761904761906],
[1664289000.0, 0.787936507936508],
[1664375400.0, 0.7923809523809525],
[1664461800.0, 0.8177777777777778],
[1664548200.0, 0.8539682539682542],
[1664634600.0, 0.8520634920634922],
[1664717400.0, 0.8749206349206349],
[1664803800.0, 0.8793650793650796],
[1664890200.0, 0.900952380952381],
[1664976600.0, 0.8977777777777779],
[1665063000.0, 0.893968253968254],
[1665149400.0, 0.8685714285714285],
[1665235800.0, 0.8577777777777778],
[1665322200.0, 0.8495238095238096],
[1665408600.0, 0.8520634920634922],
[1665495000.0, 0.8526984126984128],
[1665581400.0, 0.8622222222222223],
[1665667800.0, 0.8507936507936509],
[1665754200.0, 0.8711111111111112],
[1665840600.0, 0.8742857142857144],
[1665927000.0, 0.8666666666666667],
[1666013400.0, 0.867936507936508],
[1666099800.0, 0.8780952380952383],
[1666186200.0, 0.8806349206349207],
[1666272600.0, 0.8863492063492063],
[1666359000.0, 0.9123809523809523],
[1666445400.0, 0.8806349206349207],
[1666531800.0, 0.8730158730158731],
[1666618200.0, 0.8761904761904763],
[1666704600.0, 0.8907936507936508],
[1666791000.0, 0.881904761904762],
[1666877400.0, 0.8907936507936508],
[1666963800.0, 0.8996825396825398],
[1667050200.0, 0.899047619047619],
[1667136600.0, 0.8831746031746034],
[1667223000.0, 0.888888888888889],
[1667309400.0, 0.8901587301587301],
[1667395800.0, 0.86984126984127],
[1667482200.0, 0.8730158730158731],
[1667568600.0, 0.8914285714285716],
[1667655000.0, 0.8660317460317462],
[1667741400.0, 0.8495238095238096],
[1667827800.0, 0.857777777777778],
[1667914200.0, 0.86984126984127],
[1668000600.0, 0.8787301587301587],
[1668087000.0, 0.8768253968253968],
[1668173400.0, 0.8774603174603176],
[1668259800.0, 0.8806349206349207],
[1668346200.0, 0.885079365079365],
[1668432600.0, 0.9022222222222223],
[1668519000.0, 0.899047619047619],
[1668605400.0, 0.8933333333333335],
[1668691800.0, 0.9041269841269841],
[1668778200.0, 0.9346031746031747],
[1668864600.0, 0.902857142857143],
[1668951000.0, 0.9187301587301588],
[1669037400.0, 0.9301587301587301],
[1669123800.0, 0.9415873015873015],
[1669210200.0, 0.946031746031746],
[1669296600.0, 0.9295238095238096],
[1669383000.0, 0.9441269841269839],
[1669469400.0, 0.928888888888889],
[1669555800.0, 0.9238095238095239],
[1669642200.0, 0.9358730158730161],
[1669728600.0, 0.9771428571428573],
[1669815000.0, 0.9847619047619048],
[1669901400.0, 1.0203174603174603],
[1669987800.0, 0.9841269841269842],
[1670074200.0, 1.0044444444444447],
[1670160600.0, 0.9904761904761905],
[1670247000.0, 0.979047619047619],
[1670333400.0, 0.9784126984126984],
[1670419800.0, 0.9695238095238097],
[1670506200.0, 0.9574603174603175],
[1670592600.0, 0.9536507936507939],
[1670679000.0, 0.9479365079365079],
[1670765400.0, 0.9695238095238097],
[1670851800.0, 0.9422222222222224],
[1670938200.0, 0.9377777777777777],
[1671024600.0, 0.9473015873015873],
[1671111000.0, 0.9561904761904764],
[1671197400.0, 0.9561904761904763],
[1671283800.0, 1.0184126984126984],
[1671370200.0, 0.9326984126984128],
[1671456600.0, 0.9485714285714286],
[1671543000.0, 0.9498412698412698],
[1671629400.0, 0.9485714285714287],
[1671715800.0, 0.9174603174603174],
[1671802200.0, 0.9206349206349206],
[1671888600.0, 0.8876190476190478],
[1671975000.0, 0.8793650793650793],
[1672061400.0, 0.8952380952380954],
[1672147800.0, 0.8838095238095238],
[1672234200.0, 0.88],
[1672320600.0, 0.8806349206349207],
[1672407000.0, 0.8933333333333334],
[1672493400.0, 0.907936507936508],
[1672579800.0, 0.9669841269841271],
[1672666200.0, 0.9587301587301588],
[1672752600.0, 0.939047619047619],
[1672839000.0, 0.940952380952381],
[1672925400.0, 0.9555555555555556],
[1673011800.0, 0.9707936507936511],
[1673098200.0, 0.9936507936507938],
[1673184600.0, 0.9714285714285716],
[1673271000.0, 0.9784126984126984],
[1673357400.0, 1.0241269841269842],
[1673443800.0, 1.0336507936507937],
[1673530200.0, 1.034920634920635],
[1673616600.0, 1.0736507936507937],
[1673703000.0, 1.0977777777777777],
[1673789400.0, 1.1123809523809525],
[1673875800.0, 1.107936507936508],
[1673962200.0, 1.1003174603174604],
[1674048600.0, 1.1085714285714285],
[1674135000.0, 1.1041269841269843],
[1674221400.0, 1.1288888888888888],
[1674307800.0, 1.1695238095238096],
[1674394200.0, 1.2044444444444444],
[1674480600.0, 1.2031746031746033],
[1674567000.0, 1.1625396825396825],
[1674653400.0, 1.1873015873015875],
[1674739800.0, 1.1726984126984128],
[1674826200.0, 1.1574603174603175],
[1674912600.0, 1.1326984126984128],
[1674999000.0, 1.1282539682539683],
[1675085400.0, 1.1498412698412699],
[1675171800.0, 1.1409523809523812],
[1675258200.0, 1.1282539682539683],
[1675344600.0, 1.1504761904761907],
[1675431000.0, 1.142857142857143],
[1675517400.0, 1.1225396825396825],
[1675603800.0, 1.1485714285714286],
[1675690200.0, 1.1263492063492064],
[1675776600.0, 1.133333333333333],
[1675863000.0, 1.1460317460317462],
[1675949400.0, 1.1460317460317462],
