[1635773400.0, 3.020000000000001],
[1635859800.0, 3.0233333333333334],
[1635946200.0, 3.0400000000000005],
[1636032600.0, 3.11],
[1636119000.0, 3.096666666666667],
[1636205400.0, 3.206666666666667],
[1636291800.0, 3.2900000000000005],
[1636378200.0, 3.14],
[1636464600.0, 3.0866666666666673],
[1636551000.0, 3.1333333333333333],
[1636637400.0, 3.206666666666667],
[1636723800.0, 3.143333333333334],
[1636810200.0, 3.186666666666667],
[1636896600.0, 3.1833333333333336],
[1636983000.0, 3.0766666666666667],
[1637069400.0, 3.143333333333333],
[1637155800.0, 3.176666666666667],
[1637242200.0, 3.2466666666666666],
[1637328600.0, 3.28],
[1637415000.0, 3.223333333333333],
[1637501400.0, 3.1500000000000004],
[1637587800.0, 3.1],
[1637674200.0, 3.206666666666667],
[1637760600.0, 3.163333333333334],
[1637847000.0, 3.1833333333333336],
[1637933400.0, 3.273333333333334],
[1638019800.0, 3.2566666666666664],
[1638106200.0, 3.2433333333333336],
[1638192600.0, 3.34],
[1638279000.0, 3.4],
[1638365400.0, 3.3766666666666665],
[1638451800.0, 3.3466666666666662],
[1638538200.0, 3.39],
[1638624600.0, 3.39],
[1638711000.0, 3.33],
[1638797400.0, 3.3200000000000003],
[1638883800.0, 3.33],
[1638970200.0, 3.33],
[1639056600.0, 3.3266666666666667],
[1639143000.0, 3.4166666666666665],
[1639229400.0, 3.4533333333333336],
[1639315800.0, 3.3833333333333333],
[1639402200.0, 3.2766666666666673],
[1639488600.0, 3.3833333333333333],
[1639575000.0, 3.5233333333333334],
[1639661400.0, 3.383333333333334],
[1639747800.0, 3.52],
[1639834200.0, 3.48],
[1639920600.0, 3.5100000000000002],
[1640007000.0, 3.526666666666667],
[1640093400.0, 3.44],
[1640179800.0, 3.3833333333333333],
[1640266200.0, 3.3800000000000003],
[1640352600.0, 3.42],
[1640439000.0, 3.3433333333333337],
[1640525400.0, 3.293333333333333],
[1640611800.0, 3.3666666666666667],
[1640698200.0, 3.3200000000000003],
[1640784600.0, 3.3800000000000003],
[1640871000.0, 3.33],
[1640957400.0, 3.516666666666667],
[1641043800.0, 3.58],
[1641130200.0, 3.4800000000000004],
[1641216600.0, 3.5766666666666667],
[1641303000.0, 3.566666666666667],
[1641389400.0, 3.546666666666667],
[1641475800.0, 3.606666666666667],
[1641562200.0, 3.4966666666666666],
[1641648600.0, 3.5533333333333332],
[1641735000.0, 3.59],
[1641821400.0, 3.6533333333333338],
[1641907800.0, 3.5833333333333335],
[1641994200.0, 3.61],
[1642080600.0, 3.546666666666667],
[1642167000.0, 3.5700000000000003],
[1642253400.0, 3.65],
[1642339800.0, 3.596666666666667],
[1642426200.0, 3.72],
[1642512600.0, 3.7433333333333336],
[1642599000.0, 3.6366666666666667],
[1642685400.0, 3.7466666666666666],
[1642771800.0, 3.7566666666666664],
[1642858200.0, 3.753333333333334],
[1642944600.0, 3.6533333333333338],
[1643031000.0, 3.723333333333333],
[1643117400.0, 3.72],
[1643203800.0, 3.7500000000000004],
[1643290200.0, 3.8333333333333335],
[1643376600.0, 3.84],
[1643463000.0, 3.9133333333333336],
[1643549400.0, 3.92],
[1643635800.0, 3.92],
[1643722200.0, 3.92],
[1643808600.0, 4.096666666666667],
[1643895000.0, 4.066666666666667],
[1643981400.0, 4.093333333333334],
[1644067800.0, 4.1000000000000005],
[1644154200.0, 4.003333333333334],
[1644240600.0, 3.89],
[1644327000.0, 4.006666666666667],
[1644413400.0, 3.9600000000000004],
[1644499800.0, 3.8000000000000003],
[1644586200.0, 3.796666666666667],
[1644672600.0, 3.8033333333333332],
[1644759000.0, 3.83],
[1644845400.0, 3.946666666666667],
[1644931800.0, 3.866666666666667],
[1645018200.0, 3.9133333333333336],
[1645104600.0, 3.8266666666666667],
[1645191000.0, 3.8900000000000006],
[1645277400.0, 3.8866666666666667],
[1645363800.0, 3.8800000000000003],
[1645450200.0, 3.8666666666666667],
[1645536600.0, 3.94],
[1645623000.0, 3.9233333333333333],
[1645709400.0, 3.8800000000000003],
[1645795800.0, 3.866666666666666],
[1645882200.0, 4.01],
[1645968600.0, 3.8233333333333337],
[1646055000.0, 3.9033333333333338],
[1646141400.0, 4.05],
[1646227800.0, 3.94],
[1646314200.0, 3.8900000000000006],
[1646400600.0, 3.973333333333333],
[1646487000.0, 3.9233333333333333],
[1646573400.0, 3.956666666666667],
[1646659800.0, 3.8666666666666667],
[1646746200.0, 3.8433333333333333],
[1646832600.0, 3.8000000000000007],
[1646919000.0, 3.8300000000000005],
[1647005400.0, 3.8000000000000003],
[1647091800.0, 3.8533333333333335],
[1647178200.0, 3.823333333333334],
[1647264600.0, 3.706666666666667],
[1647351000.0, 3.813333333333334],
[1647437400.0, 3.8200000000000003],
[1647523800.0, 3.8733333333333335],
[1647610200.0, 3.8666666666666667],
[1647696600.0, 3.8433333333333337],
[1647783000.0, 4.113333333333333],
[1647869400.0, 4.08],
[1647955800.0, 4.016666666666667],
[1648042200.0, 3.99],
[1648128600.0, 3.93],
[1648215000.0, 3.9166666666666665],
[1648301400.0, 3.9066666666666667],
[1648387800.0, 3.9066666666666667],
[1648474200.0, 3.78],
[1648560600.0, 3.74],
[1648647000.0, 3.75],
[1648733400.0, 3.8100000000000005],
[1648819800.0, 3.77],
[1648906200.0, 3.8766666666666674],
[1648996200.0, 3.8366666666666673],
[1649082600.0, 3.833333333333334],
[1649169000.0, 3.8333333333333344],
[1649255400.0, 3.856666666666667],
[1649341800.0, 3.8733333333333335],
[1649428200.0, 3.83],
[1649514600.0, 3.86],
[1649601000.0, 3.86],
[1649687400.0, 3.86],
[1649773800.0, 3.86],
[1649860200.0, 3.86],
[1649946600.0, 3.8333333333333335],
[1650033000.0, 3.833333333333334],
[1650119400.0, 3.9333333333333336],
[1650205800.0, 3.8866666666666667],
[1650292200.0, 3.8666666666666667],
[1650378600.0, 3.8733333333333335],
[1650465000.0, 3.8000000000000003],
[1650551400.0, 3.8000000000000003],
[1650637800.0, 3.8000000000000003],
[1650724200.0, 3.81],
[1650810600.0, 3.72],
[1650897000.0, 3.766666666666667],
[1650983400.0, 3.6833333333333336],
[1651069800.0, 3.77],
[1651156200.0, 3.65],
[1651242600.0, 3.59],
[1651329000.0, 3.603333333333333],
[1651415400.0, 3.6133333333333333],
[1651501800.0, 3.6533333333333338],
[1651588200.0, 3.6133333333333333],
[1651674600.0, 3.6833333333333336],
[1651761000.0, 3.546666666666667],
[1651847400.0, 3.4366666666666674],
[1651933800.0, 3.376666666666667],
[1652020200.0, 3.3733333333333335],
[1652106600.0, 3.4599999999999995],
[1652193000.0, 3.47],
[1652279400.0, 3.3300000000000005],
[1652365800.0, 3.203333333333333],
[1652452200.0, 3.2600000000000002],
[1652538600.0, 3.2000000000000006],
[1652625000.0, 3.16],
[1652711400.0, 3.1500000000000004],
[1652797800.0, 3.1366666666666667],
[1652884200.0, 3.143333333333333],
[1652970600.0, 3.16],
[1653057000.0, 3.2566666666666673],
[1653143400.0, 3.1833333333333336],
[1653229800.0, 3.286666666666667],
[1653316200.0, 3.313333333333333],
[1653402600.0, 3.2933333333333334],
[1653489000.0, 3.223333333333333],
[1653575400.0, 3.266666666666667],
[1653661800.0, 3.35],
[1653748200.0, 3.3000000000000003],
[1653834600.0, 3.27],
[1653921000.0, 3.3400000000000003],
[1654007400.0, 3.3666666666666667],
[1654093800.0, 3.3866666666666667],
[1654180200.0, 3.4133333333333327],
[1654266600.0, 3.4266666666666663],
[1654353000.0, 3.4033333333333338],
[1654439400.0, 3.33],
[1654525800.0, 3.3266666666666667],
[1654612200.0, 3.24],
[1654698600.0, 3.25],
[1654785000.0, 3.3333333333333335],
[1654871400.0, 3.223333333333333],
[1654957800.0, 3.1333333333333333],
[1655044200.0, 3.2133333333333334],
[1655130600.0, 3.1700000000000004],
[1655217000.0, 3.2100000000000004],
[1655303400.0, 3.206666666666667],
[1655389800.0, 3.22],
[1655476200.0, 3.1500000000000004],
[1655562600.0, 3.236666666666667],
[1655649000.0, 3.266666666666667],
[1655735400.0, 3.2466666666666666],
[1655821800.0, 3.3066666666666666],
[1655908200.0, 3.2933333333333334],
[1655994600.0, 3.2633333333333336],
[1656081000.0, 3.206666666666667],
[1656167400.0, 3.35],
[1656253800.0, 3.2900000000000005],
[1656340200.0, 3.22],
[1656426600.0, 3.146666666666667],
[1656513000.0, 3.1300000000000003],
[1656599400.0, 3.19],
[1656685800.0, 3.1633333333333336],
[1656772200.0, 3.186666666666667],
[1656858600.0, 3.2000000000000006],
[1656945000.0, 3.266666666666667],
[1657031400.0, 3.2600000000000002],
[1657117800.0, 3.2133333333333334],
[1657204200.0, 3.216666666666667],
[1657290600.0, 3.0833333333333335],
[1657377000.0, 3.15],
[1657463400.0, 3.11],
[1657549800.0, 3.1566666666666663],
[1657636200.0, 3.226666666666667],
[1657722600.0, 3.2266666666666666],
[1657809000.0, 3.2500000000000004],
[1657895400.0, 3.31],
[1657981800.0, 3.2600000000000002],
[1658068200.0, 3.226666666666667],
[1658154600.0, 3.2133333333333334],
[1658241000.0, 3.2466666666666666],
[1658327400.0, 3.2466666666666666],
[1658413800.0, 3.22],
[1658500200.0, 3.28],
[1658586600.0, 3.2300000000000004],
[1658673000.0, 3.2466666666666666],
[1658759400.0, 3.223333333333333],
[1658845800.0, 3.28],
[1658932200.0, 3.296666666666667],
[1659018600.0, 3.3700000000000006],
[1659105000.0, 3.313333333333334],
[1659191400.0, 3.216666666666667],
[1659277800.0, 3.3033333333333332],
[1659364200.0, 3.3200000000000003],
[1659450600.0, 3.3800000000000003],
[1659537000.0, 3.4800000000000004],
[1659623400.0, 3.426666666666667],
[1659709800.0, 3.41],
[1659796200.0, 3.4633333333333334],
[1659882600.0, 3.4333333333333336],
[1659969000.0, 3.3233333333333337],
[1660055400.0, 3.3833333333333333],
[1660141800.0, 3.393333333333333],
[1660228200.0, 3.34],
[1660314600.0, 3.35],
[1660401000.0, 3.35],
[1660487400.0, 3.35],
[1660573800.0, 3.35],
[1660660200.0, 3.7900000000000005],
[1660746600.0, 3.8766666666666665],
[1660833000.0, 3.85],
[1660919400.0, 3.77],
[1661005800.0, 3.7466666666666675],
[1661092200.0, 3.8866666666666667],
[1661178600.0, 3.6466666666666665],
[1661265000.0, 3.6799999999999997],
[1661351400.0, 3.543333333333333],
[1661437800.0, 3.5566666666666666],
[1661524200.0, 3.413333333333334],
[1661610600.0, 3.396666666666667],
[1661697000.0, 3.41],
[1661783400.0, 3.3666666666666667],
[1661869800.0, 3.3333333333333335],
[1661956200.0, 3.313333333333334],
[1662042600.0, 3.39],
[1662129000.0, 3.3433333333333337],
[1662215400.0, 3.353333333333333],
[1662301800.0, 3.3533333333333335],
[1662388200.0, 3.4600000000000004],
[1662474600.0, 3.35],
[1662561000.0, 3.3000000000000003],
[1662647400.0, 3.42],
[1662733800.0, 3.4433333333333334],
[1662820200.0, 3.3866666666666667],
[1662906600.0, 3.3266666666666667],
[1662993000.0, 3.3433333333333337],
[1663079400.0, 3.436666666666667],
[1663165800.0, 3.4166666666666665],
[1663252200.0, 3.4200000000000004],
[1663338600.0, 3.44],
[1663425000.0, 3.3733333333333335],
[1663511400.0, 3.3033333333333332],
[1663597800.0, 3.2300000000000004],
[1663684200.0, 3.34],
[1663770600.0, 3.266666666666667],
[1663857000.0, 3.2600000000000002],
[1663943400.0, 3.216666666666667],
[1664029800.0, 3.19],
[1664116200.0, 3.18],
[1664202600.0, 3.1300000000000003],
[1664289000.0, 3.2300000000000004],
[1664375400.0, 3.19],
[1664461800.0, 3.2399999999999998],
[1664548200.0, 3.316666666666667],
[1664634600.0, 3.1300000000000003],
[1664717400.0, 3.3433333333333337],
[1664803800.0, 3.28],
[1664890200.0, 3.3033333333333332],
[1664976600.0, 3.4233333333333333],
[1665063000.0, 3.43],
[1665149400.0, 3.33],
[1665235800.0, 3.25],
[1665322200.0, 3.1799999999999997],
[1665408600.0, 3.146666666666667],
[1665495000.0, 3.1300000000000003],
[1665581400.0, 3.16],
[1665667800.0, 3.186666666666667],
[1665754200.0, 3.1633333333333336],
[1665840600.0, 3.1566666666666667],
[1665927000.0, 3.15],
[1666013400.0, 3.09],
[1666099800.0, 3.0500000000000003],
[1666186200.0, 3.08],
[1666272600.0, 3.0933333333333337],
[1666359000.0, 3.176666666666667],
[1666445400.0, 3.2433333333333336],
[1666531800.0, 3.276666666666667],
[1666618200.0, 3.19],
[1666704600.0, 3.1966666666666668],
[1666791000.0, 3.1799999999999997],
[1666877400.0, 3.063333333333334],
[1666963800.0, 3.206666666666667],
[1667050200.0, 3.1833333333333336],
[1667136600.0, 3.0966666666666662],
[1667223000.0, 3.14],
[1667309400.0, 3.0533333333333332],
[1667395800.0, 3.1300000000000003],
[1667482200.0, 3.23],
[1667568600.0, 3.2633333333333336],
[1667655000.0, 3.1966666666666668],
[1667741400.0, 3.153333333333333],
[1667827800.0, 3.1566666666666667],
[1667914200.0, 3.1],
[1668000600.0, 3.0966666666666662],
[1668087000.0, 3.1799999999999997],
[1668173400.0, 3.313333333333334],
[1668259800.0, 3.3866666666666667],
[1668346200.0, 3.2733333333333334],
[1668432600.0, 3.3433333333333337],
[1668519000.0, 3.2733333333333334],
[1668605400.0, 3.2366666666666664],
[1668691800.0, 3.3366666666666664],
[1668778200.0, 3.3799999999999994],
[1668864600.0, 3.3066666666666666],
[1668951000.0, 3.3433333333333337],
[1669037400.0, 3.3533333333333335],
[1669123800.0, 3.316666666666667],
[1669210200.0, 3.356666666666667],
[1669296600.0, 3.2900000000000005],
[1669383000.0, 3.3866666666666667],
[1669469400.0, 3.1966666666666668],
[1669555800.0, 3.22],
[1669642200.0, 3.266666666666667],
[1669728600.0, 3.316666666666667],
[1669815000.0, 3.31],
[1669901400.0, 3.2300000000000004],
[1669987800.0, 3.423333333333334],
[1670074200.0, 3.413333333333334],
[1670160600.0, 3.4466666666666668],
[1670247000.0, 3.483333333333333],
[1670333400.0, 3.4166666666666665],
[1670419800.0, 3.2933333333333334],
[1670506200.0, 3.27],
[1670592600.0, 3.2733333333333334],
[1670679000.0, 3.2866666666666666],
[1670765400.0, 3.2899999999999996],
[1670851800.0, 3.24],
[1670938200.0, 3.3666666666666667],
[1671024600.0, 3.393333333333333],
[1671111000.0, 3.323333333333333],
[1671197400.0, 3.3033333333333332],
[1671283800.0, 3.3200000000000003],
[1671370200.0, 3.34],
[1671456600.0, 3.2600000000000002],
[1671543000.0, 3.27],
[1671629400.0, 3.3033333333333332],
[1671715800.0, 3.1933333333333334],
[1671802200.0, 3.1666666666666665],
[1671888600.0, 3.1533333333333338],
[1671975000.0, 3.1133333333333333],
[1672061400.0, 3.1533333333333338],
[1672147800.0, 3.1533333333333338],
[1672234200.0, 3.16],
[1672320600.0, 3.19],
[1672407000.0, 3.14],
[1672493400.0, 3.1300000000000003],
[1672579800.0, 3.066666666666667],
[1672666200.0, 3.1133333333333333],
[1672752600.0, 3.1966666666666668],
[1672839000.0, 3.196666666666667],
[1672925400.0, 3.25],
[1673011800.0, 3.1933333333333334],
[1673098200.0, 3.1799999999999997],
[1673184600.0, 3.28],
[1673271000.0, 3.2699999999999996],
[1673357400.0, 3.3033333333333332],
[1673443800.0, 3.3233333333333337],
[1673530200.0, 3.4066666666666667],
[1673616600.0, 3.436666666666667],
[1673703000.0, 3.4966666666666666],
[1673789400.0, 3.53],
[1673875800.0, 3.5533333333333332],
[1673962200.0, 3.66],
[1674048600.0, 3.6999999999999997],
[1674135000.0, 3.6833333333333336],
[1674221400.0, 3.7533333333333334],
[1674307800.0, 3.8966666666666665],
[1674394200.0, 3.926666666666667],
[1674480600.0, 3.8333333333333335],
[1674567000.0, 3.796666666666667],
[1674653400.0, 3.89],
[1674739800.0, 3.876666666666667],
[1674826200.0, 3.796666666666667],
[1674912600.0, 3.81],
[1674999000.0, 3.81],
[1675085400.0, 3.893333333333333],
[1675171800.0, 3.8433333333333337],
[1675258200.0, 3.7733333333333334],
[1675344600.0, 3.7733333333333334],
[1675431000.0, 3.7866666666666666],
[1675517400.0, 3.8766666666666674],
[1675603800.0, 3.8466666666666676],
[1675690200.0, 3.796666666666667],
[1675776600.0, 3.8666666666666667],
[1675863000.0, 3.8666666666666667],
[1675949400.0, 3.8666666666666667],
