[1635773400.0, 0.8510976666666666],
[1635859800.0, 0.8128320000000001],
[1635946200.0, 0.8229776666666667],
[1636032600.0, 0.816131],
[1636119000.0, 0.8743026666666668],
[1636205400.0, 0.8420766666666668],
[1636291800.0, 0.8298363333333333],
[1636378200.0, 0.8384136666666668],
[1636464600.0, 0.790663],
[1636551000.0, 0.8240766666666667],
[1636637400.0, 0.8315823333333334],
[1636723800.0, 0.8262383333333334],
[1636810200.0, 0.8422046666666666],
[1636896600.0, 0.9384563333333334],
[1636983000.0, 0.7979996666666668],
[1637069400.0, 0.7860573333333333],
[1637155800.0, 0.8055226666666667],
[1637242200.0, 0.8556036666666668],
[1637328600.0, 0.8438916666666668],
[1637415000.0, 0.8239786666666666],
[1637501400.0, 0.7801623333333333],
[1637587800.0, 0.7675460000000002],
[1637674200.0, 0.8130310000000002],
[1637760600.0, 0.8188890000000001],
[1637847000.0, 0.8286033333333335],
[1637933400.0, 0.7768716666666667],
[1638019800.0, 0.7795690000000001],
[1638106200.0, 0.7543863333333333],
[1638192600.0, 0.672265],
[1638279000.0, 0.6580256666666667],
[1638365400.0, 0.7810563333333334],
[1638451800.0, 0.7124753333333333],
[1638538200.0, 0.733369],
[1638624600.0, 0.7608786666666667],
[1638711000.0, 0.7337766666666666],
[1638797400.0, 0.8087390000000001],
[1638883800.0, 0.9060056121661296],
[1638970200.0, 0.9167231204003276],
[1639056600.0, 0.9208515703837753],
[1639143000.0, 0.8244056666666668],
[1639229400.0, 0.8380760000000002],
[1639315800.0, 0.9707143137150439],
[1639402200.0, 0.9386479114252069],
[1639488600.0, 0.9623717772813402],
[1639575000.0, 0.8141703333333333],
[1639661400.0, 0.9556404769733757],
[1639747800.0, 0.9345661827138558],
[1639834200.0, 0.8997153333333334],
[1639920600.0, 0.8996316666666666],
[1640007000.0, 0.9004120000000002],
[1640093400.0, 1.0117496666666668],
[1640179800.0, 0.967925],
[1640266200.0, 1.164575422703754],
[1640352600.0, 1.1496367733259778],
[1640439000.0, 1.5801741904770727],
[1640525400.0, 1.4490394857263749],
[1640611800.0, 1.3032684172332534],
[1640698200.0, 1.406878322836678],
[1640784600.0, 1.179273529474265],
[1640871000.0, 1.2269285820379123],
[1640957400.0, 1.1687974742679492],
[1641043800.0, 1.1645370428113753],
[1641130200.0, 1.3618561484809188],
[1641216600.0, 1.4157682710104933],
[1641303000.0, 1.2725798934930383],
[1641389400.0, 1.3775620722004966],
[1641475800.0, 1.4126163701766414],
[1641562200.0, 1.5152164978433333],
[1641648600.0, 1.1939373606914851],
[1641735000.0, 0.9520546666666668],
[1641821400.0, 0.9292243333333334],
[1641907800.0, 1.236556297188828],
[1641994200.0, 1.2443577027539714],
[1642080600.0, 0.920259],
[1642167000.0, 1.0524657950432603],
[1642253400.0, 0.898945],
[1642339800.0, 0.8732576666666668],
[1642426200.0, 0.903343],
[1642512600.0, 0.8880823333333333],
[1642599000.0, 0.8651463333333332],
[1642685400.0, 0.9592286666666666],
[1642771800.0, 1.245961204688329],
[1642858200.0, 0.8400620000000001],
[1642944600.0, 1.271458366253918],
[1643031000.0, 1.19430757173147],
[1643117400.0, 1.4543670313738943],
[1643203800.0, 1.32898894313173],
[1643290200.0, 1.1211552071725919],
[1643376600.0, 1.0932296778227275],
[1643463000.0, 0.9521520000000002],
[1643549400.0, 0.9086593333333335],
[1643635800.0, 0.9086593333333335],
[1643722200.0, 0.9086593333333335],
[1643808600.0, 0.9231806666666668],
[1643895000.0, 0.9325709999999999],
[1643981400.0, 1.0473480462431641],
[1644067800.0, 0.9324746666666669],
[1644154200.0, 0.9347070000000001],
[1644240600.0, 1.008443508124227],
[1644327000.0, 0.8895456666666667],
[1644413400.0, 0.8747620000000002],
[1644499800.0, 0.9177646666666667],
[1644586200.0, 1.310289868646749],
[1644672600.0, 1.3646128673446263],
[1644759000.0, 0.8929636666666667],
[1644845400.0, 1.1640919101156244],
[1644931800.0, 0.8966613333333333],
[1645018200.0, 1.0668718216454038],
[1645104600.0, 0.9607973333333334],
[1645191000.0, 0.9654246666666668],
[1645277400.0, 1.1876202831059037],
[1645363800.0, 1.1663399416460718],
[1645450200.0, 1.1763933846261025],
[1645536600.0, 1.2373197845993984],
[1645623000.0, 1.331384433144723],
[1645709400.0, 0.9822846666666667],
[1645795800.0, 1.5612886499045233],
[1645882200.0, 1.4381239594739101],
[1645968600.0, 1.130510832763772],
[1646055000.0, 1.6297031148044967],
[1646141400.0, 0.949736],
[1646227800.0, 1.2348935749202383],
[1646314200.0, 1.4474812629332259],
[1646400600.0, 1.235429890965695],
[1646487000.0, 1.6434928871334462],
[1646573400.0, 1.592626725281934],
[1646659800.0, 1.3832444679925022],
[1646746200.0, 0.9672033333333333],
[1646832600.0, 0.9857626666666667],
[1646919000.0, 1.3119278912953416],
[1647005400.0, 1.2784157742881985],
[1647091800.0, 1.3701041449817257],
[1647178200.0, 1.4018580825757845],
[1647264600.0, 1.2605449837013982],
[1647351000.0, 1.3268493273787774],
[1647437400.0, 1.0835433333333333],
[1647523800.0, 1.644905761145802],
[1647610200.0, 1.3962548717182195],
[1647696600.0, 1.5410112924069397],
[1647783000.0, 1.5040404813327726],
[1647869400.0, 1.4422081888763774],
[1647955800.0, 1.2990780466552698],
[1648042200.0, 1.5774823902429806],
[1648128600.0, 1.499501750179931],
[1648215000.0, 1.6146735687913132],
[1648301400.0, 1.5552401080374345],
[1648387800.0, 1.2252116666666668],
[1648474200.0, 1.1856882903351214],
[1648560600.0, 1.1531233333333335],
[1648647000.0, 1.2511973333333335],
[1648733400.0, 1.1473926666666667],
[1648819800.0, 1.1901226666666667],
[1648906200.0, 1.2238523565527917],
[1648996200.0, 1.1709130000000003],
[1649082600.0, 1.165329],
[1649169000.0, 1.1565246666666666],
[1649255400.0, 1.1683876666666666],
[1649341800.0, 1.1377630000000003],
[1649428200.0, 1.135861],
[1649514600.0, 1.0961706666666666],
[1649601000.0, 1.1506550000000002],
[1649687400.0, 1.2534750000000001],
[1649773800.0, 1.180959666666667],
[1649860200.0, 1.1416613333333332],
[1649946600.0, 1.0189213333333333],
[1650033000.0, 1.1407696666666667],
[1650119400.0, 1.228911],
[1650205800.0, 1.2347343333333336],
[1650292200.0, 1.1616343333333334],
[1650378600.0, 1.1686406666666669],
[1650465000.0, 1.2327233333333334],
[1650551400.0, 1.2327233333333334],
[1650637800.0, 1.2327233333333334],
[1650724200.0, 1.2694830000000001],
[1650810600.0, 1.2054283333333335],
[1650897000.0, 1.228851],
[1650983400.0, 1.14709],
[1651069800.0, 1.1479560000000002],
[1651156200.0, 1.1867556666666668],
[1651242600.0, 1.1799930000000003],
[1651329000.0, 1.1294313333333335],
[1651415400.0, 1.2725026666666668],
[1651501800.0, 1.0915743333333336],
[1651588200.0, 1.1403533333333333],
[1651674600.0, 1.2074883333333335],
[1651761000.0, 1.17561],
[1651847400.0, 1.1985046666666668],
[1651933800.0, 1.1764733333333337],
[1652020200.0, 1.1590330549941894],
[1652106600.0, 1.134943],
[1652193000.0, 1.150649],
[1652279400.0, 1.104962666666667],
[1652365800.0, 1.1533713333333335],
[1652452200.0, 1.1098780000000001],
[1652538600.0, 1.0962563333333335],
[1652625000.0, 1.0998583333333334],
[1652711400.0, 1.1051946666666668],
[1652797800.0, 1.1135786666666667],
[1652884200.0, 1.1399113333333337],
[1652970600.0, 1.012809],
[1653057000.0, 0.9706486666666668],
[1653143400.0, 1.0428513333333334],
[1653229800.0, 1.092361666666667],
[1653316200.0, 1.0326343333333334],
[1653402600.0, 1.0924493333333334],
[1653489000.0, 1.1120746666666668],
[1653575400.0, 1.0978076666666667],
[1653661800.0, 1.077693],
[1653748200.0, 1.0584446666666667],
[1653834600.0, 1.0848330000000002],
[1653921000.0, 1.1111600000000001],
[1654007400.0, 1.1170163333333332],
[1654093800.0, 1.0969653333333333],
[1654180200.0, 1.101457666666667],
[1654266600.0, 1.0284633333333335],
[1654353000.0, 1.0458090000000002],
[1654439400.0, 1.0569790000000001],
[1654525800.0, 0.9482736666666668],
[1654612200.0, 0.9904256666666668],
[1654698600.0, 0.9462743333333333],
[1654785000.0, 1.0030646666666667],
[1654871400.0, 0.8680413333333332],
[1654957800.0, 0.9599686666666667],
[1655044200.0, 0.9607016666666667],
[1655130600.0, 0.9894070000000003],
[1655217000.0, 0.995412],
[1655303400.0, 1.021122],
[1655389800.0, 1.4500214490607253],
[1655476200.0, 1.0013723333333333],
[1655562600.0, 1.0143043333333335],
[1655649000.0, 1.3137992304993478],
[1655735400.0, 1.5042935553680934],
[1655821800.0, 1.0185723333333334],
[1655908200.0, 0.9824593333333334],
[1655994600.0, 1.0721826666666667],
[1656081000.0, 1.0327563333333334],
[1656167400.0, 0.9971503333333335],
[1656253800.0, 0.955651],
[1656340200.0, 0.9669253333333335],
[1656426600.0, 1.0417633333333334],
[1656513000.0, 0.9936393333333333],
[1656599400.0, 1.0108050000000002],
[1656685800.0, 0.9032856666666668],
[1656772200.0, 0.9548503333333334],
[1656858600.0, 0.9753963333333334],
[1656945000.0, 0.9630416666666667],
[1657031400.0, 0.9475210000000001],
[1657117800.0, 0.9583206666666667],
[1657204200.0, 0.9462723333333335],
[1657290600.0, 0.9898893333333335],
[1657377000.0, 0.959221],
[1657463400.0, 0.9725283333333334],
[1657549800.0, 0.9818130000000002],
[1657636200.0, 1.0017600000000002],
[1657722600.0, 0.9882630000000002],
[1657809000.0, 0.9729243333333333],
[1657895400.0, 0.9541233333333334],
[1657981800.0, 0.9606363333333334],
[1658068200.0, 0.9178810000000001],
[1658154600.0, 0.950545],
[1658241000.0, 0.9245356666666668],
[1658327400.0, 0.9555543333333333],
[1658413800.0, 0.9758096666666667],
[1658500200.0, 0.9463956666666667],
[1658586600.0, 0.9365076666666666],
[1658673000.0, 0.9440123333333333],
[1658759400.0, 0.9827990000000003],
[1658845800.0, 0.9195916991196856],
[1658932200.0, 0.9631065685864358],
[1659018600.0, 0.8863873333333334],
[1659105000.0, 0.9209876666666669],
[1659191400.0, 0.8841766666666667],
[1659277800.0, 0.9172650000000001],
[1659364200.0, 0.8550933333333335],
[1659450600.0, 0.8408256666666668],
[1659537000.0, 0.9285740000000001],
[1659623400.0, 0.9147073333333333],
[1659709800.0, 0.9342426666666667],
[1659796200.0, 0.9286840000000001],
[1659882600.0, 0.9495463333333335],
[1659969000.0, 0.8999633333333333],
[1660055400.0, 0.9360146666666668],
[1660141800.0, 0.924672],
[1660228200.0, 0.962103],
[1660314600.0, 0.9431106666666667],
[1660401000.0, 0.9431106666666667],
[1660487400.0, 0.9431106666666667],
[1660573800.0, 0.9431106666666667],
[1660660200.0, 0.8908423333333334],
[1660746600.0, 0.9116966666666667],
[1660833000.0, 0.894302],
[1660919400.0, 0.8799510000000001],
[1661005800.0, 0.9306063333333334],
[1661092200.0, 0.9031353333333335],
[1661178600.0, 0.8265853333333334],
[1661265000.0, 0.9038456666666667],
[1661351400.0, 0.9521506666666667],
[1661437800.0, 0.9258946666666668],
[1661524200.0, 0.9172120000000001],
[1661610600.0, 0.9349959999999999],
[1661697000.0, 0.9131140000000001],
[1661783400.0, 0.900942],
[1661869800.0, 0.8982700000000001],
[1661956200.0, 0.9122286666666666],
[1662042600.0, 0.9061296666666667],
[1662129000.0, 0.9282166666666667],
[1662215400.0, 0.9222023333333335],
[1662301800.0, 0.9510153333333333],
[1662388200.0, 0.921855],
[1662474600.0, 0.9244256666666667],
[1662561000.0, 0.9658316666666668],
[1662647400.0, 1.2541966223777978],
[1662733800.0, 1.2307234274178],
[1662820200.0, 1.2431043356071945],
[1662906600.0, 13.051050520236908],
[1662993000.0, 1.3481599642680202],
[1663079400.0, 1.1384313785260058],
[1663165800.0, 1.1455750781599556],
[1663252200.0, 1.0874898165842115],
[1663338600.0, 1.0039996666666668],
[1663425000.0, 0.9796333333333335],
[1663511400.0, 0.9725983333333335],
[1663597800.0, 1.0085503333333334],
[1663684200.0, 0.9591080000000001],
[1663770600.0, 0.9403193333333334],
[1663857000.0, 0.9380143333333334],
[1663943400.0, 0.9719813333333335],
[1664029800.0, 0.878329],
[1664116200.0, 0.9266846666666669],
[1664202600.0, 0.9542723333333334],
[1664289000.0, 0.9437633333333334],
[1664375400.0, 0.9963003333333335],
[1664461800.0, 0.9789983333333333],
[1664548200.0, 0.964786],
[1664634600.0, 0.9480879999999999],
[1664717400.0, 0.9523683333333333],
[1664803800.0, 0.95581],
[1664890200.0, 0.9853433333333333],
[1664976600.0, 0.9857786666666667],
[1665063000.0, 0.9436843333333336],
[1665149400.0, 0.9586610000000001],
[1665235800.0, 0.9529173333333335],
[1665322200.0, 0.9366806666666667],
[1665408600.0, 0.9921013333333333],
[1665495000.0, 0.9541123333333333],
[1665581400.0, 0.9548363333333335],
[1665667800.0, 0.8883036666666668],
[1665754200.0, 0.8921326666666666],
[1665840600.0, 0.9250910000000001],
[1665927000.0, 0.9244150000000001],
[1666013400.0, 0.872074],
[1666099800.0, 0.8997986666666667],
[1666186200.0, 0.888596],
[1666272600.0, 0.9282033333333334],
[1666359000.0, 0.8965690000000001],
[1666445400.0, 0.8722630000000001],
[1666531800.0, 0.860036],
[1666618200.0, 0.8501743333333334],
[1666704600.0, 0.8490703333333333],
[1666791000.0, 0.8609566666666667],
[1666877400.0, 0.8266863333333334],
[1666963800.0, 0.8539223333333336],
[1667050200.0, 0.8119103333333332],
[1667136600.0, 0.8390903333333334],
[1667223000.0, 0.8398966666666667],
[1667309400.0, 0.8083993333333334],
[1667395800.0, 0.8302096666666667],
[1667482200.0, 0.8480456666666667],
[1667568600.0, 0.783435],
[1667655000.0, 0.8386686666666666],
[1667741400.0, 0.8280963333333334],
[1667827800.0, 0.8178403333333334],
[1667914200.0, 0.8060016666666668],
[1668000600.0, 0.8350199140588229],
[1668087000.0, 0.8551884901808441],
[1668173400.0, 0.8735866363330739],
[1668259800.0, 0.9732399979568024],
[1668346200.0, 0.8210510417430182],
[1668432600.0, 0.8623579399282665],
[1668519000.0, 0.8468391849798612],
[1668605400.0, 0.8656569247007336],
[1668691800.0, 0.8806385953623258],
[1668778200.0, 0.9089611852750971],
[1668864600.0, 1.0634996619853778],
[1668951000.0, 0.8878146069374487],
[1669037400.0, 0.8492569046963528],
[1669123800.0, 0.8231032528504022],
[1669210200.0, 0.8162318512949294],
[1669296600.0, 0.8298169094428025],
[1669383000.0, 0.8253412663919919],
[1669469400.0, 0.8038976666666668],
[1669555800.0, 0.8304483333333333],
[1669642200.0, 0.7950659999999999],
[1669728600.0, 0.8383803333333333],
[1669815000.0, 0.8354696666666667],
[1669901400.0, 0.895085],
[1669987800.0, 0.8216776666666666],
[1670074200.0, 0.8220545718521376],
[1670160600.0, 0.8231029836984898],
[1670247000.0, 0.8357283695251803],
[1670333400.0, 0.9015063843141405],
[1670419800.0, 0.9793067261431864],
[1670506200.0, 0.9701739657081574],
[1670592600.0, 0.9205737092452476],
[1670679000.0, 0.8981295952238367],
[1670765400.0, 0.911960483741518],
[1670851800.0, 0.8932238082192345],
[1670938200.0, 0.8895225177088172],
[1671024600.0, 0.843605514036169],
[1671111000.0, 0.9497997737161915],
[1671197400.0, 0.8748124726067209],
[1671283800.0, 0.9139632996847578],
[1671370200.0, 0.8901808228814475],
[1671456600.0, 0.8759733333333334],
[1671543000.0, 0.8528383333333333],
[1671629400.0, 0.8193033333333334],
[1671715800.0, 0.867426],
[1671802200.0, 0.8525176666666666],
[1671888600.0, 0.8292060000000001],
[1671975000.0, 0.874619],
[1672061400.0, 0.8413970000000001],
[1672147800.0, 0.836142],
[1672234200.0, 0.8337976666666668],
[1672320600.0, 0.7894483333333334],
[1672407000.0, 0.7888916666666668],
[1672493400.0, 0.8407573333333335],
[1672579800.0, 0.7990830000000001],
[1672666200.0, 0.7935323333333334],
[1672752600.0, 0.8078053333333335],
[1672839000.0, 0.8350466666666668],
[1672925400.0, 0.7970456666666669],
[1673011800.0, 0.8746786666666667],
[1673098200.0, 0.8640226666666667],
[1673184600.0, 0.8747773333333334],
[1673271000.0, 0.8019286666666668],
[1673357400.0, 0.8846540000000002],
[1673443800.0, 0.8448056666666668],
[1673530200.0, 0.8434803333333334],
[1673616600.0, 0.9542976666666667],
[1673703000.0, 0.8758203333333333],
[1673789400.0, 0.8492713333333334],
[1673875800.0, 0.904689],
[1673962200.0, 0.8820740000000001],
[1674048600.0, 0.821805],
[1674135000.0, 0.7849366666666667],
[1674221400.0, 0.9076536666666669],
[1674307800.0, 0.8525696666666667],
[1674394200.0, 0.9173780000000001],
[1674480600.0, 0.8716733333333334],
[1674567000.0, 0.939289],
[1674653400.0, 0.9867385048823022],
[1674739800.0, 1.0219162566795401],
[1674826200.0, 0.9090763333333335],
[1674912600.0, 1.1065796131932613],
[1674999000.0, 0.997400372199067],
[1675085400.0, 1.0426228261626855],
[1675171800.0, 0.9415520000000001],
[1675258200.0, 0.991368],
[1675344600.0, 1.052340633159926],
[1675431000.0, 0.957643],
[1675517400.0, 1.0904687482367674],
[1675603800.0, 1.0424901098522954],
[1675690200.0, 0.9898370000000002],
[1675776600.0, 1.0849156202059052],
[1675863000.0, 1.0848014318852537],
[1675949400.0, 1.0848014318852537],
