[1635773400.0, 0.6311111111111112],
[1635859800.0, 0.6019047619047619],
[1635946200.0, 0.6387301587301587],
[1636032600.0, 0.648888888888889],
[1636119000.0, 0.6342857142857143],
[1636205400.0, 0.6241269841269843],
[1636291800.0, 0.6120634920634921],
[1636378200.0, 0.6196825396825398],
[1636464600.0, 0.620952380952381],
[1636551000.0, 0.6038095238095238],
[1636637400.0, 0.6088888888888889],
[1636723800.0, 0.5993650793650793],
[1636810200.0, 0.6152380952380954],
[1636896600.0, 0.6146031746031746],
[1636983000.0, 0.626031746031746],
[1637069400.0, 0.6146031746031747],
[1637155800.0, 0.6260317460317463],
[1637242200.0, 0.6323809523809524],
[1637328600.0, 0.6571428571428571],
[1637415000.0, 0.6514285714285716],
[1637501400.0, 0.660952380952381],
[1637587800.0, 0.6342857142857143],
[1637674200.0, 0.6406349206349206],
[1637760600.0, 0.6444444444444445],
[1637847000.0, 0.6552380952380953],
[1637933400.0, 0.6539682539682539],
[1638019800.0, 0.6615873015873016],
[1638106200.0, 0.6736507936507936],
[1638192600.0, 0.6850793650793651],
[1638279000.0, 0.6971428571428571],
[1638365400.0, 0.6984126984126985],
[1638451800.0, 0.6984126984126985],
[1638538200.0, 0.7041269841269842],
[1638624600.0, 0.695873015873016],
[1638711000.0, 0.6977777777777778],
[1638797400.0, 0.707936507936508],
[1638883800.0, 0.7066666666666668],
[1638970200.0, 0.6926984126984128],
[1639056600.0, 0.7161904761904763],
[1639143000.0, 0.7073015873015875],
[1639229400.0, 0.692063492063492],
[1639315800.0, 0.7111111111111112],
[1639402200.0, 0.7161904761904763],
[1639488600.0, 0.7257142857142859],
[1639575000.0, 0.7320634920634921],
[1639661400.0, 0.7434920634920635],
[1639747800.0, 0.7441269841269841],
[1639834200.0, 0.7149206349206348],
[1639920600.0, 0.7123809523809524],
[1640007000.0, 0.7295238095238095],
[1640093400.0, 0.7365079365079364],
[1640179800.0, 0.7314285714285714],
[1640266200.0, 0.7466666666666667],
[1640352600.0, 0.7396825396825397],
[1640439000.0, 0.7473015873015874],
[1640525400.0, 0.7466666666666667],
[1640611800.0, 0.7396825396825397],
[1640698200.0, 0.7441269841269842],
[1640784600.0, 0.7447619047619048],
[1640871000.0, 0.7580952380952384],
[1640957400.0, 0.7720634920634921],
[1641043800.0, 0.7720634920634921],
[1641130200.0, 0.7650793650793651],
[1641216600.0, 0.7746031746031747],
[1641303000.0, 0.7733333333333334],
[1641389400.0, 0.7638095238095237],
[1641475800.0, 0.7714285714285714],
[1641562200.0, 0.7657142857142857],
[1641648600.0, 0.7587301587301588],
[1641735000.0, 0.7612698412698414],
[1641821400.0, 0.7638095238095238],
[1641907800.0, 0.7733333333333333],
[1641994200.0, 0.7733333333333334],
[1642080600.0, 0.7726984126984128],
[1642167000.0, 0.7765079365079366],
[1642253400.0, 0.7707936507936508],
[1642339800.0, 0.7860317460317461],
[1642426200.0, 0.7873015873015875],
[1642512600.0, 0.7777777777777779],
[1642599000.0, 0.8],
[1642685400.0, 0.7834920634920635],
[1642771800.0, 0.8038095238095238],
[1642858200.0, 0.8273015873015874],
[1642944600.0, 0.8171428571428573],
[1643031000.0, 0.8146031746031746],
[1643117400.0, 0.8120634920634919],
[1643203800.0, 0.8069841269841272],
[1643290200.0, 0.8190476190476191],
[1643376600.0, 0.8444444444444443],
[1643463000.0, 0.8539682539682542],
[1643549400.0, 0.8914285714285716],
[1643635800.0, 0.8914285714285716],
[1643722200.0, 0.8914285714285716],
[1643808600.0, 0.928888888888889],
[1643895000.0, 0.9225396825396827],
[1643981400.0, 0.9174603174603175],
[1644067800.0, 0.9244444444444444],
[1644154200.0, 0.8907936507936508],
[1644240600.0, 0.8838095238095238],
[1644327000.0, 0.8673015873015874],
[1644413400.0, 0.8996825396825399],
[1644499800.0, 0.916825396825397],
[1644586200.0, 0.9060317460317461],
[1644672600.0, 0.9066666666666665],
[1644759000.0, 0.9447619047619048],
[1644845400.0, 0.954920634920635],
[1644931800.0, 0.9276190476190477],
[1645018200.0, 0.9663492063492064],
[1645104600.0, 0.9777777777777779],
[1645191000.0, 0.987936507936508],
[1645277400.0, 0.9815873015873015],
[1645363800.0, 0.9917460317460318],
[1645450200.0, 1.0057142857142858],
[1645536600.0, 1],
[1645623000.0, 1.0133333333333334],
[1645709400.0, 1.0273015873015872],
[1645795800.0, 0.9796825396825397],
[1645882200.0, 0.9993650793650793],
[1645968600.0, 1.0304761904761905],
[1646055000.0, 1.0165079365079364],
[1646141400.0, 1.0222222222222224],
[1646227800.0, 1.034920634920635],
[1646314200.0, 1.0533333333333335],
[1646400600.0, 1.0673015873015872],
[1646487000.0, 1.0584126984126987],
[1646573400.0, 1.0641269841269843],
[1646659800.0, 1.0361904761904763],
[1646746200.0, 1.0285714285714285],
[1646832600.0, 1.0514285714285714],
[1646919000.0, 1.0653968253968256],
[1647005400.0, 1.0457142857142856],
[1647091800.0, 1.031111111111111],
[1647178200.0, 1.0323809523809524],
[1647264600.0, 1.0196825396825395],
[1647351000.0, 1.0488888888888892],
[1647437400.0, 1.0812698412698416],
[1647523800.0, 1.0685714285714285],
[1647610200.0, 1.0838095238095236],
[1647696600.0, 1.090793650793651],
[1647783000.0, 1.114920634920635],
[1647869400.0, 1.1123809523809525],
[1647955800.0, 1.1085714285714285],
[1648042200.0, 1.1028571428571432],
[1648128600.0, 1.137777777777778],
[1648215000.0, 1.1136507936507938],
[1648301400.0, 1.1390476190476189],
[1648387800.0, 1.1377777777777778],
[1648474200.0, 1.1225396825396825],
[1648560600.0, 1.1320634920634922],
[1648647000.0, 1.1447619047619049],
[1648733400.0, 1.1549206349206351],
[1648819800.0, 1.1606349206349207],
[1648906200.0, 1.1765079365079363],
[1648996200.0, 1.1904761904761905],
[1649082600.0, 1.1936507936507939],
[1649169000.0, 1.1631746031746033],
[1649255400.0, 1.1790476190476191],
[1649341800.0, 1.1853968253968257],
[1649428200.0, 1.1885714285714286],
[1649514600.0, 1.2120634920634918],
[1649601000.0, 1.2120634920634918],
[1649687400.0, 1.2120634920634918],
[1649773800.0, 1.2120634920634918],
[1649860200.0, 1.2114285714285715],
[1649946600.0, 1.2126984126984126],
[1650033000.0, 1.2031746031746033],
[1650119400.0, 1.1961904761904762],
[1650205800.0, 1.205714285714286],
[1650292200.0, 1.2025396825396826],
[1650378600.0, 1.2355555555555555],
[1650465000.0, 1.2101587301587302],
[1650551400.0, 1.2101587301587302],
[1650637800.0, 1.2101587301587302],
[1650724200.0, 1.2469841269841273],
[1650810600.0, 1.2476190476190478],
[1650897000.0, 1.2368253968253966],
[1650983400.0, 1.214603174603175],
[1651069800.0, 1.2495238095238095],
[1651156200.0, 1.226031746031746],
[1651242600.0, 1.2069841269841273],
[1651329000.0, 1.2323809523809524],
[1651415400.0, 1.241904761904762],
[1651501800.0, 1.2393650793650797],
[1651588200.0, 1.2590476190476192],
[1651674600.0, 1.2368253968253968],
[1651761000.0, 1.2336507936507937],
[1651847400.0, 1.2165079365079365],
[1651933800.0, 1.1993650793650792],
[1652020200.0, 1.182857142857143],
[1652106600.0, 1.132063492063492],
[1652193000.0, 1.1568253968253968],
[1652279400.0, 1.147301587301587],
[1652365800.0, 1.1536507936507936],
[1652452200.0, 1.1193650793650793],
[1652538600.0, 1.1517460317460322],
[1652625000.0, 1.1288888888888888],
[1652711400.0, 1.1422222222222222],
[1652797800.0, 1.1365079365079365],
[1652884200.0, 1.1206349206349207],
[1652970600.0, 1.1536507936507938],
[1653057000.0, 1.1612698412698412],
[1653143400.0, 1.1625396825396823],
[1653229800.0, 1.1352380952380954],
[1653316200.0, 1.1244444444444446],
[1653402600.0, 1.1549206349206351],
[1653489000.0, 1.1434920634920636],
[1653575400.0, 1.142857142857143],
[1653661800.0, 1.142857142857143],
[1653748200.0, 1.1415873015873017],
[1653834600.0, 1.1187301587301588],
[1653921000.0, 1.140952380952381],
[1654007400.0, 1.1701587301587304],
[1654093800.0, 1.187936507936508],
[1654180200.0, 1.2025396825396826],
[1654266600.0, 1.2133333333333334],
[1654353000.0, 1.182222222222222],
[1654439400.0, 1.1860317460317462],
[1654525800.0, 1.1961904761904762],
[1654612200.0, 1.191746031746032],
[1654698600.0, 1.168253968253968],
[1654785000.0, 1.1892063492063492],
[1654871400.0, 1.1777777777777778],
[1654957800.0, 1.1873015873015873],
[1655044200.0, 1.1911111111111112],
[1655130600.0, 1.166984126984127],
[1655217000.0, 1.1676190476190476],
[1655303400.0, 1.1746031746031744],
[1655389800.0, 1.182857142857143],
[1655476200.0, 1.1644444444444446],
[1655562600.0, 1.1777777777777778],
[1655649000.0, 1.1803174603174604],
[1655735400.0, 1.1885714285714286],
[1655821800.0, 1.1663492063492065],
[1655908200.0, 1.1765079365079363],
[1655994600.0, 1.1879365079365078],
[1656081000.0, 1.1936507936507934],
[1656167400.0, 1.2038095238095237],
[1656253800.0, 1.1574603174603173],
[1656340200.0, 1.1758730158730157],
[1656426600.0, 1.1733333333333333],
[1656513000.0, 1.1815873015873015],
[1656599400.0, 1.1885714285714286],
[1656685800.0, 1.1879365079365078],
[1656772200.0, 1.1873015873015875],
[1656858600.0, 1.1625396825396825],
[1656945000.0, 1.1853968253968252],
[1657031400.0, 1.2000000000000002],
[1657117800.0, 1.196825396825397],
[1657204200.0, 1.1955555555555557],
[1657290600.0, 1.20952380952381],
[1657377000.0, 1.212063492063492],
[1657463400.0, 1.1942857142857144],
[1657549800.0, 1.193015873015873],
[1657636200.0, 1.1993650793650794],
[1657722600.0, 1.184761904761905],
[1657809000.0, 1.198095238095238],
[1657895400.0, 1.2126984126984128],
[1657981800.0, 1.1974603174603173],
[1658068200.0, 1.2146031746031745],
[1658154600.0, 1.2412698412698413],
[1658241000.0, 1.2215873015873018],
[1658327400.0, 1.2368253968253968],
[1658413800.0, 1.255873015873016],
[1658500200.0, 1.288888888888889],
[1658586600.0, 1.2774603174603174],
[1658673000.0, 1.2673015873015874],
[1658759400.0, 1.2615873015873014],
[1658845800.0, 1.2622222222222224],
[1658932200.0, 1.264761904761905],
[1659018600.0, 1.2793650793650795],
[1659105000.0, 1.3168253968253965],
[1659191400.0, 1.3168253968253971],
[1659277800.0, 1.3180952380952382],
[1659364200.0, 1.2965079365079366],
[1659450600.0, 1.323174603174603],
[1659537000.0, 1.3257142857142858],
[1659623400.0, 1.3346031746031748],
[1659709800.0, 1.3460317460317461],
[1659796200.0, 1.356825396825397],
[1659882600.0, 1.3733333333333333],
[1659969000.0, 1.3714285714285712],
[1660055400.0, 1.3898412698412699],
[1660141800.0, 1.387301587301587],
[1660228200.0, 1.4044444444444444],
[1660314600.0, 1.4006349206349207],
[1660401000.0, 1.4006349206349207],
[1660487400.0, 1.4006349206349207],
[1660573800.0, 1.4006349206349207],
[1660660200.0, 1.4666666666666668],
[1660746600.0, 1.4926984126984126],
[1660833000.0, 1.4933333333333334],
[1660919400.0, 1.5041269841269842],
[1661005800.0, 1.502857142857143],
[1661092200.0, 1.4831746031746031],
[1661178600.0, 1.5238095238095235],
[1661265000.0, 1.5212698412698415],
[1661351400.0, 1.4958730158730158],
[1661437800.0, 1.495873015873016],
[1661524200.0, 1.4488888888888893],
[1661610600.0, 1.4025396825396825],
[1661697000.0, 1.436825396825397],
[1661783400.0, 1.4444444444444444],
[1661869800.0, 1.4444444444444444],
[1661956200.0, 1.445714285714286],
[1662042600.0, 1.4552380952380952],
[1662129000.0, 1.4590476190476191],
[1662215400.0, 1.4685714285714286],
[1662301800.0, 1.4723809523809523],
[1662388200.0, 1.4774603174603176],
[1662474600.0, 1.4780952380952381],
[1662561000.0, 1.4495238095238099],
[1662647400.0, 1.483809523809524],
[1662733800.0, 1.502857142857143],
[1662820200.0, 1.4831746031746031],
[1662906600.0, 1.502857142857143],
[1662993000.0, 1.746666666666667],
[1663079400.0, 1.6768253968253968],
[1663165800.0, 1.6825396825396828],
[1663252200.0, 1.7142857142857144],
[1663338600.0, 1.7079365079365083],
[1663425000.0, 1.7231746031746036],
[1663511400.0, 1.7453968253968255],
[1663597800.0, 1.6965079365079367],
[1663684200.0, 1.6419047619047622],
[1663770600.0, 1.6736507936507938],
[1663857000.0, 1.6736507936507938],
[1663943400.0, 1.6323809523809525],
[1664029800.0, 1.6755555555555555],
[1664116200.0, 1.6546031746031746],
[1664202600.0, 1.6596825396825396],
[1664289000.0, 1.629206349206349],
[1664375400.0, 1.6730158730158733],
[1664461800.0, 1.7104761904761905],
[1664548200.0, 1.7790476190476188],
[1664634600.0, 1.8425396825396825],
[1664717400.0, 1.888888888888889],
[1664803800.0, 1.9066666666666665],
[1664890200.0, 1.8463492063492064],
[1664976600.0, 1.7974603174603172],
[1665063000.0, 1.793015873015873],
[1665149400.0, 1.7701587301587303],
[1665235800.0, 1.751111111111111],
[1665322200.0, 1.7473015873015871],
[1665408600.0, 1.774603174603175],
[1665495000.0, 1.7765079365079366],
[1665581400.0, 1.784126984126984],
[1665667800.0, 1.805714285714286],
[1665754200.0, 1.8196825396825398],
[1665840600.0, 1.812698412698413],
[1665927000.0, 1.8488888888888888],
[1666013400.0, 1.8431746031746032],
[1666099800.0, 1.810793650793651],
[1666186200.0, 1.8279365079365082],
[1666272600.0, 1.8165079365079366],
[1666359000.0, 1.8387301587301588],
[1666445400.0, 1.7657142857142856],
[1666531800.0, 1.824126984126984],
[1666618200.0, 1.793015873015873],
[1666704600.0, 1.8247619047619046],
[1666791000.0, 1.8444444444444446],
[1666877400.0, 1.8323809523809524],
[1666963800.0, 1.8495238095238093],
[1667050200.0, 1.8514285714285714],
[1667136600.0, 1.8082539682539682],
[1667223000.0, 1.8717460317460317],
[1667309400.0, 1.8190476190476192],
[1667395800.0, 1.8069841269841274],
[1667482200.0, 1.8793650793650793],
[1667568600.0, 1.878730158730159],
[1667655000.0, 1.878095238095238],
[1667741400.0, 1.8634920634920633],
[1667827800.0, 1.8450793650793653],
[1667914200.0, 1.8450793650793649],
[1668000600.0, 1.8406349206349206],
[1668087000.0, 1.8863492063492062],
[1668173400.0, 1.8698412698412694],
[1668259800.0, 1.8952380952380954],
[1668346200.0, 1.9047619047619049],
[1668432600.0, 1.9282539682539683],
[1668519000.0, 1.9511111111111108],
[1668605400.0, 2.039365079365079],
[1668691800.0, 2.0628571428571427],
[1668778200.0, 2.0361904761904763],
[1668864600.0, 2.0717460317460317],
[1668951000.0, 2.042539682539682],
[1669037400.0, 2.048888888888889],
[1669123800.0, 1.9612698412698413],
[1669210200.0, 1.9034920634920633],
[1669296600.0, 1.9161904761904762],
[1669383000.0, 1.9492063492063492],
[1669469400.0, 1.90984126984127],
[1669555800.0, 1.8761904761904766],
[1669642200.0, 1.9498412698412697],
[1669728600.0, 1.9784126984126986],
[1669815000.0, 2.005714285714286],
[1669901400.0, 2.0387301587301585],
[1669987800.0, 2.0450793650793653],
[1670074200.0, 2.0387301587301585],
[1670160600.0, 2.05015873015873],
[1670247000.0, 2.0704761904761906],
[1670333400.0, 2.0780952380952384],
[1670419800.0, 2.057142857142857],
[1670506200.0, 2.0463492063492064],
[1670592600.0, 2.045714285714286],
[1670679000.0, 2.028571428571428],
[1670765400.0, 2.031746031746032],
[1670851800.0, 2.013968253968254],
[1670938200.0, 2.01968253968254],
[1671024600.0, 2.0336507936507937],
[1671111000.0, 2.0406349206349206],
[1671197400.0, 2.0304761904761905],
[1671283800.0, 2.031746031746032],
[1671370200.0, 2.0273015873015874],
[1671456600.0, 2.052063492063492],
[1671543000.0, 2.064761904761905],
[1671629400.0, 2.033015873015873],
[1671715800.0, 1.9834920634920634],
[1671802200.0, 1.8914285714285715],
[1671888600.0, 1.8742857142857146],
[1671975000.0, 1.9695238095238095],
[1672061400.0, 1.9085714285714286],
[1672147800.0, 1.920634920634921],
[1672234200.0, 1.904126984126984],
[1672320600.0, 1.925714285714286],
[1672407000.0, 1.9079365079365078],
[1672493400.0, 1.8876190476190475],
[1672579800.0, 1.8869841269841272],
[1672666200.0, 1.8234920634920635],
[1672752600.0, 1.8507936507936509],
[1672839000.0, 1.8711111111111112],
[1672925400.0, 1.9034920634920633],
[1673011800.0, 1.9085714285714288],
[1673098200.0, 1.921904761904762],
[1673184600.0, 1.953015873015873],
[1673271000.0, 1.974603174603175],
[1673357400.0, 2.022857142857143],
[1673443800.0, 2.0615873015873016],
[1673530200.0, 2.0507936507936506],
[1673616600.0, 2.1073015873015875],
[1673703000.0, 2.1333333333333337],
[1673789400.0, 2.158095238095238],
[1673875800.0, 2.1441269841269843],
[1673962200.0, 2.1784126984126986],
[1674048600.0, 2.1530158730158733],
[1674135000.0, 2.179047619047619],
[1674221400.0, 2.229206349206349],
[1674307800.0, 2.356190476190476],
[1674394200.0, 2.368253968253968],
[1674480600.0, 2.3314285714285714],
[1674567000.0, 2.3555555555555556],
[1674653400.0, 2.415238095238095],
[1674739800.0, 2.3974603174603173],
[1674826200.0, 2.3968253968253967],
[1674912600.0, 2.326984126984127],
[1674999000.0, 2.2787301587301587],
[1675085400.0, 2.339047619047619],
[1675171800.0, 2.3466666666666667],
[1675258200.0, 2.363809523809524],
[1675344600.0, 2.34984126984127],
[1675431000.0, 2.3549206349206346],
[1675517400.0, 2.3498412698412703],
[1675603800.0, 2.3644444444444446],
[1675690200.0, 2.325079365079365],
[1675776600.0, 2.395555555555556],
[1675863000.0, 2.3923809523809525],
[1675949400.0, 2.3923809523809525],
