[1635773400.0, 1.13935494],
[1635859800.0, 1.13629434],
[1635946200.0, 1.1347608400000002],
[1636032600.0, 1.14998108],
[1636119000.0, 1.1509849200000002],
[1636205400.0, 1.14718828],
[1636291800.0, 1.1459046],
[1636378200.0, 1.12889818],
[1636464600.0, 1.11590852],
[1636551000.0, 1.09495018],
[1636637400.0, 1.1030977200000003],
[1636723800.0, 1.09831792],
[1636810200.0, 1.0973860000000002],
[1636896600.0, 1.1141733600000001],
[1636983000.0, 1.1057381],
[1637069400.0, 1.1074912200000002],
[1637155800.0, 1.1284346600000004],
[1637242200.0, 1.1297614],
[1637328600.0, 1.17675496],
[1637415000.0, 1.19076696],
[1637501400.0, 1.19640898],
[1637587800.0, 1.20367106],
[1637674200.0, 1.1962014200000002],
[1637760600.0, 1.1856354599999999],
[1637847000.0, 1.2226779],
[1637933400.0, 1.24303554],
[1638019800.0, 1.2470456200000002],
[1638106200.0, 1.24999494],
[1638192600.0, 1.23602284],
[1638279000.0, 1.2872410000000003],
[1638365400.0, 1.27656572],
[1638451800.0, 1.26145372],
[1638538200.0, 1.2541308800000002],
[1638624600.0, 1.241988],
[1638711000.0, 1.2421766],
[1638797400.0, 1.26745026],
[1638883800.0, 1.2978964200000003],
[1638970200.0, 1.3034723600000002],
[1639056600.0, 1.31863514],
[1639143000.0, 1.42109956],
[1639229400.0, 1.4001511600000003],
[1639315800.0, 1.37558518],
[1639402200.0, 1.3795385599999999],
[1639488600.0, 1.4483956],
[1639575000.0, 1.4424277600000002],
[1639661400.0, 1.4290022000000002],
[1639747800.0, 1.42184916],
[1639834200.0, 1.3321071800000002],
[1639920600.0, 1.31171736],
[1640007000.0, 1.3355338199999998],
[1640093400.0, 1.33076372],
[1640179800.0, 1.32434888],
[1640266200.0, 1.3428931],
[1640352600.0, 1.32596376],
[1640439000.0, 1.3257011799999998],
[1640525400.0, 1.3157556400000001],
[1640611800.0, 1.32340232],
[1640698200.0, 1.33302176],
[1640784600.0, 1.34402824],
[1640871000.0, 1.3445815600000002],
[1640957400.0, 1.3703894],
[1641043800.0, 1.4496080400000002],
[1641130200.0, 1.4362859200000002],
[1641216600.0, 1.4276463200000002],
[1641303000.0, 1.4074644200000002],
[1641389400.0, 1.35548986],
[1641475800.0, 1.3453721600000002],
[1641562200.0, 1.3300972000000002],
[1641648600.0, 1.29595612],
[1641735000.0, 1.2976904200000003],
[1641821400.0, 1.3427891600000001],
[1641907800.0, 1.3352238200000002],
[1641994200.0, 1.3269413],
[1642080600.0, 1.27926836],
[1642167000.0, 1.3246919400000001],
[1642253400.0, 1.3349539600000002],
[1642339800.0, 1.3498834400000002],
[1642426200.0, 1.3344266800000002],
[1642512600.0, 1.36478704],
[1642599000.0, 1.41911272],
[1642685400.0, 1.4591217000000003],
[1642771800.0, 1.4669552200000002],
[1642858200.0, 1.47727066],
[1642944600.0, 1.4840173800000003],
[1643031000.0, 1.46832998],
[1643117400.0, 1.47510672],
[1643203800.0, 1.43998574],
[1643290200.0, 1.4523205800000003],
[1643376600.0, 1.41911144],
[1643463000.0, 1.4280888600000001],
[1643549400.0, 1.43844276],
[1643635800.0, 1.43844276],
[1643722200.0, 1.43844276],
[1643808600.0, 1.5090089],
[1643895000.0, 1.50568366],
[1643981400.0, 1.46509832],
[1644067800.0, 1.4987595],
[1644154200.0, 1.46371632],
[1644240600.0, 1.41234094],
[1644327000.0, 1.4302989799999999],
[1644413400.0, 1.4083145799999999],
[1644499800.0, 1.42224854],
[1644586200.0, 1.43477816],
[1644672600.0, 1.4492184600000002],
[1644759000.0, 1.44869218],
[1644845400.0, 1.5115714400000002],
[1644931800.0, 1.5140548800000002],
[1645018200.0, 1.5172463400000002],
[1645104600.0, 1.5261687],
[1645191000.0, 1.5800181400000002],
[1645277400.0, 1.6113388999999998],
[1645363800.0, 1.6355428800000003],
[1645450200.0, 1.68786652],
[1645536600.0, 1.6177126000000002],
[1645623000.0, 1.6113321800000002],
[1645709400.0, 1.6005217200000004],
[1645795800.0, 1.5897231600000004],
[1645882200.0, 1.59454918],
[1645968600.0, 1.5629482200000002],
[1646055000.0, 1.53082398],
[1646141400.0, 1.51655858],
[1646227800.0, 1.5310126400000004],
[1646314200.0, 1.50656804],
[1646400600.0, 1.5386162200000002],
[1646487000.0, 1.51765952],
[1646573400.0, 1.5145698200000002],
[1646659800.0, 1.5086848600000002],
[1646746200.0, 1.5237891200000002],
[1646832600.0, 1.5670079],
[1646919000.0, 1.5906091200000003],
[1647005400.0, 1.57458228],
[1647091800.0, 1.5378931000000002],
[1647178200.0, 1.5599762799999999],
[1647264600.0, 1.5627446600000001],
[1647351000.0, 1.53224184],
[1647437400.0, 1.53392108],
[1647523800.0, 1.5344036400000003],
[1647610200.0, 1.55624486],
[1647696600.0, 1.53815988],
[1647783000.0, 1.5286525000000002],
[1647869400.0, 1.5396933800000001],
[1647955800.0, 1.5343324200000001],
[1648042200.0, 1.5423091400000002],
[1648128600.0, 1.5568123999999999],
[1648215000.0, 1.5518980400000002],
[1648301400.0, 1.5196396],
[1648387800.0, 1.4986489200000002],
[1648474200.0, 1.49299768],
[1648560600.0, 1.51449976],
[1648647000.0, 1.51826312],
[1648733400.0, 1.5944030800000002],
[1648819800.0, 1.6249518200000002],
[1648906200.0, 1.56745998],
[1648996200.0, 1.5646278600000003],
[1649082600.0, 1.54980634],
[1649169000.0, 1.5573414800000003],
[1649255400.0, 1.5536293],
[1649341800.0, 1.55693908],
[1649428200.0, 1.5664884200000002],
[1649514600.0, 1.56369612],
[1649601000.0, 1.56369612],
[1649687400.0, 1.56369612],
[1649773800.0, 1.56369612],
[1649860200.0, 1.56369612],
[1649946600.0, 1.6211693800000002],
[1650033000.0, 1.64411686],
[1650119400.0, 1.6336256600000003],
[1650205800.0, 1.63368876],
[1650292200.0, 1.6314423200000001],
[1650378600.0, 1.6324740000000002],
[1650465000.0, 1.60702182],
[1650551400.0, 1.60702182],
[1650637800.0, 1.60702182],
[1650724200.0, 1.63249338],
[1650810600.0, 1.6272662],
[1650897000.0, 1.6123386400000002],
[1650983400.0, 1.58235082],
[1651069800.0, 1.58175676],
[1651156200.0, 1.5365252600000001],
[1651242600.0, 1.53996518],
[1651329000.0, 1.55202678],
[1651415400.0, 1.57295924],
[1651501800.0, 1.5500191399999999],
[1651588200.0, 1.5419501],
[1651674600.0, 1.54484826],
[1651761000.0, 1.5487213800000004],
[1651847400.0, 1.5635268400000002],
[1651933800.0, 1.5574578200000002],
[1652020200.0, 1.5408266400000001],
[1652106600.0, 1.52594092],
[1652193000.0, 1.5024771200000002],
[1652279400.0, 1.5056418399999998],
[1652365800.0, 1.52471676],
[1652452200.0, 1.51243984],
[1652538600.0, 1.5144068400000001],
[1652625000.0, 1.4774138800000003],
[1652711400.0, 1.46744408],
[1652797800.0, 1.4556497400000001],
[1652884200.0, 1.44669274],
[1652970600.0, 1.4441092200000003],
[1653057000.0, 1.44029272],
[1653143400.0, 1.4335017200000002],
[1653229800.0, 1.45718404],
[1653316200.0, 1.4429594000000001],
[1653402600.0, 1.43985574],
[1653489000.0, 1.4281762400000002],
[1653575400.0, 1.4286939800000003],
[1653661800.0, 1.4710294400000001],
[1653748200.0, 1.4895047200000002],
[1653834600.0, 1.50766892],
[1653921000.0, 1.4951225799999999],
[1654007400.0, 1.5620949800000001],
[1654093800.0, 1.5533453600000002],
[1654180200.0, 1.55613496],
[1654266600.0, 1.5333706800000002],
[1654353000.0, 1.5289991600000001],
[1654439400.0, 1.52024186],
[1654525800.0, 1.48306636],
[1654612200.0, 1.45117172],
[1654698600.0, 1.43047918],
[1654785000.0, 1.4267998600000003],
[1654871400.0, 1.4473988800000002],
[1654957800.0, 1.43851798],
[1655044200.0, 1.4350084400000003],
[1655130600.0, 1.4165910200000003],
[1655217000.0, 1.4255325000000003],
[1655303400.0, 1.44975326],
[1655389800.0, 1.4370797800000001],
[1655476200.0, 1.4254037400000001],
[1655562600.0, 1.4293586200000001],
[1655649000.0, 1.45688226],
[1655735400.0, 1.44620298],
[1655821800.0, 1.44997868],
[1655908200.0, 1.4304720000000002],
[1655994600.0, 1.4521885],
[1656081000.0, 1.45247078],
[1656167400.0, 1.46550344],
[1656253800.0, 1.4858048799999999],
[1656340200.0, 1.4988297400000001],
[1656426600.0, 1.4546225000000004],
[1656513000.0, 1.4552300800000002],
[1656599400.0, 1.4580177200000002],
[1656685800.0, 1.4596502200000003],
[1656772200.0, 1.46523654],
[1656858600.0, 1.4659144999999998],
[1656945000.0, 1.44520718],
[1657031400.0, 1.4373941600000002],
[1657117800.0, 1.4305538000000002],
[1657204200.0, 1.4174844],
[1657290600.0, 1.4084067],
[1657377000.0, 1.42210802],
[1657463400.0, 1.37983424],
[1657549800.0, 1.36148844],
[1657636200.0, 1.3721340000000002],
[1657722600.0, 1.34812764],
[1657809000.0, 1.3370798000000002],
[1657895400.0, 1.35241034],
[1657981800.0, 1.3800616200000002],
[1658068200.0, 1.3979891800000002],
[1658154600.0, 1.4388312400000003],
[1658241000.0, 1.4313350599999999],
[1658327400.0, 1.4300764400000001],
[1658413800.0, 1.4447049],
[1658500200.0, 1.4427520600000001],
[1658586600.0, 1.4384306400000004],
[1658673000.0, 1.4302822599999998],
[1658759400.0, 1.4159802000000001],
[1658845800.0, 1.4176458800000002],
[1658932200.0, 1.4221656600000003],
[1659018600.0, 1.4173035000000003],
[1659105000.0, 1.4321999],
[1659191400.0, 1.4336590800000002],
[1659277800.0, 1.4214389800000002],
[1659364200.0, 1.4300291400000003],
[1659450600.0, 1.42510478],
[1659537000.0, 1.40785246],
[1659623400.0, 1.4217971800000002],
[1659709800.0, 1.4565800600000003],
[1659796200.0, 1.4447675800000002],
[1659882600.0, 1.47955382],
[1659969000.0, 1.46919714],
[1660055400.0, 1.47840086],
[1660141800.0, 1.5147481],
[1660228200.0, 1.5119277600000003],
[1660314600.0, 1.4679509400000001],
[1660401000.0, 1.4679509400000001],
[1660487400.0, 1.4679509400000001],
[1660573800.0, 1.4679509400000001],
[1660660200.0, 1.50912368],
[1660746600.0, 1.5188839800000002],
[1660833000.0, 1.5380887200000004],
[1660919400.0, 1.53386096],
[1661005800.0, 1.57046872],
[1661092200.0, 1.5602722000000002],
[1661178600.0, 1.5569749400000004],
[1661265000.0, 1.5970021200000004],
[1661351400.0, 1.61628608],
[1661437800.0, 1.6038086200000001],
[1661524200.0, 1.58285104],
[1661610600.0, 1.6285850400000002],
[1661697000.0, 1.62557662],
[1661783400.0, 1.5982067400000002],
[1661869800.0, 1.6117161000000002],
[1661956200.0, 1.70025066],
[1662042600.0, 1.7022108200000001],
[1662129000.0, 1.7133616800000002],
[1662215400.0, 1.73093794],
[1662301800.0, 1.8238868800000003],
[1662388200.0, 1.69477762],
[1662474600.0, 1.6659252600000003],
[1662561000.0, 1.65975314],
[1662647400.0, 1.6772757600000001],
[1662733800.0, 1.67901356],
[1662820200.0, 1.6392472800000004],
[1662906600.0, 1.6094042000000002],
[1662993000.0, 1.6114474400000003],
[1663079400.0, 1.58169712],
[1663165800.0, 1.5686523200000002],
[1663252200.0, 1.5647500600000002],
[1663338600.0, 1.5509331400000002],
[1663425000.0, 1.5750547799999999],
[1663511400.0, 1.59436854],
[1663597800.0, 1.60061792],
[1663684200.0, 1.6304152000000003],
[1663770600.0, 1.64615516],
[1663857000.0, 1.6685826200000005],
[1663943400.0, 1.65827824],
[1664029800.0, 1.6498827200000001],
[1664116200.0, 1.64584458],
[1664202600.0, 1.64025458],
[1664289000.0, 1.70406872],
[1664375400.0, 1.6610612799999998],
[1664461800.0, 1.6419590600000002],
[1664548200.0, 1.64874112],
[1664634600.0, 1.64850074],
[1664717400.0, 1.6493108800000003],
[1664803800.0, 1.6369436200000003],
[1664890200.0, 1.6659848400000001],
[1664976600.0, 1.68280998],
[1665063000.0, 1.67499924],
[1665149400.0, 1.6282888],
[1665235800.0, 1.6199003],
[1665322200.0, 1.61863718],
[1665408600.0, 1.6021524],
[1665495000.0, 1.6053236000000002],
[1665581400.0, 1.6155532799999999],
[1665667800.0, 1.6139051599999998],
[1665754200.0, 1.6684873600000003],
[1665840600.0, 1.6110206599999999],
[1665927000.0, 1.6296101800000002],
[1666013400.0, 1.5788394800000003],
[1666099800.0, 1.5716668200000001],
[1666186200.0, 1.6020825600000002],
[1666272600.0, 1.8426008800000002],
[1666359000.0, 1.83872816],
[1666445400.0, 1.8650860400000002],
[1666531800.0, 1.9015239000000002],
[1666618200.0, 1.8689540400000002],
[1666704600.0, 1.8889631000000002],
[1666791000.0, 1.9146214400000001],
[1666877400.0, 1.8200262200000001],
[1666963800.0, 1.7750761400000001],
[1667050200.0, 1.7158122600000003],
[1667136600.0, 1.6297966000000002],
[1667223000.0, 1.6056424599999999],
[1667309400.0, 1.5855050000000002],
[1667395800.0, 1.57350584],
[1667482200.0, 1.57325534],
[1667568600.0, 1.57075114],
[1667655000.0, 1.55246992],
[1667741400.0, 1.56783898],
[1667827800.0, 1.5793977000000001],
[1667914200.0, 1.5757908600000001],
[1668000600.0, 1.58269244],
[1668087000.0, 1.6113583200000001],
[1668173400.0, 1.6455202800000002],
[1668259800.0, 1.6722116],
[1668346200.0, 1.64828592],
[1668432600.0, 1.6942359800000002],
[1668519000.0, 1.6927471200000004],
[1668605400.0, 1.8982982800000001],
[1668691800.0, 1.7504722799999999],
[1668778200.0, 1.8304873000000004],
[1668864600.0, 1.7973521600000002],
[1668951000.0, 1.82444856],
[1669037400.0, 1.83828786],
[1669123800.0, 1.8261709400000004],
[1669210200.0, 1.7727962800000001],
[1669296600.0, 1.7358346199999999],
[1669383000.0, 1.6965831400000002],
[1669469400.0, 1.6834366600000004],
[1669555800.0, 1.6547847199999999],
[1669642200.0, 1.6791731200000002],
[1669728600.0, 1.6733646600000003],
[1669815000.0, 1.7200069800000002],
[1669901400.0, 1.74284964],
[1669987800.0, 1.77994328],
[1670074200.0, 1.7626448600000004],
[1670160600.0, 1.761301],
[1670247000.0, 1.7662993999999999],
[1670333400.0, 1.7720801800000001],
[1670419800.0, 1.7711450800000001],
[1670506200.0, 1.7429552800000003],
[1670592600.0, 1.7458282],
[1670679000.0, 1.72370814],
[1670765400.0, 1.70574662],
[1670851800.0, 1.6933679600000002],
[1670938200.0, 1.6884140000000003],
[1671024600.0, 1.7468033600000001],
[1671111000.0, 1.75382282],
[1671197400.0, 1.7792171600000004],
[1671283800.0, 1.80447132],
[1671370200.0, 1.7904262000000002],
[1671456600.0, 1.77402148],
[1671543000.0, 1.7709301000000004],
[1671629400.0, 1.74386588],
[1671715800.0, 1.74387166],
[1671802200.0, 1.7230560799999999],
[1671888600.0, 1.70387092],
[1671975000.0, 1.6705867400000003],
[1672061400.0, 1.6187733000000002],
[1672147800.0, 1.57203114],
[1672234200.0, 1.5384590200000001],
[1672320600.0, 1.5352536000000003],
[1672407000.0, 1.5162476200000001],
[1672493400.0, 1.52431032],
[1672579800.0, 1.5569483400000004],
[1672666200.0, 1.5562673400000002],
[1672752600.0, 1.5405466],
[1672839000.0, 1.5551780200000003],
[1672925400.0, 1.5770388400000002],
[1673011800.0, 1.5776177200000003],
[1673098200.0, 1.5522622600000002],
[1673184600.0, 1.5694646600000002],
[1673271000.0, 1.5631979800000002],
[1673357400.0, 1.5738285600000002],
[1673443800.0, 1.5851908],
[1673530200.0, 1.6266253600000002],
[1673616600.0, 1.69549418],
[1673703000.0, 1.7270336199999998],
[1673789400.0, 1.83131542],
[1673875800.0, 1.83166086],
[1673962200.0, 1.8924993000000003],
[1674048600.0, 1.8781543200000002],
[1674135000.0, 1.8832457200000001],
[1674221400.0, 1.9357075],
[1674307800.0, 1.9173255200000003],
[1674394200.0, 1.9102972399999998],
[1674480600.0, 1.9394770000000001],
[1674567000.0, 1.9707733400000003],
[1674653400.0, 2.0237851200000003],
[1674739800.0, 1.9855399200000001],
[1674826200.0, 1.9736488400000003],
[1674912600.0, 3.5666495600000006],
[1674999000.0, 1.9761067800000003],
[1675085400.0, 1.9769432000000002],
[1675171800.0, 1.9826777000000004],
[1675258200.0, 1.9673112400000001],
[1675344600.0, 1.96096468],
[1675431000.0, 1.9459791600000003],
[1675517400.0, 1.94088224],
[1675603800.0, 1.9556647400000002],
[1675690200.0, 1.9637408200000004],
[1675776600.0, 1.9446279399999997],
[1675863000.0, 1.9590695800000002],
[1675949400.0, 1.9590695800000002],
