[1635773400.0, 6.471111111111111],
[1635859800.0, 6.46111111111111],
[1635946200.0, 6.3822222222222225],
[1636032600.0, 6.22111111111111],
[1636119000.0, 6.261111111111111],
[1636205400.0, 6.263333333333334],
[1636291800.0, 6.268888888888889],
[1636378200.0, 6.274444444444445],
[1636464600.0, 6.251111111111111],
[1636551000.0, 6.124444444444446],
[1636637400.0, 6.067777777777778],
[1636723800.0, 6.105555555555555],
[1636810200.0, 6.148888888888889],
[1636896600.0, 6.377777777777777],
[1636983000.0, 6.152222222222223],
[1637069400.0, 6.115555555555556],
[1637155800.0, 6.088888888888889],
[1637242200.0, 6.11],
[1637328600.0, 6.185555555555556],
[1637415000.0, 6.115555555555555],
[1637501400.0, 6.069999999999999],
[1637587800.0, 6.04],
[1637674200.0, 6.061111111111111],
[1637760600.0, 6.013333333333333],
[1637847000.0, 6.043333333333333],
[1637933400.0, 5.997777777777777],
[1638019800.0, 5.906666666666666],
[1638106200.0, 6.065555555555556],
[1638192600.0, 6.183333333333334],
[1638279000.0, 6.391111111111111],
[1638365400.0, 6.285555555555556],
[1638451800.0, 6.247777777777777],
[1638538200.0, 6.246666666666667],
[1638624600.0, 6.214444444444444],
[1638711000.0, 6.208888888888889],
[1638797400.0, 6.044444444444445],
[1638883800.0, 6.023333333333334],
[1638970200.0, 6.0166666666666675],
[1639056600.0, 5.95888888888889],
[1639143000.0, 6.071111111111112],
[1639229400.0, 5.978888888888889],
[1639315800.0, 5.981111111111112],
[1639402200.0, 5.988888888888889],
[1639488600.0, 6.055555555555555],
[1639575000.0, 6.344444444444445],
[1639661400.0, 6.33],
[1639747800.0, 6.387777777777778],
[1639834200.0, 6.39],
[1639920600.0, 6.7733333333333325],
[1640007000.0, 6.812222222222221],
[1640093400.0, 6.716666666666666],
[1640179800.0, 6.800000000000001],
[1640266200.0, 6.853333333333333],
[1640352600.0, 6.768888888888889],
[1640439000.0, 6.814444444444444],
[1640525400.0, 6.785555555555555],
[1640611800.0, 6.803333333333333],
[1640698200.0, 6.714444444444444],
[1640784600.0, 6.642222222222222],
[1640871000.0, 6.542222222222222],
[1640957400.0, 6.533333333333335],
[1641043800.0, 6.566666666666666],
[1641130200.0, 6.392222222222222],
[1641216600.0, 6.273333333333334],
[1641303000.0, 6.293333333333333],
[1641389400.0, 6.2622222222222215],
[1641475800.0, 6.538888888888889],
[1641562200.0, 6.546666666666667],
[1641648600.0, 6.578888888888889],
[1641735000.0, 6.5955555555555545],
[1641821400.0, 6.674444444444444],
[1641907800.0, 6.765555555555555],
[1641994200.0, 6.82],
[1642080600.0, 6.837777777777777],
[1642167000.0, 6.8711111111111105],
[1642253400.0, 7.067777777777778],
[1642339800.0, 7.09888888888889],
[1642426200.0, 7.046666666666666],
[1642512600.0, 6.928888888888889],
[1642599000.0, 7.074444444444444],
[1642685400.0, 7.557777777777777],
[1642771800.0, 7.59111111111111],
[1642858200.0, 7.608888888888889],
[1642944600.0, 7.917777777777778],
[1643031000.0, 7.787777777777777],
[1643117400.0, 7.762222222222222],
[1643203800.0, 7.6255555555555565],
[1643290200.0, 7.54],
[1643376600.0, 7.458888888888889],
[1643463000.0, 7.645555555555556],
[1643549400.0, 7.800000000000001],
[1643635800.0, 7.800000000000001],
[1643722200.0, 7.800000000000001],
[1643808600.0, 7.803333333333332],
[1643895000.0, 7.802222222222223],
[1643981400.0, 7.745555555555557],
[1644067800.0, 7.632222222222223],
[1644154200.0, 7.627777777777778],
[1644240600.0, 7.742222222222221],
[1644327000.0, 7.666666666666667],
[1644413400.0, 7.684444444444444],
[1644499800.0, 7.74888888888889],
[1644586200.0, 7.764444444444446],
[1644672600.0, 7.733333333333334],
[1644759000.0, 7.723333333333334],
[1644845400.0, 7.793333333333333],
[1644931800.0, 7.413333333333333],
[1645018200.0, 7.34],
[1645104600.0, 7.178888888888888],
[1645191000.0, 7.133333333333334],
[1645277400.0, 7.121111111111111],
[1645363800.0, 7.2188888888888885],
[1645450200.0, 7.225555555555555],
[1645536600.0, 7.23888888888889],
[1645623000.0, 7.413333333333333],
[1645709400.0, 7.365555555555556],
[1645795800.0, 7.416666666666668],
[1645882200.0, 7.577777777777778],
[1645968600.0, 7.5055555555555555],
[1646055000.0, 7.5311111111111115],
[1646141400.0, 7.676666666666666],
[1646227800.0, 7.663333333333333],
[1646314200.0, 8.152222222222221],
[1646400600.0, 8.127777777777778],
[1646487000.0, 8.304444444444446],
[1646573400.0, 8.118888888888888],
[1646659800.0, 8.08222222222222],
[1646746200.0, 7.930000000000001],
[1646832600.0, 7.834444444444445],
[1646919000.0, 7.782222222222223],
[1647005400.0, 7.786666666666666],
[1647091800.0, 7.922222222222223],
[1647178200.0, 7.855555555555556],
[1647264600.0, 7.993333333333333],
[1647351000.0, 8.224444444444444],
[1647437400.0, 8.341111111111111],
[1647523800.0, 8.353333333333333],
[1647610200.0, 8.283333333333333],
[1647696600.0, 8.187777777777775],
[1647783000.0, 8.17222222222222],
[1647869400.0, 8.102222222222222],
[1647955800.0, 8.136666666666667],
[1648042200.0, 8.103333333333333],
[1648128600.0, 8.124444444444444],
[1648215000.0, 8.372222222222222],
[1648301400.0, 8.25111111111111],
[1648387800.0, 8.295555555555557],
[1648474200.0, 8.265555555555554],
[1648560600.0, 8.632222222222222],
[1648647000.0, 8.685555555555556],
[1648733400.0, 8.686666666666667],
[1648819800.0, 8.606666666666666],
[1648906200.0, 8.488888888888889],
[1648996200.0, 8.226666666666667],
[1649082600.0, 8.074444444444445],
[1649169000.0, 8.248888888888889],
[1649255400.0, 8.23777777777778],
[1649341800.0, 8.257777777777777],
[1649428200.0, 8.376666666666669],
[1649514600.0, 8.384444444444446],
[1649601000.0, 8.384444444444446],
[1649687400.0, 8.384444444444446],
[1649773800.0, 8.384444444444446],
[1649860200.0, 8.383333333333333],
[1649946600.0, 8.472222222222221],
[1650033000.0, 8.458888888888888],
[1650119400.0, 8.41111111111111],
[1650205800.0, 8.395555555555555],
[1650292200.0, 8.33111111111111],
[1650378600.0, 8.303333333333335],
[1650465000.0, 8.278888888888888],
[1650551400.0, 8.278888888888888],
[1650637800.0, 8.278888888888888],
[1650724200.0, 8.965555555555557],
[1650810600.0, 8.696666666666667],
[1650897000.0, 8.762222222222224],
[1650983400.0, 8.814444444444446],
[1651069800.0, 8.768888888888888],
[1651156200.0, 8.443333333333333],
[1651242600.0, 8.426666666666668],
[1651329000.0, 8.40666666666667],
[1651415400.0, 8.372222222222224],
[1651501800.0, 8.264444444444443],
[1651588200.0, 8.246666666666666],
[1651674600.0, 8.241111111111111],
[1651761000.0, 8.128888888888888],
[1651847400.0, 7.970000000000001],
[1651933800.0, 7.891111111111109],
[1652020200.0, 7.787777777777778],
[1652106600.0, 7.732222222222223],
[1652193000.0, 7.77],
[1652279400.0, 7.682222222222224],
[1652365800.0, 7.4944444444444445],
[1652452200.0, 7.432222222222222],
[1652538600.0, 7.29888888888889],
[1652625000.0, 7.158888888888888],
[1652711400.0, 7.191111111111111],
[1652797800.0, 7.221111111111112],
[1652884200.0, 7.355555555555556],
[1652970600.0, 7.363333333333333],
[1653057000.0, 7.32888888888889],
[1653143400.0, 7.282222222222223],
[1653229800.0, 7.2188888888888885],
[1653316200.0, 7.287777777777777],
[1653402600.0, 7.262222222222222],
[1653489000.0, 7.3500000000000005],
[1653575400.0, 7.345555555555555],
[1653661800.0, 7.3355555555555565],
[1653748200.0, 7.344444444444444],
[1653834600.0, 7.296666666666667],
[1653921000.0, 7.20888888888889],
[1654007400.0, 7.363333333333334],
[1654093800.0, 7.33111111111111],
[1654180200.0, 7.263333333333334],
[1654266600.0, 7.302222222222222],
[1654353000.0, 7.316666666666666],
[1654439400.0, 7.246666666666666],
[1654525800.0, 7.316666666666667],
[1654612200.0, 7.626666666666667],
[1654698600.0, 7.515555555555555],
[1654785000.0, 7.514444444444444],
[1654871400.0, 7.484444444444445],
[1654957800.0, 7.424444444444443],
[1655044200.0, 7.353333333333333],
[1655130600.0, 7.214444444444445],
[1655217000.0, 7.254444444444445],
[1655303400.0, 7.305555555555555],
[1655389800.0, 7.324444444444443],
[1655476200.0, 7.486666666666666],
[1655562600.0, 7.657777777777778],
[1655649000.0, 7.558888888888889],
[1655735400.0, 7.575555555555557],
[1655821800.0, 7.4944444444444445],
[1655908200.0, 7.354444444444444],
[1655994600.0, 7.334444444444443],
[1656081000.0, 7.558888888888889],
[1656167400.0, 7.544444444444445],
[1656253800.0, 7.537777777777778],
[1656340200.0, 7.535555555555555],
[1656426600.0, 7.614444444444445],
[1656513000.0, 7.727777777777779],
[1656599400.0, 7.75],
[1656685800.0, 8.46888888888889],
[1656772200.0, 8.726666666666667],
[1656858600.0, 8.781111111111109],
[1656945000.0, 8.85666666666667],
[1657031400.0, 9.33111111111111],
[1657117800.0, 9.469999999999999],
[1657204200.0, 9.338888888888889],
[1657290600.0, 8.86],
[1657377000.0, 8.802222222222222],
[1657463400.0, 8.626666666666669],
[1657549800.0, 8.526666666666666],
[1657636200.0, 8.46888888888889],
[1657722600.0, 8.573333333333334],
[1657809000.0, 8.722222222222221],
[1657895400.0, 8.71888888888889],
[1657981800.0, 8.778888888888888],
[1658068200.0, 8.78111111111111],
[1658154600.0, 8.715555555555556],
[1658241000.0, 8.92111111111111],
[1658327400.0, 9.033333333333333],
[1658413800.0, 9.134444444444444],
[1658500200.0, 9.083333333333332],
[1658586600.0, 8.914444444444445],
[1658673000.0, 8.964444444444446],
[1658759400.0, 8.888888888888891],
[1658845800.0, 8.794444444444444],
[1658932200.0, 8.770000000000001],
[1659018600.0, 8.727777777777778],
[1659105000.0, 8.81111111111111],
[1659191400.0, 8.695555555555556],
[1659277800.0, 8.690000000000001],
[1659364200.0, 8.601111111111113],
[1659450600.0, 8.586666666666666],
[1659537000.0, 8.57],
[1659623400.0, 8.587777777777777],
[1659709800.0, 8.61],
[1659796200.0, 8.563333333333334],
[1659882600.0, 8.36111111111111],
[1659969000.0, 8.428888888888888],
[1660055400.0, 8.568888888888889],
[1660141800.0, 8.606666666666667],
[1660228200.0, 8.528888888888888],
[1660314600.0, 8.544444444444444],
[1660401000.0, 8.544444444444444],
[1660487400.0, 8.544444444444444],
[1660573800.0, 8.544444444444444],
[1660660200.0, 8.686666666666667],
[1660746600.0, 8.767777777777777],
[1660833000.0, 8.83222222222222],
[1660919400.0, 8.972222222222221],
[1661005800.0, 9.066666666666668],
[1661092200.0, 9.026666666666666],
[1661178600.0, 8.962222222222223],
[1661265000.0, 8.996666666666668],
[1661351400.0, 8.940000000000001],
[1661437800.0, 8.899999999999999],
[1661524200.0, 8.867777777777778],
[1661610600.0, 9.092222222222222],
[1661697000.0, 9.331111111111111],
[1661783400.0, 9.459999999999999],
[1661869800.0, 9.394444444444444],
[1661956200.0, 9.971111111111112],
[1662042600.0, 9.925555555555556],
[1662129000.0, 9.771111111111109],
[1662215400.0, 9.38],
[1662301800.0, 9.77888888888889],
[1662388200.0, 9.919999999999998],
[1662474600.0, 9.71],
[1662561000.0, 9.71888888888889],
[1662647400.0, 9.75111111111111],
[1662733800.0, 9.879999999999999],
[1662820200.0, 9.834444444444445],
[1662906600.0, 9.79888888888889],
[1662993000.0, 9.765555555555556],
[1663079400.0, 9.774444444444446],
[1663165800.0, 9.82888888888889],
[1663252200.0, 9.742222222222225],
[1663338600.0, 9.665555555555557],
[1663425000.0, 9.653333333333334],
[1663511400.0, 9.703333333333331],
[1663597800.0, 9.723333333333333],
[1663684200.0, 9.669999999999998],
[1663770600.0, 9.733333333333333],
[1663857000.0, 9.693333333333335],
[1663943400.0, 9.648888888888887],
[1664029800.0, 9.614444444444445],
[1664116200.0, 9.588888888888889],
[1664202600.0, 9.697777777777777],
[1664289000.0, 9.726666666666667],
[1664375400.0, 10.023333333333333],
[1664461800.0, 10.013333333333334],
[1664548200.0, 10.078888888888889],
[1664634600.0, 10.163333333333334],
[1664717400.0, 10.316666666666668],
[1664803800.0, 10.19222222222222],
[1664890200.0, 10.976666666666667],
[1664976600.0, 11.295555555555556],
[1665063000.0, 10.946666666666665],
[1665149400.0, 10.78],
[1665235800.0, 11.152222222222221],
[1665322200.0, 10.692222222222224],
[1665408600.0, 11.06],
[1665495000.0, 10.914444444444445],
[1665581400.0, 10.762222222222222],
[1665667800.0, 10.546666666666669],
[1665754200.0, 10.579999999999998],
[1665840600.0, 10.398888888888887],
[1665927000.0, 10.686666666666666],
[1666013400.0, 10.665555555555555],
[1666099800.0, 10.775555555555556],
[1666186200.0, 10.69],
[1666272600.0, 10.588888888888889],
[1666359000.0, 10.771111111111113],
[1666445400.0, 11.03111111111111],
[1666531800.0, 11.197777777777778],
[1666618200.0, 11.195555555555556],
[1666704600.0, 11.293333333333333],
[1666791000.0, 11.13222222222222],
[1666877400.0, 11.042222222222222],
[1666963800.0, 11.021111111111113],
[1667050200.0, 10.812222222222221],
[1667136600.0, 10.776666666666664],
[1667223000.0, 10.727777777777776],
[1667309400.0, 10.777777777777777],
[1667395800.0, 10.685555555555556],
[1667482200.0, 10.95],
[1667568600.0, 10.894444444444446],
[1667655000.0, 10.77111111111111],
[1667741400.0, 11.686666666666667],
[1667827800.0, 11.906666666666666],
[1667914200.0, 11.754444444444443],
[1668000600.0, 11.764444444444443],
[1668087000.0, 11.327777777777778],
[1668173400.0, 11.196666666666667],
[1668259800.0, 11.294444444444444],
[1668346200.0, 11.208888888888888],
[1668432600.0, 11.394444444444447],
[1668519000.0, 11.280000000000001],
[1668605400.0, 11.207777777777778],
[1668691800.0, 11.62777777777778],
[1668778200.0, 11.404444444444444],
[1668864600.0, 11.395555555555555],
[1668951000.0, 11.38],
[1669037400.0, 11.44111111111111],
[1669123800.0, 11.354444444444445],
[1669210200.0, 11.372222222222222],
[1669296600.0, 11.384444444444446],
[1669383000.0, 11.496666666666663],
[1669469400.0, 11.636666666666665],
[1669555800.0, 11.423333333333332],
[1669642200.0, 11.322222222222223],
[1669728600.0, 11.43],
[1669815000.0, 11.270000000000001],
[1669901400.0, 11.136666666666667],
[1669987800.0, 11.000000000000002],
[1670074200.0, 10.967777777777776],
[1670160600.0, 11.016666666666667],
[1670247000.0, 10.967777777777778],
[1670333400.0, 11.016666666666666],
[1670419800.0, 11.04111111111111],
[1670506200.0, 11.362222222222222],
[1670592600.0, 11.258888888888887],
[1670679000.0, 11.158888888888889],
[1670765400.0, 11.213333333333333],
[1670851800.0, 11.304444444444446],
[1670938200.0, 11.402222222222221],
[1671024600.0, 11.347777777777777],
[1671111000.0, 11.29],
[1671197400.0, 11.177777777777777],
[1671283800.0, 11.324444444444445],
[1671370200.0, 11.243333333333334],
[1671456600.0, 11.104444444444445],
[1671543000.0, 11.028888888888888],
[1671629400.0, 11.226666666666667],
[1671715800.0, 11.227777777777778],
[1671802200.0, 11.113333333333335],
[1671888600.0, 10.957777777777778],
[1671975000.0, 10.883333333333333],
[1672061400.0, 10.814444444444444],
[1672147800.0, 10.743333333333334],
[1672234200.0, 10.785555555555558],
[1672320600.0, 11.23777777777778],
[1672407000.0, 11.314444444444444],
[1672493400.0, 11.35222222222222],
[1672579800.0, 11.206666666666669],
[1672666200.0, 11.025555555555554],
[1672752600.0, 11.073333333333332],
[1672839000.0, 11.04],
[1672925400.0, 11.08222222222222],
[1673011800.0, 11.60222222222222],
[1673098200.0, 11.860000000000001],
[1673184600.0, 11.857777777777777],
[1673271000.0, 12.36111111111111],
[1673357400.0, 12.623333333333331],
[1673443800.0, 12.442222222222222],
[1673530200.0, 12.542222222222222],
[1673616600.0, 12.46],
[1673703000.0, 12.407777777777778],
[1673789400.0, 12.423333333333336],
[1673875800.0, 12.486666666666666],
[1673962200.0, 12.61],
[1674048600.0, 12.816666666666668],
[1674135000.0, 12.894444444444447],
[1674221400.0, 12.765555555555558],
[1674307800.0, 13.097777777777777],
[1674394200.0, 13.275555555555556],
[1674480600.0, 13.04888888888889],
[1674567000.0, 13.173333333333334],
[1674653400.0, 13.137777777777778],
[1674739800.0, 12.996666666666668],
[1674826200.0, 12.93],
[1674912600.0, 12.757777777777779],
[1674999000.0, 12.884444444444446],
[1675085400.0, 12.876666666666667],
[1675171800.0, 12.69111111111111],
[1675258200.0, 12.636666666666667],
[1675344600.0, 12.475555555555554],
[1675431000.0, 12.812222222222223],
[1675517400.0, 13.031111111111112],
[1675603800.0, 13.101111111111111],
[1675690200.0, 12.907777777777776],
[1675776600.0, 13.115555555555556],
[1675863000.0, 13.125555555555556],
[1675949400.0, 13.125555555555556],
