[1635773400.0, 0.48611514000000006],
[1635859800.0, 0.48072416],
[1635946200.0, 0.47345840000000006],
[1636032600.0, 0.46595218000000005],
[1636119000.0, 0.47510912000000005],
[1636205400.0, 0.47139092000000005],
[1636291800.0, 0.46727238],
[1636378200.0, 0.46932627999999993],
[1636464600.0, 0.46310742000000005],
[1636551000.0, 0.47316086],
[1636637400.0, 0.4861327200000001],
[1636723800.0, 0.4759657800000001],
[1636810200.0, 0.5063157],
[1636896600.0, 0.5002628400000001],
[1636983000.0, 0.5120551000000001],
[1637069400.0, 0.50525646],
[1637155800.0, 0.4881729600000001],
[1637242200.0, 0.50247744],
[1637328600.0, 0.50908466],
[1637415000.0, 0.5039386600000001],
[1637501400.0, 0.50667096],
[1637587800.0, 0.4974909800000001],
[1637674200.0, 0.49420946],
[1637760600.0, 0.49365999999999993],
[1637847000.0, 0.49682192000000003],
[1637933400.0, 0.50310796],
[1638019800.0, 0.5192437599999999],
[1638106200.0, 0.5164999400000001],
[1638192600.0, 0.52836248],
[1638279000.0, 0.5365594600000001],
[1638365400.0, 0.5390566800000001],
[1638451800.0, 0.53637584],
[1638538200.0, 0.54095196],
[1638624600.0, 0.54178918],
[1638711000.0, 0.52978936],
[1638797400.0, 0.52665184],
[1638883800.0, 0.5124410800000001],
[1638970200.0, 0.5181836400000001],
[1639056600.0, 0.5211085000000001],
[1639143000.0, 0.54723696],
[1639229400.0, 0.5422415],
[1639315800.0, 0.53567796],
[1639402200.0, 0.5473109200000001],
[1639488600.0, 0.5342550600000001],
[1639575000.0, 0.5562570000000001],
[1639661400.0, 0.55470766],
[1639747800.0, 0.55759904],
[1639834200.0, 0.56193082],
[1639920600.0, 0.55284898],
[1640007000.0, 0.5505719599999999],
[1640093400.0, 0.5555197800000001],
[1640179800.0, 0.56335076],
[1640266200.0, 0.57087672],
[1640352600.0, 0.59185642],
[1640439000.0, 0.5773060400000001],
[1640525400.0, 0.58213522],
[1640611800.0, 0.5811212400000001],
[1640698200.0, 0.56984532],
[1640784600.0, 0.5749901599999999],
[1640871000.0, 0.57733608],
[1640957400.0, 0.5875891],
[1641043800.0, 0.5906464400000001],
[1641130200.0, 0.58386448],
[1641216600.0, 0.5743569200000002],
[1641303000.0, 0.56066634],
[1641389400.0, 0.5507820000000001],
[1641475800.0, 0.54563364],
[1641562200.0, 0.5462172],
[1641648600.0, 0.54739656],
[1641735000.0, 0.5410919000000001],
[1641821400.0, 0.5507956],
[1641907800.0, 0.5534816600000001],
[1641994200.0, 0.55264508],
[1642080600.0, 0.5442163600000002],
[1642167000.0, 0.5455109800000001],
[1642253400.0, 0.54919156],
[1642339800.0, 0.5537366800000001],
[1642426200.0, 0.55730838],
[1642512600.0, 0.5518566800000001],
[1642599000.0, 0.56193784],
[1642685400.0, 0.5665629600000001],
[1642771800.0, 0.56243894],
[1642858200.0, 0.56705346],
[1642944600.0, 0.5816329400000001],
[1643031000.0, 0.5893934],
[1643117400.0, 0.5947274200000001],
[1643203800.0, 0.60057106],
[1643290200.0, 0.6028495200000001],
[1643376600.0, 0.5976142600000001],
[1643463000.0, 0.5970591599999999],
[1643549400.0, 0.61188656],
[1643635800.0, 0.61188656],
[1643722200.0, 0.61188656],
[1643808600.0, 0.6397408],
[1643895000.0, 0.6265293],
[1643981400.0, 0.63074102],
[1644067800.0, 0.6268035200000001],
[1644154200.0, 0.62160442],
[1644240600.0, 0.6299705600000001],
[1644327000.0, 0.61265682],
[1644413400.0, 0.60348248],
[1644499800.0, 0.5913262],
[1644586200.0, 0.5935098],
[1644672600.0, 0.6005800000000001],
[1644759000.0, 0.6114947000000001],
[1644845400.0, 0.62830702],
[1644931800.0, 0.6550391600000001],
[1645018200.0, 0.6828864],
[1645104600.0, 0.6801284400000001],
[1645191000.0, 0.68467774],
[1645277400.0, 0.69305164],
[1645363800.0, 0.6774834],
[1645450200.0, 0.67891866],
[1645536600.0, 0.6678467400000001],
[1645623000.0, 0.6740600000000001],
[1645709400.0, 0.66925348],
[1645795800.0, 0.6698909000000001],
[1645882200.0, 0.67951836],
[1645968600.0, 0.65276258],
[1646055000.0, 0.6354124200000001],
[1646141400.0, 0.6392488000000001],
[1646227800.0, 0.6411676799999999],
[1646314200.0, 0.64241698],
[1646400600.0, 0.64570818],
[1646487000.0, 0.6546690000000001],
[1646573400.0, 0.6561011800000001],
[1646659800.0, 0.6539196],
[1646746200.0, 0.64524636],
[1646832600.0, 0.6652218400000001],
[1646919000.0, 0.6781272200000001],
[1647005400.0, 0.6797760800000001],
[1647091800.0, 1.04293492],
[1647178200.0, 1.0092451],
[1647264600.0, 0.82859084],
[1647351000.0, 0.7651338400000001],
[1647437400.0, 0.74758836],
[1647523800.0, 0.7210791000000001],
[1647610200.0, 0.7157728400000001],
[1647696600.0, 0.69917596],
[1647783000.0, 0.6699110800000001],
[1647869400.0, 0.6635630000000001],
[1647955800.0, 0.67647268],
[1648042200.0, 0.7331551599999999],
[1648128600.0, 0.7189033000000001],
[1648215000.0, 0.70961556],
[1648301400.0, 0.6922556],
[1648387800.0, 0.68215074],
[1648474200.0, 0.68612552],
[1648560600.0, 0.6814877800000001],
[1648647000.0, 0.67298038],
[1648733400.0, 0.6634380799999999],
[1648819800.0, 0.66037338],
[1648906200.0, 0.6652577800000001],
[1648996200.0, 0.6707011],
[1649082600.0, 0.6951499200000001],
[1649169000.0, 0.7044487000000001],
[1649255400.0, 0.71773432],
[1649341800.0, 0.72390352],
[1649428200.0, 0.7221607999999999],
[1649514600.0, 0.7255152200000001],
[1649601000.0, 0.7255152200000001],
[1649687400.0, 0.7255152200000001],
[1649773800.0, 0.7255152200000001],
[1649860200.0, 0.72551004],
[1649946600.0, 0.7123066800000001],
[1650033000.0, 0.6981350799999999],
[1650119400.0, 0.7053140600000002],
[1650205800.0, 0.72897596],
[1650292200.0, 0.7418392600000001],
[1650378600.0, 0.7380822600000001],
[1650465000.0, 0.7225913600000001],
[1650551400.0, 0.7225913600000001],
[1650637800.0, 0.7225913600000001],
[1650724200.0, 0.71689754],
[1650810600.0, 0.7150319600000001],
[1650897000.0, 0.70915474],
[1650983400.0, 0.706084],
[1651069800.0, 0.6945791800000001],
[1651156200.0, 0.6776765],
[1651242600.0, 0.68294734],
[1651329000.0, 0.6841805200000002],
[1651415400.0, 0.70225848],
[1651501800.0, 0.69131794],
[1651588200.0, 0.6911854800000001],
[1651674600.0, 0.6813201400000001],
[1651761000.0, 0.6705203400000002],
[1651847400.0, 0.65195938],
[1651933800.0, 0.6471645800000001],
[1652020200.0, 0.6331119399999999],
[1652106600.0, 0.6158145],
[1652193000.0, 0.59987328],
[1652279400.0, 0.59203916],
[1652365800.0, 0.5939932600000001],
[1652452200.0, 0.58346772],
[1652538600.0, 0.58786698],
[1652625000.0, 0.58126016],
[1652711400.0, 0.5855734400000001],
[1652797800.0, 0.58643634],
[1652884200.0, 0.59368522],
[1652970600.0, 0.6104489200000001],
[1653057000.0, 0.60903408],
[1653143400.0, 0.61904338],
[1653229800.0, 0.6353541],
[1653316200.0, 0.63180596],
[1653402600.0, 0.6075784000000001],
[1653489000.0, 0.60266232],
[1653575400.0, 0.5974016200000001],
[1653661800.0, 0.60937514],
[1653748200.0, 0.6228565600000001],
[1653834600.0, 0.61560574],
[1653921000.0, 0.5900850400000001],
[1654007400.0, 0.59684724],
[1654093800.0, 0.5989045000000001],
[1654180200.0, 0.62278852],
[1654266600.0, 0.6108575199999999],
[1654353000.0, 0.6135961400000001],
[1654439400.0, 0.6170721800000001],
[1654525800.0, 0.6237976599999999],
[1654612200.0, 0.6204951400000001],
[1654698600.0, 0.61741508],
[1654785000.0, 0.61502088],
[1654871400.0, 0.6150102600000001],
[1654957800.0, 0.60110956],
[1655044200.0, 0.6021183000000001],
[1655130600.0, 0.59296762],
[1655217000.0, 0.5864426],
[1655303400.0, 0.5801880800000001],
[1655389800.0, 0.57580566],
[1655476200.0, 0.57994984],
[1655562600.0, 0.5691275800000002],
[1655649000.0, 0.5761841999999999],
[1655735400.0, 0.5930263800000001],
[1655821800.0, 0.59599016],
[1655908200.0, 0.58932572],
[1655994600.0, 0.5875432000000002],
[1656081000.0, 0.5865398799999999],
[1656167400.0, 0.59219144],
[1656253800.0, 0.5882115600000001],
[1656340200.0, 0.59608],
[1656426600.0, 0.5851253200000001],
[1656513000.0, 0.5836351000000001],
[1656599400.0, 0.6044288200000001],
[1656685800.0, 0.60644568],
[1656772200.0, 0.60347682],
[1656858600.0, 0.6069494000000001],
[1656945000.0, 0.61802236],
[1657031400.0, 0.62315792],
[1657117800.0, 0.62110986],
[1657204200.0, 0.6169986200000002],
[1657290600.0, 0.60578892],
[1657377000.0, 0.59868446],
[1657463400.0, 0.60190958],
[1657549800.0, 0.5985895800000001],
[1657636200.0, 0.6117132200000001],
[1657722600.0, 0.5891345000000001],
[1657809000.0, 0.5807680599999999],
[1657895400.0, 0.5815973400000001],
[1657981800.0, 0.58472238],
[1658068200.0, 0.6098144000000001],
[1658154600.0, 0.6082205200000002],
[1658241000.0, 0.60471458],
[1658327400.0, 0.5991461],
[1658413800.0, 0.5923480000000001],
[1658500200.0, 0.5939617000000001],
[1658586600.0, 0.59095628],
[1658673000.0, 0.5910793],
[1658759400.0, 0.5966572200000002],
[1658845800.0, 0.6226874600000001],
[1658932200.0, 0.6410488400000001],
[1659018600.0, 0.6559729400000001],
[1659105000.0, 0.63967532],
[1659191400.0, 0.6281414200000001],
[1659277800.0, 0.6236359400000001],
[1659364200.0, 0.61375242],
[1659450600.0, 0.62778772],
[1659537000.0, 0.63891088],
[1659623400.0, 0.62545086],
[1659709800.0, 0.6249441600000001],
[1659796200.0, 0.61915752],
[1659882600.0, 0.6213868600000001],
[1659969000.0, 0.6210967000000001],
[1660055400.0, 0.62587126],
[1660141800.0, 0.64459716],
[1660228200.0, 0.64637344],
[1660314600.0, 0.6343677000000001],
[1660401000.0, 0.6343677000000001],
[1660487400.0, 0.6343677000000001],
[1660573800.0, 0.6343677000000001],
[1660660200.0, 0.6462952000000002],
[1660746600.0, 0.6509132799999999],
[1660833000.0, 0.6563437400000002],
[1660919400.0, 0.6736660800000001],
[1661005800.0, 0.7005434],
[1661092200.0, 0.6925305800000001],
[1661178600.0, 0.7248268800000001],
[1661265000.0, 0.7200514400000001],
[1661351400.0, 0.7107719400000001],
[1661437800.0, 0.72924272],
[1661524200.0, 0.7387099],
[1661610600.0, 0.7328722800000002],
[1661697000.0, 0.74718666],
[1661783400.0, 0.7219326800000001],
[1661869800.0, 0.7304068400000002],
[1661956200.0, 0.7225722800000001],
[1662042600.0, 0.7243919000000001],
[1662129000.0, 0.7366868],
[1662215400.0, 0.7469618800000001],
[1662301800.0, 0.74676338],
[1662388200.0, 0.7785285400000002],
[1662474600.0, 0.7643835],
[1662561000.0, 0.7499635800000001],
[1662647400.0, 0.73075458],
[1662733800.0, 0.7214412200000001],
[1662820200.0, 0.77412254],
[1662906600.0, 0.7653563400000001],
[1662993000.0, 0.7906369000000001],
[1663079400.0, 0.7325839400000002],
[1663165800.0, 0.7026676400000001],
[1663252200.0, 0.6997574],
[1663338600.0, 0.7071987000000001],
[1663425000.0, 0.7088263000000001],
[1663511400.0, 0.7197133000000001],
[1663597800.0, 0.7157005800000001],
[1663684200.0, 0.7003097],
[1663770600.0, 0.6892604400000002],
[1663857000.0, 0.68623614],
[1663943400.0, 0.7154855600000001],
[1664029800.0, 0.7077227],
[1664116200.0, 0.6916977400000002],
[1664202600.0, 0.6894127800000001],
[1664289000.0, 0.69190162],
[1664375400.0, 0.69086548],
[1664461800.0, 0.6953601600000001],
[1664548200.0, 0.72059238],
[1664634600.0, 0.7770424800000001],
[1664717400.0, 0.7480350600000001],
[1664803800.0, 0.76955592],
[1664890200.0, 0.7675999000000001],
[1664976600.0, 0.7557889],
[1665063000.0, 0.7602611800000001],
[1665149400.0, 0.75768536],
[1665235800.0, 0.7178837],
[1665322200.0, 0.6988487600000001],
[1665408600.0, 0.71198996],
[1665495000.0, 0.69386332],
[1665581400.0, 0.68835862],
[1665667800.0, 0.6947956600000001],
[1665754200.0, 0.68452422],
[1665840600.0, 0.6689831800000001],
[1665927000.0, 0.6710003],
[1666013400.0, 0.68700274],
[1666099800.0, 0.6939358199999999],
[1666186200.0, 0.6859307000000001],
[1666272600.0, 0.7016267400000001],
[1666359000.0, 0.70427912],
[1666445400.0, 0.72290988],
[1666531800.0, 0.72539474],
[1666618200.0, 0.7045252200000001],
[1666704600.0, 0.71606466],
[1666791000.0, 0.7458363],
[1666877400.0, 0.7387073000000001],
[1666963800.0, 0.7352538000000001],
[1667050200.0, 0.7312181200000001],
[1667136600.0, 0.7012667800000001],
[1667223000.0, 0.69291722],
[1667309400.0, 0.68884652],
[1667395800.0, 0.6948883],
[1667482200.0, 0.69407726],
[1667568600.0, 0.6885364399999999],
[1667655000.0, 0.67354486],
[1667741400.0, 0.6631085999999999],
[1667827800.0, 0.6493231199999999],
[1667914200.0, 0.66291104],
[1668000600.0, 0.6731002],
[1668087000.0, 0.68467066],
[1668173400.0, 0.70397882],
[1668259800.0, 0.7354975600000001],
[1668346200.0, 0.72078946],
[1668432600.0, 0.74304934],
[1668519000.0, 0.73845468],
[1668605400.0, 0.7290318200000001],
[1668691800.0, 0.73552548],
[1668778200.0, 0.74897558],
[1668864600.0, 0.7543745000000002],
[1668951000.0, 0.7532268600000002],
[1669037400.0, 0.79864806],
[1669123800.0, 0.7939951],
[1669210200.0, 0.7681745400000001],
[1669296600.0, 0.7434717200000001],
[1669383000.0, 0.7379112600000001],
[1669469400.0, 0.7330835200000001],
[1669555800.0, 0.72036894],
[1669642200.0, 0.71817094],
[1669728600.0, 0.7248397],
[1669815000.0, 0.72154172],
[1669901400.0, 0.72856944],
[1669987800.0, 0.7279590800000001],
[1670074200.0, 0.7230173],
[1670160600.0, 0.73219894],
[1670247000.0, 0.73083346],
[1670333400.0, 0.7377816600000001],
[1670419800.0, 0.73604852],
[1670506200.0, 0.73042348],
[1670592600.0, 0.7264059600000001],
[1670679000.0, 0.72704486],
[1670765400.0, 0.71822808],
[1670851800.0, 0.73259374],
[1670938200.0, 0.7285095],
[1671024600.0, 0.72176158],
[1671111000.0, 0.72750416],
[1671197400.0, 0.7301569400000002],
[1671283800.0, 0.73517626],
[1671370200.0, 0.72894144],
[1671456600.0, 0.7298820600000001],
[1671543000.0, 0.72121598],
[1671629400.0, 0.71144472],
[1671715800.0, 0.6988474600000001],
[1671802200.0, 0.6914969599999999],
[1671888600.0, 0.67759142],
[1671975000.0, 0.66588812],
[1672061400.0, 0.6642568200000001],
[1672147800.0, 0.6659678000000001],
[1672234200.0, 0.6773426],
[1672320600.0, 0.6771383200000001],
[1672407000.0, 0.6702165000000001],
[1672493400.0, 0.6723361000000001],
[1672579800.0, 0.66377676],
[1672666200.0, 0.65822064],
[1672752600.0, 0.65646574],
[1672839000.0, 0.6526108800000001],
[1672925400.0, 0.6497051400000001],
[1673011800.0, 0.64168208],
[1673098200.0, 0.6396304400000001],
[1673184600.0, 0.6473827200000001],
[1673271000.0, 0.6414080800000002],
[1673357400.0, 0.65086774],
[1673443800.0, 0.66602542],
[1673530200.0, 0.67324174],
[1673616600.0, 0.6801159600000001],
[1673703000.0, 0.6908967000000001],
[1673789400.0, 0.70916414],
[1673875800.0, 0.7241073400000001],
[1673962200.0, 0.73034222],
[1674048600.0, 0.7329915600000001],
[1674135000.0, 0.76211472],
[1674221400.0, 0.7915961800000001],
[1674307800.0, 0.7853226600000001],
[1674394200.0, 0.7994949400000001],
[1674480600.0, 0.81502456],
[1674567000.0, 0.82133912],
[1674653400.0, 0.8095483399999999],
[1674739800.0, 0.7939079800000001],
[1674826200.0, 0.81194264],
[1674912600.0, 0.80686488],
[1674999000.0, 0.8227869600000002],
[1675085400.0, 0.817842],
[1675171800.0, 0.8187840200000001],
[1675258200.0, 0.79691028],
[1675344600.0, 0.8137255400000001],
[1675431000.0, 0.7986069],
[1675517400.0, 0.7893006600000001],
[1675603800.0, 0.7647833800000001],
[1675690200.0, 0.74997008],
[1675776600.0, 0.7380721800000001],
[1675863000.0, 0.7299337800000002],
[1675949400.0, 0.7299337800000002],
