[1635773400.0, 0.49838614000000003],
[1635859800.0, 0.5093623],
[1635946200.0, 0.5005258400000001],
[1636032600.0, 0.5112412199999999],
[1636119000.0, 0.5193235599999999],
[1636205400.0, 0.5193826400000001],
[1636291800.0, 0.5103202],
[1636378200.0, 0.5130208],
[1636464600.0, 0.5053220599999999],
[1636551000.0, 0.48763380000000006],
[1636637400.0, 0.5071867],
[1636723800.0, 0.5081688200000001],
[1636810200.0, 0.5065302600000001],
[1636896600.0, 0.48902745999999997],
[1636983000.0, 0.4901181],
[1637069400.0, 0.4907341400000001],
[1637155800.0, 0.4920231600000001],
[1637242200.0, 0.49318428000000003],
[1637328600.0, 0.49426500000000007],
[1637415000.0, 0.5000449400000001],
[1637501400.0, 0.5071774399999999],
[1637587800.0, 0.5150357200000001],
[1637674200.0, 0.51756902],
[1637760600.0, 0.5165473600000001],
[1637847000.0, 0.5029021600000001],
[1637933400.0, 0.5082179800000001],
[1638019800.0, 0.50305672],
[1638106200.0, 0.4997388000000001],
[1638192600.0, 0.5091163],
[1638279000.0, 0.48934926],
[1638365400.0, 0.49720546],
[1638451800.0, 0.5075541600000001],
[1638538200.0, 0.5136579400000001],
[1638624600.0, 0.5275418400000002],
[1638711000.0, 0.5372147400000001],
[1638797400.0, 0.5551163000000001],
[1638883800.0, 0.5656269400000001],
[1638970200.0, 0.57792888],
[1639056600.0, 0.59162184],
[1639143000.0, 0.5870924000000001],
[1639229400.0, 0.57700678],
[1639315800.0, 0.5694115200000001],
[1639402200.0, 0.5609733200000001],
[1639488600.0, 0.56961204],
[1639575000.0, 0.5699902800000001],
[1639661400.0, 0.5632888800000002],
[1639747800.0, 0.5614198800000001],
[1639834200.0, 0.5631601400000001],
[1639920600.0, 0.5712110000000001],
[1640007000.0, 0.57181688],
[1640093400.0, 0.56185482],
[1640179800.0, 0.5611490600000001],
[1640266200.0, 0.55703598],
[1640352600.0, 0.5693035399999999],
[1640439000.0, 0.5721893],
[1640525400.0, 0.5654095],
[1640611800.0, 0.5740568000000001],
[1640698200.0, 0.5741398200000001],
[1640784600.0, 0.58326926],
[1640871000.0, 0.58327902],
[1640957400.0, 0.5730111000000001],
[1641043800.0, 0.58135986],
[1641130200.0, 0.58575428],
[1641216600.0, 0.58581976],
[1641303000.0, 0.59309624],
[1641389400.0, 0.59830314],
[1641475800.0, 0.59465342],
[1641562200.0, 0.5949455200000001],
[1641648600.0, 0.6028850400000001],
[1641735000.0, 0.60542026],
[1641821400.0, 0.6042135000000001],
[1641907800.0, 0.6261760200000002],
[1641994200.0, 0.6164027799999999],
[1642080600.0, 0.6294357800000001],
[1642167000.0, 0.60912392],
[1642253400.0, 0.6161504800000001],
[1642339800.0, 0.6161026],
[1642426200.0, 0.60900686],
[1642512600.0, 0.6089405800000001],
[1642599000.0, 0.61186452],
[1642685400.0, 0.61349412],
[1642771800.0, 0.61300518],
[1642858200.0, 0.60109878],
[1642944600.0, 0.599024],
[1643031000.0, 0.5954344],
[1643117400.0, 0.5897819799999999],
[1643203800.0, 0.5846633600000001],
[1643290200.0, 0.58429898],
[1643376600.0, 0.5819877200000001],
[1643463000.0, 0.5812828000000001],
[1643549400.0, 0.5805632000000001],
[1643635800.0, 0.5805632000000001],
[1643722200.0, 0.5805632000000001],
[1643808600.0, 0.58494736],
[1643895000.0, 0.5875591800000001],
[1643981400.0, 0.5877823400000001],
[1644067800.0, 0.5921833399999998],
[1644154200.0, 0.5939436],
[1644240600.0, 0.59451304],
[1644327000.0, 0.5974640800000002],
[1644413400.0, 0.60567574],
[1644499800.0, 0.6114761799999999],
[1644586200.0, 0.6074824600000001],
[1644672600.0, 0.6032156400000002],
[1644759000.0, 0.6057958400000001],
[1644845400.0, 0.60387906],
[1644931800.0, 0.6044537200000001],
[1645018200.0, 0.6052507000000001],
[1645104600.0, 0.60324362],
[1645191000.0, 0.61146604],
[1645277400.0, 0.6063731000000001],
[1645363800.0, 0.60304868],
[1645450200.0, 0.60405424],
[1645536600.0, 0.60658274],
[1645623000.0, 0.6045902599999999],
[1645709400.0, 0.6001786600000001],
[1645795800.0, 0.60015504],
[1645882200.0, 0.6045052],
[1645968600.0, 0.6040902600000001],
[1646055000.0, 0.6021037400000001],
[1646141400.0, 0.60672826],
[1646227800.0, 0.6060631],
[1646314200.0, 0.6057365],
[1646400600.0, 0.5980787000000001],
[1646487000.0, 0.6141237],
[1646573400.0, 0.61623196],
[1646659800.0, 0.6127094200000001],
[1646746200.0, 0.6091122800000001],
[1646832600.0, 0.60352084],
[1646919000.0, 0.60486554],
[1647005400.0, 0.6046971],
[1647091800.0, 0.60946912],
[1647178200.0, 0.61428192],
[1647264600.0, 0.619272],
[1647351000.0, 0.62195254],
[1647437400.0, 0.6246336800000001],
[1647523800.0, 0.62382258],
[1647610200.0, 0.6257104000000001],
[1647696600.0, 0.6277858000000001],
[1647783000.0, 0.6279273200000001],
[1647869400.0, 0.6268141],
[1647955800.0, 0.62596576],
[1648042200.0, 0.6276503],
[1648128600.0, 0.6282126800000001],
[1648215000.0, 0.6292921],
[1648301400.0, 0.6298851000000001],
[1648387800.0, 0.63020984],
[1648474200.0, 0.62965462],
[1648560600.0, 0.63113544],
[1648647000.0, 0.62981072],
[1648733400.0, 0.6325904800000001],
[1648819800.0, 0.63328976],
[1648906200.0, 0.63287706],
[1648996200.0, 0.6327473],
[1649082600.0, 0.6334805400000001],
[1649169000.0, 0.6593122000000001],
[1649255400.0, 0.6659821400000001],
[1649341800.0, 0.66914904],
[1649428200.0, 0.6567559800000001],
[1649514600.0, 0.6730085000000001],
[1649601000.0, 0.67926184],
[1649687400.0, 0.6800274400000001],
[1649773800.0, 0.6805559600000001],
[1649860200.0, 0.6749227999999999],
[1649946600.0, 0.6677687800000001],
[1650033000.0, 0.67840308],
[1650119400.0, 0.6784542600000001],
[1650205800.0, 0.6745740600000001],
[1650292200.0, 0.6717254600000001],
[1650378600.0, 0.66953682],
[1650465000.0, 0.6680911200000001],
[1650551400.0, 0.6680911200000001],
[1650637800.0, 0.6680911200000001],
[1650724200.0, 0.6832507800000001],
[1650810600.0, 0.6798088200000001],
[1650897000.0, 0.67264674],
[1650983400.0, 0.6678425200000001],
[1651069800.0, 0.6761975],
[1651156200.0, 0.67233516],
[1651242600.0, 0.6800592],
[1651329000.0, 0.6696594200000001],
[1651415400.0, 0.67195486],
[1651501800.0, 0.66714958],
[1651588200.0, 0.66657818],
[1651674600.0, 0.6404073800000001],
[1651761000.0, 0.61998902],
[1651847400.0, 0.60825748],
[1651933800.0, 0.61444772],
[1652020200.0, 0.6145540000000002],
[1652106600.0, 0.60758042],
[1652193000.0, 0.61113934],
[1652279400.0, 0.60665544],
[1652365800.0, 0.60264006],
[1652452200.0, 0.6104006000000001],
[1652538600.0, 0.6099054],
[1652625000.0, 0.6064379200000001],
[1652711400.0, 0.6082603200000001],
[1652797800.0, 0.60452068],
[1652884200.0, 0.60274806],
[1652970600.0, 0.5947846400000001],
[1653057000.0, 0.59472056],
[1653143400.0, 0.5923066],
[1653229800.0, 0.5893712200000001],
[1653316200.0, 0.5918435],
[1653402600.0, 0.5907537599999999],
[1653489000.0, 0.59268254],
[1653575400.0, 0.5961252800000001],
[1653661800.0, 0.59297986],
[1653748200.0, 0.5960688999999999],
[1653834600.0, 0.5934847600000002],
[1653921000.0, 0.5931696400000002],
[1654007400.0, 0.58992756],
[1654093800.0, 0.5997571400000001],
[1654180200.0, 0.5999199199999999],
[1654266600.0, 0.5864167800000001],
[1654353000.0, 0.58378956],
[1654439400.0, 0.5873084],
[1654525800.0, 0.5855581000000001],
[1654612200.0, 0.5903997600000002],
[1654698600.0, 0.59266568],
[1654785000.0, 0.58495902],
[1654871400.0, 0.5848903200000001],
[1654957800.0, 0.5784168000000001],
[1655044200.0, 0.5799377],
[1655130600.0, 0.5755279200000001],
[1655217000.0, 0.57269036],
[1655303400.0, 0.56807558],
[1655389800.0, 0.56559548],
[1655476200.0, 0.5787545599999999],
[1655562600.0, 0.5702724000000001],
[1655649000.0, 0.55909426],
[1655735400.0, 0.5574527600000001],
[1655821800.0, 0.55356912],
[1655908200.0, 0.5481090799999999],
[1655994600.0, 0.5424707800000002],
[1656081000.0, 0.5352610800000001],
[1656167400.0, 0.53232202],
[1656253800.0, 0.5259964000000001],
[1656340200.0, 0.52632618],
[1656426600.0, 0.53303752],
[1656513000.0, 0.5296615400000001],
[1656599400.0, 0.5306628400000001],
[1656685800.0, 0.53138244],
[1656772200.0, 0.5355654400000002],
[1656858600.0, 0.5476324800000001],
[1656945000.0, 0.55310506],
[1657031400.0, 0.5600153000000001],
[1657117800.0, 0.5581670200000001],
[1657204200.0, 0.54843962],
[1657290600.0, 0.5668568600000001],
[1657377000.0, 0.5695677],
[1657463400.0, 0.5809137600000001],
[1657549800.0, 0.5862095],
[1657636200.0, 0.5897942],
[1657722600.0, 0.5965997599999999],
[1657809000.0, 0.60228538],
[1657895400.0, 0.63641904],
[1657981800.0, 0.6486034600000001],
[1658068200.0, 0.6494320800000002],
[1658154600.0, 0.6385948600000001],
[1658241000.0, 0.63734012],
[1658327400.0, 0.6515126],
[1658413800.0, 0.6406064200000001],
[1658500200.0, 0.6442319000000001],
[1658586600.0, 0.64239274],
[1658673000.0, 0.62147668],
[1658759400.0, 0.62385392],
[1658845800.0, 0.6362730400000001],
[1658932200.0, 0.6433407600000001],
[1659018600.0, 0.64948432],
[1659105000.0, 0.6441011000000001],
[1659191400.0, 0.6385497200000001],
[1659277800.0, 0.6406627600000001],
[1659364200.0, 0.63894198],
[1659450600.0, 0.6446049200000001],
[1659537000.0, 0.6496510400000001],
[1659623400.0, 0.6406486],
[1659709800.0, 0.6450781400000001],
[1659796200.0, 0.6497472799999999],
[1659882600.0, 0.6583707200000001],
[1659969000.0, 0.6677474200000002],
[1660055400.0, 0.6660004800000001],
[1660141800.0, 0.65237612],
[1660228200.0, 0.6701563400000001],
[1660314600.0, 0.67795468],
[1660401000.0, 0.67795468],
[1660487400.0, 0.67795468],
[1660573800.0, 0.67795468],
[1660660200.0, 0.6734801800000001],
[1660746600.0, 0.66386708],
[1660833000.0, 0.67240886],
[1660919400.0, 0.6617769800000002],
[1661005800.0, 0.65903796],
[1661092200.0, 0.66611382],
[1661178600.0, 0.66450558],
[1661265000.0, 0.6617928200000001],
[1661351400.0, 0.6503954000000001],
[1661437800.0, 0.6505042400000001],
[1661524200.0, 0.6457938200000001],
[1661610600.0, 0.64718948],
[1661697000.0, 0.6506562400000001],
[1661783400.0, 0.65239016],
[1661869800.0, 0.6551041599999999],
[1661956200.0, 0.66031888],
[1662042600.0, 0.67417616],
[1662129000.0, 0.6748691800000001],
[1662215400.0, 0.68817596],
[1662301800.0, 0.6854916399999998],
[1662388200.0, 0.6740952400000001],
[1662474600.0, 0.67682762],
[1662561000.0, 0.6928895400000001],
[1662647400.0, 0.6925621599999999],
[1662733800.0, 0.6849154800000001],
[1662820200.0, 0.682821],
[1662906600.0, 0.6787704600000002],
[1662993000.0, 0.6722647600000001],
[1663079400.0, 0.6693541000000001],
[1663165800.0, 0.66123328],
[1663252200.0, 0.65338538],
[1663338600.0, 0.6508178800000001],
[1663425000.0, 0.65278246],
[1663511400.0, 0.6511391200000001],
[1663597800.0, 0.64554956],
[1663684200.0, 0.65108648],
[1663770600.0, 0.6528666599999999],
[1663857000.0, 0.6466803600000001],
[1663943400.0, 0.63861842],
[1664029800.0, 0.6427775200000001],
[1664116200.0, 0.6388432],
[1664202600.0, 0.64087306],
[1664289000.0, 0.63843876],
[1664375400.0, 0.6341966200000001],
[1664461800.0, 0.6378142],
[1664548200.0, 0.63506372],
[1664634600.0, 0.65241108],
[1664717400.0, 0.6657005600000001],
[1664803800.0, 0.6601366200000001],
[1664890200.0, 0.66531026],
[1664976600.0, 0.67214658],
[1665063000.0, 0.67472604],
[1665149400.0, 0.6811156],
[1665235800.0, 0.6874521],
[1665322200.0, 0.6814072600000001],
[1665408600.0, 0.6827884200000002],
[1665495000.0, 0.6898545200000001],
[1665581400.0, 0.6825456400000001],
[1665667800.0, 0.68890602],
[1665754200.0, 0.6921077800000001],
[1665840600.0, 0.7131415000000001],
[1665927000.0, 0.709883],
[1666013400.0, 0.7201970600000001],
[1666099800.0, 0.72868256],
[1666186200.0, 0.7268451800000001],
[1666272600.0, 0.7189922800000002],
[1666359000.0, 0.709856],
[1666445400.0, 0.69247904],
[1666531800.0, 0.6817603400000001],
[1666618200.0, 0.6701237],
[1666704600.0, 0.6633404],
[1666791000.0, 0.6595628400000001],
[1666877400.0, 0.65696704],
[1666963800.0, 0.6611272400000001],
[1667050200.0, 0.6682808600000001],
[1667136600.0, 0.67207676],
[1667223000.0, 0.6607924199999999],
[1667309400.0, 0.6589521800000001],
[1667395800.0, 0.66155434],
[1667482200.0, 0.66161238],
[1667568600.0, 0.6553432600000001],
[1667655000.0, 0.66159974],
[1667741400.0, 0.6604694200000001],
[1667827800.0, 0.6623219],
[1667914200.0, 0.668375],
[1668000600.0, 0.6740608],
[1668087000.0, 0.68279566],
[1668173400.0, 0.68338792],
[1668259800.0, 0.6829467600000001],
[1668346200.0, 0.68046896],
[1668432600.0, 0.6743166],
[1668519000.0, 0.68042342],
[1668605400.0, 0.67104732],
[1668691800.0, 0.6693329400000001],
[1668778200.0, 0.66843428],
[1668864600.0, 0.6662112],
[1668951000.0, 0.6583637400000001],
[1669037400.0, 0.6515227800000001],
[1669123800.0, 0.6567738999999999],
[1669210200.0, 0.65220514],
[1669296600.0, 0.6441252600000001],
[1669383000.0, 0.61566054],
[1669469400.0, 0.5944623800000001],
[1669555800.0, 0.59745086],
[1669642200.0, 0.59398182],
[1669728600.0, 0.58459638],
[1669815000.0, 0.5977762400000002],
[1669901400.0, 0.6214631400000001],
[1669987800.0, 0.65109786],
[1670074200.0, 0.66697808],
[1670160600.0, 0.6687006799999999],
[1670247000.0, 0.67387168],
[1670333400.0, 0.6765806000000001],
[1670419800.0, 0.6944083400000001],
[1670506200.0, 0.6897628800000001],
[1670592600.0, 0.69036226],
[1670679000.0, 0.69010036],
[1670765400.0, 0.67888824],
[1670851800.0, 0.6766042000000001],
[1670938200.0, 0.66549704],
[1671024600.0, 0.66525354],
[1671111000.0, 0.66374064],
[1671197400.0, 0.6612929000000001],
[1671283800.0, 0.6616646800000001],
[1671370200.0, 0.6561979000000001],
[1671456600.0, 0.6509606400000001],
[1671543000.0, 0.64767308],
[1671629400.0, 0.65045358],
[1671715800.0, 0.6519669],
[1671802200.0, 0.64230938],
[1671888600.0, 0.63103222],
[1671975000.0, 0.6199545200000001],
[1672061400.0, 0.6079323799999999],
[1672147800.0, 0.60015344],
[1672234200.0, 0.60127386],
[1672320600.0, 0.6017401400000001],
[1672407000.0, 0.6026662800000001],
[1672493400.0, 0.60135424],
[1672579800.0, 0.6048559],
[1672666200.0, 0.5962987800000001],
[1672752600.0, 0.5958866199999999],
[1672839000.0, 0.6085738200000002],
[1672925400.0, 0.6060647200000002],
[1673011800.0, 0.6103001000000001],
[1673098200.0, 0.6223976],
[1673184600.0, 0.62272508],
[1673271000.0, 0.6192420000000001],
[1673357400.0, 0.6269170000000001],
[1673443800.0, 0.6411786000000002],
[1673530200.0, 0.6468450600000001],
[1673616600.0, 0.6494245000000001],
[1673703000.0, 0.65579568],
[1673789400.0, 0.66111534],
[1673875800.0, 0.6663788],
[1673962200.0, 0.67793422],
[1674048600.0, 0.68054052],
[1674135000.0, 0.68899954],
[1674221400.0, 0.67469532],
[1674307800.0, 0.6784596000000002],
[1674394200.0, 0.6846617],
[1674480600.0, 0.6858645800000002],
[1674567000.0, 0.6840133399999999],
[1674653400.0, 0.6950126],
[1674739800.0, 0.6983839000000002],
[1674826200.0, 0.7016134599999999],
[1674912600.0, 0.71423666],
[1674999000.0, 0.70515138],
[1675085400.0, 0.70989948],
[1675171800.0, 0.7057116400000002],
[1675258200.0, 0.6950498800000001],
[1675344600.0, 0.6998938],
[1675431000.0, 0.69982374],
[1675517400.0, 0.7026190800000001],
[1675603800.0, 0.71012412],
[1675690200.0, 0.7029916400000001],
[1675776600.0, 0.6974840600000001],
[1675863000.0, 0.6974840600000001],
[1675949400.0, 0.6974840600000001],
