[[1633098600, 40.55],
[1633185000, 40.88],
[1633267800, 41.31],
[1633354200, 41.55],
[1633440600, 42.13],
[1633527000, 39.96],
[1633613400, 40.91],
[1633699800, 40.75],
[1633786200, 41.1],
[1633872600, 37.76],
[1633959000, 37.76],
[1634045400, 37.72],
[1634131800, 37.81],
[1634218200, 37.64],
[1634650200, 38.61],
[1634736600, 39.69],
[1634823000, 38.71],
[1634909400, 34.47],
[1634995800, 34.57],
[1635082200, 34.41],
[1635168600, 34.41],
[1635255000, 34.28],
[1635341400, 33.88],
[1635427800, 35.83],
[1635514200, 35.75],
[1635600600, 35.92],
[1635687000, 36.52],
[1635859800, 36.98],
[1636119000, 36.81],
[1636291800, 36.64],
[1636464600, 35.88],
[1636637400, 27.65],
[1636983000, 26.36],
[1637242200, 27.83],
[1637328600, 27.86],
[1637415000, 27.92],
[1637501400, 27.57],
[1637587800, 26.88],
[1637674200, 32.23],
[1637760600, 32.13],
[1637847000, 31.6],
[1637933400, 32.1],
[1638019800, 32.07],
[1638106200, 34.4],
[1638192600, 34.02],
[1638279000, 34.51],
[1638365400, 36.06],
[1638451800, 36.38],
[1638538200, 36.77],
[1638624600, 37.92],
[1638970200, 39.29],
[1639056600, 39.82],
[1639143000, 39.73],
[1639229400, 39.48],
[1639315800, 39.82],
[1639402200, 40.06],
[1639488600, 40.67],
[1639575000, 39.87],
[1639661400, 40.28],
[1639747800, 40.23],
[1639834200, 40.17],
[1639920600, 40.37],
[1640007000, 39.81],
[1640093400, 37.55],
[1640179800, 36.43],
[1640266200, 30.5],
[1640352600, 31.03],
[1640439000, 31.93],
[1640525400, 31.81],
[1640611800, 31.99],
[1640784600, 27.47],
[1640871000, 27.76],
[1640957400, 27.6],
[1641043800, 27.96],
[1641130200, 27.54],
[1641216600, 27.61],
[1641303000, 28.18],
[1642080600, 37.21],
[1642167000, 36.93],
[1642253400, 37.04],
[1642339800, 36.88],
[1642426200, 36.2],
[1642512600, 35.34],
[1642599000, 36.54],
[1642685400, 36.98],
[1642771800, 36.32],
[1642858200, 36.05],
[1642944600, 37.59],
[1643117400, 37.85],
[1643203800, 37.02],
[1643290200, 37.01],
[1643376600, 37.12],
[1643463000, 36.91],
[1643549400, 37.23],
[1643635800, 37.23],
[1643722200, 37.23],
[1643808600, 35.36],
[1643895000, 35.67],
[1643981400, 36.11],
[1644067800, 36.29],
[1644154200, 36.44],
[1644240600, 36.33],
[1644327000, 36.37],
[1644413400, 36.48],
[1644499800, 32.4],
[1644586200, 32.05],
[1644672600, 31.93],
[1644759000, 31.98],
[1644845400, 32.11],
[1644931800, 32.76],
[1645018200, 33.07],
[1645104600, 32.61],
[1645191000, 32.5],
[1645277400, 32.46],
[1645363800, 32.51],
[1645450200, 32.53],
[1645536600, 34.16],
[1645623000, 34.81],
[1645709400, 34.42],
[1645795800, 33.94],
[1645882200, 30.96],
[1645968600, 31.79],
[1646055000, 31.09],
[1646141400, 29.92],
[1646400600, 33.48],
[1646487000, 35.73],
[1646746200, 35.45],
[1646832600, 34.42],
[1647005400, 34.98],
[1647091800, 34.84],
[1647178200, 34.87],
[1647437400, 38.0],
[1647523800, 38.35],
[1647696600, 37.86],
[1647783000, 37.7],
[1647869400, 37.5],
[1648042200, 37.38],
[1648128600, 39.33],
[1648301400, 38.52],
[1648474200, 38.36],
[1648733400, 38.8],
[1648906200, 40.71],
[1649169000, 39.02],
[1649255400, 36.83],
[1649341800, 36.25],
[1649514600, 36.14],
[1649601000, 36.39],
[1650378600, 37.47],
[1650465000, 37.49],
[1650551400, 37.49],
[1650637800, 37.49],
[1650724200, 37.01],
[1650810600, 37.32],
[1650897000, 37.08],
[1650983400, 37.17],
[1651069800, 36.73],
[1651156200, 36.65],
[1651242600, 36.53],
[1651329000, 36.73],
[1651415400, 36.48],
[1651501800, 29.27],
[1651588200, 29.29],
[1651847400, 26.45],
[1651933800, 26.46],
[1652020200, 26.79],
[1652106600, 26.29],
[1652193000, 26.54],
[1652279400, 26.16],
[1652365800, 26.37],
[1652970600, 24.18],
[1653057000, 24.32],
[1653143400, 24.32],
[1653229800, 24.26],
[1653316200, 24.28],
[1653402600, 24.3],
[1653489000, 24.35],
[1653748200, 24.28],
[1653834600, 24.38],
[1653921000, 24.49],
[1654007400, 24.41],
[1654093800, 24.75],
[1654180200, 24.88],
[1654266600, 23.1],
[1654353000, 23.38],
[1654439400, 23.04],
[1654525800, 23.06],
[1654612200, 22.5],
[1654698600, 22.76],
[1654785000, 22.78],
[1654871400, 22.73],
[1654957800, 22.65],
[1655044200, 22.6],
[1655130600, 22.78],
[1655217000, 22.65],
[1655303400, 22.53],
[1655389800, 22.59],
[1655476200, 22.58],
[1655562600, 22.59],
[1655649000, 22.46],
[1655735400, 22.28],
[1655821800, 22.26],
[1655908200, 22.01],
[1655994600, 22.03],
[1656081000, 21.27],
[1656167400, 21.21],
[1656253800, 21.33],
[1656340200, 21.05],
[1657031400, 22.12],
[1657117800, 21.77],
[1657290600, 22.35],
[1657377000, 22.45],
[1657463400, 22.58],
[1657549800, 22.58],
[1657636200, 22.45],
[1657722600, 23.13],
[1657809000, 22.68],
[1657895400, 22.01],
[1657981800, 22.11],
[1658068200, 22.02],
[1658154600, 21.93],
[1658241000, 22.11],
[1658327400, 22.63],
[1658413800, 21.87],
[1658673000, 21.58],
[1658759400, 21.56],
[1658845800, 23.71],
[1658932200, 23.49],
[1659018600, 23.75],
[1659105000, 23.77],
[1659191400, 23.64],
[1659277800, 23.95],
[1659364200, 23.89],
[1659450600, 23.76],
[1659537000, 23.88],
[1659623400, 23.71],
[1659709800, 23.77],
[1660228200, 23.69],
[1660314600, 23.91],
[1660401000, 23.91],
[1660487400, 23.91],
[1660573800, 23.91],
[1660660200, 40.31],
[1660746600, 40.86],
[1661697000, 22.92],
[1661783400, 22.96],
[1661869800, 22.49],
[1661956200, 22.73],
[1662042600, 27.59],
[1662129000, 35.45],
[1662215400, 34.52],
[1662301800, 35.07],
[1662561000, 35.36],
[1662733800, 35.45],
[1662820200, 35.48],
[1662906600, 35.38],
[1662993000, 33.9],
[1663079400, 33.92],
[1663165800, 33.61],
[1663252200, 33.63],
[1663338600, 33.62],
[1663425000, 33.65],
[1663511400, 30.75],
[1663597800, 30.6],
[1663684200, 31.71],
[1663770600, 31.81],
[1664803800, 28.28],
[1664890200, 28.81],
[1664976600, 28.85],
[1665063000, 29.59],
[1665149400, 29.72],
[1665927000, 31.08],
[1666013400, 31.56],
[1666099800, 32.17],
[1666186200, 32.11],
[1666272600, 31.35],
[1666359000, 30.4],
[1666445400, 27.44],
[1666531800, 27.52],
[1666618200, 27.25],
[1666704600, 27.21],
[1666791000, 26.31],
[1666877400, 26.68],
[1666963800, 26.6],
[1667050200, 27.05],
[1667136600, 26.95],
[1667223000, 27.12],
[1667309400, 27.59],
[1667395800, 27.89],
[1668000600, 29.48],
[1668087000, 29.71],
[1668173400, 29.99],
[1668259800, 29.79],
[1668346200, 29.57],
[1668432600, 29.39],
[1668519000, 29.49],
[1668691800, 28.26],
[1668778200, 28.84],
[1668864600, 28.79],
[1668951000, 28.39],
[1669037400, 28.25],
[1669123800, 27.24],
[1669210200, 26.68],
[1669296600, 26.36],
[1669383000, 25.7],
[1669469400, 25.5],
[1669555800, 25.51],
[1669642200, 25.52],
[1669728600, 26.14],
[1669815000, 27.38],
[1669901400, 26.71],
[1669987800, 27.32],
[1670074200, 27.6],
[1670160600, 28.57],
[1670247000, 29.02],
[1670333400, 29.09],
[1670419800, 28.02],
[1670506200, 28.78],
[1671111000, 29.4],
[1671197400, 29.15],
[1671283800, 30.07],
[1671370200, 29.31],
[1671456600, 31.26],
[1671543000, 31.32],
[1671629400, 32.32],
[1672579800, 32.77],
[1672666200, 34.02],
[1672752600, 34.33],
[1672839000, 34.28],
[1672925400, 34.74],
[1673011800, 35.11],
[1673098200, 34.7],
[1673184600, 35.08],
[1673271000, 35.29],
[1673357400, 35.86],
[1673443800, 35.98],
[1673530200, 35.5],
[1673616600, 36.16],
[1674394200, 38.76],
[1674480600, 38.56],
[1674567000, 38.57],
[1674653400, 36.69],
[1674739800, 36.72],
[1674826200, 37.11],
[1674912600, 37.39],
[1675085400, 37.43],
[1675171800, 37.83],
[1675258200, 37.78],
[1675344600, 38.37],
[1675431000, 38.79],
[1675517400, 38.63],
[1675603800, 38.81],
[1675690200, 38.88],
[1675776600, 38.66],
[1675863000, 38.59],
[1675949400, 38.71],
[1676035800, 38.99],
[1676122200, 38.92],
[1676208600, 40.28],
[1676295000, 40.75],
[1676381400, 40.11],
[1676467800, 39.72],
[1676554200, 40.08],
[1676640600, 40.28],
[1676727000, 37.43],
[1676813400, 37.62],
[1676899800, 36.16],
[1677072600, 36.07],
[1677159000, 35.65],
[1677245400, 36.27],
[1677331800, 36.92],
[1677418200, 36.58],
[1677504600, 36.56],
[1677591000, 36.21],
[1677763800, 36.37],
[1677850200, 36.71],
[1677936600, 37.22],
[1678023000, 37.01],
[1678109400, 36.81],
[1678195800, 37.2],
[1678282200, 37.02],
[1678627800, 35.97],
[1678714200, 36.08],
[1678800600, 35.52],
[1678887000, 34.16],
[1678973400, 33.71],
[1679059800, 33.81],
[1679146200, 33.62],
[1679232600, 32.85],
[1679319000, 32.32],
[1679405400, 33.7],
[1679491800, 34.32],
[1679578200, 34.62],
[1679923800, 39.39],
[1680010200, 39.81],
[1680096600, 40.15],
[1680183000, 43.82],
[1680269400, 45.21],
[1680355800, 46.83],
[1680445800, 47.26],
[1680532200, 43.95],
[1680618600, 44.93],
[1680705000, 44.93]]
