[1651674600.0, 1.0377777777777777],
[1651761000.0, 1.338888888888889],
[1651847400.0, 1.507777777777778],
[1651933800.0, 1.4477777777777776],
[1652020200.0, 1.503333333333333],
[1652106600.0, 1.4388888888888889],
[1652193000.0, 1.3977777777777778],
[1652279400.0, 1.3677777777777778],
[1652365800.0, 1.452222222222222],
[1652452200.0, 1.416666666666667],
[1652538600.0, 1.4177777777777782],
[1652625000.0, 1.4033333333333333],
[1652711400.0, 1.401111111111111],
[1652797800.0, 1.4022222222222223],
[1652884200.0, 1.452222222222222],
[1652970600.0, 0.98],
[1653057000.0, 0.8655555555555556],
[1653143400.0, 0.7733333333333333],
[1653229800.0, 0.788888888888889],
[1653316200.0, 0.7288888888888889],
[1653402600.0, 0.7866666666666667],
[1653489000.0, 0.8955555555555557],
[1653575400.0, 0.9811111111111112],
[1653661800.0, 0.9066666666666665],
[1653748200.0, 0.8466666666666667],
[1653834600.0, 0.77],
[1653921000.0, 0.7722222222222223],
[1654007400.0, 0.8055555555555555],
[1654093800.0, 0.8533333333333334],
[1654180200.0, 0.7999999999999998],
[1654266600.0, 0.34222222222222226],
[1654353000.0, 0.41444444444444445],
[1654439400.0, 0.4077777777777778],
[1654525800.0, 0.3966666666666667],
[1654612200.0, 0.40666666666666673],
[1654698600.0, 0.428888888888889],
[1654785000.0, 0.4211111111111111],
[1654871400.0, 0.41222222222222227],
[1654957800.0, 0.4088888888888889],
[1655044200.0, 0.4055555555555556],
[1655130600.0, 0.40888888888888897],
[1655217000.0, 0.4466666666666667],
[1655303400.0, 0.43666666666666665],
[1655389800.0, 0.4122222222222222],
[1655476200.0, 0.4044444444444444],
[1655562600.0, 0.3977777777777778],
[1655649000.0, 0.3933333333333333],
[1655735400.0, 0.3877777777777778],
[1655821800.0, 0.4033333333333334],
[1655908200.0, 0.3811111111111111],
[1655994600.0, 0.3544444444444445],
[1656081000.0, 0.35000000000000003],
[1656167400.0, 0.3522222222222223],
[1656253800.0, 0.3544444444444444],
[1656340200.0, 0.3477777777777778],
[1656426600.0, 0.3499999999999999],
[1656513000.0, 0.3588888888888889],
[1656599400.0, 0.3622222222222223],
[1656685800.0, 0.36777777777777776],
[1656772200.0, 0.36444444444444435],
[1656858600.0, 0.3533333333333333],
[1656945000.0, 0.35111111111111115],
[1657031400.0, 0.34555555555555556],
[1657117800.0, 0.32555555555555554],
[1657204200.0, 0.34888888888888897],
[1657290600.0, 0.30444444444444446],
[1657377000.0, 0.2955555555555555],
[1657463400.0, 0.28],
[1657549800.0, 0.2544444444444445],
[1657636200.0, 0.2455555555555555],
[1657722600.0, 0.2677777777777778],
[1657809000.0, 0.2533333333333333],
[1657895400.0, 0.25555555555555554],
[1657981800.0, 0.2644444444444444],
[1658068200.0, 0.26555555555555554],
[1658154600.0, 0.2722222222222222],
[1658241000.0, 0.2733333333333334],
[1658327400.0, 0.2911111111111111],
[1658413800.0, 0.2811111111111111],
[1658500200.0, 0.27444444444444444],
[1658586600.0, 0.2766666666666666],
[1658673000.0, 0.2788888888888889],
[1658759400.0, 0.26888888888888896],
[1658845800.0, 0.27222222222222225],
[1658932200.0, 0.27111111111111114],
[1659018600.0, 0.2711111111111111],
[1659105000.0, 0.2722222222222222],
[1659191400.0, 0.2644444444444444],
[1659277800.0, 0.2644444444444445],
[1659364200.0, 0.26888888888888896],
[1659450600.0, 0.2733333333333333],
[1659537000.0, 0.27888888888888885],
[1659623400.0, 0.2811111111111111],
[1659709800.0, 0.2888888888888889],
[1659796200.0, 0.28444444444444444],
[1659882600.0, 0.28222222222222215],
[1659969000.0, 0.2922222222222222],
[1660055400.0, 0.29888888888888887],
[1660141800.0, 0.2866666666666667],
[1660228200.0, 0.2766666666666666],
[1660314600.0, 0.2677777777777777],
[1660401000.0, 0.2677777777777777],
[1660487400.0, 0.2677777777777777],
[1660573800.0, 0.2677777777777777],
[1660660200.0, 0.23333333333333334],
[1660746600.0, 0.2066666666666667],
[1660833000.0, 0.23222222222222222],
[1660919400.0, 0.19000000000000003],
[1661005800.0, 0.1888888888888889],
[1661092200.0, 0.21000000000000005],
[1661178600.0, 0.18666666666666668],
[1661265000.0, 0.19444444444444448],
[1661351400.0, 0.18333333333333335],
[1661437800.0, 0.19000000000000003],
[1661524200.0, 0.18000000000000005],
[1661610600.0, 0.18000000000000005],
[1661697000.0, 0.1766666666666667],
[1661783400.0, 0.1733333333333334],
[1661869800.0, 0.16888888888888895],
[1661956200.0, 0.1655555555555556],
[1662042600.0, 0.16000000000000003],
[1662129000.0, 0.16000000000000003],
[1662215400.0, 0.16222222222222227],
[1662301800.0, 0.1644444444444445],
[1662388200.0, 0.16333333333333339],
[1662474600.0, 0.16222222222222227],
[1662561000.0, 0.1744444444444445],
[1662647400.0, 0.18000000000000005],
[1662733800.0, 0.1844444444444445],
[1662820200.0, 0.19888888888888892],
[1662906600.0, 0.1977777777777778],
[1662993000.0, 0.20444444444444448],
[1663079400.0, 0.2155555555555556],
[1663165800.0, 0.21000000000000002],
[1663252200.0, 0.21111111111111114],
[1663338600.0, 0.2088888888888889],
[1663425000.0, 0.21222222222222226],
[1663511400.0, 0.20888888888888893],
[1663597800.0, 0.20333333333333334],
[1663684200.0, 0.20444444444444448],
[1663770600.0, 0.1966666666666667],
[1663857000.0, 0.19666666666666668],
[1663943400.0, 0.18222222222222223],
[1664029800.0, 0.18444444444444447],
[1664116200.0, 0.1777777777777778],
[1664202600.0, 0.17888888888888893],
[1664289000.0, 0.18111111111111117],
[1664375400.0, 0.18000000000000005],
[1664461800.0, 0.18222222222222223],
[1664548200.0, 0.18333333333333332],
[1664634600.0, 0.18777777777777782],
[1664717400.0, 0.19000000000000003],
[1664803800.0, 0.19000000000000006],
[1664890200.0, 0.1877777777777778],
[1664976600.0, 0.18555555555555558],
[1665063000.0, 0.18777777777777782],
[1665149400.0, 0.1955555555555556],
[1665235800.0, 0.1955555555555556],
[1665322200.0, 0.18666666666666668],
[1665408600.0, 0.17777777777777778],
[1665495000.0, 0.1766666666666667],
[1665581400.0, 0.1766666666666667],
[1665667800.0, 0.1744444444444445],
[1665754200.0, 0.16777777777777783],
[1665840600.0, 0.16777777777777783],
[1665927000.0, 0.16333333333333339],
[1666013400.0, 0.1666666666666667],
[1666099800.0, 0.1666666666666667],
[1666186200.0, 0.1644444444444445],
[1666272600.0, 0.16888888888888895],
[1666359000.0, 0.16777777777777783],
[1666445400.0, 0.1844444444444445],
[1666531800.0, 0.16111111111111115],
[1666618200.0, 0.17000000000000004],
[1666704600.0, 0.18000000000000005],
[1666791000.0, 0.1855555555555556],
[1666877400.0, 0.20000000000000007],
[1666963800.0, 0.20222222222222228],
[1667050200.0, 0.2066666666666667],
[1667136600.0, 0.1966666666666667],
[1667223000.0, 0.19000000000000006],
[1667309400.0, 0.19333333333333336],
[1667395800.0, 0.19333333333333336],
[1667482200.0, 0.19888888888888892],
[1667568600.0, 0.20000000000000004],
[1667655000.0, 0.19222222222222224],
[1667741400.0, 0.19666666666666668],
[1667827800.0, 0.19333333333333336],
[1667914200.0, 0.1955555555555556],
[1668000600.0, 0.19888888888888892],
[1668087000.0, 0.20444444444444448],
[1668173400.0, 0.20111111111111113],
[1668259800.0, 0.1977777777777778],
[1668346200.0, 0.20444444444444448],
[1668432600.0, 0.20222222222222225],
[1668519000.0, 0.21444444444444452],
[1668605400.0, 0.21000000000000002],
[1668691800.0, 0.20111111111111113],
[1668778200.0, 0.19666666666666668],
[1668864600.0, 0.19000000000000003],
[1668951000.0, 0.18555555555555558],
[1669037400.0, 0.18888888888888897],
[1669123800.0, 0.18000000000000005],
[1669210200.0, 0.1766666666666667],
[1669296600.0, 0.18111111111111114],
[1669383000.0, 0.1855555555555556],
[1669469400.0, 0.18000000000000005],
[1669555800.0, 0.17555555555555558],
[1669642200.0, 0.1677777777777778],
[1669728600.0, 0.17000000000000004],
[1669815000.0, 0.1777777777777778],
[1669901400.0, 0.18222222222222223],
[1669987800.0, 0.1955555555555556],
[1670074200.0, 0.19888888888888892],
[1670160600.0, 0.19777777777777783],
[1670247000.0, 0.20111111111111113],
[1670333400.0, 0.20111111111111113],
[1670419800.0, 0.20666666666666667],
[1670506200.0, 0.20666666666666667],
[1670592600.0, 0.20333333333333337],
[1670679000.0, 0.20000000000000004],
[1670765400.0, 0.19666666666666666],
[1670851800.0, 0.1988888888888889],
[1670938200.0, 0.19444444444444445],
[1671024600.0, 0.19333333333333336],
[1671111000.0, 0.19],
[1671197400.0, 0.19444444444444448],
[1671283800.0, 0.19444444444444448],
[1671370200.0, 0.1977777777777778],
[1671456600.0, 0.20222222222222225],
[1671543000.0, 0.1988888888888889],
[1671629400.0, 0.20000000000000004],
[1671715800.0, 0.1988888888888889],
[1671802200.0, 0.19777777777777777],
[1671888600.0, 0.20333333333333337],
[1671975000.0, 0.20111111111111113],
[1672061400.0, 0.2066666666666667],
[1672147800.0, 0.20111111111111113],
[1672234200.0, 0.20444444444444448],
[1672320600.0, 0.20333333333333334],
[1672407000.0, 0.21111111111111114],
[1672493400.0, 0.2066666666666667],
[1672579800.0, 0.20777777777777778],
[1672666200.0, 0.21000000000000002],
[1672752600.0, 0.22111111111111115],
[1672839000.0, 0.22666666666666668],
[1672925400.0, 0.23666666666666666],
[1673011800.0, 0.23444444444444443],
[1673098200.0, 0.2466666666666667],
[1673184600.0, 0.28222222222222226],
[1673271000.0, 0.29888888888888887],
[1673357400.0, 0.30333333333333334],
[1673443800.0, 0.3055555555555556],
[1673530200.0, 0.29444444444444445],
[1673616600.0, 0.3011111111111111],
[1673703000.0, 0.30111111111111116],
[1673789400.0, 0.30888888888888894],
[1673875800.0, 0.29444444444444445],
[1673962200.0, 0.31222222222222223],
[1674048600.0, 0.31555555555555553],
[1674135000.0, 0.3133333333333333],
[1674221400.0, 0.3377777777777778],
[1674307800.0, 0.33666666666666667],
[1674394200.0, 0.3411111111111111],
[1674480600.0, 0.36],
[1674567000.0, 0.3588888888888889],
[1674653400.0, 0.37000000000000005],
[1674739800.0, 0.36000000000000004],
[1674826200.0, 0.38666666666666666],
[1674912600.0, 0.3844444444444445],
[1674999000.0, 0.40666666666666673],
[1675085400.0, 0.4144444444444445],
[1675171800.0, 0.4144444444444445],
[1675258200.0, 0.4122222222222222],
[1675344600.0, 0.4388888888888889],
[1675431000.0, 0.47111111111111104],
[1675517400.0, 0.49666666666666665],
[1675603800.0, 0.5366666666666666],
[1675690200.0, 0.5166666666666665],
[1675776600.0, 0.5611111111111112],
[1675863000.0, 0.5611111111111112],
[1675949400.0, 0.5611111111111112],
