[1635773400.0, 0],
[1635859800.0, 0],
[1635946200.0, 0],
[1636032600.0, 0],
[1636119000.0, 0],
[1636205400.0, 0],
[1636291800.0, 0],
[1636378200.0, 0],
[1636464600.0, 0],
[1636551000.0, 0],
[1636637400.0, 0],
[1636723800.0, 0],
[1636810200.0, 0],
[1636896600.0, 0],
[1636983000.0, 0],
[1637069400.0, 0],
[1637155800.0, 0],
[1637242200.0, 0],
[1637328600.0, 0],
[1637415000.0, 0],
[1637501400.0, 0],
[1637587800.0, 0],
[1637674200.0, 0],
[1637760600.0, 0],
[1637847000.0, 0],
[1637933400.0, 0],
[1638019800.0, 0],
[1638106200.0, 0],
[1638192600.0, 0],
[1638279000.0, 0],
[1638365400.0, 0],
[1638451800.0, 0],
[1638538200.0, 0],
[1638624600.0, 0],
[1638711000.0, 0],
[1638797400.0, 0],
[1638883800.0, 0],
[1638970200.0, 0],
[1639056600.0, 0],
[1639143000.0, 0],
[1639229400.0, 0],
[1639315800.0, 0],
[1639402200.0, 0],
[1639488600.0, 0],
[1639575000.0, 0],
[1639661400.0, 0],
[1639747800.0, 0],
[1639834200.0, 0],
[1639920600.0, 0],
[1640007000.0, 0],
[1640093400.0, 0],
[1640179800.0, 0],
[1640266200.0, 0],
[1640352600.0, 0],
[1640439000.0, 0],
[1640525400.0, 0],
[1640611800.0, 0],
[1640698200.0, 0],
[1640784600.0, 0],
[1640871000.0, 0],
[1640957400.0, 0],
[1641043800.0, 0],
[1641130200.0, 0],
[1641216600.0, 0],
[1641303000.0, 0],
[1641389400.0, 0],
[1641475800.0, 0],
[1641562200.0, 0],
[1641648600.0, 0],
[1641735000.0, 0],
[1641821400.0, 0],
[1641907800.0, 0],
[1641994200.0, 0],
[1642080600.0, 0],
[1642167000.0, 0],
[1642253400.0, 0],
[1642339800.0, 0],
[1642426200.0, 0],
[1642512600.0, 0],
[1642599000.0, 0],
[1642685400.0, 0],
[1642771800.0, 0],
[1642858200.0, 0],
[1642944600.0, 0],
[1643031000.0, 0],
[1643117400.0, 0],
[1643203800.0, 0],
[1643290200.0, 0],
[1643376600.0, 0],
[1643463000.0, 0],
[1643549400.0, 0],
[1643635800.0, 0],
[1643722200.0, 0],
[1643808600.0, 0],
[1643895000.0, 0],
[1643981400.0, 0],
[1644067800.0, 0],
[1644154200.0, 0],
[1644240600.0, 0],
[1644327000.0, 0],
[1644413400.0, 0],
[1644499800.0, 0],
[1644586200.0, 0],
[1644672600.0, 0],
[1644759000.0, 0],
[1644845400.0, 0],
[1644931800.0, 0],
[1645018200.0, 0],
[1645104600.0, 0],
[1645191000.0, 0],
[1645277400.0, 0],
[1645363800.0, 0],
[1645450200.0, 0],
[1645536600.0, 0],
[1645623000.0, 0],
[1645709400.0, 0],
[1645795800.0, 0],
[1645882200.0, 0],
[1645968600.0, 0],
[1646055000.0, 0],
[1646141400.0, 0],
[1646227800.0, 0],
[1646314200.0, 0],
[1646400600.0, 0],
[1646487000.0, 0],
[1646573400.0, 0],
[1646659800.0, 0],
[1646746200.0, 0],
[1646832600.0, 0],
[1646919000.0, 0],
[1647005400.0, 0],
[1647091800.0, 0],
[1647178200.0, 0],
[1647264600.0, 0],
[1647351000.0, 0],
[1647437400.0, 0],
[1647523800.0, 0],
[1647610200.0, 0],
[1647696600.0, 0],
[1647783000.0, 0],
[1647869400.0, 0],
[1647955800.0, 0],
[1648042200.0, 0],
[1648128600.0, 0],
[1648215000.0, 0],
[1648301400.0, 0],
[1648387800.0, 0],
[1648474200.0, 0],
[1648560600.0, 0],
[1648647000.0, 0],
[1648733400.0, 0],
[1648819800.0, 0],
[1648906200.0, 0],
[1648996200.0, 0],
[1649082600.0, 0],
[1649169000.0, 0],
[1649255400.0, 0],
[1649341800.0, 0],
[1649428200.0, 0],
[1649514600.0, 0],
[1649601000.0, 0],
[1649687400.0, 0],
[1649773800.0, 0],
[1649860200.0, 0],
[1649946600.0, 0],
[1650033000.0, 0],
[1650119400.0, 0],
[1650205800.0, 0],
[1650292200.0, 0],
[1650378600.0, 0],
[1650465000.0, 0],
[1650551400.0, 0],
[1650637800.0, 0],
[1650724200.0, 0],
[1650810600.0, 0],
[1650897000.0, 0],
[1650983400.0, 0],
[1651069800.0, 0],
[1651156200.0, 0],
[1651242600.0, 0],
[1651329000.0, 0],
[1651415400.0, 0],
[1651501800.0, 0],
[1651588200.0, 0],
[1651674600.0, 40.9508547008547],
[1651761000.0, 52.58404558404559],
[1651847400.0, 59.96866096866097],
[1651933800.0, 58.46011396011396],
[1652020200.0, 60.105413105413106],
[1652106600.0, 59.92521367521367],
[1652193000.0, 0.6625373320166353],
[1652279400.0, 0.5703185703185703],
[1652365800.0, 0.6185097970812257],
[1652452200.0, 0.5960666317809176],
[1652538600.0, 0.598690330833188],
[1652625000.0, 0.5969605791034363],
[1652711400.0, 0.5975274725274725],
[1652797800.0, 0.5984432234432234],
[1652884200.0, 0.6211916390487818],
[1652970600.0, 0.590924169691293],
[1653057000.0, 0.607494212962963],
[1653143400.0, 0.5069986374334201],
[1653229800.0, 0.5111262194595528],
[1653316200.0, 0.5494539411206079],
[1653402600.0, 0.5262561512561513],
[1653489000.0, 0.47396423300037765],
[1653575400.0, 0.5606995884773663],
[1653661800.0, 0.5451928092773163],
[1653748200.0, 0.5982446466317434],
[1653834600.0, 0.597320463699774],
[1653921000.0, 0.5857718866193442],
[1654007400.0, 0.557081807081807],
[1654093800.0, 0.5986175330437628],
[1654180200.0, 0.5873733127831489],
[1654266600.0, 0.4428952991452992],
[1654353000.0, 0.482475319684622],
[1654439400.0, 0.4583333333333333],
[1654525800.0, 0.44036794568709475],
[1654612200.0, 0.43641268109353226],
[1654698600.0, 0.45841075188901276],
[1654785000.0, 0.45611916264090174],
[1654871400.0, 0.7227379899793693],
[1654957800.0, 0.7187084520417856],
[1655044200.0, 0.7506631299734747],
[1655130600.0, 0.7741428431083603],
[1655217000.0, 0.8268493958149131],
[1655303400.0, 0.8267265939679731],
[1655389800.0, 0.8034696784696783],
[1655476200.0, 0.7686711436711436],
[1655562600.0, 0.7752849002849003],
[1655649000.0, 0.7663308913308914],
[1655735400.0, 0.7506868131868133],
[1655821800.0, 0.7772765643136016],
[1655908200.0, 0.7837223317992549],
[1655994600.0, 0.7415077799693185],
[1656081000.0, 0.7347140039447733],
[1656167400.0, 0.7351249178172256],
[1656253800.0, 0.7247698882314266],
[1656340200.0, 0.7240850317773394],
[1656426600.0, 0.7308514135437213],
[1656513000.0, 0.7559171597633136],
[1656599400.0, 0.7897150997150998],
[1656685800.0, 0.7639710716633794],
[1656772200.0, 0.7535612535612534],
[1656858600.0, 0.7536182336182337],
[1656945000.0, 0.7460968660968661],
[1657031400.0, 0.7325925925925926],
[1657117800.0, 0.7327279202279201],
[1657204200.0, 0.7736229819563155],
[1657290600.0, 0.7034069325735992],
[1657377000.0, 0.6576353276353276],
[1657463400.0, 0.6443589743589744],
[1657549800.0, 0.6376424501424501],
[1657636200.0, 0.5987749287749288],
[1657722600.0, 0.6386039886039887],
[1657809000.0, 0.6062962962962963],
[1657895400.0, 0.6105128205128205],
[1657981800.0, 0.5872507122507123],
[1658068200.0, 0.5962086346701732],
[1658154600.0, 0.6208547008547008],
[1658241000.0, 0.6011669953977647],
[1658327400.0, 0.6191041468819247],
[1658413800.0, 0.6265614727153189],
[1658500200.0, 0.6047008547008548],
[1658586600.0, 0.6093304843304844],
[1658673000.0, 0.6131108919570458],
[1658759400.0, 0.6306552706552707],
[1658845800.0, 0.6318233618233619],
[1658932200.0, 0.5955511724742494],
[1659018600.0, 0.5908119658119658],
[1659105000.0, 0.6082073197457812],
[1659191400.0, 0.5951402586017971],
[1659277800.0, 0.6160113960113961],
[1659364200.0, 0.6196866096866097],
[1659450600.0, 0.610207100591716],
[1659537000.0, 0.6259861932938855],
[1659623400.0, 0.6265614727153188],
[1659709800.0, 0.6319033530571991],
[1659796200.0, 0.6284242822704361],
[1659882600.0, 0.6235754985754985],
[1659969000.0, 0.6427514792899409],
[1660055400.0, 0.6308958531180755],
[1660141800.0, 0.6093436741584891],
[1660228200.0, 0.6109193513039667],
[1660314600.0, 0.5972496164803858],
[1660401000.0, 0.5972496164803858],
[1660487400.0, 0.5972496164803858],
[1660573800.0, 0.5972496164803858],
[1660660200.0, 0.5786443494776827],
[1660746600.0, 0.5506317354143441],
[1660833000.0, 0.6178774928774928],
[1660919400.0, 0.550019425019425],
[1661005800.0, 0.5494690494690495],
[1661092200.0, 0.5847902097902099],
[1661178600.0, 0.5298216276477147],
[1661265000.0, 0.5533216783216783],
[1661351400.0, 0.5421846671846673],
[1661437800.0, 0.5472351722351723],
[1661524200.0, 0.5426332926332927],
[1661610600.0, 0.5487043820377154],
[1661697000.0, 0.5405982905982907],
[1661783400.0, 0.5478632478632479],
[1661869800.0, 0.5301638176638177],
[1661956200.0, 0.5278846153846154],
[1662042600.0, 0.5520317888738941],
[1662129000.0, 0.5853513770180436],
[1662215400.0, 0.6265292441763031],
[1662301800.0, 0.5624156545209177],
[1662388200.0, 0.557767281451492],
[1662474600.0, 0.5575798470535313],
[1662561000.0, 0.5479700854700855],
[1662647400.0, 0.5582264957264957],
[1662733800.0, 0.5309998643331978],
[1662820200.0, 0.5586080586080587],
[1662906600.0, 0.5377169127169127],
[1662993000.0, 0.548853923853924],
[1663079400.0, 0.5931013431013432],
[1663165800.0, 0.6187678062678063],
[1663252200.0, 0.6158475783475783],
[1663338600.0, 0.6188746438746439],
[1663425000.0, 0.6181623931623933],
[1663511400.0, 0.6076923076923078],
[1663597800.0, 0.6226195831458988],
[1663684200.0, 0.6266681661418502],
[1663770600.0, 0.6384536245647358],
[1663857000.0, 0.6367917062361508],
[1663943400.0, 0.6183127572016461],
[1664029800.0, 0.6176005064893956],
[1664116200.0, 0.601258309591643],
[1664202600.0, 0.6055713833491613],
[1664289000.0, 0.5994776828110163],
[1664375400.0, 0.6016540044317824],
[1664461800.0, 0.6476453829395006],
[1664548200.0, 0.6564856711915535],
[1664634600.0, 0.6405903767014879],
[1664717400.0, 0.6405903767014879],
[1664803800.0, 0.6298670465337133],
[1664890200.0, 0.6341009813232036],
[1664976600.0, 0.675129881012234],
[1665063000.0, 0.7007290095525389],
[1665149400.0, 0.7385201944025475],
[1665235800.0, 0.6605188184135552],
[1665322200.0, 0.6676163342830009],
[1665408600.0, 0.6340218423551758],
[1665495000.0, 0.6254748338081673],
[1665581400.0, 0.650536282889224],
[1665667800.0, 0.6424501424501425],
[1665754200.0, 0.6580306267806268],
[1665840600.0, 0.6642628205128205],
[1665927000.0, 0.6208731355790179],
[1666013400.0, 0.6397792022792023],
[1666099800.0, 0.6129126864420983],
[1666186200.0, 0.6041980894922071],
[1666272600.0, 0.6510416666666667],
[1666359000.0, 0.6191134573487515],
[1666445400.0, 0.6026390763232868],
[1666531800.0, 0.565939421202579],
[1666618200.0, 0.6111506805951251],
[1666704600.0, 0.651076289965179],
[1666791000.0, 0.6749366888255778],
[1666877400.0, 0.6389957264957266],
[1666963800.0, 0.6637108262108262],
[1667050200.0, 0.5816822066822067],
[1667136600.0, 0.5984940984940984],
[1667223000.0, 0.5845882512549181],
[1667309400.0, 0.5973748473748474],
[1667395800.0, 0.5960860127526794],
[1667482200.0, 0.5904219237552571],
[1667568600.0, 0.5948989282322616],
[1667655000.0, 0.5628075628075628],
[1667741400.0, 0.563908313908314],
[1667827800.0, 0.5641996891996892],
[1667914200.0, 0.5929656762990096],
[1668000600.0, 0.5928639261972596],
[1668087000.0, 0.5952041785375118],
[1668173400.0, 0.5593110593110594],
[1668259800.0, 0.5280874520004956],
[1668346200.0, 0.5350241545893719],
[1668432600.0, 0.5380279945497337],
[1668519000.0, 0.5604484082744954],
[1668605400.0, 0.5579400470704818],
[1668691800.0, 0.547813699987613],
[1668778200.0, 0.5435120435120436],
[1668864600.0, 0.5312742812742813],
[1668951000.0, 0.5408357075023743],
[1669037400.0, 0.5423280423280424],
[1669123800.0, 0.5309659476326144],
[1669210200.0, 0.5453703703703704],
[1669296600.0, 0.5762857999700105],
[1669383000.0, 0.5778602489128805],
[1669469400.0, 0.5413817663817664],
[1669555800.0, 0.5235754985754987],
[1669642200.0, 0.5162749287749288],
[1669728600.0, 0.5310185185185186],
[1669815000.0, 0.5475071225071226],
[1669901400.0, 0.5573005698005697],
[1669987800.0, 0.5468050468050469],
[1670074200.0, 0.5321484071484072],
[1670160600.0, 0.5285224035224035],
[1670247000.0, 0.5256734006734007],
[1670333400.0, 0.530982905982906],
[1670419800.0, 0.5604395604395604],
[1670506200.0, 0.5596255596255596],
[1670592600.0, 0.5283281533281534],
[1670679000.0, 0.5251554001554002],
[1670765400.0, 0.4955406911928651],
[1670851800.0, 0.4765847578347578],
[1670938200.0, 0.5132413882413883],
[1671024600.0, 0.516867391867392],
[1671111000.0, 0.5097125097125097],
[1671197400.0, 0.5164788914788916],
[1671283800.0, 0.5112341362341363],
[1671370200.0, 0.5223711473711474],
[1671456600.0, 0.5247668997668998],
[1671543000.0, 0.5226301476301476],
[1671629400.0, 0.5003096742227178],
[1671715800.0, 0.5188422688422688],
[1671802200.0, 0.5124320124320124],
[1671888600.0, 0.5136622636622636],
[1671975000.0, 0.5146658896658897],
[1672061400.0, 0.49820388950823735],
[1672147800.0, 0.5203962703962705],
[1672234200.0, 0.5026941657376439],
[1672320600.0, 0.5044902762294067],
[1672407000.0, 0.5138114703332094],
[1672493400.0, 0.5082683017465626],
[1672579800.0, 0.5106837606837608],
[1672666200.0, 0.5133159915768611],
[1672752600.0, 0.5260745695528304],
[1672839000.0, 0.5477827325653413],
[1672925400.0, 0.5622135513439861],
[1673011800.0, 0.5753437383872165],
[1673098200.0, 0.5867462013295346],
[1673184600.0, 0.6054700854700855],
[1673271000.0, 0.599266645562942],
[1673357400.0, 0.5574311490978159],
[1673443800.0, 0.5375654811138683],
[1673530200.0, 0.5556783574024954],
[1673616600.0, 0.5846052096052096],
[1673703000.0, 0.5556783574024954],
[1673789400.0, 0.5877849002849003],
[1673875800.0, 0.5558994007269868],
[1673962200.0, 0.5789861479516651],
[1674048600.0, 0.5791580705373809],
[1674135000.0, 0.5616096866096866],
[1674221400.0, 0.5906932573599241],
[1674307800.0, 0.5923789173789173],
[1674394200.0, 0.609181141439206],
[1674480600.0, 0.6429249762583096],
[1674567000.0, 0.5998877665544332],
[1674653400.0, 0.5934343434343434],
[1674739800.0, 0.6044337606837606],
[1674826200.0, 0.6493428912783751],
[1674912600.0, 0.6357282763532763],
[1674999000.0, 0.6428730413105413],
[1675085400.0, 0.6451878561253562],
[1675171800.0, 0.6161387631975868],
[1675258200.0, 0.6142743422155187],
[1675344600.0, 0.6456660623327289],
[1675431000.0, 0.6742424242424242],
[1675517400.0, 0.67008547008547],
[1675603800.0, 0.6606414106414108],
[1675690200.0, 0.6425438596491228],
[1675776600.0, 0.6431623931623932],
[1675863000.0, 0.6431623931623932],
[1675949400.0, 0.6431623931623932],
