[1635773400.0, 1.866],
[1635859800.0, 1.682],
[1635946200.0, 1.716],
[1636032600.0, 1.7920000000000003],
[1636119000.0, 1.832],
[1636205400.0, 1.832],
[1636291800.0, 1.8399999999999999],
[1636378200.0, 1.6980000000000004],
[1636464600.0, 1.6459999999999997],
[1636551000.0, 1.636],
[1636637400.0, 1.5780000000000003],
[1636723800.0, 1.59],
[1636810200.0, 1.596],
[1636896600.0, 1.6580000000000001],
[1636983000.0, 1.5999999999999999],
[1637069400.0, 1.6400000000000001],
[1637155800.0, 1.5720000000000003],
[1637242200.0, 1.506],
[1637328600.0, 1.542],
[1637415000.0, 1.432],
[1637501400.0, 1.534],
[1637587800.0, 1.472],
[1637674200.0, 1.4520000000000002],
[1637760600.0, 1.53],
[1637847000.0, 1.596],
[1637933400.0, 1.5859999999999999],
[1638019800.0, 1.6800000000000002],
[1638106200.0, 1.652],
[1638192600.0, 1.766741787607113],
[1638279000.0, 1.55],
[1638365400.0, 1.492],
[1638451800.0, 1.522],
[1638538200.0, 1.284],
[1638624600.0, 1.298],
[1638711000.0, 1.276],
[1638797400.0, 1.444],
[1638883800.0, 1.4300000000000002],
[1638970200.0, 1.436],
[1639056600.0, 1.4540000000000002],
[1639143000.0, 1.546],
[1639229400.0, 1.47],
[1639315800.0, 1.568],
[1639402200.0, 1.498],
[1639488600.0, 1.548],
[1639575000.0, 1.536],
[1639661400.0, 1.53],
[1639747800.0, 1.53],
[1639834200.0, 1.586],
[1639920600.0, 1.6700000000000004],
[1640007000.0, 1.6700000000000004],
[1640093400.0, 1.6480000000000001],
[1640179800.0, 1.5080000000000002],
[1640266200.0, 1.4720000000000002],
[1640352600.0, 1.4720000000000002],
[1640439000.0, 1.37],
[1640525400.0, 1.514],
[1640611800.0, 1.3679999999999999],
[1640698200.0, 1.376],
[1640784600.0, 1.5539999999999998],
[1640871000.0, 1.5020000000000002],
[1640957400.0, 1.5260000000000002],
[1641043800.0, 1.528],
[1641130200.0, 1.572],
[1641216600.0, 1.686],
[1641303000.0, 1.674],
[1641389400.0, 1.674],
[1641475800.0, 1.6300000000000001],
[1641562200.0, 1.3780000000000001],
[1641648600.0, 1.424],
[1641735000.0, 1.322],
[1641821400.0, 1.344],
[1641907800.0, 1.456],
[1641994200.0, 1.422],
[1642080600.0, 1.416],
[1642167000.0, 1.24],
[1642253400.0, 1.366],
[1642339800.0, 1.416],
[1642426200.0, 1.352],
[1642512600.0, 1.292],
[1642599000.0, 1.4259999999999997],
[1642685400.0, 1.39],
[1642771800.0, 1.552],
[1642858200.0, 1.456],
[1642944600.0, 1.4840000000000002],
[1643031000.0, 1.4680000000000002],
[1643117400.0, 1.508],
[1643203800.0, 1.496],
[1643290200.0, 1.4320000000000002],
[1643376600.0, 1.378],
[1643463000.0, 1.48],
[1643549400.0, 1.412],
[1643635800.0, 1.412],
[1643722200.0, 1.412],
[1643808600.0, 1.4220000000000002],
[1643895000.0, 1.27],
[1643981400.0, 1.222],
[1644067800.0, 1.4140000000000001],
[1644154200.0, 1.3],
[1644240600.0, 1.3060000000000003],
[1644327000.0, 1.2480000000000002],
[1644413400.0, 1.314],
[1644499800.0, 1.314],
[1644586200.0, 1.332],
[1644672600.0, 1.332],
[1644759000.0, 1.466],
[1644845400.0, 1.3279999999999998],
[1644931800.0, 1.37],
[1645018200.0, 1.364],
[1645104600.0, 1.3940000000000001],
[1645191000.0, 1.4],
[1645277400.0, 1.4],
[1645363800.0, 1.2320000000000002],
[1645450200.0, 1.296],
[1645536600.0, 1.3940000000000001],
[1645623000.0, 1.364],
[1645709400.0, 1.3820000000000001],
[1645795800.0, 1.372],
[1645882200.0, 1.2879999999999998],
[1645968600.0, 1.3739999999999999],
[1646055000.0, 1.316],
[1646141400.0, 1.218],
[1646227800.0, 1.254],
[1646314200.0, 1.1800000000000002],
[1646400600.0, 1.1940000000000002],
[1646487000.0, 1.2200000000000002],
[1646573400.0, 1.22],
[1646659800.0, 1.1760000000000002],
[1646746200.0, 1.2060000000000002],
[1646832600.0, 1.262],
[1646919000.0, 1.262],
[1647005400.0, 1.2540000000000002],
[1647091800.0, 1.22],
[1647178200.0, 1.1680000000000001],
[1647264600.0, 1.328],
[1647351000.0, 1.2200000000000002],
[1647437400.0, 1.03],
[1647523800.0, 1.1720000000000002],
[1647610200.0, 1.128],
[1647696600.0, 1.2600000000000002],
[1647783000.0, 1.3399999999999999],
[1647869400.0, 1.214],
[1647955800.0, 1.28],
[1648042200.0, 1.356],
[1648128600.0, 1.3080000000000003],
[1648215000.0, 1.3040000000000003],
[1648301400.0, 1.4140000000000001],
[1648387800.0, 1.3379999999999999],
[1648474200.0, 1.25],
[1648560600.0, 1.266],
[1648647000.0, 1.434],
[1648733400.0, 1.44],
[1648819800.0, 1.5040000000000002],
[1648906200.0, 1.486],
[1648996200.0, 1.684],
[1649082600.0, 1.7420000000000002],
[1649169000.0, 1.7100000000000002],
[1649255400.0, 1.766],
[1649341800.0, 1.764],
[1649428200.0, 1.734],
[1649514600.0, 1.3799999999999997],
[1649601000.0, 1.3679999999999999],
[1649687400.0, 1.504],
[1649773800.0, 1.3960000000000001],
[1649860200.0, 1.4380000000000002],
[1649946600.0, 1.624],
[1650033000.0, 1.58],
[1650119400.0, 1.6220000000000003],
[1650205800.0, 1.7420000000000002],
[1650292200.0, 1.6019999999999999],
[1650378600.0, 1.616],
[1650465000.0, 1.636],
[1650551400.0, 1.636],
[1650637800.0, 1.636],
[1650724200.0, 1.58],
[1650810600.0, 1.596],
[1650897000.0, 1.598],
[1650983400.0, 1.6660000000000004],
[1651069800.0, 1.686],
[1651156200.0, 1.732],
[1651242600.0, 1.732],
[1651329000.0, 1.732],
[1651415400.0, 1.7440000000000002],
[1651501800.0, 1.7020000000000004],
[1651588200.0, 1.688],
[1651674600.0, 1.5719999999999998],
[1651761000.0, 1.486],
[1651847400.0, 1.438],
[1651933800.0, 1.412],
[1652020200.0, 1.412],
[1652106600.0, 1.6119999999999997],
[1652193000.0, 1.5560000000000003],
[1652279400.0, 1.5420000000000003],
[1652365800.0, 1.6],
[1652452200.0, 1.582],
[1652538600.0, 1.61],
[1652625000.0, 1.6640000000000001],
[1652711400.0, 1.6],
[1652797800.0, 1.592],
[1652884200.0, 1.596],
[1652970600.0, 1.5459999999999998],
[1653057000.0, 1.5100000000000002],
[1653143400.0, 1.47],
[1653229800.0, 1.472],
[1653316200.0, 1.408],
[1653402600.0, 1.586],
[1653489000.0, 1.554],
[1653575400.0, 1.61],
[1653661800.0, 1.6],
[1653748200.0, 1.6179999999999999],
[1653834600.0, 1.612],
[1653921000.0, 1.598],
[1654007400.0, 1.566],
[1654093800.0, 1.524],
[1654180200.0, 1.528],
[1654266600.0, 1.5999999999999999],
[1654353000.0, 1.3960000000000004],
[1654439400.0, 1.45],
[1654525800.0, 1.5559999999999998],
[1654612200.0, 1.5580000000000003],
[1654698600.0, 1.58],
[1654785000.0, 1.564],
[1654871400.0, 1.3560000000000003],
[1654957800.0, 1.3560000000000003],
[1655044200.0, 1.3780000000000001],
[1655130600.0, 1.346],
[1655217000.0, 1.4220000000000002],
[1655303400.0, 1.4260000000000002],
[1655389800.0, 1.4000000000000001],
[1655476200.0, 1.56],
[1655562600.0, 1.502],
[1655649000.0, 1.55],
[1655735400.0, 1.4060000000000001],
[1655821800.0, 1.41],
[1655908200.0, 1.4360000000000002],
[1655994600.0, 1.44],
[1656081000.0, 1.364],
[1656167400.0, 1.5220000000000002],
[1656253800.0, 1.4300000000000002],
[1656340200.0, 1.536],
[1656426600.0, 1.52],
[1656513000.0, 1.4860000000000002],
[1656599400.0, 1.488],
[1656685800.0, 1.45],
[1656772200.0, 1.4080000000000001],
[1656858600.0, 1.456],
[1656945000.0, 1.4020000000000001],
[1657031400.0, 1.25],
[1657117800.0, 1.246],
[1657204200.0, 1.1960000000000002],
[1657290600.0, 1.35],
[1657377000.0, 1.3000000000000003],
[1657463400.0, 1.318],
[1657549800.0, 1.306],
[1657636200.0, 1.354],
[1657722600.0, 1.266],
[1657809000.0, 1.264],
[1657895400.0, 1.2600000000000002],
[1657981800.0, 1.25],
[1658068200.0, 1.276],
[1658154600.0, 1.26],
[1658241000.0, 1.258],
[1658327400.0, 1.2999999999999998],
[1658413800.0, 1.23],
[1658500200.0, 1.256],
[1658586600.0, 1.256],
[1658673000.0, 1.27],
[1658759400.0, 1.226],
[1658845800.0, 1.3080000000000003],
[1658932200.0, 1.31],
[1659018600.0, 1.298],
[1659105000.0, 1.2120000000000002],
[1659191400.0, 1.1940000000000002],
[1659277800.0, 1.206],
[1659364200.0, 1.224],
[1659450600.0, 1.2319999999999998],
[1659537000.0, 1.306],
[1659623400.0, 1.1999999999999997],
[1659709800.0, 1.1280000000000001],
[1659796200.0, 1.328],
[1659882600.0, 1.1440000000000001],
[1659969000.0, 1.0459999999999998],
[1660055400.0, 1.112],
[1660141800.0, 1.1],
[1660228200.0, 1.27],
[1660314600.0, 1.2899999999999998],
[1660401000.0, 1.2899999999999998],
[1660487400.0, 1.2899999999999998],
[1660573800.0, 1.2899999999999998],
[1660660200.0, 1.2580000000000002],
[1660746600.0, 1.42],
[1660833000.0, 1.3779999999999997],
[1660919400.0, 1.3000000000000003],
[1661005800.0, 1.372],
[1661092200.0, 1.374],
[1661178600.0, 1.342],
[1661265000.0, 1.31],
[1661351400.0, 1.31],
[1661437800.0, 1.2720000000000002],
[1661524200.0, 1.332],
[1661610600.0, 1.326],
[1661697000.0, 1.328],
[1661783400.0, 1.226],
[1661869800.0, 1.3199999999999998],
[1661956200.0, 1.286],
[1662042600.0, 1.24],
[1662129000.0, 1.274],
[1662215400.0, 1.2520000000000002],
[1662301800.0, 1.1960000000000002],
[1662388200.0, 1.1700000000000002],
[1662474600.0, 1.19],
[1662561000.0, 1.24],
[1662647400.0, 1.26],
[1662733800.0, 1.258],
[1662820200.0, 1.068],
[1662906600.0, 1.054],
[1662993000.0, 1.062],
[1663079400.0, 1.132],
[1663165800.0, 1.132],
[1663252200.0, 1.132],
[1663338600.0, 1.1019999999999999],
[1663425000.0, 1.23],
[1663511400.0, 1.4600000000000002],
[1663597800.0, 1.4900000000000002],
[1663684200.0, 1.3940000000000001],
[1663770600.0, 1.4180000000000004],
[1663857000.0, 1.4180000000000004],
[1663943400.0, 1.4360000000000004],
[1664029800.0, 1.4880000000000002],
[1664116200.0, 1.432],
[1664202600.0, 1.324],
[1664289000.0, 1.324],
[1664375400.0, 1.3],
[1664461800.0, 1.266],
[1664548200.0, 1.3439999999999999],
[1664634600.0, 1.3679999999999999],
[1664717400.0, 1.3739999999999999],
[1664803800.0, 1.378],
[1664890200.0, 1.342],
[1664976600.0, 1.3169650309822856],
[1665063000.0, 1.3161089953948646],
[1665149400.0, 1.436],
[1665235800.0, 1.358],
[1665322200.0, 1.368],
[1665408600.0, 1.3980000000000001],
[1665495000.0, 1.4440000000000002],
[1665581400.0, 1.5],
[1665667800.0, 1.464],
[1665754200.0, 1.546],
[1665840600.0, 1.5419999999999998],
[1665927000.0, 1.5159999999999998],
[1666013400.0, 1.518],
[1666099800.0, 1.544],
[1666186200.0, 1.4900000000000002],
[1666272600.0, 1.5060000000000002],
[1666359000.0, 1.48],
[1666445400.0, 1.406],
[1666531800.0, 1.39],
[1666618200.0, 1.4],
[1666704600.0, 1.3579999999999999],
[1666791000.0, 1.3579999999999999],
[1666877400.0, 1.4300000000000002],
[1666963800.0, 1.4280000000000002],
[1667050200.0, 1.27],
[1667136600.0, 1.27],
[1667223000.0, 1.2280000000000002],
[1667309400.0, 1.256],
[1667395800.0, 1.232],
[1667482200.0, 1.28],
[1667568600.0, 1.2580000000000002],
[1667655000.0, 1.864309582348809],
[1667741400.0, 1.558],
[1667827800.0, 1.6540000000000004],
[1667914200.0, 1.6920000000000002],
[1668000600.0, 1.6520000000000004],
[1668087000.0, 1.636],
[1668173400.0, 1.6],
[1668259800.0, 1.476],
[1668346200.0, 1.4760000000000002],
[1668432600.0, 1.5060000000000002],
[1668519000.0, 1.5060000000000002],
[1668605400.0, 1.582],
[1668691800.0, 1.4780000000000002],
[1668778200.0, 1.4780000000000002],
[1668864600.0, 1.404],
[1668951000.0, 1.452],
[1669037400.0, 1.34],
[1669123800.0, 1.34],
[1669210200.0, 1.516],
[1669296600.0, 1.448],
[1669383000.0, 1.4100000000000001],
[1669469400.0, 1.4100000000000001],
[1669555800.0, 1.4420000000000002],
[1669642200.0, 1.6239999999999999],
[1669728600.0, 1.5699999999999998],
[1669815000.0, 1.616],
[1669901400.0, 1.616],
[1669987800.0, 1.562],
[1670074200.0, 1.624],
[1670160600.0, 1.5260000000000002],
[1670247000.0, 1.528],
[1670333400.0, 1.6019999999999999],
[1670419800.0, 1.624],
[1670506200.0, 1.624],
[1670592600.0, 1.6260000000000001],
[1670679000.0, 1.6640000000000001],
[1670765400.0, 1.6640000000000001],
[1670851800.0, 1.7120000000000002],
[1670938200.0, 1.674],
[1671024600.0, 1.7079999999999997],
[1671111000.0, 1.686],
[1671197400.0, 1.508],
[1671283800.0, 1.4860000000000002],
[1671370200.0, 1.4860000000000002],
[1671456600.0, 1.6060000000000003],
[1671543000.0, 1.5740000000000003],
[1671629400.0, 1.5719999999999998],
[1671715800.0, 1.5280000000000002],
[1671802200.0, 1.574],
[1671888600.0, 1.3300000000000003],
[1671975000.0, 1.332],
[1672061400.0, 1.2580000000000002],
[1672147800.0, 1.278],
[1672234200.0, 1.278],
[1672320600.0, 1.3539999999999999],
[1672407000.0, 1.3539999999999999],
[1672493400.0, 1.3659999999999999],
[1672579800.0, 1.3659999999999999],
[1672666200.0, 1.3639999999999999],
[1672752600.0, 1.3639999999999999],
[1672839000.0, 1.5000000000000002],
[1672925400.0, 1.4740000000000002],
[1673011800.0, 1.4500000000000002],
[1673098200.0, 1.448],
[1673184600.0, 1.45],
[1673271000.0, 1.45],
[1673357400.0, 1.3519999999999999],
[1673443800.0, 1.374],
[1673530200.0, 1.3619999999999999],
[1673616600.0, 1.624],
[1673703000.0, 1.53],
[1673789400.0, 1.564],
[1673875800.0, 1.668],
[1673962200.0, 1.6280000000000001],
[1674048600.0, 1.6620000000000001],
[1674135000.0, 1.666],
[1674221400.0, 1.6260000000000001],
[1674307800.0, 1.6260000000000001],
[1674394200.0, 1.56],
[1674480600.0, 1.5379999999999998],
[1674567000.0, 1.568],
[1674653400.0, 1.496],
[1674739800.0, 1.448],
[1674826200.0, 1.4420000000000002],
[1674912600.0, 1.5220000000000002],
[1674999000.0, 1.516],
[1675085400.0, 1.466],
[1675171800.0, 1.6],
[1675258200.0, 1.6460000000000001],
[1675344600.0, 1.6300000000000001],
[1675431000.0, 1.6720000000000002],
[1675517400.0, 1.6300000000000001],
[1675603800.0, 1.6300000000000001],
[1675690200.0, 1.6860000000000004],
[1675776600.0, 1.6560000000000001],
[1675863000.0, 1.6560000000000001],
[1675949400.0, 1.6560000000000001],
