[1635773400.0, 1.9429378],
[1635859800.0, 1.933738],
[1635946200.0, 1.9465193333333335],
[1636032600.0, 1.9005077333333336],
[1636119000.0, 1.9162714666666665],
[1636205400.0, 1.8941116000000002],
[1636291800.0, 1.9004844],
[1636378200.0, 1.9533300000000005],
[1636464600.0, 1.9174614000000003],
[1636551000.0, 1.9266646666666667],
[1636637400.0, 1.8766032666666668],
[1636723800.0, 1.873646866666667],
[1636810200.0, 1.9019902666666668],
[1636896600.0, 1.9500449333333336],
[1636983000.0, 1.9455966666666669],
[1637069400.0, 1.9604754000000002],
[1637155800.0, 1.9540990666666669],
[1637242200.0, 1.9924218666666669],
[1637328600.0, 2.0542218],
[1637415000.0, 2.0535355333333336],
[1637501400.0, 1.997559266666667],
[1637587800.0, 2.021448133333333],
[1637674200.0, 2.013619933333333],
[1637760600.0, 2.0561897333333334],
[1637847000.0, 2.0369794000000003],
[1637933400.0, 2.023304066666667],
[1638019800.0, 2.0063006666666667],
[1638106200.0, 2.005337066666667],
[1638192600.0, 2.036033066666667],
[1638279000.0, 2.081636466666667],
[1638365400.0, 2.090196066666667],
[1638451800.0, 2.0694751333333334],
[1638538200.0, 2.068274133333334],
[1638624600.0, 2.0748710666666668],
[1638711000.0, 2.0990178],
[1638797400.0, 2.1165073333333337],
[1638883800.0, 2.0868675333333333],
[1638970200.0, 2.0788952],
[1639056600.0, 2.1214033333333333],
[1639143000.0, 2.0996294],
[1639229400.0, 2.120937066666667],
[1639315800.0, 2.1134441333333336],
[1639402200.0, 2.1265728],
[1639488600.0, 2.1455330000000004],
[1639575000.0, 2.1809012666666665],
[1639661400.0, 2.2044976000000003],
[1639747800.0, 2.2004322666666667],
[1639834200.0, 2.1891511333333336],
[1639920600.0, 2.200526733333333],
[1640007000.0, 2.1824542],
[1640093400.0, 2.2324099333333334],
[1640179800.0, 2.2488292],
[1640266200.0, 2.2187583333333336],
[1640352600.0, 2.255614533333334],
[1640439000.0, 2.2296949333333336],
[1640525400.0, 2.219191933333333],
[1640611800.0, 2.2173198666666667],
[1640698200.0, 2.2108594666666668],
[1640784600.0, 2.2222796666666667],
[1640871000.0, 2.2287736000000002],
[1640957400.0, 2.2388855333333333],
[1641043800.0, 2.2427624],
[1641130200.0, 2.2268852],
[1641216600.0, 2.2084060666666665],
[1641303000.0, 2.2026863333333333],
[1641389400.0, 2.192950333333333],
[1641475800.0, 2.2016815333333337],
[1641562200.0, 2.1736762],
[1641648600.0, 2.179986066666667],
[1641735000.0, 2.1843187333333334],
[1641821400.0, 2.185425066666667],
[1641907800.0, 2.1649271333333338],
[1641994200.0, 2.1825244],
[1642080600.0, 2.155064066666667],
[1642167000.0, 2.1985532666666665],
[1642253400.0, 2.2038373333333334],
[1642339800.0, 2.2238990666666667],
[1642426200.0, 2.204152066666667],
[1642512600.0, 2.1959238666666674],
[1642599000.0, 2.2170028],
[1642685400.0, 2.226376266666667],
[1642771800.0, 2.2493301333333338],
[1642858200.0, 2.274619866666667],
[1642944600.0, 2.2857640000000004],
[1643031000.0, 2.2917642000000003],
[1643117400.0, 2.266387266666667],
[1643203800.0, 2.353699666666667],
[1643290200.0, 2.3836391333333338],
[1643376600.0, 2.3955444],
[1643463000.0, 2.4477322000000004],
[1643549400.0, 2.4815771333333334],
[1643635800.0, 2.4815771333333334],
[1643722200.0, 2.4815771333333334],
[1643808600.0, 2.5138218],
[1643895000.0, 2.5377373333333337],
[1643981400.0, 2.5115547333333335],
[1644067800.0, 2.489343266666667],
[1644154200.0, 2.4259012666666666],
[1644240600.0, 2.3936744],
[1644327000.0, 2.3809261333333334],
[1644413400.0, 2.3457285333333333],
[1644499800.0, 2.432661466666667],
[1644586200.0, 2.4081595333333334],
[1644672600.0, 2.4016153333333334],
[1644759000.0, 2.3674620666666666],
[1644845400.0, 2.4490925333333333],
[1644931800.0, 2.4612792666666667],
[1645018200.0, 2.501224066666667],
[1645104600.0, 2.5503829333333337],
[1645191000.0, 2.5151678],
[1645277400.0, 2.5197659333333333],
[1645363800.0, 2.6081024000000004],
[1645450200.0, 2.597829866666667],
[1645536600.0, 2.5822773333333333],
[1645623000.0, 2.5986283333333335],
[1645709400.0, 2.6274499333333337],
[1645795800.0, 2.614224333333333],
[1645882200.0, 2.58578],
[1645968600.0, 2.590742066666667],
[1646055000.0, 2.5173765333333336],
[1646141400.0, 2.5055194000000003],
[1646227800.0, 2.5120277333333334],
[1646314200.0, 2.5270772000000004],
[1646400600.0, 2.558127266666667],
[1646487000.0, 2.5471040666666673],
[1646573400.0, 2.5227724666666673],
[1646659800.0, 2.495357133333333],
[1646746200.0, 2.5571372],
[1646832600.0, 2.511196733333333],
[1646919000.0, 2.4809482666666667],
[1647005400.0, 2.4282216],
[1647091800.0, 2.479280466666667],
[1647178200.0, 2.421056666666667],
[1647264600.0, 2.3929660000000004],
[1647351000.0, 2.4332904],
[1647437400.0, 2.454929266666667],
[1647523800.0, 2.4420566000000004],
[1647610200.0, 2.4309746000000003],
[1647696600.0, 2.493067866666667],
[1647783000.0, 2.4642641333333333],
[1647869400.0, 2.6108527333333336],
[1647955800.0, 2.5833892],
[1648042200.0, 2.5848856666666666],
[1648128600.0, 2.651575466666667],
[1648215000.0, 2.6248572000000006],
[1648301400.0, 2.5591318666666667],
[1648387800.0, 2.5454666],
[1648474200.0, 2.516864],
[1648560600.0, 2.5370851333333335],
[1648647000.0, 2.5716086666666667],
[1648733400.0, 2.5960858666666664],
