[1635773400.0, 0.31319936666666665],
[1635859800.0, 0.31468978333333336],
[1635946200.0, 0.3088057],
[1636032600.0, 0.31556206666666675],
[1636119000.0, 0.32596826666666673],
[1636205400.0, 0.31807953333333333],
[1636291800.0, 0.31611421666666667],
[1636378200.0, 0.31459195],
[1636464600.0, 0.31105638333333335],
[1636551000.0, 0.3133189166666667],
[1636637400.0, 0.31082625],
[1636723800.0, 0.32080555],
[1636810200.0, 0.3204352333333334],
[1636896600.0, 0.33166151666666666],
[1636983000.0, 0.32517175000000004],
[1637069400.0, 0.31810606666666674],
[1637155800.0, 0.32689621666666674],
[1637242200.0, 0.34068459999999995],
[1637328600.0, 0.35613821666666673],
[1637415000.0, 0.34940600000000005],
[1637501400.0, 0.34955093333333337],
[1637587800.0, 0.3542516166666667],
[1637674200.0, 0.3336803333333333],
[1637760600.0, 0.32120655000000004],
[1637847000.0, 0.3311980500000001],
[1637933400.0, 0.34133656666666673],
[1638019800.0, 0.34200616666666667],
[1638106200.0, 0.33447648333333335],
[1638192600.0, 0.3366088666666667],
[1638279000.0, 0.3393349833333334],
[1638365400.0, 0.33929638333333334],
[1638451800.0, 0.3493096666666667],
[1638538200.0, 0.33911006666666665],
[1638624600.0, 0.32822625],
[1638711000.0, 0.3284821666666667],
[1638797400.0, 0.3238921166666667],
[1638883800.0, 0.3291399666666667],
[1638970200.0, 0.33643740000000005],
[1639056600.0, 0.35245725000000006],
[1639143000.0, 0.36387076666666673],
[1639229400.0, 0.3581244166666666],
[1639315800.0, 0.3485925666666667],
[1639402200.0, 0.35107796666666663],
[1639488600.0, 0.35044448333333333],
[1639575000.0, 0.3568194666666667],
[1639661400.0, 0.35152278333333337],
[1639747800.0, 0.3670172333333333],
[1639834200.0, 0.3447026166666667],
[1639920600.0, 0.36311788333333334],
[1640007000.0, 0.37252935000000004],
[1640093400.0, 0.36428583333333336],
[1640179800.0, 0.36964344999999993],
[1640266200.0, 0.39178160000000006],
[1640352600.0, 0.37336541666666667],
[1640439000.0, 0.3642737166666667],
[1640525400.0, 0.3552844833333333],
[1640611800.0, 0.35124485000000005],
[1640698200.0, 0.34578020000000004],
[1640784600.0, 0.33966579999999996],
[1640871000.0, 0.34560660000000004],
[1640957400.0, 0.3491748833333334],
[1641043800.0, 0.34787831666666663],
[1641130200.0, 0.3537013833333334],
[1641216600.0, 0.35157185],
[1641303000.0, 0.3463180166666667],
[1641389400.0, 0.34123138333333336],
[1641475800.0, 0.3428227],
[1641562200.0, 0.34436133333333335],
[1641648600.0, 0.3468145166666667],
[1641735000.0, 0.33856115000000003],
[1641821400.0, 0.34534355],
[1641907800.0, 0.34079226666666673],
[1641994200.0, 0.34295383333333335],
[1642080600.0, 0.3529608],
[1642167000.0, 0.3507992166666667],
[1642253400.0, 0.35531165],
[1642339800.0, 0.34749315000000003],
[1642426200.0, 0.3536491000000001],
[1642512600.0, 0.35346675],
[1642599000.0, 0.35646879999999986],
[1642685400.0, 0.3819799333333334],
[1642771800.0, 0.36719670000000004],
[1642858200.0, 0.36700975],
[1642944600.0, 0.37904270000000007],
[1643031000.0, 0.3803531500000001],
[1643117400.0, 0.37825518333333336],
[1643203800.0, 0.38774138333333347],
[1643290200.0, 0.3821172666666666],
[1643376600.0, 0.38321175],
[1643463000.0, 0.3952035833333334],
[1643549400.0, 0.38062681666666665],
[1643635800.0, 0.38062681666666665],
[1643722200.0, 0.38062681666666665],
[1643808600.0, 0.40243515],
[1643895000.0, 0.4160399166666667],
[1643981400.0, 0.4018191833333334],
[1644067800.0, 0.3906681666666667],
[1644154200.0, 0.3910755666666667],
[1644240600.0, 0.3798430833333333],
[1644327000.0, 0.38412369999999996],
[1644413400.0, 0.36772240000000006],
[1644499800.0, 0.3861118333333333],
[1644586200.0, 0.3872117],
[1644672600.0, 0.3843120666666667],
[1644759000.0, 0.38020205],
[1644845400.0, 0.4006223833333334],
[1644931800.0, 0.39604065],
[1645018200.0, 0.4038688166666667],
[1645104600.0, 0.41192090000000015],
[1645191000.0, 0.4075231000000001],
[1645277400.0, 0.4140833166666667],
[1645363800.0, 0.4081620000000001],
[1645450200.0, 0.40562308333333336],
[1645536600.0, 0.41517906666666676],
[1645623000.0, 0.4204341833333334],
[1645709400.0, 0.4119263166666667],
[1645795800.0, 0.42269120000000004],
[1645882200.0, 0.4121799166666667],
[1645968600.0, 0.4116628666666668],
[1646055000.0, 0.41065181666666667],
[1646141400.0, 0.4108578166666667],
[1646227800.0, 0.40125625000000004],
[1646314200.0, 0.40860173333333333],
[1646400600.0, 0.4235563333333334],
[1646487000.0, 0.41166710000000006],
[1646573400.0, 0.4005356666666667],
[1646659800.0, 0.39450933333333343],
[1646746200.0, 0.3903340666666666],
[1646832600.0, 0.39351313333333343],
[1646919000.0, 0.38892088333333336],
[1647005400.0, 0.4096702833333334],
[1647091800.0, 0.3999602333333334],
[1647178200.0, 0.3969586333333334],
[1647264600.0, 0.3781859],
[1647351000.0, 0.37505438333333335],
[1647437400.0, 0.37569158333333336],
[1647523800.0, 0.38546463333333336],
[1647610200.0, 0.3868106166666667],
[1647696600.0, 0.39079386666666666],
[1647783000.0, 0.3850373333333334],
[1647869400.0, 0.3905695833333334],
[1647955800.0, 0.39332380000000006],
[1648042200.0, 0.3947799666666667],
[1648128600.0, 0.39055808333333336],
[1648215000.0, 0.39588646666666677],
[1648301400.0, 0.40121886666666673],
[1648387800.0, 0.3955449666666668],
[1648474200.0, 0.39535918333333336],
[1648560600.0, 0.38711013333333333],
[1648647000.0, 0.39115141666666675],
[1648733400.0, 0.3831581166666667],
[1648819800.0, 0.3822101666666667],
[1648906200.0, 0.3888085833333334],
[1648996200.0, 0.3805516500000001],
[1649082600.0, 0.38911165000000003],
[1649169000.0, 0.3826682833333334],
[1649255400.0, 0.38088970000000005],
[1649341800.0, 0.38969528333333336],
[1649428200.0, 0.38279671666666676],
[1649514600.0, 0.3824546666666666],
[1649601000.0, 0.3824546666666666],
[1649687400.0, 0.3824546666666666],
[1649773800.0, 0.3824546666666666],
[1649860200.0, 0.3824546666666666],
[1649946600.0, 0.3926495833333334],
[1650033000.0, 0.38692514324499827],
[1650119400.0, 0.40069226666666663],
[1650205800.0, 0.3895431500000001],
[1650292200.0, 0.38543970000000005],
[1650378600.0, 0.38820545000000006],
[1650465000.0, 0.37871773333333336],
[1650551400.0, 0.37871773333333336],
[1650637800.0, 0.37871773333333336],
[1650724200.0, 0.3764279166666668],
[1650810600.0, 0.3762374166666668],
[1650897000.0, 0.3751512333333334],
[1650983400.0, 0.38261759999999995],
[1651069800.0, 0.3797848833333333],
[1651156200.0, 0.3706746666666667],
[1651242600.0, 0.3784893333333333],
[1651329000.0, 0.37281151666666673],
[1651415400.0, 0.36882975],
[1651501800.0, 0.3699413833333332],
[1651588200.0, 0.37102518333333334],
[1651674600.0, 0.37931586666666667],
[1651761000.0, 0.3690188833333334],
[1651847400.0, 0.36182756666666677],
[1651933800.0, 0.3528193],
[1652020200.0, 0.3507849166666667],
[1652106600.0, 0.34872300000000006],
[1652193000.0, 0.3397732166666667],
[1652279400.0, 0.3374591833333333],
[1652365800.0, 0.33647165],
[1652452200.0, 0.3285565000000001],
[1652538600.0, 0.32732626666666675],
[1652625000.0, 0.31703260000000005],
[1652711400.0, 0.3216476666666667],
[1652797800.0, 0.3221885666666667],
[1652884200.0, 0.3186516833333333],
[1652970600.0, 0.31868008333333336],
[1653057000.0, 0.32169536666666665],
[1653143400.0, 0.3141270833333334],
[1653229800.0, 0.3148319666666667],
[1653316200.0, 0.32575236666666674],
[1653402600.0, 0.3208689666666667],
[1653489000.0, 0.31967646666666666],
[1653575400.0, 0.31793816666666674],
[1653661800.0, 0.3120839333333334],
[1653748200.0, 0.30842088333333334],
[1653834600.0, 0.30979433333333334],
[1653921000.0, 0.3028520333333334],
[1654007400.0, 0.3126266833333334],
[1654093800.0, 0.31229745000000003],
[1654180200.0, 0.31595475000000006],
[1654266600.0, 0.3187372333333333],
[1654353000.0, 0.32274738333333336],
[1654439400.0, 0.3182954166666667],
[1654525800.0, 0.3123856333333334],
[1654612200.0, 0.3101276],
[1654698600.0, 0.3050671833333333],
[1654785000.0, 0.3188268666666667],
[1654871400.0, 0.3254457666666667],
[1654957800.0, 0.3302839166666666],
[1655044200.0, 0.3206794666666667],
[1655130600.0, 0.32063346666666664],
[1655217000.0, 0.32429841666666664],
[1655303400.0, 0.313214],
[1655389800.0, 0.31831295000000004],
[1655476200.0, 0.3287020333333333],
[1655562600.0, 0.31726186666666667],
[1655649000.0, 0.31997741666666674],
[1655735400.0, 0.32401508333333334],
[1655821800.0, 0.32836703333333334],
[1655908200.0, 0.32331681666666673],
[1655994600.0, 0.32653205],
[1656081000.0, 0.32748795],
[1656167400.0, 0.3266551166666667],
[1656253800.0, 0.33840256666666674],
[1656340200.0, 0.3249177833333333],
[1656426600.0, 0.3154398],
[1656513000.0, 0.31563693333333337],
[1656599400.0, 0.3204858833333334],
[1656685800.0, 0.32085878333333334],
[1656772200.0, 0.31560780000000005],
[1656858600.0, 0.31636626666666673],
[1656945000.0, 0.3230931833333333],
[1657031400.0, 0.33009743333333336],
[1657117800.0, 0.3247433333333334],
[1657204200.0, 0.33007895000000004],
[1657290600.0, 0.33224021666666664],
[1657377000.0, 0.32539635],
[1657463400.0, 0.32547573333333335],
[1657549800.0, 0.3296589833333334],
[1657636200.0, 0.33078435000000006],
[1657722600.0, 0.31957401666666674],
[1657809000.0, 0.3183619833333334],
[1657895400.0, 0.31661955],
[1657981800.0, 0.31278900000000004],
[1658068200.0, 0.31406134999999996],
[1658154600.0, 0.32376225],
[1658241000.0, 0.3244287333333334],
[1658327400.0, 0.32943538333333333],
[1658413800.0, 0.3245271],
[1658500200.0, 0.3266174333333333],
[1658586600.0, 0.32402048333333333],
[1658673000.0, 0.32415035],
[1658759400.0, 0.3199015166666667],
[1658845800.0, 0.3289462333333334],
[1658932200.0, 0.3322637333333333],
[1659018600.0, 0.3271218333333334],
[1659105000.0, 0.3301246],
[1659191400.0, 0.3257333666666667],
[1659277800.0, 0.33094313333333336],
[1659364200.0, 0.33548170000000005],
[1659450600.0, 0.33254743333333336],
[1659537000.0, 0.3404745],
[1659623400.0, 0.34645353333333334],
[1659709800.0, 0.3371215666666667],
[1659796200.0, 0.3506131833333333],
[1659882600.0, 0.35651925000000007],
[1659969000.0, 0.3632429666666668],
[1660055400.0, 0.37478871666666674],
[1660141800.0, 0.3821662833333333],
[1660228200.0, 0.3708362166666667],
[1660314600.0, 0.3611857666666667],
[1660401000.0, 0.3611857666666667],
[1660487400.0, 0.3611857666666667],
[1660573800.0, 0.3611857666666667],
[1660660200.0, 0.3539667],
[1660746600.0, 0.36454293333333326],
[1660833000.0, 0.3656807833333333],
[1660919400.0, 0.3699335166666667],
[1661005800.0, 0.3682912333333334],
[1661092200.0, 0.3667464333333334],
[1661178600.0, 0.3796425833333334],
[1661265000.0, 0.37568823333333334],
[1661351400.0, 0.3744123],
[1661437800.0, 0.37319145000000004],
[1661524200.0, 0.3687540333333334],
[1661610600.0, 0.3728935833333334],
[1661697000.0, 0.37469821666666675],
[1661783400.0, 0.3778723000000001],
[1661869800.0, 0.3766097666666666],
[1661956200.0, 0.3693885666666667],
[1662042600.0, 0.3752811833333333],
[1662129000.0, 0.37199135],
[1662215400.0, 0.3836069],
[1662301800.0, 0.3789387833333333],
[1662388200.0, 0.37497876666666663],
[1662474600.0, 0.3790565166666667],
[1662561000.0, 0.3739687166666667],
[1662647400.0, 0.3688904500000001],
[1662733800.0, 0.38141543333333333],
[1662820200.0, 0.3791327500000001],
[1662906600.0, 0.3777786],
[1662993000.0, 0.37069725000000003],
[1663079400.0, 0.3774142833333334],
[1663165800.0, 0.37025821666666675],
[1663252200.0, 0.37699503333333334],
[1663338600.0, 0.38299690000000003],
[1663425000.0, 0.3768918000000001],
[1663511400.0, 0.37284616666666665],
[1663597800.0, 0.3822839833333334],
[1663684200.0, 0.37959936666666677],
[1663770600.0, 0.3835165333333334],
[1663857000.0, 0.38853495],
[1663943400.0, 0.37905300000000003],
[1664029800.0, 0.3819203666666667],
[1664116200.0, 0.37299400000000005],
[1664202600.0, 0.3756935666666666],
[1664289000.0, 0.3719917],
[1664375400.0, 0.3726337333333334],
[1664461800.0, 0.37613615],
[1664548200.0, 0.38789696666666673],
[1664634600.0, 0.3998338000000001],
[1664717400.0, 0.3941683166666666],
[1664803800.0, 0.40284808333333344],
[1664890200.0, 0.4026198999999999],
[1664976600.0, 0.40169235000000003],
[1665063000.0, 0.3928816166666667],
[1665149400.0, 0.39001646666666673],
[1665235800.0, 0.3894795833333333],
[1665322200.0, 0.38698688333333336],
[1665408600.0, 0.38330668333333334],
[1665495000.0, 0.38584274999999996],
[1665581400.0, 0.37643543333333335],
[1665667800.0, 0.37970815000000013],
[1665754200.0, 0.37557961666666667],
[1665840600.0, 0.3781974666666667],
[1665927000.0, 0.37977068333333336],
[1666013400.0, 0.37485648333333343],
[1666099800.0, 0.37452595],
[1666186200.0, 0.3702138666666667],
[1666272600.0, 0.37450178333333345],
[1666359000.0, 0.38017218333333336],
[1666445400.0, 0.37260658333333335],
[1666531800.0, 0.37478949999999994],
[1666618200.0, 0.3675437000000001],
[1666704600.0, 0.37400878333333337],
[1666791000.0, 0.36997433333333335],
[1666877400.0, 0.37669995000000006],
[1666963800.0, 0.3754170666666667],
[1667050200.0, 0.3705290666666667],
[1667136600.0, 0.36343768333333343],
[1667223000.0, 0.3715280833333334],
[1667309400.0, 0.3793622833333334],
[1667395800.0, 0.3775800166666667],
[1667482200.0, 0.39826815],
[1667568600.0, 0.3829928],
[1667655000.0, 0.3811175666666667],
[1667741400.0, 0.3825279833333333],
[1667827800.0, 0.39003951666666675],
[1667914200.0, 0.37746608333333337],
[1668000600.0, 0.37808978333333326],
[1668087000.0, 0.3797938833333334],
[1668173400.0, 0.3927817],
[1668259800.0, 0.39466300000000004],
[1668346200.0, 0.38396206666666677],
[1668432600.0, 0.38897585],
[1668519000.0, 0.3901160666666666],
[1668605400.0, 0.3908122333333334],
[1668691800.0, 0.39240264999999996],
[1668778200.0, 0.38580488333333335],
[1668864600.0, 0.4021812],
[1668951000.0, 0.40270294999999995],
[1669037400.0, 0.4004147833333333],
[1669123800.0, 0.39906329999999995],
[1669210200.0, 0.38885079999999994],
[1669296600.0, 0.3890718333333334],
[1669383000.0, 0.39880684999999994],
[1669469400.0, 0.38028029999999996],
[1669555800.0, 0.3841721333333334],
[1669642200.0, 0.38658966666666666],
[1669728600.0, 0.39439643333333335],
[1669815000.0, 0.40216691666666665],
[1669901400.0, 0.39682345],
[1669987800.0, 0.3897383666666667],
[1670074200.0, 0.39687876666666666],
[1670160600.0, 0.40278780000000003],
[1670247000.0, 0.4052184833333334],
[1670333400.0, 0.4062641000000001],
[1670419800.0, 0.39873956666666666],
[1670506200.0, 0.39825815000000003],
[1670592600.0, 0.3915861833333334],
[1670679000.0, 0.40033608333333337],
[1670765400.0, 0.39315799999999995],
[1670851800.0, 0.3915854666666667],
[1670938200.0, 0.3909187166666667],
[1671024600.0, 0.3856836833333334],
[1671111000.0, 0.3913686833333334],
[1671197400.0, 0.39021046666666664],
[1671283800.0, 0.3899424166666667],
[1671370200.0, 0.3798279],
[1671456600.0, 0.3845836],
[1671543000.0, 0.38024105],
[1671629400.0, 0.3810909666666668],
[1671715800.0, 0.3792300333333333],
[1671802200.0, 0.3621436500000001],
[1671888600.0, 0.36159786666666666],
[1671975000.0, 0.37028795000000003],
[1672061400.0, 0.36947489999999994],
[1672147800.0, 0.3615674500000001],
[1672234200.0, 0.3532305],
[1672320600.0, 0.34930565],
[1672407000.0, 0.3508589166666667],
[1672493400.0, 0.3529858666666667],
[1672579800.0, 0.35110491666666666],
[1672666200.0, 0.3620811166666667],
[1672752600.0, 0.3550076833333334],
[1672839000.0, 0.35516948333333326],
[1672925400.0, 0.35622985],
[1673011800.0, 0.3547728333333333],
[1673098200.0, 0.35949355],
[1673184600.0, 0.36609030000000004],
[1673271000.0, 0.3704062666666666],
[1673357400.0, 0.3723844333333333],
[1673443800.0, 0.38140641666666664],
[1673530200.0, 0.3880048666666667],
[1673616600.0, 0.39335030000000004],
[1673703000.0, 0.40433688333333334],
[1673789400.0, 0.41070321666666665],
[1673875800.0, 0.4175729166666667],
[1673962200.0, 0.4278831833333334],
[1674048600.0, 0.4181971166666667],
[1674135000.0, 0.4168480666666667],
[1674221400.0, 0.41420230000000013],
[1674307800.0, 0.4351000666666667],
[1674394200.0, 0.4418062666666667],
[1674480600.0, 0.4414235500000001],
[1674567000.0, 0.44245135],
[1674653400.0, 0.4392294833333333],
[1674739800.0, 0.4429272333333334],
[1674826200.0, 0.43491316666666674],
[1674912600.0, 0.42333335000000005],
[1674999000.0, 0.4251444166666667],
[1675085400.0, 0.43141129999999994],
[1675171800.0, 0.43222251666666667],
[1675258200.0, 0.44109000000000004],
[1675344600.0, 0.4431951499999999],
[1675431000.0, 0.4437565666666666],
[1675517400.0, 0.4376592833333333],
[1675603800.0, 0.4407505333333333],
[1675690200.0, 0.4362944166666667],
[1675776600.0, 0.42952591666666673],
[1675863000.0, 0.4353943333333334],
[1675949400.0, 0.4353943333333334],
