[1635773400.0, 59.10837039072039],
[1635859800.0, 61.2974215964591],
[1635946200.0, 58.00921805555556],
[1636032600.0, 59.27520383089133],
[1636119000.0, 61.204336965811976],
[1636205400.0, 61.80834862637363],
[1636291800.0, 60.223544993895],
[1636378200.0, 60.17086918498169],
[1636464600.0, 59.251189148351656],
[1636551000.0, 53.102205036630046],
[1636637400.0, 56.931362667887676],
[1636723800.0, 56.57697167277167],
[1636810200.0, 55.843733638583636],
[1636896600.0, 56.21214665750915],
[1636983000.0, 57.0122081959707],
[1637069400.0, 57.00501434676435],
[1637155800.0, 54.79219536019536],
[1637242200.0, 54.796482615995124],
[1637328600.0, 55.31520569291819],
[1637415000.0, 54.67013583638583],
[1637501400.0, 54.92530473137973],
[1637587800.0, 55.171029395604386],
[1637674200.0, 56.04548934676434],
[1637760600.0, 54.178039194139195],
[1637847000.0, 52.667544978632485],
[1637933400.0, 52.577418391330895],
[1638019800.0, 52.205954914529904],
[1638106200.0, 51.89501956654456],
[1638192600.0, 52.806883012820514],
[1638279000.0, 50.82175637973138],
[1638365400.0, 50.05648543956044],
[1638451800.0, 50.073802274114776],
[1638538200.0, 51.75211095848595],
[1638624600.0, 52.97694101037851],
[1638711000.0, 55.909193025030525],
[1638797400.0, 57.90474441391942],
[1638883800.0, 59.13684557387057],
[1638970200.0, 57.60835665445666],
[1639056600.0, 56.939164499389506],
[1639143000.0, 56.83438118131867],
[1639229400.0, 56.04613137973138],
[1639315800.0, 55.402998061660554],
[1639402200.0, 56.64427884615384],
[1639488600.0, 56.983243757631264],
[1639575000.0, 56.098705296092795],
[1639661400.0, 55.052101007326],
[1639747800.0, 55.66722646520146],
[1639834200.0, 55.76923373015873],
[1639920600.0, 55.810380494505495],
[1640007000.0, 56.10877539682539],
[1640093400.0, 55.32198963675214],
[1640179800.0, 54.64162974664225],
[1640266200.0, 54.140815247252746],
[1640352600.0, 54.53416941391942],
[1640439000.0, 55.90356008852258],
[1640525400.0, 56.48183362332113],
[1640611800.0, 59.115559478021986],
[1640698200.0, 58.4987184981685],
[1640784600.0, 57.06689748168498],
[1640871000.0, 56.30280387667887],
[1640957400.0, 56.45909255189256],
[1641043800.0, 56.30784293345543],
[1641130200.0, 56.63698101343102],
[1641216600.0, 56.33273403540904],
[1641303000.0, 57.077832493894995],
[1641389400.0, 55.921171688034185],
[1641475800.0, 56.31010894383394],
[1641562200.0, 56.82448814102564],
[1641648600.0, 57.25138833943834],
[1641735000.0, 57.51773263125763],
[1641821400.0, 58.16052417582418],
[1641907800.0, 57.92974235347985],
[1641994200.0, 58.65991981074482],
[1642080600.0, 59.10351507936509],
[1642167000.0, 59.00768304334555],
[1642253400.0, 58.89583469169719],
[1642339800.0, 58.8818045940171],
[1642426200.0, 58.900845024420036],
[1642512600.0, 58.72483296703297],
[1642599000.0, 58.83961288156289],
[1642685400.0, 58.97882811355313],
[1642771800.0, 57.93009162087912],
[1642858200.0, 57.74568585164835],
[1642944600.0, 57.55746340048841],
[1643031000.0, 57.04027165750915],
[1643117400.0, 57.4239994047619],
[1643203800.0, 58.022559020146524],
[1643290200.0, 57.696913461538465],
[1643376600.0, 56.900192551892545],
[1643463000.0, 56.76702612942612],
[1643549400.0, 56.356569032356525],
[1643635800.0, 56.356569032356525],
[1643722200.0, 56.356569032356525],
[1643808600.0, 57.69496726190475],
[1643895000.0, 57.946405082417584],
[1643981400.0, 59.255580601343105],
[1644067800.0, 59.65093000610501],
[1644154200.0, 60.35979800061051],
[1644240600.0, 60.968857234432235],
[1644327000.0, 60.870452380952386],
[1644413400.0, 61.73058200549452],
[1644499800.0, 62.33737773199024],
[1644586200.0, 63.142155830280835],
[1644672600.0, 63.973010836385846],
[1644759000.0, 64.68638901098902],
[1644845400.0, 66.38785158730158],
[1644931800.0, 67.35316819291819],
[1645018200.0, 68.31892438949937],
[1645104600.0, 70.31476515567768],
[1645191000.0, 71.80678478327229],
[1645277400.0, 73.32726477411477],
[1645363800.0, 74.4647352869353],
[1645450200.0, 74.08558801892553],
[1645536600.0, 75.70776735347985],
[1645623000.0, 73.82233339438339],
[1645709400.0, 73.41973795787547],
[1645795800.0, 71.14157416056166],
[1645882200.0, 70.67362693833944],
[1645968600.0, 70.60573527167277],
[1646055000.0, 73.52456833028084],
[1646141400.0, 76.92896820818072],
[1646227800.0, 81.20488998779],
[1646314200.0, 79.6326277014652],
[1646400600.0, 79.24170396825399],
[1646487000.0, 79.03119221611722],
[1646573400.0, 79.36554992368742],
[1646659800.0, 78.79211178266179],
[1646746200.0, 74.09320122100122],
[1646832600.0, 74.0214530067155],
[1646919000.0, 73.87248507326008],
[1647005400.0, 74.79920151098902],
[1647091800.0, 75.1553375],
[1647178200.0, 75.59555683760684],
[1647264600.0, 75.36514745115994],
[1647351000.0, 76.19238681318681],
[1647437400.0, 76.27950502136751],
[1647523800.0, 76.6452867979243],
[1647610200.0, 77.02029305555556],
[1647696600.0, 77.72229426129427],
[1647783000.0, 77.82713055555557],
[1647869400.0, 78.52748867521369],
[1647955800.0, 79.0967513125763],
[1648042200.0, 79.48641077533578],
[1648128600.0, 79.57703050976801],
[1648215000.0, 80.0946688034188],
[1648301400.0, 80.65587663308912],
[1648387800.0, 80.36263409645909],
[1648474200.0, 80.50761013431014],
[1648560600.0, 80.71898907203908],
[1648647000.0, 80.80994252136753],
[1648733400.0, 81.12706448412699],
[1648819800.0, 81.28004186507938],
[1648906200.0, 81.50221439255189],
[1648996200.0, 81.66735173992674],
[1649082600.0, 81.81265122100123],
[1649169000.0, 88.53029856532358],
[1649255400.0, 90.5042130952381],
[1649341800.0, 90.33488923992674],
[1649428200.0, 89.0679751831502],
[1649514600.0, 90.75969827533578],
[1649601000.0, 90.7219525946276],
[1649687400.0, 91.07696216422467],
[1649773800.0, 91.35882802197801],
[1649860200.0, 91.30113215811967],
[1649946600.0, 90.15226575091575],
[1650033000.0, 90.96642646520145],
[1650119400.0, 90.7688155982906],
[1650205800.0, 90.75259154456654],
[1650292200.0, 90.29224175824177],
[1650378600.0, 90.80589966422467],
[1650465000.0, 91.35466707875457],
[1650551400.0, 91.35466707875457],
[1650637800.0, 91.35466707875457],
[1650724200.0, 92.08990164835166],
[1650810600.0, 91.43633751526251],
[1650897000.0, 90.6752179029304],
[1650983400.0, 90.29848493589742],
[1651069800.0, 89.23598782051282],
[1651156200.0, 88.81182184065935],
[1651242600.0, 88.51546072954824],
[1651329000.0, 88.58373687423688],
[1651415400.0, 88.45896668192918],
[1651501800.0, 88.33410474664225],
[1651588200.0, 87.87547542735044],
[1651674600.0, 84.08718716422467],
[1651761000.0, 82.96166549145299],
[1651847400.0, 82.96065961538463],
[1651933800.0, 83.2843958180708],
[1652020200.0, 83.58771707875458],
[1652106600.0, 83.14326274420026],
[1652193000.0, 83.70370505189256],
[1652279400.0, 82.786001984127],
[1652365800.0, 83.79429934371184],
[1652452200.0, 83.4087756868132],
[1652538600.0, 83.38073830891331],
[1652625000.0, 83.30831967338217],
[1652711400.0, 83.43920995115997],
[1652797800.0, 83.40102222222222],
[1652884200.0, 83.79429934371184],
[1652970600.0, 79.85294653540903],
[1653057000.0, 80.92732931929183],
[1653143400.0, 81.6880596001221],
[1653229800.0, 80.25039845848596],
[1653316200.0, 79.9804818986569],
[1653402600.0, 80.27011100427352],
[1653489000.0, 81.23864255189255],
[1653575400.0, 80.67986083638583],
[1653661800.0, 80.57129590964588],
[1653748200.0, 81.37398792735043],
[1653834600.0, 81.1141543956044],
[1653921000.0, 81.14423783577533],
[1654007400.0, 81.40923151709401],
[1654093800.0, 83.04619377289377],
[1654180200.0, 82.89862687728937],
[1654266600.0, 80.00382474053724],
[1654353000.0, 80.21619787851037],
[1654439400.0, 80.11949822954823],
[1654525800.0, 81.2989643162393],
[1654612200.0, 81.6579471916972],
[1654698600.0, 82.18414439865691],
[1654785000.0, 82.59405764652014],
[1654871400.0, 82.23314065934066],
[1654957800.0, 83.17438238705739],
[1655044200.0, 83.17417625152625],
[1655130600.0, 82.66020573870574],
[1655217000.0, 81.21013234126984],
[1655303400.0, 80.2606318833944],
[1655389800.0, 83.37852602258853],
[1655476200.0, 83.75340306776556],
[1655562600.0, 82.34387237484738],
[1655649000.0, 81.85221091269842],
[1655735400.0, 79.79713006715508],
[1655821800.0, 80.07737283272283],
[1655908200.0, 78.40928634004884],
[1655994600.0, 77.41649801587302],
[1656081000.0, 74.76700453296704],
[1656167400.0, 73.96703134920635],
[1656253800.0, 72.9593693070818],
[1656340200.0, 72.25664184981684],
[1656426600.0, 73.9157188034188],
[1656513000.0, 74.78010003052502],
[1656599400.0, 75.5130208028083],
[1656685800.0, 75.52413612637363],
[1656772200.0, 76.87760459401709],
[1656858600.0, 77.36740618131867],
[1656945000.0, 77.65405419719168],
[1657031400.0, 78.05624320818072],
[1657117800.0, 76.98093061660562],
[1657204200.0, 77.14671485042736],
[1657290600.0, 79.02039514652014],
[1657377000.0, 79.5379552045177],
[1657463400.0, 80.42801578144078],
[1657549800.0, 80.92367486263737],
[1657636200.0, 81.15249490231989],
[1657722600.0, 84.74612425213675],
[1657809000.0, 82.75700813492064],
[1657895400.0, 82.69642399267399],
[1657981800.0, 83.14061695665445],
[1658068200.0, 82.93427759462759],
[1658154600.0, 83.35435792124541],
[1658241000.0, 83.57708168498168],
[1658327400.0, 86.32171515567765],
[1658413800.0, 84.24156501831501],
[1658500200.0, 83.88518076923079],
[1658586600.0, 84.09021456043956],
[1658673000.0, 84.33392358058609],
[1658759400.0, 84.538942506105],
[1658845800.0, 84.63124548229548],
[1658932200.0, 83.58042834249085],
[1659018600.0, 84.24173354700855],
[1659105000.0, 85.26575612026863],
[1659191400.0, 85.51892048229547],
[1659277800.0, 85.62238489010988],
[1659364200.0, 86.45803432539684],
[1659450600.0, 87.3071939102564],
[1659537000.0, 87.60690746336996],
[1659623400.0, 87.40376701770452],
[1659709800.0, 87.08059966422466],
[1659796200.0, 88.87647071123321],
[1659882600.0, 89.2370741910867],
[1659969000.0, 88.91013606532356],
[1660055400.0, 89.11382344322345],
[1660141800.0, 88.50797002442003],
[1660228200.0, 88.86710071733823],
[1660314600.0, 89.0216355006105],
[1660401000.0, 89.0216355006105],
[1660487400.0, 89.0216355006105],
[1660573800.0, 89.0216355006105],
[1660660200.0, 88.7476842948718],
[1660746600.0, 86.11543774420024],
[1660833000.0, 87.89096423992673],
[1660919400.0, 88.2003682081807],
[1661005800.0, 88.74108461538461],
[1661092200.0, 87.87952751831503],
[1661178600.0, 88.7229608974359],
[1661265000.0, 88.14551767399267],
[1661351400.0, 88.22885712759462],
[1661437800.0, 88.90760592185592],
[1661524200.0, 87.60656291208792],
[1661610600.0, 89.06257770146522],
[1661697000.0, 89.85096025641026],
[1661783400.0, 89.34891562881563],
[1661869800.0, 89.02758943833945],
[1661956200.0, 88.93648951465201],
[1662042600.0, 89.25943334859585],
[1662129000.0, 88.09692670940171],
[1662215400.0, 87.75982748778999],
[1662301800.0, 87.97049053724055],
[1662388200.0, 88.63892066544565],
[1662474600.0, 88.70798783577534],
[1662561000.0, 89.35490053418806],
[1662647400.0, 91.29625306776558],
[1662733800.0, 89.7292734126984],
[1662820200.0, 90.9016471764347],
[1662906600.0, 89.46854609279609],
[1662993000.0, 90.43598476800977],
[1663079400.0, 90.3401725885226],
[1663165800.0, 88.74654368131868],
[1663252200.0, 88.99519505494506],
[1663338600.0, 88.4236730921856],
[1663425000.0, 89.13695963064713],
[1663511400.0, 89.49744033882784],
[1663597800.0, 89.35523139499391],
[1663684200.0, 87.12204085775335],
[1663770600.0, 86.74590338827839],
[1663857000.0, 85.84790332722834],
[1663943400.0, 86.53372532051281],
[1664029800.0, 86.59935763125763],
[1664116200.0, 86.69003102869353],
[1664202600.0, 86.29057361111111],
[1664289000.0, 85.83354354395604],
[1664375400.0, 86.55593153235654],
[1664461800.0, 86.11272603785103],
[1664548200.0, 86.11770021367522],
[1664634600.0, 86.91515802808303],
[1664717400.0, 87.7829006868132],
[1664803800.0, 89.82828301282052],
[1664890200.0, 90.04885144993897],
[1664976600.0, 89.82588856837607],
[1665063000.0, 91.980280006105],
[1665149400.0, 92.26779145299146],
[1665235800.0, 92.96457329059831],
[1665322200.0, 93.1904808913309],
[1665408600.0, 94.20317480158731],
[1665495000.0, 95.4404182997558],
[1665581400.0, 94.54547933455434],
[1665667800.0, 94.31933934676437],
[1665754200.0, 92.41507997557999],
[1665840600.0, 94.5646870879121],
[1665927000.0, 93.88592090964592],
[1666013400.0, 94.70558916361415],
[1666099800.0, 95.53809909951161],
[1666186200.0, 95.17998655372406],
[1666272600.0, 94.82923101343103],
[1666359000.0, 94.24091800976801],
[1666445400.0, 89.95803264652015],
[1666531800.0, 90.09627538156289],
[1666618200.0, 88.63027443528694],
[1666704600.0, 88.02530341880342],
[1666791000.0, 88.5633117979243],
[1666877400.0, 88.27683192918192],
[1666963800.0, 88.37831434676436],
[1667050200.0, 88.72183986568986],
[1667136600.0, 88.5426037087912],
[1667223000.0, 89.38338359279611],
[1667309400.0, 88.35568455433456],
[1667395800.0, 90.47950038156287],
[1667482200.0, 91.45296291208791],
[1667568600.0, 93.31738438644688],
[1667655000.0, 96.33037112332113],
[1667741400.0, 96.00922800671552],
[1667827800.0, 97.18068186813187],
[1667914200.0, 96.50870383089133],
[1668000600.0, 100.72923420329671],
[1668087000.0, 104.30601747557999],
[1668173400.0, 102.94129682539683],
[1668259800.0, 104.36236346153846],
[1668346200.0, 102.84093769841272],
[1668432600.0, 102.9036733058608],
[1668519000.0, 102.40453592796095],
[1668605400.0, 101.26397791514043],
[1668691800.0, 101.04315508241758],
[1668778200.0, 104.63898576007327],
[1668864600.0, 106.26586686507937],
[1668951000.0, 104.59632957875458],
[1669037400.0, 126.15511953601954],
[1669123800.0, 141.99362255799755],
[1669210200.0, 125.3701094932845],
[1669296600.0, 112.94308696581197],
[1669383000.0, 110.15612242063493],
[1669469400.0, 110.35777326007326],
[1669555800.0, 113.0775766025641],
[1669642200.0, 118.21106858974359],
[1669728600.0, 117.74633785103785],
[1669815000.0, 119.1579297771673],
[1669901400.0, 121.75377275641026],
[1669987800.0, 124.80280305250307],
[1670074200.0, 128.3034665140415],
[1670160600.0, 128.72623473748473],
[1670247000.0, 127.98756843711843],
[1670333400.0, 127.24446582722832],
[1670419800.0, 127.76748195970697],
[1670506200.0, 127.70486901709401],
[1670592600.0, 129.3937586996337],
[1670679000.0, 128.61230454822956],
[1670765400.0, 127.74919969474969],
[1670851800.0, 129.4837693833944],
[1670938200.0, 128.65017483211233],
[1671024600.0, 127.78441793345543],
[1671111000.0, 128.366630982906],
[1671197400.0, 127.88262194749693],
[1671283800.0, 127.16650518925519],
[1671370200.0, 127.13111910866913],
[1671456600.0, 124.86211033272284],
[1671543000.0, 126.37016246947496],
[1671629400.0, 126.01370914224665],
[1671715800.0, 123.5523896978022],
[1671802200.0, 123.03165033577532],
[1671888600.0, 120.9446798992674],
[1671975000.0, 120.41237562576312],
[1672061400.0, 121.34278402014651],
[1672147800.0, 119.90321475885226],
[1672234200.0, 120.00973348595849],
[1672320600.0, 118.47166775030526],
[1672407000.0, 116.9023905982906],
[1672493400.0, 117.63787692307692],
[1672579800.0, 117.4850963217338],
[1672666200.0, 117.09792912087913],
[1672752600.0, 115.79302817460317],
[1672839000.0, 114.84140576923076],
[1672925400.0, 114.44218174603175],
[1673011800.0, 116.93631785714287],
[1673098200.0, 118.37528063186812],
[1673184600.0, 118.1218206043956],
[1673271000.0, 118.80485375457876],
[1673357400.0, 120.29777693833942],
[1673443800.0, 120.90950070207569],
[1673530200.0, 122.40822638888888],
[1673616600.0, 124.34702231379731],
[1673703000.0, 126.23245779914531],
[1673789400.0, 126.67271224053724],
[1673875800.0, 129.34262373321124],
[1673962200.0, 129.27413714896215],
[1674048600.0, 128.0573655830281],
[1674135000.0, 129.44235065628814],
[1674221400.0, 126.45737852564103],
[1674307800.0, 128.94431633089133],
[1674394200.0, 128.39430244200244],
[1674480600.0, 126.55106336996336],
[1674567000.0, 127.58200839438341],
[1674653400.0, 128.89745494505493],
[1674739800.0, 128.5258381105006],
[1674826200.0, 128.18018777472528],
[1674912600.0, 129.29645953907203],
[1674999000.0, 130.88055735653236],
[1675085400.0, 129.98689876373626],
[1675171800.0, 130.13853792735043],
[1675258200.0, 128.1926],
[1675344600.0, 132.17874181929184],
[1675431000.0, 134.77440164835164],
[1675517400.0, 134.63758373015872],
[1675603800.0, 134.71079558913308],
[1675690200.0, 134.78096634615383],
[1675776600.0, 130.26076373626373],
[1675863000.0, 130.26076373626373],
[1675949400.0, 130.26076373626373],
