[1635773400.0, 0.19127017500000001],
[1635859800.0, 0.18689704999999998],
[1635946200.0, 0.18681402500000002],
[1636032600.0, 0.1920963],
[1636119000.0, 0.18141242500000002],
[1636205400.0, 0.18041600000000002],
[1636291800.0, 0.1781586],
[1636378200.0, 0.17451617500000002],
[1636464600.0, 0.16780390000000003],
[1636551000.0, 0.16969430000000002],
[1636637400.0, 0.16569905000000001],
[1636723800.0, 0.17249315],
[1636810200.0, 0.171371125],
[1636896600.0, 0.170647075],
[1636983000.0, 0.1757467],
[1637069400.0, 0.17300867500000003],
[1637155800.0, 0.169619075],
[1637242200.0, 0.17384855000000002],
[1637328600.0, 0.1772697],
[1637415000.0, 0.18098270000000002],
[1637501400.0, 0.180744125],
[1637587800.0, 0.19147605000000004],
[1637674200.0, 0.18706977500000002],
[1637760600.0, 0.17584935000000002],
[1637847000.0, 0.1796789],
[1637933400.0, 0.192761675],
[1638019800.0, 0.19886402500000003],
[1638106200.0, 0.20017497500000003],
[1638192600.0, 0.19936244999999997],
[1638279000.0, 0.19727965000000003],
[1638365400.0, 0.18561782500000001],
[1638451800.0, 0.20435827499999998],
[1638538200.0, 0.18893687500000003],
[1638624600.0, 0.18617685],
[1638711000.0, 0.1800892],
[1638797400.0, 0.17860247500000004],
[1638883800.0, 0.18209580000000003],
[1638970200.0, 0.184252425],
[1639056600.0, 0.197075],
[1639143000.0, 0.197422025],
[1639229400.0, 0.19869912499999998],
[1639315800.0, 0.21282480000000004],
[1639402200.0, 0.20284275],
[1639488600.0, 0.1916268],
[1639575000.0, 0.20300325000000002],
[1639661400.0, 0.21146217500000003],
[1639747800.0, 0.209549225],
[1639834200.0, 0.19946385],
[1639920600.0, 0.185498125],
[1640007000.0, 0.201819775],
[1640093400.0, 0.208647925],
[1640179800.0, 0.20264325],
[1640266200.0, 0.1973125],
[1640352600.0, 0.19729495000000002],
[1640439000.0, 0.199588275],
[1640525400.0, 0.19361690000000004],
[1640611800.0, 0.191625825],
[1640698200.0, 0.195283675],
[1640784600.0, 0.1920018],
[1640871000.0, 0.182130925],
[1640957400.0, 0.200200475],
[1641043800.0, 0.19480245000000002],
[1641130200.0, 0.19416022500000002],
[1641216600.0, 0.19397552499999998],
[1641303000.0, 0.194812425],
[1641389400.0, 0.18576112500000003],
[1641475800.0, 0.17935185000000003],
[1641562200.0, 0.18474565000000004],
[1641648600.0, 0.19092492500000002],
[1641735000.0, 0.18789102500000002],
[1641821400.0, 0.19592120000000002],
[1641907800.0, 0.19213232500000002],
[1641994200.0, 0.180339425],
[1642080600.0, 0.18714375000000003],
[1642167000.0, 0.2027481],
[1642253400.0, 0.20712260000000002],
[1642339800.0, 0.1932665],
[1642426200.0, 0.19118062500000002],
[1642512600.0, 0.18878285000000003],
[1642599000.0, 0.191700025],
[1642685400.0, 0.22071992499999998],
[1642771800.0, 0.21049840000000003],
[1642858200.0, 0.20894265],
[1642944600.0, 0.20631327500000002],
[1643031000.0, 0.2060523],
[1643117400.0, 0.20845],
[1643203800.0, 0.21349755],
[1643290200.0, 0.22483884999999998],
[1643376600.0, 0.21615357500000004],
[1643463000.0, 0.21012535000000002],
[1643549400.0, 0.21765317500000003],
[1643635800.0, 0.21765317500000003],
[1643722200.0, 0.21765317500000003],
[1643808600.0, 0.251691525],
[1643895000.0, 0.25356862500000005],
[1643981400.0, 0.24595487500000002],
[1644067800.0, 0.2668552],
[1644154200.0, 0.24021035000000002],
[1644240600.0, 0.237492975],
[1644327000.0, 0.267828625],
[1644413400.0, 0.238368325],
[1644499800.0, 0.298490075],
[1644586200.0, 0.30168792499999997],
[1644672600.0, 0.30086947500000005],
[1644759000.0, 0.24142375],
[1644845400.0, 0.234656625],
[1644931800.0, 0.221297075],
[1645018200.0, 0.21816635],
[1645104600.0, 0.223759425],
[1645191000.0, 0.24133662500000003],
[1645277400.0, 0.24496845000000006],
[1645363800.0, 0.291200475],
[1645450200.0, 0.434337375],
[1645536600.0, 0.261589725],
[1645623000.0, 0.25018050000000003],
[1645709400.0, 0.278717575],
[1645795800.0, 0.33870487500000007],
[1645882200.0, 0.2867429],
[1645968600.0, 0.22963842500000003],
[1646055000.0, 0.23396],
[1646141400.0, 0.24220887500000005],
[1646227800.0, 0.23212815000000003],
[1646314200.0, 0.227567275],
[1646400600.0, 0.22611827500000004],
[1646487000.0, 0.21962335000000002],
[1646573400.0, 0.21745945],
[1646659800.0, 0.21916940000000001],
[1646746200.0, 0.26773615],
[1646832600.0, 0.2342495],
[1646919000.0, 0.233228775],
[1647005400.0, 0.24737115000000004],
[1647091800.0, 0.23470130000000003],
[1647178200.0, 0.24080525000000003],
[1647264600.0, 0.23108462500000002],
[1647351000.0, 0.2368674],
[1647437400.0, 0.23059500000000005],
[1647523800.0, 0.21564475000000002],
[1647610200.0, 0.22301605],
[1647696600.0, 0.21891827500000002],
[1647783000.0, 0.21772175000000002],
[1647869400.0, 0.21260600000000002],
[1647955800.0, 0.2197128],
[1648042200.0, 0.26236245],
[1648128600.0, 0.2447921],
[1648215000.0, 0.23502575000000003],
[1648301400.0, 0.236856625],
[1648387800.0, 0.22902265000000002],
[1648474200.0, 0.2334015],
[1648560600.0, 0.22750510000000002],
[1648647000.0, 0.22979152499999997],
[1648733400.0, 0.23142695000000002],
[1648819800.0, 0.22505875000000003],
[1648906200.0, 0.21518475],
[1648996200.0, 0.217769775],
[1649082600.0, 0.21408045],
[1649169000.0, 0.21307647500000002],
[1649255400.0, 0.21434307500000002],
[1649341800.0, 0.21275025000000003],
[1649428200.0, 0.21135855000000003],
[1649514600.0, 0.20960920000000002],
[1649601000.0, 0.20960920000000002],
[1649687400.0, 0.20960920000000002],
[1649773800.0, 0.20960920000000002],
[1649860200.0, 0.20960920000000002],
[1649946600.0, 0.22556750000000003],
[1650033000.0, 0.231040925],
[1650119400.0, 0.23154162500000003],
[1650205800.0, 0.22847537499999998],
[1650292200.0, 0.22427522500000002],
[1650378600.0, 0.22543752500000003],
[1650465000.0, 0.223475225],
[1650551400.0, 0.223475225],
[1650637800.0, 0.223475225],
[1650724200.0, 0.23137210000000002],
[1650810600.0, 0.230863725],
[1650897000.0, 0.24193617499999998],
[1650983400.0, 0.22687220000000002],
[1651069800.0, 0.24059307500000002],
[1651156200.0, 0.22959604999999997],
[1651242600.0, 0.22939045000000002],
[1651329000.0, 0.22776567500000003],
[1651415400.0, 0.23140617500000002],
[1651501800.0, 0.22528805],
[1651588200.0, 0.22252640000000004],
[1651674600.0, 0.21807917500000001],
[1651761000.0, 0.22499085],
[1651847400.0, 0.21687747500000001],
[1651933800.0, 0.220031025],
[1652020200.0, 0.21555960000000002],
[1652106600.0, 0.198228125],
[1652193000.0, 0.19911525],
[1652279400.0, 0.20286067500000002],
[1652365800.0, 0.196706925],
[1652452200.0, 0.1912522],
[1652538600.0, 0.188239125],
[1652625000.0, 0.189013325],
[1652711400.0, 0.19385182500000003],
[1652797800.0, 0.19279412499999998],
[1652884200.0, 0.19670160000000003],
[1652970600.0, 0.19230470000000002],
[1653057000.0, 0.19071917500000002],
[1653143400.0, 0.19424405],
[1653229800.0, 0.20538967500000002],
[1653316200.0, 0.210945125],
[1653402600.0, 0.19820675000000001],
[1653489000.0, 0.2167967],
[1653575400.0, 0.20757042500000003],
[1653661800.0, 0.20782787500000002],
[1653748200.0, 0.20691240000000002],
[1653834600.0, 0.203230775],
[1653921000.0, 0.20424562500000001],
[1654007400.0, 0.21062870000000003],
[1654093800.0, 0.212241725],
[1654180200.0, 0.216701525],
[1654266600.0, 0.21567302500000002],
[1654353000.0, 0.21668702499999998],
[1654439400.0, 0.21125445],
[1654525800.0, 0.211044],
[1654612200.0, 0.21059380000000005],
[1654698600.0, 0.211514225],
[1654785000.0, 0.211290675],
[1654871400.0, 0.20417585000000002],
[1654957800.0, 0.20143632500000003],
[1655044200.0, 0.197274875],
[1655130600.0, 0.19186325],
[1655217000.0, 0.20221955000000003],
[1655303400.0, 0.20679390000000003],
[1655389800.0, 0.20845602500000002],
[1655476200.0, 0.20792115],
[1655562600.0, 0.20808280000000004],
[1655649000.0, 0.21414762500000004],
[1655735400.0, 0.22074967500000003],
[1655821800.0, 0.2079127],
[1655908200.0, 0.20953739999999998],
[1655994600.0, 0.2118953],
[1656081000.0, 0.21633600000000003],
[1656167400.0, 0.193919725],
[1656253800.0, 0.19928297500000003],
[1656340200.0, 0.197101725],
[1656426600.0, 0.1947876],
[1656513000.0, 0.188565175],
[1656599400.0, 0.19178080000000003],
[1656685800.0, 0.19275155],
[1656772200.0, 0.19043647500000005],
[1656858600.0, 0.1933975],
[1656945000.0, 0.198122325],
[1657031400.0, 0.19629195000000002],
[1657117800.0, 0.20719082500000002],
[1657204200.0, 0.2295753],
[1657290600.0, 0.236781025],
[1657377000.0, 0.24480637500000002],
[1657463400.0, 0.24111215000000003],
[1657549800.0, 0.25345022500000003],
[1657636200.0, 0.25942930000000003],
[1657722600.0, 0.22883022500000005],
[1657809000.0, 0.22274185],
[1657895400.0, 0.21735167500000002],
[1657981800.0, 0.217496925],
[1658068200.0, 0.21695169999999997],
[1658154600.0, 0.21495807500000003],
[1658241000.0, 0.21622775000000005],
[1658327400.0, 0.20395785],
[1658413800.0, 0.19909327500000001],
[1658500200.0, 0.2032094],
[1658586600.0, 0.20631602500000001],
[1658673000.0, 0.206414575],
[1658759400.0, 0.20004725],
[1658845800.0, 0.20017885],
[1658932200.0, 0.21558005],
[1659018600.0, 0.218580625],
[1659105000.0, 0.2091926],
[1659191400.0, 0.20370395000000002],
[1659277800.0, 0.2030461],
[1659364200.0, 0.20691842500000002],
[1659450600.0, 0.212831975],
[1659537000.0, 0.21089437500000002],
[1659623400.0, 0.21354357500000004],
[1659709800.0, 0.21519355000000007],
[1659796200.0, 0.20544987500000003],
[1659882600.0, 0.2062595],
[1659969000.0, 0.2114183],
[1660055400.0, 0.206989475],
[1660141800.0, 0.21878845000000002],
[1660228200.0, 0.22178145000000005],
[1660314600.0, 0.2158048],
[1660401000.0, 0.2158048],
[1660487400.0, 0.2158048],
[1660573800.0, 0.2158048],
[1660660200.0, 0.21728375],
[1660746600.0, 0.22474895000000003],
[1660833000.0, 0.233475975],
[1660919400.0, 0.23762380000000002],
[1661005800.0, 0.245848725],
[1661092200.0, 0.23913160000000003],
[1661178600.0, 0.23337275000000002],
[1661265000.0, 0.228375175],
[1661351400.0, 0.21803605000000004],
[1661437800.0, 0.22128912500000003],
[1661524200.0, 0.22623562500000002],
[1661610600.0, 0.22914872500000003],
[1661697000.0, 0.22862010000000002],
[1661783400.0, 0.23241915000000002],
[1661869800.0, 0.23029374999999996],
[1661956200.0, 0.22848782499999998],
[1662042600.0, 0.231171025],
[1662129000.0, 0.23564287500000003],
[1662215400.0, 0.23521105],
[1662301800.0, 0.253728725],
[1662388200.0, 0.238125075],
[1662474600.0, 0.23987390000000003],
[1662561000.0, 0.23607897500000002],
[1662647400.0, 0.223601775],
[1662733800.0, 0.227062125],
[1662820200.0, 0.225097725],
[1662906600.0, 0.23062252500000002],
[1662993000.0, 0.2250067],
[1663079400.0, 0.225601875],
[1663165800.0, 0.22359842500000005],
[1663252200.0, 0.22760177500000003],
[1663338600.0, 0.221840875],
[1663425000.0, 0.21842317500000002],
[1663511400.0, 0.21812060000000003],
[1663597800.0, 0.219820175],
[1663684200.0, 0.21687537499999998],
[1663770600.0, 0.22221215000000005],
[1663857000.0, 0.22952775000000003],
[1663943400.0, 0.22557495],
[1664029800.0, 0.2240932],
[1664116200.0, 0.22863850000000002],
[1664202600.0, 0.223604725],
[1664289000.0, 0.21699182500000005],
[1664375400.0, 0.21500310000000003],
[1664461800.0, 0.21679960000000004],
[1664548200.0, 0.21734107500000002],
[1664634600.0, 0.214542375],
[1664717400.0, 0.23138185],
[1664803800.0, 0.229877],
[1664890200.0, 0.24301110000000004],
[1664976600.0, 0.24601667500000002],
[1665063000.0, 0.22629557500000003],
[1665149400.0, 0.233968075],
[1665235800.0, 0.227619325],
[1665322200.0, 0.223905125],
[1665408600.0, 0.23374142499999997],
[1665495000.0, 0.229513525],
[1665581400.0, 0.23568814999999999],
[1665667800.0, 0.23370212500000004],
[1665754200.0, 0.22899532499999997],
[1665840600.0, 0.2262362],
[1665927000.0, 0.22605617500000003],
[1666013400.0, 0.221553425],
[1666099800.0, 0.21670972500000002],
[1666186200.0, 0.21629272500000002],
[1666272600.0, 0.21288157500000002],
[1666359000.0, 0.218040475],
[1666445400.0, 0.2212363],
[1666531800.0, 0.22251072500000002],
[1666618200.0, 0.217692775],
[1666704600.0, 0.21992964999999998],
[1666791000.0, 0.22404759999999999],
[1666877400.0, 0.21868275],
[1666963800.0, 0.22110395000000002],
[1667050200.0, 0.21564662500000004],
[1667136600.0, 0.21078147500000002],
[1667223000.0, 0.21353022500000002],
[1667309400.0, 0.21412797500000003],
[1667395800.0, 0.218681375],
[1667482200.0, 0.218415],
[1667568600.0, 0.225984025],
[1667655000.0, 0.22103617500000003],
[1667741400.0, 0.22501350000000003],
[1667827800.0, 0.22582645],
[1667914200.0, 0.22319845],
[1668000600.0, 0.2336572],
[1668087000.0, 0.233426325],
[1668173400.0, 0.23088484999999997],
[1668259800.0, 0.228724675],
[1668346200.0, 0.237955825],
[1668432600.0, 0.22448032500000004],
[1668519000.0, 0.22524875000000003],
[1668605400.0, 0.24245595000000003],
[1668691800.0, 0.231849225],
[1668778200.0, 0.258823425],
[1668864600.0, 0.248838425],
[1668951000.0, 0.2505603],
[1669037400.0, 0.25203939999999997],
[1669123800.0, 0.23958665],
[1669210200.0, 0.2348342],
[1669296600.0, 0.225732325],
[1669383000.0, 0.2600926],
[1669469400.0, 0.23644220000000005],
[1669555800.0, 0.26121562500000006],
[1669642200.0, 0.26877905],
[1669728600.0, 0.24929847500000005],
[1669815000.0, 0.251902375],
[1669901400.0, 0.267343425],
[1669987800.0, 0.26100334999999997],
[1670074200.0, 0.24968345000000003],
[1670160600.0, 0.2989872],
[1670247000.0, 0.2916921],
[1670333400.0, 0.26414262499999996],
[1670419800.0, 0.2561625],
[1670506200.0, 0.24788312499999998],
[1670592600.0, 0.26083120000000004],
[1670679000.0, 0.2872555],
[1670765400.0, 0.265377975],
[1670851800.0, 0.253700325],
[1670938200.0, 0.254394075],
[1671024600.0, 0.23813367500000002],
[1671111000.0, 0.25029595],
[1671197400.0, 0.25420180000000003],
[1671283800.0, 0.2630013],
[1671370200.0, 0.26964180000000004],
[1671456600.0, 0.245701075],
[1671543000.0, 0.23240120000000003],
[1671629400.0, 0.23334169999999999],
[1671715800.0, 0.22953422499999998],
[1671802200.0, 0.23803092499999998],
[1671888600.0, 0.22500905000000002],
[1671975000.0, 0.22072457500000003],
[1672061400.0, 0.21628905000000004],
[1672147800.0, 0.21083267500000002],
[1672234200.0, 0.20005910000000005],
[1672320600.0, 0.20419437499999998],
[1672407000.0, 0.199198125],
[1672493400.0, 0.20726017500000005],
[1672579800.0, 0.21073150000000002],
[1672666200.0, 0.202579625],
[1672752600.0, 0.20626525],
[1672839000.0, 0.205788725],
[1672925400.0, 0.205838725],
[1673011800.0, 0.20552102500000002],
[1673098200.0, 0.20640542500000003],
[1673184600.0, 0.21096932500000004],
[1673271000.0, 0.21710175000000004],
[1673357400.0, 0.22212587500000003],
[1673443800.0, 0.22790970000000002],
[1673530200.0, 0.229913975],
[1673616600.0, 0.23305505],
[1673703000.0, 0.24179905000000002],
[1673789400.0, 0.24874470000000004],
[1673875800.0, 0.33815372499999996],
[1673962200.0, 0.259629475],
[1674048600.0, 0.26039195000000004],
[1674135000.0, 0.25976857500000006],
[1674221400.0, 0.251850875],
[1674307800.0, 0.26067235],
[1674394200.0, 0.268263425],
[1674480600.0, 0.2627799],
[1674567000.0, 0.2892135],
[1674653400.0, 0.28491877500000007],
[1674739800.0, 0.265140225],
[1674826200.0, 0.27479997500000003],
[1674912600.0, 0.2689526],
[1674999000.0, 0.2712788],
[1675085400.0, 0.6467917000000001],
[1675171800.0, 0.5853095],
[1675258200.0, 0.42347432500000004],
[1675344600.0, 0.456567125],
[1675431000.0, 0.47278545000000005],
[1675517400.0, 0.37238614999999997],
[1675603800.0, 0.35393375000000005],
[1675690200.0, 0.33757725000000005],
[1675776600.0, 0.34436350000000004],
[1675863000.0, 0.345292275],
[1675949400.0, 0.345292275],
