[1635773400.0, 0.591],
[1635859800.0, 0.564],
[1635946200.0, 0.5650000000000001],
[1636032600.0, 0.5630000000000001],
[1636119000.0, 0.5700000000000001],
[1636205400.0, 0.576],
[1636291800.0, 0.554],
[1636378200.0, 0.5490000000000002],
[1636464600.0, 0.5480000000000002],
[1636551000.0, 0.5269999999999999],
[1636637400.0, 0.558],
[1636723800.0, 0.558],
[1636810200.0, 0.55],
[1636896600.0, 0.5579999999999998],
[1636983000.0, 0.5610000000000002],
[1637069400.0, 0.537],
[1637155800.0, 0.552],
[1637242200.0, 0.547],
[1637328600.0, 0.5229999999999999],
[1637415000.0, 0.5150000000000001],
[1637501400.0, 0.542],
[1637587800.0, 0.525],
[1637674200.0, 0.512],
[1637760600.0, 0.533],
[1637847000.0, 0.5170000000000001],
[1637933400.0, 0.502],
[1638019800.0, 0.5089999999999999],
[1638106200.0, 0.4889999999999999],
[1638192600.0, 0.49399999999999994],
[1638279000.0, 0.502],
[1638365400.0, 0.475],
[1638451800.0, 0.484],
[1638538200.0, 0.48999999999999994],
[1638624600.0, 0.496],
[1638711000.0, 0.511],
[1638797400.0, 0.502],
[1638883800.0, 0.513],
[1638970200.0, 0.522],
[1639056600.0, 0.5229999999999999],
[1639143000.0, 0.5469999999999999],
[1639229400.0, 0.5760000000000001],
[1639315800.0, 0.541],
[1639402200.0, 0.544],
[1639488600.0, 0.552],
[1639575000.0, 0.5439999999999999],
[1639661400.0, 0.5509999999999999],
[1639747800.0, 0.555],
[1639834200.0, 0.55],
[1639920600.0, 0.539],
[1640007000.0, 0.5549999999999999],
[1640093400.0, 0.5549999999999999],
[1640179800.0, 0.5569999999999999],
[1640266200.0, 0.563],
[1640352600.0, 0.5369999999999999],
[1640439000.0, 0.5259999999999999],
[1640525400.0, 0.546],
[1640611800.0, 0.5370000000000001],
[1640698200.0, 0.5429999999999999],
[1640784600.0, 0.553],
[1640871000.0, 0.567],
[1640957400.0, 0.536],
[1641043800.0, 0.5609999999999999],
[1641130200.0, 0.55],
[1641216600.0, 0.541],
[1641303000.0, 0.5189999999999999],
[1641389400.0, 0.5279999999999998],
[1641475800.0, 0.48599999999999993],
[1641562200.0, 0.504],
[1641648600.0, 0.501],
[1641735000.0, 0.48199999999999993],
[1641821400.0, 0.475],
[1641907800.0, 0.46299999999999997],
[1641994200.0, 0.47300000000000003],
[1642080600.0, 0.48599999999999993],
[1642167000.0, 0.49700000000000005],
[1642253400.0, 0.511],
[1642339800.0, 0.524],
[1642426200.0, 0.502],
[1642512600.0, 0.492],
[1642599000.0, 0.49400000000000005],
[1642685400.0, 0.47300000000000003],
[1642771800.0, 0.4629999999999999],
[1642858200.0, 0.46900000000000003],
[1642944600.0, 0.462],
[1643031000.0, 0.442],
[1643117400.0, 0.46299999999999997],
[1643203800.0, 0.45099999999999996],
[1643290200.0, 0.45],
[1643376600.0, 0.49499999999999994],
[1643463000.0, 0.47300000000000003],
[1643549400.0, 0.45700000000000013],
[1643635800.0, 0.45700000000000013],
[1643722200.0, 0.45700000000000013],
[1643808600.0, 0.4659999999999999],
[1643895000.0, 0.4579999999999999],
[1643981400.0, 0.4659999999999999],
[1644067800.0, 0.44299999999999995],
[1644154200.0, 0.453],
[1644240600.0, 0.472],
[1644327000.0, 0.45499999999999996],
[1644413400.0, 0.445],
[1644499800.0, 0.45500000000000007],
[1644586200.0, 0.45499999999999996],
[1644672600.0, 0.4539999999999999],
[1644759000.0, 0.4370000000000001],
[1644845400.0, 0.433],
[1644931800.0, 0.46699999999999997],
[1645018200.0, 0.46699999999999997],
[1645104600.0, 0.48299999999999993],
[1645191000.0, 0.506],
[1645277400.0, 0.48199999999999993],
[1645363800.0, 0.488],
[1645450200.0, 0.48999999999999994],
[1645536600.0, 0.48699999999999993],
[1645623000.0, 0.46099999999999997],
[1645709400.0, 0.46099999999999997],
[1645795800.0, 0.4429999999999999],
[1645882200.0, 0.506],
[1645968600.0, 0.477],
[1646055000.0, 0.472],
[1646141400.0, 0.46399999999999997],
[1646227800.0, 0.48500000000000004],
[1646314200.0, 0.487],
[1646400600.0, 0.479],
[1646487000.0, 0.466],
[1646573400.0, 0.47000000000000003],
[1646659800.0, 0.47400000000000003],
[1646746200.0, 0.47800000000000004],
[1646832600.0, 0.48],
[1646919000.0, 0.48],
[1647005400.0, 0.503],
[1647091800.0, 0.48200000000000004],
[1647178200.0, 0.49899999999999994],
[1647264600.0, 0.48500000000000004],
[1647351000.0, 0.496],
[1647437400.0, 0.5030000000000001],
[1647523800.0, 0.5209999999999999],
[1647610200.0, 0.526],
[1647696600.0, 0.518],
[1647783000.0, 0.514],
[1647869400.0, 0.49899999999999994],
[1647955800.0, 0.512],
[1648042200.0, 0.493],
[1648128600.0, 0.5130000000000001],
[1648215000.0, 0.519],
[1648301400.0, 0.53],
[1648387800.0, 0.5359999999999999],
[1648474200.0, 0.5469999999999999],
[1648560600.0, 0.546],
[1648647000.0, 0.551],
[1648733400.0, 0.575],
[1648819800.0, 0.571],
[1648906200.0, 0.574],
[1648996200.0, 0.5780000000000001],
[1649082600.0, 0.569],
[1649169000.0, 0.5820000000000001],
[1649255400.0, 0.5599999999999999],
[1649341800.0, 0.5559999999999999],
[1649428200.0, 0.5710000000000001],
[1649514600.0, 0.568],
[1649601000.0, 0.567],
[1649687400.0, 0.5549999999999999],
[1649773800.0, 0.55],
[1649860200.0, 0.5710000000000001],
[1649946600.0, 0.571],
[1650033000.0, 0.5780000000000001],
[1650119400.0, 0.558],
[1650205800.0, 0.5660000000000001],
[1650292200.0, 0.5710000000000001],
[1650378600.0, 0.5700000000000001],
[1650465000.0, 0.5740000000000001],
[1650551400.0, 0.5740000000000001],
[1650637800.0, 0.5740000000000001],
[1650724200.0, 0.58],
[1650810600.0, 0.571],
[1650897000.0, 0.565],
[1650983400.0, 0.563],
[1651069800.0, 0.5479999999999999],
[1651156200.0, 0.554],
[1651242600.0, 0.5399999999999999],
[1651329000.0, 0.535],
[1651415400.0, 0.557],
[1651501800.0, 0.562],
[1651588200.0, 0.554],
[1651674600.0, 0.544],
[1651761000.0, 0.5290000000000001],
[1651847400.0, 0.5609999999999999],
[1651933800.0, 0.512],
[1652020200.0, 0.543],
[1652106600.0, 0.554],
[1652193000.0, 0.526],
[1652279400.0, 0.5229999999999999],
[1652365800.0, 0.532],
[1652452200.0, 0.5309999999999999],
[1652538600.0, 0.533],
[1652625000.0, 0.5349999999999999],
[1652711400.0, 0.528],
[1652797800.0, 0.5280000000000001],
[1652884200.0, 0.532],
[1652970600.0, 0.5359999999999999],
[1653057000.0, 0.5359999999999999],
[1653143400.0, 0.514],
[1653229800.0, 0.496],
[1653316200.0, 0.499],
[1653402600.0, 0.508],
[1653489000.0, 0.535],
[1653575400.0, 0.522],
[1653661800.0, 0.5150000000000001],
[1653748200.0, 0.516],
[1653834600.0, 0.5229999999999999],
[1653921000.0, 0.5039999999999999],
[1654007400.0, 0.5159999999999999],
[1654093800.0, 0.514],
[1654180200.0, 0.495],
[1654266600.0, 0.483],
[1654353000.0, 0.48200000000000004],
[1654439400.0, 0.492],
[1654525800.0, 0.507],
[1654612200.0, 0.528],
[1654698600.0, 0.513],
[1654785000.0, 0.5129999999999999],
[1654871400.0, 0.5089999999999999],
[1654957800.0, 0.509],
[1655044200.0, 0.5109999999999999],
[1655130600.0, 0.518],
[1655217000.0, 0.505],
[1655303400.0, 0.501],
[1655389800.0, 0.5029999999999999],
[1655476200.0, 0.4879999999999999],
[1655562600.0, 0.51],
[1655649000.0, 0.51],
[1655735400.0, 0.4990000000000001],
[1655821800.0, 0.491],
[1655908200.0, 0.488],
[1655994600.0, 0.49799999999999994],
[1656081000.0, 0.492],
[1656167400.0, 0.47300000000000003],
[1656253800.0, 0.48100000000000004],
[1656340200.0, 0.48200000000000004],
[1656426600.0, 0.45099999999999996],
[1656513000.0, 0.45499999999999996],
[1656599400.0, 0.4450000000000001],
[1656685800.0, 0.45999999999999996],
[1656772200.0, 0.45899999999999996],
[1656858600.0, 0.47300000000000003],
[1656945000.0, 0.466],
[1657031400.0, 0.4670000000000001],
[1657117800.0, 0.45000000000000007],
[1657204200.0, 0.46299999999999997],
[1657290600.0, 0.45],
[1657377000.0, 0.45099999999999996],
[1657463400.0, 0.449],
[1657549800.0, 0.45499999999999996],
[1657636200.0, 0.454],
[1657722600.0, 0.4709999999999999],
[1657809000.0, 0.469],
[1657895400.0, 0.472],
[1657981800.0, 0.454],
[1658068200.0, 0.48100000000000004],
[1658154600.0, 0.4779999999999999],
[1658241000.0, 0.477],
[1658327400.0, 0.47800000000000004],
[1658413800.0, 0.536],
[1658500200.0, 0.49899999999999994],
[1658586600.0, 0.5189999999999999],
[1658673000.0, 0.53],
[1658759400.0, 0.536],
[1658845800.0, 0.5149999999999999],
[1658932200.0, 0.538],
[1659018600.0, 0.48500000000000004],
[1659105000.0, 0.492],
[1659191400.0, 0.5],
[1659277800.0, 0.4919999999999999],
[1659364200.0, 0.491],
[1659450600.0, 0.51],
[1659537000.0, 0.504],
[1659623400.0, 0.488],
[1659709800.0, 0.49399999999999994],
[1659796200.0, 0.48600000000000004],
[1659882600.0, 0.5159999999999999],
[1659969000.0, 0.49400000000000005],
[1660055400.0, 0.499],
[1660141800.0, 0.4969999999999999],
[1660228200.0, 0.49000000000000005],
[1660314600.0, 0.48100000000000004],
[1660401000.0, 0.48100000000000004],
[1660487400.0, 0.48100000000000004],
[1660573800.0, 0.48100000000000004],
[1660660200.0, 0.42400000000000004],
[1660746600.0, 0.41600000000000004],
[1660833000.0, 0.44300000000000006],
[1660919400.0, 0.42400000000000004],
[1661005800.0, 0.42299999999999993],
[1661092200.0, 0.43099999999999994],
[1661178600.0, 0.42300000000000004],
[1661265000.0, 0.42300000000000004],
[1661351400.0, 0.454],
[1661437800.0, 0.44800000000000006],
[1661524200.0, 0.45],
[1661610600.0, 0.4659999999999999],
[1661697000.0, 0.45199999999999996],
[1661783400.0, 0.45600000000000007],
[1661869800.0, 0.4600000000000001],
[1661956200.0, 0.4680000000000001],
[1662042600.0, 0.43199999999999994],
[1662129000.0, 0.45499999999999996],
[1662215400.0, 0.45],
[1662301800.0, 0.45],
[1662388200.0, 0.45499999999999996],
[1662474600.0, 0.45200000000000007],
[1662561000.0, 0.495],
[1662647400.0, 0.4779999999999999],
[1662733800.0, 0.48199999999999993],
[1662820200.0, 0.484],
[1662906600.0, 0.47000000000000003],
[1662993000.0, 0.4619999999999999],
[1663079400.0, 0.4590000000000001],
[1663165800.0, 0.44600000000000006],
[1663252200.0, 0.4590000000000001],
[1663338600.0, 0.45899999999999996],
[1663425000.0, 0.434],
[1663511400.0, 0.418],
[1663597800.0, 0.425],
[1663684200.0, 0.43800000000000006],
[1663770600.0, 0.44499999999999995],
[1663857000.0, 0.434],
[1663943400.0, 0.43699999999999994],
[1664029800.0, 0.43600000000000005],
[1664116200.0, 0.41500000000000004],
[1664202600.0, 0.429],
[1664289000.0, 0.402],
[1664375400.0, 0.42200000000000004],
[1664461800.0, 0.409],
[1664548200.0, 0.429],
[1664634600.0, 0.396],
[1664717400.0, 0.41200000000000003],
[1664803800.0, 0.4050000000000001],
[1664890200.0, 0.40499999999999997],
[1664976600.0, 0.399],
[1665063000.0, 0.39499999999999996],
[1665149400.0, 0.39],
[1665235800.0, 0.39300000000000007],
[1665322200.0, 0.406],
[1665408600.0, 0.39],
[1665495000.0, 0.40700000000000003],
[1665581400.0, 0.384],
[1665667800.0, 0.379],
[1665754200.0, 0.392],
[1665840600.0, 0.384],
[1665927000.0, 0.39100000000000007],
[1666013400.0, 0.404],
[1666099800.0, 0.391],
[1666186200.0, 0.399],
[1666272600.0, 0.404],
[1666359000.0, 0.40499999999999997],
[1666445400.0, 0.369],
[1666531800.0, 0.38],
[1666618200.0, 0.36799999999999994],
[1666704600.0, 0.379],
[1666791000.0, 0.368],
[1666877400.0, 0.397],
[1666963800.0, 0.402],
[1667050200.0, 0.39499999999999996],
[1667136600.0, 0.394],
[1667223000.0, 0.38],
[1667309400.0, 0.37799999999999995],
[1667395800.0, 0.3810000000000001],
[1667482200.0, 0.39399999999999996],
[1667568600.0, 0.3750000000000001],
[1667655000.0, 0.403],
[1667741400.0, 0.40499999999999997],
[1667827800.0, 0.41500000000000004],
[1667914200.0, 0.4910000000000002],
[1668000600.0, 0.5109999999999999],
[1668087000.0, 0.529],
[1668173400.0, 0.5290000000000001],
[1668259800.0, 0.5389999999999999],
[1668346200.0, 0.537],
[1668432600.0, 0.5399999999999998],
[1668519000.0, 0.5499999999999999],
[1668605400.0, 0.524],
[1668691800.0, 0.536],
[1668778200.0, 0.4849999999999999],
[1668864600.0, 0.47700000000000004],
[1668951000.0, 0.508],
[1669037400.0, 0.475],
[1669123800.0, 0.495],
[1669210200.0, 0.46900000000000003],
[1669296600.0, 0.44499999999999995],
[1669383000.0, 0.42099999999999993],
[1669469400.0, 0.42899999999999994],
[1669555800.0, 0.39299999999999996],
[1669642200.0, 0.40700000000000003],
[1669728600.0, 0.40499999999999997],
[1669815000.0, 0.42299999999999993],
[1669901400.0, 0.449],
[1669987800.0, 0.43899999999999995],
[1670074200.0, 0.453],
[1670160600.0, 0.40099999999999997],
[1670247000.0, 0.458],
[1670333400.0, 0.47000000000000003],
[1670419800.0, 0.43899999999999995],
[1670506200.0, 0.44099999999999995],
[1670592600.0, 0.45500000000000007],
[1670679000.0, 0.44700000000000006],
[1670765400.0, 0.441],
[1670851800.0, 0.45499999999999996],
[1670938200.0, 0.43100000000000005],
[1671024600.0, 0.42699999999999994],
[1671111000.0, 0.438],
[1671197400.0, 0.425],
[1671283800.0, 0.4149999999999999],
[1671370200.0, 0.422],
[1671456600.0, 0.43],
[1671543000.0, 0.41800000000000004],
[1671629400.0, 0.438],
[1671715800.0, 0.44099999999999995],
[1671802200.0, 0.42300000000000004],
[1671888600.0, 0.442],
[1671975000.0, 0.434],
[1672061400.0, 0.414],
[1672147800.0, 0.422],
[1672234200.0, 0.421],
[1672320600.0, 0.41999999999999993],
[1672407000.0, 0.44400000000000006],
[1672493400.0, 0.4109999999999999],
[1672579800.0, 0.409],
[1672666200.0, 0.43099999999999994],
[1672752600.0, 0.414],
[1672839000.0, 0.417],
[1672925400.0, 0.417],
[1673011800.0, 0.43600000000000005],
[1673098200.0, 0.433],
[1673184600.0, 0.45299999999999996],
[1673271000.0, 0.466],
[1673357400.0, 0.47000000000000003],
[1673443800.0, 0.49399999999999994],
[1673530200.0, 0.4720000000000001],
[1673616600.0, 0.5189999999999999],
[1673703000.0, 0.509],
[1673789400.0, 0.496],
[1673875800.0, 0.48],
[1673962200.0, 0.495],
[1674048600.0, 0.4790000000000001],
[1674135000.0, 0.507],
[1674221400.0, 0.5009999999999999],
[1674307800.0, 0.5439999999999999],
[1674394200.0, 0.4999999999999999],
[1674480600.0, 0.5389999999999999],
[1674567000.0, 0.5239999999999999],
[1674653400.0, 0.5369999999999999],
[1674739800.0, 0.5519999999999999],
[1674826200.0, 0.5560000000000002],
[1674912600.0, 0.575],
[1674999000.0, 0.542],
[1675085400.0, 0.5370000000000001],
[1675171800.0, 0.5460000000000002],
[1675258200.0, 0.5219999999999999],
[1675344600.0, 0.5229999999999999],
[1675431000.0, 0.515],
[1675517400.0, 0.521],
[1675603800.0, 0.514],
[1675690200.0, 0.5149999999999999],
[1675776600.0, 0.531],
[1675863000.0, 0.531],
[1675949400.0, 0.531],
