[1635773400.0, 3.02],
[1635859800.0, 3.185],
[1635946200.0, 3.125],
[1636032600.0, 3.2375000000000003],
[1636119000.0, 3.2175000000000002],
[1636205400.0, 3.2349999999999994],
[1636291800.0, 3.1599999999999997],
[1636378200.0, 3.1875],
[1636464600.0, 2.9950000000000006],
[1636551000.0, 2.83],
[1636637400.0, 3.055],
[1636723800.0, 3.0349999999999997],
[1636810200.0, 2.985],
[1636896600.0, 2.982500000000001],
[1636983000.0, 3.11],
[1637069400.0, 3.0625],
[1637155800.0, 3.125],
[1637242200.0, 3.1225],
[1637328600.0, 3.065],
[1637415000.0, 3.08],
[1637501400.0, 3.0675],
[1637587800.0, 3.07],
[1637674200.0, 3.0025000000000004],
[1637760600.0, 2.8275],
[1637847000.0, 2.7674999999999996],
[1637933400.0, 2.7575],
[1638019800.0, 2.7300000000000004],
[1638106200.0, 2.7425000000000006],
[1638192600.0, 2.825],
[1638279000.0, 2.7275],
[1638365400.0, 2.8625000000000003],
[1638451800.0, 2.9675000000000002],
[1638538200.0, 3.0875],
[1638624600.0, 3.1174999999999997],
[1638711000.0, 3.155],
[1638797400.0, 3.19],
[1638883800.0, 3.1675],
[1638970200.0, 3.185],
[1639056600.0, 3.1725000000000003],
[1639143000.0, 3.18],
[1639229400.0, 3.15],
[1639315800.0, 3.165],
[1639402200.0, 3.1500000000000004],
[1639488600.0, 3.2375],
[1639575000.0, 3.0675000000000003],
[1639661400.0, 3.1],
[1639747800.0, 3.1175],
[1639834200.0, 3.1299999999999994],
[1639920600.0, 3.2275],
[1640007000.0, 3.0650000000000004],
[1640093400.0, 3.1525000000000003],
[1640179800.0, 3.0850000000000004],
[1640266200.0, 2.9875000000000003],
[1640352600.0, 3.1],
[1640439000.0, 3.1075000000000004],
[1640525400.0, 3.0524999999999998],
[1640611800.0, 3.1500000000000004],
[1640698200.0, 3.2125000000000004],
[1640784600.0, 3.2275],
[1640871000.0, 3.2525000000000004],
[1640957400.0, 3.3550000000000004],
[1641043800.0, 3.3300000000000005],
[1641130200.0, 3.4025000000000003],
[1641216600.0, 3.3499999999999996],
[1641303000.0, 3.16],
[1641389400.0, 3.335],
[1641475800.0, 3.495],
[1641562200.0, 3.5100000000000002],
[1641648600.0, 3.535],
[1641735000.0, 3.4800000000000004],
[1641821400.0, 3.5325],
[1641907800.0, 3.5650000000000004],
[1641994200.0, 3.425],
[1642080600.0, 3.5225],
[1642167000.0, 3.5300000000000002],
[1642253400.0, 3.5374999999999996],
[1642339800.0, 3.4675],
[1642426200.0, 3.445],
[1642512600.0, 3.4950000000000006],
[1642599000.0, 3.45],
[1642685400.0, 3.4225000000000003],
[1642771800.0, 3.5375],
[1642858200.0, 3.4800000000000004],
[1642944600.0, 3.4825],
[1643031000.0, 3.4825],
[1643117400.0, 3.4275],
[1643203800.0, 3.4425000000000003],
[1643290200.0, 3.4175],
[1643376600.0, 3.2525],
[1643463000.0, 3.2950000000000004],
[1643549400.0, 3.2800000000000002],
[1643635800.0, 3.2800000000000002],
[1643722200.0, 3.2800000000000002],
[1643808600.0, 3.4475],
[1643895000.0, 3.3850000000000007],
[1643981400.0, 3.5],
[1644067800.0, 3.5625],
[1644154200.0, 3.56],
[1644240600.0, 3.5850000000000004],
[1644327000.0, 3.5775],
[1644413400.0, 3.5624999999999996],
[1644499800.0, 3.5225000000000004],
[1644586200.0, 3.66],
[1644672600.0, 3.6075],
[1644759000.0, 3.6625],
[1644845400.0, 3.69],
[1644931800.0, 3.6775],
[1645018200.0, 3.7075],
[1645104600.0, 3.6875],
[1645191000.0, 3.7425000000000006],
[1645277400.0, 3.7749999999999995],
[1645363800.0, 3.74],
[1645450200.0, 3.7575000000000003],
[1645536600.0, 3.745],
[1645623000.0, 3.7600000000000002],
[1645709400.0, 3.6875],
[1645795800.0, 3.6500000000000004],
[1645882200.0, 3.72],
[1645968600.0, 3.6925],
[1646055000.0, 3.7225],
[1646141400.0, 3.7275000000000005],
[1646227800.0, 3.7125000000000004],
[1646314200.0, 3.6950000000000003],
[1646400600.0, 3.7075000000000005],
[1646487000.0, 3.7575000000000003],
[1646573400.0, 3.86],
[1646659800.0, 3.7600000000000002],
[1646746200.0, 3.62],
[1646832600.0, 3.6],
[1646919000.0, 3.6125000000000003],
[1647005400.0, 3.6475000000000004],
[1647091800.0, 3.6825],
[1647178200.0, 3.6925000000000003],
[1647264600.0, 3.7025],
[1647351000.0, 3.8075],
[1647437400.0, 3.7825000000000006],
[1647523800.0, 3.775000000000001],
[1647610200.0, 3.7900000000000005],
[1647696600.0, 3.7925],
[1647783000.0, 3.8075],
[1647869400.0, 3.8175000000000003],
[1647955800.0, 3.8325],
[1648042200.0, 3.87],
[1648128600.0, 3.8875],
[1648215000.0, 3.8875000000000006],
[1648301400.0, 3.8775000000000004],
[1648387800.0, 3.8975],
[1648474200.0, 3.91],
[1648560600.0, 3.9075],
[1648647000.0, 4.025],
[1648733400.0, 4.02],
[1648819800.0, 4.0175],
[1648906200.0, 4.13],
[1648996200.0, 4.1475],
[1649082600.0, 4.16],
[1649169000.0, 4.1975],
[1649255400.0, 4.2325],
[1649341800.0, 4.180000000000001],
[1649428200.0, 4.1899999999999995],
[1649514600.0, 4.295],
[1649601000.0, 4.1825],
[1649687400.0, 4.28],
[1649773800.0, 4.3375],
[1649860200.0, 4.305000000000001],
[1649946600.0, 4.297499999999999],
[1650033000.0, 4.390000000000001],
[1650119400.0, 4.3],
[1650205800.0, 4.425000000000001],
[1650292200.0, 4.4425],
[1650378600.0, 4.380000000000001],
[1650465000.0, 4.385],
[1650551400.0, 4.385],
[1650637800.0, 4.385],
[1650724200.0, 4.4675],
[1650810600.0, 4.385],
[1650897000.0, 4.405],
[1650983400.0, 4.390000000000001],
[1651069800.0, 4.21],
[1651156200.0, 4.2375],
[1651242600.0, 4.27],
[1651329000.0, 4.2975],
[1651415400.0, 4.325],
[1651501800.0, 4.33],
[1651588200.0, 4.362500000000001],
[1651674600.0, 4.03],
[1651761000.0, 4.01],
[1651847400.0, 4.0725],
[1651933800.0, 4.135],
[1652020200.0, 4.1625],
[1652106600.0, 4.12],
[1652193000.0, 4.182500000000001],
[1652279400.0, 4.047499999999999],
[1652365800.0, 4.095],
[1652452200.0, 4.1225000000000005],
[1652538600.0, 4.1225000000000005],
[1652625000.0, 4.1075],
[1652711400.0, 4.105],
[1652797800.0, 4.0649999999999995],
[1652884200.0, 4.095],
[1652970600.0, 4.115],
[1653057000.0, 4.192500000000001],
[1653143400.0, 4.1850000000000005],
[1653229800.0, 4.17],
[1653316200.0, 4.1875],
[1653402600.0, 4.2075000000000005],
[1653489000.0, 4.187500000000001],
[1653575400.0, 4.245],
[1653661800.0, 4.2225],
[1653748200.0, 4.2250000000000005],
[1653834600.0, 4.220000000000001],
[1653921000.0, 4.2425],
[1654007400.0, 4.3100000000000005],
[1654093800.0, 4.355],
[1654180200.0, 4.4125000000000005],
[1654266600.0, 4.112500000000001],
[1654353000.0, 4.192500000000001],
[1654439400.0, 4.232500000000001],
[1654525800.0, 4.12],
[1654612200.0, 4.3325],
[1654698600.0, 4.2250000000000005],
[1654785000.0, 4.0975],
[1654871400.0, 4.245],
[1654957800.0, 4.32],
[1655044200.0, 4.220000000000001],
[1655130600.0, 4.205],
[1655217000.0, 4.1625],
[1655303400.0, 4.1450000000000005],
[1655389800.0, 4.040000000000001],
[1655476200.0, 4.095],
[1655562600.0, 4.0775],
[1655649000.0, 4.015000000000001],
[1655735400.0, 4.0725],
[1655821800.0, 4.01],
[1655908200.0, 3.9225],
[1655994600.0, 3.9299999999999997],
[1656081000.0, 3.7775],
[1656167400.0, 3.7800000000000002],
[1656253800.0, 3.785],
[1656340200.0, 3.7600000000000002],
[1656426600.0, 3.8200000000000003],
[1656513000.0, 3.87],
[1656599400.0, 3.955],
[1656685800.0, 4.07],
[1656772200.0, 4.1425],
[1656858600.0, 4.15],
[1656945000.0, 4.1475],
[1657031400.0, 4.045],
[1657117800.0, 4.005],
[1657204200.0, 4.095000000000001],
[1657290600.0, 4.1975],
[1657377000.0, 4.2625],
[1657463400.0, 4.265000000000001],
[1657549800.0, 4.2575],
[1657636200.0, 4.305000000000001],
[1657722600.0, 4.465000000000001],
[1657809000.0, 4.285],
[1657895400.0, 4.3575],
[1657981800.0, 4.4175],
[1658068200.0, 4.495000000000001],
[1658154600.0, 4.4275],
[1658241000.0, 4.465],
[1658327400.0, 4.6625000000000005],
[1658413800.0, 4.444999999999999],
[1658500200.0, 4.477500000000001],
[1658586600.0, 4.49],
[1658673000.0, 4.492500000000001],
[1658759400.0, 4.505],
[1658845800.0, 4.535],
[1658932200.0, 4.595],
[1659018600.0, 4.542500000000001],
[1659105000.0, 4.6000000000000005],
[1659191400.0, 4.5625],
[1659277800.0, 4.6000000000000005],
[1659364200.0, 4.615000000000001],
[1659450600.0, 4.675],
[1659537000.0, 4.6775],
[1659623400.0, 4.66],
[1659709800.0, 4.7425],
[1659796200.0, 4.790000000000001],
[1659882600.0, 4.8075],
[1659969000.0, 4.807500000000001],
[1660055400.0, 4.8500000000000005],
[1660141800.0, 4.775],
[1660228200.0, 4.867500000000001],
[1660314600.0, 4.8425],
[1660401000.0, 4.8425],
[1660487400.0, 4.8425],
[1660573800.0, 4.8425],
[1660660200.0, 4.902500000000001],
[1660746600.0, 4.7975],
[1660833000.0, 4.8575],
[1660919400.0, 5.0275],
[1661005800.0, 5.109999999999999],
[1661092200.0, 4.9350000000000005],
[1661178600.0, 5.090000000000001],
[1661265000.0, 5.067500000000001],
[1661351400.0, 4.8775],
[1661437800.0, 4.8375],
[1661524200.0, 4.8375],
[1661610600.0, 4.9175],
[1661697000.0, 4.88],
[1661783400.0, 4.8875],
[1661869800.0, 4.9],
[1661956200.0, 4.8925],
[1662042600.0, 4.9275],
[1662129000.0, 4.705000000000001],
[1662215400.0, 4.795],
[1662301800.0, 4.94],
[1662388200.0, 4.852500000000001],
[1662474600.0, 4.845000000000001],
[1662561000.0, 4.94],
[1662647400.0, 5.01],
[1662733800.0, 4.9975],
[1662820200.0, 5.07],
[1662906600.0, 5],
[1662993000.0, 5.0075],
[1663079400.0, 5.25],
[1663165800.0, 5.255],
[1663252200.0, 5.277500000000001],
[1663338600.0, 5.325],
[1663425000.0, 5.3325],
[1663511400.0, 5.32],
[1663597800.0, 5.2225],
[1663684200.0, 5.12],
[1663770600.0, 5.0825000000000005],
[1663857000.0, 5.1075],
[1663943400.0, 5.0575],
[1664029800.0, 5.0675],
[1664116200.0, 5.09],
[1664202600.0, 5.010000000000001],
[1664289000.0, 4.98],
[1664375400.0, 4.962500000000001],
[1664461800.0, 5.007499999999999],
[1664548200.0, 5.0249999999999995],
[1664634600.0, 5.1225000000000005],
[1664717400.0, 5.2225],
[1664803800.0, 5.295],
[1664890200.0, 5.2975],
[1664976600.0, 5.282500000000001],
[1665063000.0, 5.33],
[1665149400.0, 5.3975],
[1665235800.0, 5.422499999999999],
[1665322200.0, 5.5425],
[1665408600.0, 5.4575000000000005],
[1665495000.0, 5.4475],
[1665581400.0, 5.51],
[1665667800.0, 5.5075],
[1665754200.0, 5.4175],
[1665840600.0, 5.54],
[1665927000.0, 5.5225],
[1666013400.0, 5.5075],
[1666099800.0, 5.515],
[1666186200.0, 5.5024999999999995],
[1666272600.0, 5.5075],
[1666359000.0, 5.3475],
[1666445400.0, 5.1049999999999995],
[1666531800.0, 5.02],
[1666618200.0, 4.994999999999999],
[1666704600.0, 5.0975],
[1666791000.0, 5.0725],
[1666877400.0, 5.08],
[1666963800.0, 5.095000000000001],
[1667050200.0, 5.165],
[1667136600.0, 5.1674999999999995],
[1667223000.0, 5.1575],
[1667309400.0, 5.155],
[1667395800.0, 5.1625],
[1667482200.0, 5.2325],
[1667568600.0, 5.32],
[1667655000.0, 5.4225],
[1667741400.0, 5.390000000000001],
[1667827800.0, 5.425000000000001],
[1667914200.0, 5.5025],
[1668000600.0, 5.4425],
[1668087000.0, 5.5175],
[1668173400.0, 5.454999999999999],
[1668259800.0, 5.4975000000000005],
[1668346200.0, 5.48],
[1668432600.0, 5.532499999999999],
[1668519000.0, 5.45],
[1668605400.0, 5.45],
[1668691800.0, 5.3525],
[1668778200.0, 5.3275],
[1668864600.0, 5.2775],
[1668951000.0, 5.2875],
[1669037400.0, 5.272500000000001],
[1669123800.0, 5.1825],
[1669210200.0, 4.9624999999999995],
[1669296600.0, 4.705],
[1669383000.0, 4.5975],
[1669469400.0, 4.572500000000001],
[1669555800.0, 4.635],
[1669642200.0, 4.722500000000001],
[1669728600.0, 4.8475],
[1669815000.0, 5.047499999999999],
[1669901400.0, 5.2125],
[1669987800.0, 5.385],
[1670074200.0, 5.46],
[1670160600.0, 5.415],
[1670247000.0, 5.465000000000001],
[1670333400.0, 5.28],
[1670419800.0, 5.322500000000001],
[1670506200.0, 5.355],
[1670592600.0, 5.347499999999999],
[1670679000.0, 5.317500000000001],
[1670765400.0, 5.295],
[1670851800.0, 5.2525],
[1670938200.0, 5.3125],
[1671024600.0, 5.2125],
[1671111000.0, 5.255],
[1671197400.0, 5.1850000000000005],
[1671283800.0, 5.2075000000000005],
[1671370200.0, 5.327500000000001],
[1671456600.0, 5.3225],
[1671543000.0, 5.305],
[1671629400.0, 5.327500000000001],
[1671715800.0, 5.265],
[1671802200.0, 5.1375],
[1671888600.0, 5.1775],
[1671975000.0, 5.185],
[1672061400.0, 5.24],
[1672147800.0, 5.2475],
[1672234200.0, 5.19],
[1672320600.0, 5.2525],
[1672407000.0, 5.335],
[1672493400.0, 5.36],
[1672579800.0, 5.437499999999999],
[1672666200.0, 5.435],
[1672752600.0, 5.3975],
[1672839000.0, 5.3625],
[1672925400.0, 5.419999999999999],
[1673011800.0, 5.55],
[1673098200.0, 5.6925],
[1673184600.0, 5.7],
[1673271000.0, 5.8100000000000005],
[1673357400.0, 5.842499999999999],
[1673443800.0, 5.78],
[1673530200.0, 5.96],
[1673616600.0, 5.7875000000000005],
[1673703000.0, 6.14],
[1673789400.0, 6.1725],
[1673875800.0, 6.0475],
[1673962200.0, 6.18],
[1674048600.0, 6.2075],
[1674135000.0, 6.1875],
[1674221400.0, 6.1525],
[1674307800.0, 6.177499999999999],
[1674394200.0, 6.315],
[1674480600.0, 6.284999999999999],
[1674567000.0, 6.275],
[1674653400.0, 6.2525],
[1674739800.0, 6.255],
[1674826200.0, 6.442499999999999],
[1674912600.0, 6.325],
[1674999000.0, 6.319999999999999],
[1675085400.0, 6.3975],
[1675171800.0, 6.3725],
[1675258200.0, 6.395],
[1675344600.0, 6.407500000000001],
[1675431000.0, 6.212500000000001],
[1675517400.0, 6.485],
[1675603800.0, 6.4525],
[1675690200.0, 6.4799999999999995],
[1675776600.0, 6.4],
[1675863000.0, 6.4],
[1675949400.0, 6.4],
