[1635773400.0, 6.944598],
[1635859800.0, 6.9686065],
[1635946200.0, 7.504919500000001],
[1636032600.0, 7.222839499999999],
[1636119000.0, 7.4465395],
[1636205400.0, 7.2370475],
[1636291800.0, 7.0136505],
[1636378200.0, 7.2927405],
[1636464600.0, 7.083559],
[1636551000.0, 6.987636999999999],
[1636637400.0, 7.146100000000001],
[1636723800.0, 7.162876],
[1636810200.0, 7.194686000000001],
[1636896600.0, 6.9601405000000005],
[1636983000.0, 6.810366],
[1637069400.0, 7.8585125],
[1637155800.0, 7.083192],
[1637242200.0, 7.5962774999999985],
[1637328600.0, 7.0809239999999996],
[1637415000.0, 7.101232],
[1637501400.0, 7.376409000000001],
[1637587800.0, 7.331434500000002],
[1637674200.0, 7.343875500000001],
[1637760600.0, 7.2527550000000005],
[1637847000.0, 7.138391500000001],
[1637933400.0, 7.3543755000000015],
[1638019800.0, 6.754959],
[1638106200.0, 6.385136],
[1638192600.0, 6.443604500000001],
[1638279000.0, 6.497174],
[1638365400.0, 6.110958],
[1638451800.0, 6.060543000000001],
[1638538200.0, 6.4868575],
[1638624600.0, 7.199109999999999],
[1638711000.0, 6.2359765000000005],
[1638797400.0, 6.934560500000001],
[1638883800.0, 7.312360000000002],
[1638970200.0, 6.7465730000000015],
[1639056600.0, 6.684180500000001],
[1639143000.0, 7.427614],
[1639229400.0, 6.9576785],
[1639315800.0, 7.433246500000001],
[1639402200.0, 7.4613005],
[1639488600.0, 7.188290500000001],
[1639575000.0, 7.32697],
[1639661400.0, 6.599548500000001],
[1639747800.0, 6.875486],
[1639834200.0, 6.820266999999999],
[1639920600.0, 6.578035500000001],
[1640007000.0, 6.8097435000000015],
[1640093400.0, 6.507874999999999],
[1640179800.0, 6.8121100000000006],
[1640266200.0, 6.614916000000001],
[1640352600.0, 6.932962],
[1640439000.0, 7.060624999999999],
[1640525400.0, 7.105695500000001],
[1640611800.0, 6.432502500000001],
[1640698200.0, 6.7026375],
[1640784600.0, 7.4362475],
[1640871000.0, 7.1358315],
[1640957400.0, 7.800107999999999],
[1641043800.0, 7.3669145],
[1641130200.0, 7.298275000000001],
[1641216600.0, 7.198864],
[1641303000.0, 7.505466],
[1641389400.0, 7.482548000000001],
[1641475800.0, 7.428080999999999],
[1641562200.0, 7.796064500000001],
[1641648600.0, 8.012576],
[1641735000.0, 8.0902835],
[1641821400.0, 7.590957],
[1641907800.0, 7.807824],
[1641994200.0, 7.744285000000001],
[1642080600.0, 7.706400500000001],
[1642167000.0, 6.774660000000001],
[1642253400.0, 7.1890675],
[1642339800.0, 6.651382000000001],
[1642426200.0, 6.607159],
[1642512600.0, 6.672286000000001],
[1642599000.0, 6.934850000000001],
[1642685400.0, 6.631371],
[1642771800.0, 6.347546000000001],
[1642858200.0, 6.311705000000001],
[1642944600.0, 7.123107000000001],
[1643031000.0, 7.986919499999999],
[1643117400.0, 7.745194000000001],
[1643203800.0, 7.8712395],
[1643290200.0, 8.5661095],
[1643376600.0, 7.693167000000001],
[1643463000.0, 7.846892],
[1643549400.0, 8.282932],
[1643635800.0, 8.282932],
[1643722200.0, 8.282932],
[1643808600.0, 8.0931255],
[1643895000.0, 8.187785000000002],
[1643981400.0, 7.4565375],
[1644067800.0, 8.151502500000001],
[1644154200.0, 8.2326845],
[1644240600.0, 7.864638500000001],
[1644327000.0, 7.773306500000002],
[1644413400.0, 7.693679000000001],
[1644499800.0, 8.099369],
[1644586200.0, 7.895752],
[1644672600.0, 8.069968],
[1644759000.0, 8.423034],
[1644845400.0, 7.9674119999999995],
[1644931800.0, 8.305559],
[1645018200.0, 8.268166],
[1645104600.0, 7.946484],
[1645191000.0, 8.415871500000002],
[1645277400.0, 8.0512245],
[1645363800.0, 7.954239],
[1645450200.0, 8.522858000000001],
[1645536600.0, 8.029227500000001],
[1645623000.0, 6.717572500000001],
[1645709400.0, 7.292317000000001],
[1645795800.0, 6.597019000000001],
[1645882200.0, 7.121734],
[1645968600.0, 6.52163],
[1646055000.0, 6.305309000000001],
[1646141400.0, 6.314880499999999],
[1646227800.0, 6.973464],
[1646314200.0, 6.86052],
[1646400600.0, 6.8129300000000015],
[1646487000.0, 6.759652000000001],
[1646573400.0, 6.965956500000002],
[1646659800.0, 7.2023735],
[1646746200.0, 6.581267499999999],
[1646832600.0, 6.459174000000001],
[1646919000.0, 6.4008755],
[1647005400.0, 6.4529405],
[1647091800.0, 6.5580750000000005],
[1647178200.0, 6.482002999999999],
[1647264600.0, 6.657415500000001],
[1647351000.0, 6.5953610000000005],
[1647437400.0, 7.1920815000000005],
[1647523800.0, 6.9657895],
[1647610200.0, 7.082253500000001],
[1647696600.0, 7.152167499999999],
[1647783000.0, 7.0960155],
[1647869400.0, 7.1810445000000005],
[1647955800.0, 7.290354000000001],
[1648042200.0, 7.513271],
[1648128600.0, 7.682006500000002],
[1648215000.0, 7.475391000000001],
[1648301400.0, 7.269576500000001],
[1648387800.0, 7.0174915],
[1648474200.0, 7.5131325],
[1648560600.0, 7.322107],
[1648647000.0, 7.1144755],
[1648733400.0, 7.3814804999999994],
[1648819800.0, 7.818984],
[1648906200.0, 7.439788500000001],
[1648996200.0, 7.377000500000001],
[1649082600.0, 7.7239455],
[1649169000.0, 7.517571],
[1649255400.0, 7.8195605000000015],
[1649341800.0, 7.5605579999999994],
[1649428200.0, 7.704144],
[1649514600.0, 8.1054155],
[1649601000.0, 8.1827555],
[1649687400.0, 7.710865500000001],
[1649773800.0, 8.131663],
[1649860200.0, 7.983505500000001],
[1649946600.0, 8.413822500000002],
[1650033000.0, 8.3828315],
[1650119400.0, 7.8868314999999996],
[1650205800.0, 8.499456],
[1650292200.0, 7.565072499999999],
[1650378600.0, 7.8086435000000005],
[1650465000.0, 8.0763425],
[1650551400.0, 8.0763425],
[1650637800.0, 8.0763425],
[1650724200.0, 7.512525000000002],
[1650810600.0, 7.178515000000001],
[1650897000.0, 7.387237000000001],
[1650983400.0, 7.615007999999999],
[1651069800.0, 7.672658499999999],
[1651156200.0, 7.613992],
[1651242600.0, 8.0932465],
[1651329000.0, 6.992129],
[1651415400.0, 8.458982000000002],
[1651501800.0, 7.9773344999999996],
[1651588200.0, 7.672238],
[1651674600.0, 7.887292500000001],
[1651761000.0, 7.602128500000001],
[1651847400.0, 7.2286],
[1651933800.0, 7.4877780000000005],
[1652020200.0, 7.623926000000001],
[1652106600.0, 7.215529500000001],
[1652193000.0, 7.4549775],
[1652279400.0, 7.038685],
[1652365800.0, 6.3202075],
[1652452200.0, 7.013645500000001],
[1652538600.0, 6.981290500000002],
[1652625000.0, 6.996081],
[1652711400.0, 6.777456],
[1652797800.0, 6.7559405],
[1652884200.0, 6.335975],
[1652970600.0, 7.200952],
[1653057000.0, 7.158599000000001],
[1653143400.0, 7.379407500000001],
[1653229800.0, 7.003958000000001],
[1653316200.0, 7.610691500000001],
[1653402600.0, 7.9494245],
[1653489000.0, 7.6979885],
[1653575400.0, 8.135175500000003],
[1653661800.0, 7.8555735],
[1653748200.0, 7.478277500000001],
[1653834600.0, 6.760532500000002],
[1653921000.0, 7.149421500000001],
[1654007400.0, 7.351013999999999],
[1654093800.0, 7.513789000000002],
[1654180200.0, 6.977700500000001],
[1654266600.0, 7.235682],
[1654353000.0, 7.0524145],
[1654439400.0, 7.1118535000000005],
[1654525800.0, 7.000395999999999],
[1654612200.0, 7.2187325],
[1654698600.0, 6.762494],
[1654785000.0, 6.871316500000001],
[1654871400.0, 7.484942],
[1654957800.0, 6.4255379999999995],
[1655044200.0, 7.1235135000000005],
[1655130600.0, 7.1298085],
[1655217000.0, 7.220742000000001],
[1655303400.0, 7.070510499999999],
[1655389800.0, 7.07306],
[1655476200.0, 6.346253],
[1655562600.0, 7.505644500000001],
[1655649000.0, 6.6158280000000005],
[1655735400.0, 6.626235500000002],
[1655821800.0, 6.692473],
[1655908200.0, 6.490564999999999],
[1655994600.0, 6.496957],
[1656081000.0, 6.6901035],
[1656167400.0, 6.515238],
[1656253800.0, 6.2841215],
[1656340200.0, 6.4821595],
[1656426600.0, 6.405086000000001],
[1656513000.0, 6.327481],
[1656599400.0, 6.7529650000000006],
[1656685800.0, 6.512913000000001],
[1656772200.0, 6.241984500000001],
[1656858600.0, 6.1623745],
[1656945000.0, 6.5746825000000015],
[1657031400.0, 6.3465325],
[1657117800.0, 6.652952000000001],
[1657204200.0, 6.3931775],
[1657290600.0, 9.7547385],
[1657377000.0, 6.732158500000001],
[1657463400.0, 6.673217000000001],
[1657549800.0, 6.751561000000001],
[1657636200.0, 6.826477000000001],
[1657722600.0, 7.458984500000001],
[1657809000.0, 7.113538500000001],
[1657895400.0, 7.009614500000001],
[1657981800.0, 7.660302000000001],
[1658068200.0, 7.022246500000001],
[1658154600.0, 7.044796000000001],
[1658241000.0, 7.251658],
[1658327400.0, 7.2909205],
[1658413800.0, 6.4722095],
[1658500200.0, 6.9813315],
[1658586600.0, 6.8955400000000004],
[1658673000.0, 6.863619],
[1658759400.0, 7.275578000000001],
[1658845800.0, 7.103003000000001],
[1658932200.0, 6.967446500000001],
[1659018600.0, 7.072879500000001],
[1659105000.0, 6.725651500000001],
[1659191400.0, 6.838746],
[1659277800.0, 7.124905],
[1659364200.0, 7.026715500000002],
[1659450600.0, 6.784320500000001],
[1659537000.0, 6.9029430000000005],
[1659623400.0, 6.6325199999999995],
[1659709800.0, 6.8055505],
[1659796200.0, 7.002117499999999],
[1659882600.0, 7.101046500000001],
[1659969000.0, 6.968476000000001],
[1660055400.0, 7.322234],
[1660141800.0, 6.948271],
[1660228200.0, 7.394122500000001],
[1660314600.0, 6.949928000000001],
[1660401000.0, 6.949928000000001],
[1660487400.0, 6.949928000000001],
[1660573800.0, 6.949928000000001],
[1660660200.0, 7.127297499999999],
[1660746600.0, 7.490299],
[1660833000.0, 7.151343000000001],
[1660919400.0, 7.5576545],
[1661005800.0, 7.398502500000001],
[1661092200.0, 7.4089624999999995],
[1661178600.0, 7.5930365],
[1661265000.0, 7.8110545],
[1661351400.0, 7.2382385000000005],
[1661437800.0, 7.159540500000001],
[1661524200.0, 7.4790255000000005],
[1661610600.0, 7.9479615],
[1661697000.0, 7.227194000000001],
[1661783400.0, 7.379167500000001],
[1661869800.0, 8.185298],
[1661956200.0, 8.3465505],
[1662042600.0, 7.647060499999999],
[1662129000.0, 7.5972445],
[1662215400.0, 7.591714500000001],
[1662301800.0, 7.653903499999999],
[1662388200.0, 7.9047325],
[1662474600.0, 7.768331],
[1662561000.0, 7.6653445],
[1662647400.0, 7.5350945],
[1662733800.0, 7.584547000000001],
[1662820200.0, 7.9166545],
[1662906600.0, 7.77988],
[1662993000.0, 7.8924215],
[1663079400.0, 7.7847865],
[1663165800.0, 8.013515000000002],
[1663252200.0, 7.975623000000001],
[1663338600.0, 8.0208695],
[1663425000.0, 8.100775500000001],
[1663511400.0, 6.4257159999999995],
[1663597800.0, 5.6254990000000005],
[1663684200.0, 7.024563000000001],
[1663770600.0, 6.743650499999999],
[1663857000.0, 7.515049],
[1663943400.0, 6.789699000000001],
[1664029800.0, 6.801174],
[1664116200.0, 7.3190075],
[1664202600.0, 7.1360600000000005],
[1664289000.0, 7.0607775],
[1664375400.0, 7.029431],
[1664461800.0, 6.759491000000001],
[1664548200.0, 6.944548000000001],
[1664634600.0, 6.8328880000000005],
[1664717400.0, 6.93388],
[1664803800.0, 6.7772895],
[1664890200.0, 6.7121379999999995],
[1664976600.0, 6.8574635],
[1665063000.0, 7.0437785],
[1665149400.0, 6.896020500000001],
[1665235800.0, 6.883119000000001],
[1665322200.0, 6.657440000000001],
[1665408600.0, 6.862679],
[1665495000.0, 6.731823500000001],
[1665581400.0, 6.886291],
[1665667800.0, 7.0081489999999995],
[1665754200.0, 6.960378],
[1665840600.0, 7.25817],
[1665927000.0, 7.344154],
[1666013400.0, 7.486765],
[1666099800.0, 7.2361705],
[1666186200.0, 7.503048499999999],
[1666272600.0, 7.4401595],
[1666359000.0, 7.334919500000001],
[1666445400.0, 6.805963000000001],
[1666531800.0, 7.2766905],
[1666618200.0, 6.958674],
[1666704600.0, 7.088955],
[1666791000.0, 7.205254500000001],
[1666877400.0, 7.150188000000001],
[1666963800.0, 7.078688],
[1667050200.0, 7.19426],
[1667136600.0, 6.9982395],
[1667223000.0, 7.2460535],
[1667309400.0, 7.0924845],
[1667395800.0, 7.129579500000002],
[1667482200.0, 6.9006515],
[1667568600.0, 6.8226165000000005],
[1667655000.0, 7.425314],
[1667741400.0, 7.087812500000002],
[1667827800.0, 6.869087500000001],
[1667914200.0, 7.213187000000001],
[1668000600.0, 6.7348195],
[1668087000.0, 6.9641614999999994],
[1668173400.0, 7.0999155],
[1668259800.0, 7.0882015],
[1668346200.0, 7.3842170000000005],
[1668432600.0, 7.240457],
[1668519000.0, 7.487101000000001],
[1668605400.0, 7.368075500000001],
[1668691800.0, 7.812945500000001],
[1668778200.0, 6.9073955],
[1668864600.0, 6.895737500000001],
[1668951000.0, 7.282933999999999],
[1669037400.0, 7.087763],
[1669123800.0, 6.992237],
[1669210200.0, 6.6877024999999986],
[1669296600.0, 6.934873000000001],
[1669383000.0, 6.296545000000002],
[1669469400.0, 6.9254365],
[1669555800.0, 6.709329000000001],
[1669642200.0, 6.571465],
[1669728600.0, 6.945535500000001],
[1669815000.0, 6.688450500000002],
[1669901400.0, 6.6886220000000005],
[1669987800.0, 6.6633905],
[1670074200.0, 5.184298500000001],
[1670160600.0, 6.756391000000001],
[1670247000.0, 6.691738000000001],
[1670333400.0, 6.7966145000000004],
[1670419800.0, 7.3610115],
[1670506200.0, 6.8701015000000005],
[1670592600.0, 6.531015],
[1670679000.0, 6.7170385],
[1670765400.0, 6.961107],
[1670851800.0, 7.320488500000001],
[1670938200.0, 7.019210500000002],
[1671024600.0, 6.8232655],
[1671111000.0, 6.9681415],
[1671197400.0, 6.4079715],
[1671283800.0, 7.054013500000001],
[1671370200.0, 6.691746],
[1671456600.0, 7.7554870000000005],
[1671543000.0, 7.488259500000002],
[1671629400.0, 7.597619500000001],
[1671715800.0, 7.738927500000001],
[1671802200.0, 7.564139500000001],
[1671888600.0, 7.836364],
[1671975000.0, 7.90402],
[1672061400.0, 7.767350499999999],
[1672147800.0, 7.447297],
[1672234200.0, 7.589161],
[1672320600.0, 7.843496],
[1672407000.0, 7.746501499999999],
[1672493400.0, 7.5075305],
[1672579800.0, 7.506875000000001],
[1672666200.0, 7.451326000000001],
[1672752600.0, 7.2155795000000005],
[1672839000.0, 7.4254955],
[1672925400.0, 7.5956685],
[1673011800.0, 7.2875675],
[1673098200.0, 7.594635500000001],
[1673184600.0, 7.3279070000000015],
[1673271000.0, 7.0841685000000005],
[1673357400.0, 7.6108505],
[1673443800.0, 7.9300820000000005],
[1673530200.0, 7.7041770000000005],
[1673616600.0, 7.654332000000001],
[1673703000.0, 7.5567665],
[1673789400.0, 7.653120000000001],
[1673875800.0, 7.785942],
[1673962200.0, 7.657724],
[1674048600.0, 8.3460395],
[1674135000.0, 8.535416499999998],
[1674221400.0, 8.083717000000002],
[1674307800.0, 8.844789500000001],
[1674394200.0, 8.5723705],
[1674480600.0, 8.726863000000002],
[1674567000.0, 9.0814385],
[1674653400.0, 8.928323],
[1674739800.0, 8.753883],
[1674826200.0, 8.935515500000001],
[1674912600.0, 9.105725],
[1674999000.0, 9.059702999999999],
[1675085400.0, 9.4979545],
[1675171800.0, 9.659534500000001],
[1675258200.0, 9.449275499999999],
[1675344600.0, 10.2168865],
[1675431000.0, 9.639610000000001],
[1675517400.0, 9.9959725],
[1675603800.0, 10.0742495],
[1675690200.0, 10.3132555],
[1675776600.0, 10.500099500000001],
[1675863000.0, 10.500099500000001],
[1675949400.0, 10.500099500000001],
