[1635773400.0, 0.9448000898472597],
[1635859800.0, 1.002853881278539],
[1635946200.0, 0.9972960739470176],
[1636032600.0, 0.8446797024952016],
[1636119000.0, 0.9877183406113537],
[1636205400.0, 0.9037474974974974],
[1636291800.0, 0.9393021538996005],
[1636378200.0, 0.9248221021947874],
[1636464600.0, 0.8618193069306929],
[1636551000.0, 0.8885519801980195],
[1636637400.0, 0.866358024691358],
[1636723800.0, 0.8662002487562189],
[1636810200.0, 0.806956452129363],
[1636896600.0, 0.8202661431064572],
[1636983000.0, 0.7854571404226313],
[1637069400.0, 0.7177502285191956],
[1637155800.0, 0.8056439972830702],
[1637242200.0, 0.7378322986310094],
[1637328600.0, 0.8942668313208928],
[1637415000.0, 0.7449133683039262],
[1637501400.0, 0.7651804164679702],
[1637587800.0, 0.7823984914138983],
[1637674200.0, 0.7381224303334857],
[1637760600.0, 0.7263927150290787],
[1637847000.0, 0.7944731752438616],
[1637933400.0, 0.810580870279146],
[1638019800.0, 1.0417719519898927],
[1638106200.0, 0.8976648351648353],
[1638192600.0, 0.8338497714486637],
[1638279000.0, 0.8497939560439562],
[1638365400.0, 0.887303615370055],
[1638451800.0, 0.8064872594903797],
[1638538200.0, 0.8359630970857046],
[1638624600.0, 0.8387787895018748],
[1638711000.0, 0.8911251105216621],
[1638797400.0, 0.83241066935078],
[1638883800.0, 0.7490228445658773],
[1638970200.0, 0.7405986762936223],
[1639056600.0, 0.8008945275958841],
[1639143000.0, 0.7273367735324258],
[1639229400.0, 0.8867315016322087],
[1639315800.0, 0.7367306155075939],
[1639402200.0, 0.7603307363275282],
[1639488600.0, 0.7628843042071198],
[1639575000.0, 0.7525171123845908],
[1639661400.0, 0.7421838544097059],
[1639747800.0, 0.7660739942528737],
[1639834200.0, 0.7387136672850959],
[1639920600.0, 0.7476993264411028],
[1640007000.0, 0.7206249026024621],
[1640093400.0, 0.8918313208927919],
[1640179800.0, 0.7634588724584103],
[1640266200.0, 0.9060293571163137],
[1640352600.0, 0.8223570724494824],
[1640439000.0, 0.9170467108899945],
[1640525400.0, 0.841653963414634],
[1640611800.0, 0.8368834080717488],
[1640698200.0, 0.7900066401062416],
[1640784600.0, 0.7355591497227357],
[1640871000.0, 0.9901555347482314],
[1640957400.0, 0.7750844329249137],
[1641043800.0, 0.740696453569762],
[1641130200.0, 0.8715000886053519],
[1641216600.0, 0.8800237969328397],
[1641303000.0, 0.9328453858607663],
[1641389400.0, 0.9194702515015013],
[1641475800.0, 0.8347606899902817],
[1641562200.0, 0.7979680471537149],
[1641648600.0, 0.7728160786134324],
[1641735000.0, 0.7824255335482879],
[1641821400.0, 0.8532391552511416],
[1641907800.0, 0.8678859255566634],
[1641994200.0, 0.9076091416379453],
[1642080600.0, 0.7988111311131114],
[1642167000.0, 1.0916565778853913],
[1642253400.0, 0.8294241467448504],
[1642339800.0, 0.7812593843843844],
[1642426200.0, 0.8386299435028249],
[1642512600.0, 0.8016324352179034],
[1642599000.0, 0.8489775522755227],
[1642685400.0, 0.8493827900287633],
[1642771800.0, 0.8276958577217469],
[1642858200.0, 0.7902370203160272],
[1642944600.0, 0.7801340953234724],
[1643031000.0, 0.7608746916267596],
[1643117400.0, 0.7533075975061623],
[1643203800.0, 0.7801965230536658],
[1643290200.0, 0.8452281746031746],
[1643376600.0, 0.7823921568627451],
[1643463000.0, 0.7309570312499999],
[1643549400.0, 0.7063127398878063],
[1643635800.0, 0.7063127398878063],
[1643722200.0, 0.7063127398878063],
[1643808600.0, 0.8094931271477663],
[1643895000.0, 0.6967140319715808],
[1643981400.0, 0.8577179227786208],
[1644067800.0, 0.9154070276901507],
[1644154200.0, 0.8009380453752181],
[1644240600.0, 0.713997834456208],
[1644327000.0, 0.8351875532821824],
[1644413400.0, 0.7903265107212476],
[1644499800.0, 0.7776623119556609],
[1644586200.0, 0.7869103773584905],
[1644672600.0, 0.7713758184863712],
[1644759000.0, 0.7241823968393328],
[1644845400.0, 0.7576299857549857],
[1644931800.0, 0.7490697008730498],
[1645018200.0, 0.7818755686988171],
[1645104600.0, 0.7334070796460178],
[1645191000.0, 0.7487602414833983],
[1645277400.0, 1.2214136904761905],
[1645363800.0, 0.7163281250000002],
[1645450200.0, 0.8111955187231431],
[1645536600.0, 0.7426460037308079],
[1645623000.0, 0.7858229359211338],
[1645709400.0, 0.7034092499300307],
[1645795800.0, 0.8002777777777779],
[1645882200.0, 0.7179749894913829],
[1645968600.0, 0.7169422893698109],
[1646055000.0, 0.7879617462403271],
[1646141400.0, 0.7011315789473684],
[1646227800.0, 0.6918166666666669],
[1646314200.0, 0.75332216940363],
[1646400600.0, 0.7327020736352093],
[1646487000.0, 0.8994502314814816],
[1646573400.0, 1.0090690357208956],
[1646659800.0, 0.8091851680542708],
[1646746200.0, 0.806401766004415],
[1646832600.0, 0.6857693569553808],
[1646919000.0, 0.7207151765787055],
[1647005400.0, 0.9114043355325165],
[1647091800.0, 0.7154423752194634],
[1647178200.0, 0.7010570987654321],
[1647264600.0, 0.7135628153070014],
[1647351000.0, 0.74715611067401],
[1647437400.0, 0.7409510974201],
[1647523800.0, 0.6247586095912456],
[1647610200.0, 0.8663638032305434],
[1647696600.0, 0.757644615192404],
[1647783000.0, 0.6790035227535227],
[1647869400.0, 0.7289161065912038],
[1647955800.0, 0.7256510881198716],
[1648042200.0, 0.675865518441197],
[1648128600.0, 0.7377282012000511],
[1648215000.0, 0.6714187689792104],
[1648301400.0, 0.7282643497496799],
[1648387800.0, 0.6964862216072869],
[1648474200.0, 0.6454470288440685],
[1648560600.0, 0.7005288957688338],
[1648647000.0, 0.6815885148288102],
[1648733400.0, 0.7363825965168675],
[1648819800.0, 0.6951229928254186],
[1648906200.0, 0.6923197047132311],
[1648996200.0, 0.6770509945958377],
[1649082600.0, 0.7527460456942003],
[1649169000.0, 0.7748436145175275],
[1649255400.0, 0.8083084947839048],
[1649341800.0, 0.897817054897153],
[1649428200.0, 0.8811691343203947],
[1649514600.0, 0.7557083475686139],
[1649601000.0, 0.7700776836158193],
[1649687400.0, 0.7809748427672956],
[1649773800.0, 0.7804575444635686],
[1649860200.0, 0.7522091626630063],
[1649946600.0, 0.7388731060606061],
[1650033000.0, 0.7180641568883095],
[1650119400.0, 0.8150028068862275],
[1650205800.0, 0.7456769204031978],
[1650292200.0, 0.7845996879126156],
[1650378600.0, 0.8286433827964773],
[1650465000.0, 0.8247415669205659],
[1650551400.0, 0.8247415669205659],
[1650637800.0, 0.8247415669205659],
[1650724200.0, 0.8516476552598227],
[1650810600.0, 0.8291666666666667],
[1650897000.0, 0.7592900602752188],
[1650983400.0, 0.8797867063492064],
[1651069800.0, 0.7657789670404349],
[1651156200.0, 0.8638346234181102],
[1651242600.0, 0.7953897338403043],
[1651329000.0, 0.8382357251729394],
[1651415400.0, 0.7852459251606979],
[1651501800.0, 0.7848280826558267],
[1651588200.0, 0.8172942206654993],
[1651674600.0, 0.7057538984640639],
[1651761000.0, 0.770273042929293],
[1651847400.0, 0.6738148827386907],
[1651933800.0, 0.6700641672270792],
[1652020200.0, 0.7701466049382717],
[1652106600.0, 0.7591954022988504],
[1652193000.0, 0.8034633706707867],
[1652279400.0, 0.8290383865939205],
[1652365800.0, 0.748250932835821],
[1652452200.0, 0.7678125390283501],
[1652538600.0, 0.7789290659617322],
[1652625000.0, 0.7924190037136639],
[1652711400.0, 0.7961921696783288],
[1652797800.0, 0.7785058667676005],
[1652884200.0, 0.7554026741293535],
[1652970600.0, 0.7203387235085141],
[1653057000.0, 0.8142719724584854],
[1653143400.0, 0.6978436077273287],
[1653229800.0, 0.7967812329514455],
[1653316200.0, 0.6860398230088496],
[1653402600.0, 0.6943012091038407],
[1653489000.0, 0.6633898305084746],
[1653575400.0, 0.6890998171637528],
[1653661800.0, 0.6760974240812953],
[1653748200.0, 0.7719489519945911],
[1653834600.0, 0.6839986606102959],
[1653921000.0, 0.6763030035335689],
[1654007400.0, 0.679188790560472],
[1654093800.0, 0.6568771626297577],
[1654180200.0, 0.6387641096521538],
[1654266600.0, 0.7106651228611862],
[1654353000.0, 0.6457606927010695],
[1654439400.0, 0.7522977941176471],
[1654525800.0, 0.7596422432316289],
[1654612200.0, 0.6809791587241073],
[1654698600.0, 0.6923518164435946],
[1654785000.0, 0.6953998073217728],
[1654871400.0, 0.6857775898784917],
[1654957800.0, 0.6439441645675903],
[1655044200.0, 0.7272298177083333],
[1655130600.0, 0.7770718134127322],
[1655217000.0, 0.8149024514070206],
[1655303400.0, 0.6673548548548549],
[1655389800.0, 0.8220027644405647],
[1655476200.0, 0.74366820714633],
[1655562600.0, 0.7636026432769552],
[1655649000.0, 0.8484455455633149],
[1655735400.0, 0.8290124496655393],
[1655821800.0, 0.7132202279941923],
[1655908200.0, 0.6690131747743042],
[1655994600.0, 0.809011501264935],
[1656081000.0, 0.8628648019635435],
[1656167400.0, 0.7473790483950614],
[1656253800.0, 0.6946751567922224],
[1656340200.0, 0.6993602692272124],
[1656426600.0, 0.7234694709116039],
[1656513000.0, 0.7618060946834174],
[1656599400.0, 0.8943910755222835],
[1656685800.0, 0.7478136928949134],
[1656772200.0, 0.8708158614663133],
[1656858600.0, 0.8555519677463796],
[1656945000.0, 0.7555765526966798],
[1657031400.0, 0.864932677511423],
[1657117800.0, 0.911383984204131],
[1657204200.0, 0.8556501600353339],
[1657290600.0, 0.8891439233742979],
[1657377000.0, 0.8493293005528648],
[1657463400.0, 0.8590855086950347],
[1657549800.0, 0.9179982932071459],
[1657636200.0, 0.9327907640619877],
[1657722600.0, 0.8709623626618208],
[1657809000.0, 0.9141556029923751],
[1657895400.0, 0.8236239518393761],
[1657981800.0, 0.8205027633720446],
[1658068200.0, 0.7724996899291571],
[1658154600.0, 0.7655664218541265],
[1658241000.0, 0.8475554141258431],
[1658327400.0, 0.7809982243270972],
[1658413800.0, 0.793494123713034],
[1658500200.0, 0.7981895273468235],
[1658586600.0, 0.7950669253822598],
[1658673000.0, 0.7814096768071848],
[1658759400.0, 0.7588695911249018],
[1658845800.0, 0.7508164065910368],
[1658932200.0, 0.7997267172230802],
[1659018600.0, 0.7741264133174331],
[1659105000.0, 0.7856277261327658],
[1659191400.0, 0.7473700316758572],
[1659277800.0, 0.7442979132986242],
[1659364200.0, 0.8028220161863442],
[1659450600.0, 0.7382840086189708],
[1659537000.0, 0.7575335613832902],
[1659623400.0, 0.8399470644658114],
[1659709800.0, 0.8079475950783598],
[1659796200.0, 0.797209214678506],
[1659882600.0, 0.8382729430214538],
[1659969000.0, 0.8303564439095714],
[1660055400.0, 0.8254619077768145],
[1660141800.0, 0.8306599172402889],
[1660228200.0, 0.7980491767291569],
[1660314600.0, 0.8317316805484583],
[1660401000.0, 0.8317316805484583],
[1660487400.0, 0.8317316805484583],
[1660573800.0, 0.8317316805484583],
[1660660200.0, 0.8513007497193714],
[1660746600.0, 0.9550345815609689],
[1660833000.0, 0.8346102884991543],
[1660919400.0, 0.8757341766195323],
[1661005800.0, 0.83555225913338],
[1661092200.0, 0.8239782604503392],
[1661178600.0, 0.7978039319331904],
[1661265000.0, 0.8367689897049848],
[1661351400.0, 0.7561393934562441],
[1661437800.0, 0.7867685877548843],
[1661524200.0, 0.8155170336013814],
[1661610600.0, 0.7426964977519575],
[1661697000.0, 0.7850129754839524],
[1661783400.0, 0.7606132818672284],
[1661869800.0, 0.7027777096873957],
[1661956200.0, 0.824010940882636],
[1662042600.0, 0.8237563806862667],
[1662129000.0, 0.7471544715447154],
[1662215400.0, 0.754104301510248],
[1662301800.0, 0.8524659863945577],
[1662388200.0, 0.7785825700252224],
[1662474600.0, 0.8503399505526469],
[1662561000.0, 0.8063665441676876],
[1662647400.0, 0.7509565136244868],
[1662733800.0, 0.7592917140330933],
[1662820200.0, 0.8549863959815824],
[1662906600.0, 0.8374896523178809],
[1662993000.0, 0.8430601545253863],
[1663079400.0, 0.7918983388248215],
[1663165800.0, 0.7512450199203188],
[1663252200.0, 0.7973334655035685],
[1663338600.0, 0.8608627584125547],
[1663425000.0, 0.866828786523554],
[1663511400.0, 0.8197132425918049],
[1663597800.0, 0.8080199971834952],
[1663684200.0, 0.7750443262411347],
[1663770600.0, 0.7679777004909983],
[1663857000.0, 0.8022840827980015],
[1663943400.0, 0.9278634361233479],
[1664029800.0, 0.9196696696696697],
[1664116200.0, 0.8553674900884418],
[1664202600.0, 0.8534137694419031],
[1664289000.0, 0.8534828170750501],
[1664375400.0, 0.8406590156176051],
[1664461800.0, 0.8997968922542986],
[1664548200.0, 0.9005186232909004],
[1664634600.0, 0.7789636376938835],
[1664717400.0, 0.7830705212439774],
[1664803800.0, 0.8278563348416289],
[1664890200.0, 0.8083698830409356],
[1664976600.0, 0.7823860030602448],
[1665063000.0, 0.8048595915390225],
[1665149400.0, 0.8048595915390225],
[1665235800.0, 0.7819385964912282],
[1665322200.0, 0.7839115866839602],
[1665408600.0, 0.7226043328017013],
[1665495000.0, 0.7854524320457795],
[1665581400.0, 0.7389681595983616],
[1665667800.0, 0.7233899676375404],
[1665754200.0, 0.7354972844534962],
[1665840600.0, 0.6921880889558989],
[1665927000.0, 0.7338136596920647],
[1666013400.0, 0.7219143005315702],
[1666099800.0, 0.7919525443110349],
[1666186200.0, 0.7709819659135949],
[1666272600.0, 0.7374889770723105],
[1666359000.0, 0.7948086859377183],
[1666445400.0, 0.8228116323250035],
[1666531800.0, 0.8118405032467534],
[1666618200.0, 0.7864076028138527],
[1666704600.0, 0.8165271051923595],
[1666791000.0, 0.7917507398439602],
[1666877400.0, 0.7734900457358086],
[1666963800.0, 0.7140453254291714],
[1667050200.0, 0.742566691367173],
[1667136600.0, 0.7383188824662814],
[1667223000.0, 0.7620919648462022],
[1667309400.0, 0.7955355941326874],
[1667395800.0, 0.7558178191489362],
[1667482200.0, 0.7636863088292494],
[1667568600.0, 0.7703536710156051],
[1667655000.0, 0.7717482834564063],
[1667741400.0, 0.7674604730171174],
[1667827800.0, 0.7502947737412364],
[1667914200.0, 0.7517640485312898],
[1668000600.0, 0.7422603706431026],
[1668087000.0, 0.7843118686868688],
[1668173400.0, 0.7382160986221901],
[1668259800.0, 0.7577535822021115],
[1668346200.0, 0.7919180492709904],
[1668432600.0, 0.7621164894267204],
[1668519000.0, 0.7989127014098691],
[1668605400.0, 0.8651415298184961],
[1668691800.0, 0.8656687675070027],
[1668778200.0, 0.8633269175933845],
[1668864600.0, 0.8663387510692898],
[1668951000.0, 0.8666951810664384],
[1669037400.0, 0.8319872343460277],
[1669123800.0, 0.8606622998544398],
[1669210200.0, 0.7952343750000002],
[1669296600.0, 0.8183031822144727],
[1669383000.0, 0.877347836424156],
[1669469400.0, 0.8021012160228898],
[1669555800.0, 0.7915942343908443],
[1669642200.0, 0.7967188179052586],
[1669728600.0, 0.8142175430778372],
[1669815000.0, 0.856267353499927],
[1669901400.0, 0.7099183929692405],
[1669987800.0, 0.7928186998733643],
[1670074200.0, 0.7978180370985604],
[1670160600.0, 0.7182873797187268],
[1670247000.0, 0.7786341744675077],
[1670333400.0, 0.7162501559965058],
[1670419800.0, 0.7033264488671924],
[1670506200.0, 0.7155729555058414],
[1670592600.0, 0.7054715689934056],
[1670679000.0, 0.7035179363905324],
[1670765400.0, 0.7212880510294302],
[1670851800.0, 0.7164088706671637],
[1670938200.0, 0.7524647447897168],
[1671024600.0, 0.869299201161946],
[1671111000.0, 0.7692398712608859],
[1671197400.0, 0.9089897764048249],
[1671283800.0, 0.7871769923253367],
[1671370200.0, 0.8134708180758058],
[1671456600.0, 0.8445156849892248],
[1671543000.0, 0.8465116846706872],
[1671629400.0, 0.8193239762645941],
[1671715800.0, 0.7819737772494654],
[1671802200.0, 0.8085754680187208],
[1671888600.0, 0.8604361205432937],
[1671975000.0, 0.8276598584968627],
[1672061400.0, 0.8490002826056239],
[1672147800.0, 0.8275197694678997],
[1672234200.0, 0.7363296425796426],
[1672320600.0, 0.754407206509105],
[1672407000.0, 0.7241028242139794],
[1672493400.0, 0.7645204078704794],
[1672579800.0, 0.7869742017423788],
[1672666200.0, 0.78269902395121],
[1672752600.0, 0.6835529308712216],
[1672839000.0, 0.7684175810984846],
[1672925400.0, 0.7525217192298121],
[1673011800.0, 0.7089020438572811],
[1673098200.0, 0.7422596586731024],
[1673184600.0, 0.7399976512355777],
[1673271000.0, 0.7308050745550745],
[1673357400.0, 0.6884276838108386],
[1673443800.0, 0.7627380952380951],
[1673530200.0, 0.8146428571428571],
[1673616600.0, 0.7984344272369717],
[1673703000.0, 0.7351977401129944],
[1673789400.0, 0.7679569214131218],
[1673875800.0, 0.7768490146599375],
[1673962200.0, 0.8061044029759726],
[1674048600.0, 0.7886915440736755],
[1674135000.0, 0.7208050847457627],
[1674221400.0, 0.7272949781156415],
[1674307800.0, 0.7480203294171849],
[1674394200.0, 0.7151027475022705],
[1674480600.0, 0.7491221308667352],
[1674567000.0, 0.7246884735202492],
[1674653400.0, 0.8076656588561353],
[1674739800.0, 0.7296340109825915],
[1674826200.0, 0.7766956853089461],
[1674912600.0, 0.7525134834095439],
[1674999000.0, 0.7631077547841565],
[1675085400.0, 0.7635570391192319],
[1675171800.0, 0.7369313758202647],
[1675258200.0, 0.7299313202090982],
[1675344600.0, 0.7066298494340039],
[1675431000.0, 0.7243355526686156],
[1675517400.0, 0.7448519682434668],
[1675603800.0, 0.745052426438296],
[1675690200.0, 0.7550896885660833],
[1675776600.0, 0.7191543311403509],
[1675863000.0, 0.7191543311403509],
[1675949400.0, 0.7191543311403509],
