[1635773400.0, 30.98],
[1635859800.0, 33.31],
[1635946200.0, 32.5],
[1636032600.0, 32.04],
[1636119000.0, 31.56],
[1636205400.0, 31.56],
[1636291800.0, 32.88],
[1636378200.0, 33.31],
[1636464600.0, 32.4],
[1636551000.0, 33.15],
[1636637400.0, 33.15],
[1636723800.0, 33.15],
[1636810200.0, 33.15],
[1636896600.0, 32.1],
[1636983000.0, 25.52],
[1637069400.0, 31.019999999999996],
[1637155800.0, 29.2],
[1637242200.0, 23.72],
[1637328600.0, 28.310000000000002],
[1637415000.0, 28.09],
[1637501400.0, 26.75],
[1637587800.0, 28.169999999999998],
[1637674200.0, 28.810000000000002],
[1637760600.0, 28.509999999999998],
[1637847000.0, 28.509999999999998],
[1637933400.0, 24.749999999999996],
[1638019800.0, 29.22],
[1638106200.0, 31.060000000000002],
[1638192600.0, 29.72],
[1638279000.0, 25.68],
[1638365400.0, 31.69],
[1638451800.0, 30.41],
[1638538200.0, 26.49],
[1638624600.0, 26.48],
[1638711000.0, 28.84],
[1638797400.0, 29.08],
[1638883800.0, 28.970000000000002],
[1638970200.0, 27.61],
[1639056600.0, 30.400000000000002],
[1639143000.0, 30.59],
[1639229400.0, 31.18],
[1639315800.0, 30.66],
[1639402200.0, 30.66],
[1639488600.0, 31.16],
[1639575000.0, 31.229999999999997],
[1639661400.0, 25.880000000000003],
[1639747800.0, 28.86],
[1639834200.0, 28.39],
[1639920600.0, 28.94],
[1640007000.0, 26.27],
[1640093400.0, 27.5],
[1640179800.0, 29.77],
[1640266200.0, 29.77],
[1640352600.0, 29.669999999999998],
[1640439000.0, 30.94],
[1640525400.0, 29.48],
[1640611800.0, 26.39],
[1640698200.0, 29.509999999999998],
[1640784600.0, 26.16],
[1640871000.0, 26.16],
[1640957400.0, 28.69],
[1641043800.0, 28.69],
[1641130200.0, 27.86],
[1641216600.0, 28.03],
[1641303000.0, 28.03],
[1641389400.0, 29.02],
[1641475800.0, 28.919999999999998],
[1641562200.0, 28.459999999999997],
[1641648600.0, 28.459999999999997],
[1641735000.0, 28.459999999999997],
[1641821400.0, 28.919999999999998],
[1641907800.0, 28.919999999999998],
[1641994200.0, 28.709999999999997],
[1642080600.0, 29.07],
[1642167000.0, 29.23],
[1642253400.0, 26.19],
[1642339800.0, 28.429999999999996],
[1642426200.0, 28.429999999999996],
[1642512600.0, 28.429999999999996],
[1642599000.0, 28.429999999999996],
[1642685400.0, 29.94],
[1642771800.0, 30.16],
[1642858200.0, 27.970000000000002],
[1642944600.0, 30.169999999999998],
[1643031000.0, 29.69],
[1643117400.0, 29.69],
[1643203800.0, 29.69],
[1643290200.0, 29.69],
[1643376600.0, 29.78],
[1643463000.0, 30.32],
[1643549400.0, 25.91],
[1643635800.0, 25.91],
[1643722200.0, 25.91],
[1643808600.0, 28.259999999999998],
[1643895000.0, 28.259999999999998],
[1643981400.0, 26.07],
[1644067800.0, 26.6],
[1644154200.0, 26.08],
[1644240600.0, 30.299999999999997],
[1644327000.0, 29.810000000000002],
[1644413400.0, 29.810000000000002],
[1644499800.0, 27.83],
[1644586200.0, 27.83],
[1644672600.0, 28.4],
[1644759000.0, 28.73],
[1644845400.0, 29.74],
[1644931800.0, 29.2],
[1645018200.0, 27.08],
[1645104600.0, 26.52],
[1645191000.0, 29.91],
[1645277400.0, 33.9],
[1645363800.0, 33.99],
[1645450200.0, 28.4],
[1645536600.0, 29.33],
[1645623000.0, 30.07],
[1645709400.0, 30.36],
[1645795800.0, 34.34],
[1645882200.0, 27.23],
[1645968600.0, 32.169999999999995],
[1646055000.0, 31.07],
[1646141400.0, 30.37],
[1646227800.0, 30.37],
[1646314200.0, 32.03],
[1646400600.0, 30.84],
[1646487000.0, 31.08],
[1646573400.0, 30.810000000000002],
[1646659800.0, 30.810000000000002],
[1646746200.0, 28.37],
[1646832600.0, 28.6],
[1646919000.0, 31.71],
[1647005400.0, 31.93],
[1647091800.0, 28.53],
[1647178200.0, 31.78],
[1647264600.0, 29.69],
[1647351000.0, 31.61],
[1647437400.0, 32.14],
[1647523800.0, 34.06],
[1647610200.0, 34.879999999999995],
[1647696600.0, 36.849999999999994],
[1647783000.0, 41.900000000000006],
[1647869400.0, 37.54],
[1647955800.0, 35.85],
[1648042200.0, 36.33],
[1648128600.0, 37.31],
[1648215000.0, 40.73],
[1648301400.0, 39.14],
[1648387800.0, 40.6],
[1648474200.0, 41.04],
[1648560600.0, 40.88999999999999],
[1648647000.0, 36.28],
[1648733400.0, 41.22],
[1648819800.0, 39.17],
[1648906200.0, 39.17],
[1648996200.0, 38.809999999999995],
[1649082600.0, 37.92],
[1649169000.0, 37.92],
[1649255400.0, 40.5],
[1649341800.0, 28.34],
[1649428200.0, 28.34],
[1649514600.0, 28.34],
[1649601000.0, 38.9],
[1649687400.0, 38.730000000000004],
[1649773800.0, 32.050000000000004],
[1649860200.0, 30.75],
[1649946600.0, 34.06],
[1650033000.0, 37.12],
[1650119400.0, 36.99],
[1650205800.0, 32.79],
[1650292200.0, 35.62],
[1650378600.0, 35.62],
[1650465000.0, 38.53],
[1650551400.0, 38.53],
[1650637800.0, 38.53],
[1650724200.0, 32.56],
[1650810600.0, 35.41],
[1650897000.0, 35.41],
[1650983400.0, 36.42],
[1651069800.0, 34.66],
[1651156200.0, 37.67],
[1651242600.0, 37.71],
[1651329000.0, 37.39],
[1651415400.0, 37.39],
[1651501800.0, 36.379999999999995],
[1651588200.0, 37.44],
[1651674600.0, 37.44],
[1651761000.0, 37.379999999999995],
[1651847400.0, 36.379999999999995],
[1651933800.0, 36.379999999999995],
[1652020200.0, 36.379999999999995],
[1652106600.0, 33.28],
[1652193000.0, 35.839999999999996],
[1652279400.0, 34.129999999999995],
[1652365800.0, 34.129999999999995],
[1652452200.0, 34.129999999999995],
[1652538600.0, 34.129999999999995],
[1652625000.0, 35.839999999999996],
[1652711400.0, 35.839999999999996],
[1652797800.0, 36.05],
[1652884200.0, 36.05],
[1652970600.0, 36.28],
[1653057000.0, 35.08],
[1653143400.0, 36.879999999999995],
[1653229800.0, 35.92],
[1653316200.0, 35.83],
[1653402600.0, 36.16],
[1653489000.0, 36.77],
[1653575400.0, 43.53],
[1653661800.0, 41.09],
[1653748200.0, 41.809999999999995],
[1653834600.0, 41.809999999999995],
[1653921000.0, 46.059999999999995],
[1654007400.0, 43.61],
[1654093800.0, 45.989999999999995],
[1654180200.0, 46.02],
[1654266600.0, 46.02],
[1654353000.0, 34.06],
[1654439400.0, 42.24],
[1654525800.0, 42.21],
[1654612200.0, 41.12],
[1654698600.0, 44.17],
[1654785000.0, 40.67],
[1654871400.0, 36.01],
[1654957800.0, 39.44],
[1655044200.0, 40.72],
[1655130600.0, 38.58],
[1655217000.0, 32.08],
[1655303400.0, 36.17],
[1655389800.0, 37.339999999999996],
[1655476200.0, 36.71],
[1655562600.0, 36.71],
[1655649000.0, 34.71],
[1655735400.0, 36.68],
[1655821800.0, 36.35],
[1655908200.0, 29.5],
[1655994600.0, 36.28],
[1656081000.0, 35.03],
[1656167400.0, 35.03],
[1656253800.0, 35.03],
[1656340200.0, 37.010000000000005],
[1656426600.0, 37],
[1656513000.0, 36.760000000000005],
[1656599400.0, 29.27],
[1656685800.0, 33.99],
[1656772200.0, 33.18],
[1656858600.0, 33.43],
[1656945000.0, 33.44],
[1657031400.0, 28.95],
[1657117800.0, 31.78],
[1657204200.0, 32.29],
[1657290600.0, 32.46],
[1657377000.0, 35],
[1657463400.0, 32.53],
[1657549800.0, 32.449999999999996],
[1657636200.0, 32.800000000000004],
[1657722600.0, 33.24],
[1657809000.0, 34.66],
[1657895400.0, 34.77],
[1657981800.0, 27.91],
[1658068200.0, 32.41],
[1658154600.0, 35.800000000000004],
[1658241000.0, 33.76],
[1658327400.0, 35.93],
[1658413800.0, 35.56],
[1658500200.0, 34.589999999999996],
[1658586600.0, 35.7],
[1658673000.0, 35.7],
[1658759400.0, 35.66],
[1658845800.0, 34.47],
[1658932200.0, 34.28],
[1659018600.0, 33.800000000000004],
[1659105000.0, 31.69],
[1659191400.0, 32],
[1659277800.0, 29.75],
[1659364200.0, 32.169999999999995],
[1659450600.0, 31.979999999999997],
[1659537000.0, 34.74],
[1659623400.0, 32.800000000000004],
[1659709800.0, 35.62],
[1659796200.0, 33.59],
[1659882600.0, 34.36],
[1659969000.0, 34.36],
[1660055400.0, 34.96],
[1660141800.0, 35.62],
[1660228200.0, 30.68],
[1660314600.0, 36.67],
[1660401000.0, 36.67],
[1660487400.0, 36.67],
[1660573800.0, 36.67],
[1660660200.0, 39.6],
[1660746600.0, 38.089999999999996],
[1660833000.0, 38.089999999999996],
[1660919400.0, 38.27],
[1661005800.0, 38.68],
[1661092200.0, 38.83],
[1661178600.0, 39.6],
[1661265000.0, 34.129999999999995],
[1661351400.0, 30.47],
[1661437800.0, 30.47],
[1661524200.0, 33.57],
[1661610600.0, 33.06],
[1661697000.0, 38.32],
[1661783400.0, 32.93],
[1661869800.0, 32.93],
[1661956200.0, 34.08],
[1662042600.0, 34.11],
[1662129000.0, 34.93],
[1662215400.0, 34.93],
[1662301800.0, 34.08],
[1662388200.0, 34.08],
[1662474600.0, 34.08],
[1662561000.0, 29.03],
[1662647400.0, 27.78],
[1662733800.0, 27.78],
[1662820200.0, 27.78],
[1662906600.0, 27.78],
[1662993000.0, 28.11],
[1663079400.0, 29.03],
[1663165800.0, 32.699999999999996],
[1663252200.0, 31.61],
[1663338600.0, 31.61],
[1663425000.0, 30.29],
[1663511400.0, 30.29],
[1663597800.0, 30.29],
[1663684200.0, 32.56],
[1663770600.0, 31.799999999999997],
[1663857000.0, 31.799999999999997],
[1663943400.0, 31.799999999999997],
[1664029800.0, 32.87],
[1664116200.0, 32.97],
[1664202600.0, 32.71],
[1664289000.0, 29.16],
[1664375400.0, 31.97],
[1664461800.0, 32.63],
[1664548200.0, 32.19],
[1664634600.0, 31.849999999999998],
[1664717400.0, 31.47],
[1664803800.0, 31.09],
[1664890200.0, 31.58],
[1664976600.0, 31.58],
[1665063000.0, 30.12],
[1665149400.0, 30.12],
[1665235800.0, 30.799999999999997],
[1665322200.0, 33.64],
[1665408600.0, 31.28],
[1665495000.0, 31.28],
[1665581400.0, 34.93],
[1665667800.0, 32.03],
[1665754200.0, 32.03],
[1665840600.0, 29.23],
[1665927000.0, 32.08],
[1666013400.0, 32.08],
[1666099800.0, 32.08],
[1666186200.0, 29.23],
[1666272600.0, 29.23],
[1666359000.0, 29.23],
[1666445400.0, 31.57],
[1666531800.0, 31.57],
[1666618200.0, 34.35],
[1666704600.0, 35.28],
[1666791000.0, 35.28],
[1666877400.0, 31.400000000000002],
[1666963800.0, 31.400000000000002],
[1667050200.0, 33.96],
[1667136600.0, 33.73],
[1667223000.0, 29.52],
[1667309400.0, 31.11],
[1667395800.0, 35.89],
[1667482200.0, 32.34],
[1667568600.0, 32.07],
[1667655000.0, 32.07],
[1667741400.0, 32.07],
[1667827800.0, 35.89],
[1667914200.0, 35.89],
[1668000600.0, 33.94],
[1668087000.0, 33.94],
[1668173400.0, 37.45],
[1668259800.0, 36.58],
[1668346200.0, 36.58],
[1668432600.0, 36.58],
[1668519000.0, 37.52],
[1668605400.0, 37.480000000000004],
[1668691800.0, 37.480000000000004],
[1668778200.0, 37.52],
[1668864600.0, 37.52],
[1668951000.0, 38.19],
[1669037400.0, 37.86],
[1669123800.0, 38.19],
[1669210200.0, 29.73],
[1669296600.0, 33.96],
[1669383000.0, 37.5],
[1669469400.0, 35.73],
[1669555800.0, 28.87],
[1669642200.0, 28.95],
[1669728600.0, 32.51],
[1669815000.0, 33.199999999999996],
[1669901400.0, 35.95],
[1669987800.0, 31.25],
[1670074200.0, 31.25],
[1670160600.0, 32.449999999999996],
[1670247000.0, 35.95],
[1670333400.0, 35.95],
[1670419800.0, 35.95],
[1670506200.0, 35.23],
[1670592600.0, 35.11],
[1670679000.0, 35.11],
[1670765400.0, 36.01],
[1670851800.0, 35.56],
[1670938200.0, 35.56],
[1671024600.0, 34.300000000000004],
[1671111000.0, 35.14],
[1671197400.0, 35.16],
[1671283800.0, 35.99],
[1671370200.0, 35.43],
[1671456600.0, 35.43],
[1671543000.0, 35.43],
[1671629400.0, 35.99],
[1671715800.0, 35.99],
[1671802200.0, 35.99],
[1671888600.0, 34.62],
[1671975000.0, 33.9],
[1672061400.0, 33.9],
[1672147800.0, 36.08],
[1672234200.0, 36.08],
[1672320600.0, 36.08],
[1672407000.0, 39.21],
[1672493400.0, 37.65],
[1672579800.0, 37.65],
[1672666200.0, 37.65],
[1672752600.0, 39.21],
[1672839000.0, 39.21],
[1672925400.0, 39.21],
[1673011800.0, 37.89],
[1673098200.0, 37.89],
[1673184600.0, 37.89],
[1673271000.0, 37.89],
[1673357400.0, 37.89],
[1673443800.0, 37.89],
[1673530200.0, 37.89],
[1673616600.0, 37.18],
[1673703000.0, 37.18],
[1673789400.0, 37.18],
[1673875800.0, 40.13999999999999],
[1673962200.0, 40.86],
[1674048600.0, 40.379999999999995],
[1674135000.0, 42.129999999999995],
[1674221400.0, 40.809999999999995],
[1674307800.0, 40.809999999999995],
[1674394200.0, 40.809999999999995],
[1674480600.0, 41.52],
[1674567000.0, 41.81999999999999],
[1674653400.0, 43.309999999999995],
[1674739800.0, 43.85],
[1674826200.0, 43],
[1674912600.0, 43],
[1674999000.0, 43],
[1675085400.0, 43.489999999999995],
[1675171800.0, 43.489999999999995],
[1675258200.0, 43.85],
[1675344600.0, 41.1],
[1675431000.0, 44.15],
[1675517400.0, 44.15],
[1675603800.0, 44.15],
[1675690200.0, 44.15],
[1675776600.0, 48.44],
[1675863000.0, 48.44],
[1675949400.0, 48.44],
