[1666445400.0, 0.31666666666666665],
[1666531800.0, 0.33111111111111113],
[1666618200.0, 0.3333333333333333],
[1666704600.0, 0.3155555555555556],
[1666791000.0, 0.3244444444444445],
[1666877400.0, 0.3111111111111111],
[1666963800.0, 0.30777777777777776],
[1667050200.0, 0.3177777777777778],
[1667136600.0, 0.35888888888888887],
[1667223000.0, 0.3688888888888889],
[1667309400.0, 0.46111111111111114],
[1667395800.0, 0.5522222222222224],
[1667482200.0, 0.5677777777777777],
[1667568600.0, 0.53],
[1667655000.0, 0.5155555555555557],
[1667741400.0, 0.4977777777777778],
[1667827800.0, 0.3933333333333333],
[1667914200.0, 0.3877777777777778],
[1668000600.0, 0.3944444444444445],
[1668087000.0, 0.3866666666666667],
[1668173400.0, 0.4444444444444444],
[1668259800.0, 0.3311111111111111],
[1668346200.0, 0.31],
[1668432600.0, 0.3488888888888889],
[1668519000.0, 0.2588888888888889],
[1668605400.0, 0.2677777777777778],
[1668691800.0, 0.2544444444444445],
[1668778200.0, 0.24444444444444446],
[1668864600.0, 0.24555555555555555],
[1668951000.0, 0.24555555555555555],
[1669037400.0, 0.24444444444444446],
[1669123800.0, 0.24222222222222223],
[1669210200.0, 0.22777777777777775],
[1669296600.0, 0.22444444444444445],
[1669383000.0, 0.2188888888888889],
[1669469400.0, 0.23333333333333328],
[1669555800.0, 0.22333333333333336],
[1669642200.0, 0.2288888888888889],
[1669728600.0, 0.2277777777777778],
[1669815000.0, 0.23000000000000004],
[1669901400.0, 0.24888888888888885],
[1669987800.0, 0.24444444444444446],
[1670074200.0, 0.25666666666666665],
[1670160600.0, 0.25222222222222224],
[1670247000.0, 0.25666666666666665],
[1670333400.0, 0.26333333333333336],
[1670419800.0, 0.2677777777777778],
[1670506200.0, 0.27111111111111114],
[1670592600.0, 0.2777777777777778],
[1670679000.0, 0.29444444444444445],
[1670765400.0, 0.30000000000000004],
[1670851800.0, 0.3155555555555555],
[1670938200.0, 0.3211111111111111],
[1671024600.0, 0.11888888888888889],
[1671111000.0, 0.09444444444444448],
[1671197400.0, 0.09333333333333334],
[1671283800.0, 0.0977777777777778],
[1671370200.0, 0.09666666666666668],
[1671456600.0, 0.09555555555555559],
[1671543000.0, 0.0988888888888889],
[1671629400.0, 0.09444444444444448],
[1671715800.0, 0.09000000000000002],
[1671802200.0, 0.07222222222222224],
[1671888600.0, 0.06888888888888889],
[1671975000.0, 0.06555555555555556],
[1672061400.0, 0.06444444444444446],
[1672147800.0, 0.06555555555555556],
[1672234200.0, 0.06444444444444446],
[1672320600.0, 0.07222222222222224],
[1672407000.0, 0.07555555555555557],
[1672493400.0, 0.07888888888888891],
[1672579800.0, 0.07888888888888891],
[1672666200.0, 0.08000000000000002],
[1672752600.0, 0.08111111111111113],
[1672839000.0, 0.09111111111111111],
[1672925400.0, 0.09666666666666668],
[1673011800.0, 0.10333333333333333],
[1673098200.0, 0.11777777777777779],
[1673184600.0, 0.11555555555555556],
[1673271000.0, 0.11777777777777779],
[1673357400.0, 0.11555555555555556],
[1673443800.0, 0.11888888888888889],
[1673530200.0, 0.11777777777777779],
[1673616600.0, 0.11111111111111113],
[1673703000.0, 0.11444444444444445],
[1673789400.0, 0.11444444444444445],
[1673875800.0, 0.11111111111111113],
[1673962200.0, 0.11000000000000003],
[1674048600.0, 0.11111111111111113],
[1674135000.0, 0.11222222222222225],
[1674221400.0, 0.11333333333333334],
[1674307800.0, 0.11111111111111113],
[1674394200.0, 0.10888888888888891],
[1674480600.0, 0.10888888888888891],
[1674567000.0, 0.11222222222222225],
[1674653400.0, 0.11444444444444445],
[1674739800.0, 0.12111111111111111],
[1674826200.0, 0.12666666666666668],
[1674912600.0, 0.13111111111111112],
[1674999000.0, 0.12444444444444445],
[1675085400.0, 0.12111111111111111],
[1675171800.0, 0.11888888888888889],
[1675258200.0, 0.1277777777777778],
[1675344600.0, 0.12555555555555556],
[1675431000.0, 0.13222222222222224],
[1675517400.0, 0.13888888888888892],
[1675603800.0, 0.13555555555555557],
[1675690200.0, 0.1366666666666667],
[1675776600.0, 0.13888888888888892],
[1675863000.0, 0.13888888888888892],
[1675949400.0, 0.13888888888888892],
