[1635773400.0, 31.16],
[1635859800.0, 31.12],
[1635946200.0, 30.11],
[1636032600.0, 31.44],
[1636119000.0, 31.28],
[1636205400.0, 31.259999999999998],
[1636291800.0, 31.28],
[1636378200.0, 30.419999999999998],
[1636464600.0, 30.97],
[1636551000.0, 30.97],
[1636637400.0, 30.97],
[1636723800.0, 31.44],
[1636810200.0, 31.36],
[1636896600.0, 31.28],
[1636983000.0, 31.04],
[1637069400.0, 31.04],
[1637155800.0, 30.509999999999998],
[1637242200.0, 30.900000000000002],
[1637328600.0, 30.889999999999997],
[1637415000.0, 30.7],
[1637501400.0, 30.799999999999997],
[1637587800.0, 29.73],
[1637674200.0, 30.2],
[1637760600.0, 30.669999999999998],
[1637847000.0, 30.59],
[1637933400.0, 30.509999999999998],
[1638019800.0, 31.04],
[1638106200.0, 31.29],
[1638192600.0, 32.86],
[1638279000.0, 35.050000000000004],
[1638365400.0, 35.91],
[1638451800.0, 38.96],
[1638538200.0, 38.79],
[1638624600.0, 38.79],
[1638711000.0, 35.41],
[1638797400.0, 35.6],
[1638883800.0, 37.14],
[1638970200.0, 36.91],
[1639056600.0, 36.69],
[1639143000.0, 36.55],
[1639229400.0, 35.45],
[1639315800.0, 33.85],
[1639402200.0, 33.58],
[1639488600.0, 33.39],
[1639575000.0, 33.24],
[1639661400.0, 32.78],
[1639747800.0, 32.37],
[1639834200.0, 32.07],
[1639920600.0, 31.7],
[1640007000.0, 31.229999999999997],
[1640093400.0, 31.37],
[1640179800.0, 31.22],
[1640266200.0, 31.060000000000002],
[1640352600.0, 30.82],
[1640439000.0, 32.94],
[1640525400.0, 32.94],
[1640611800.0, 32.93],
[1640698200.0, 32.93],
[1640784600.0, 33.21],
[1640871000.0, 33.19],
[1640957400.0, 32.89],
[1641043800.0, 32.699999999999996],
[1641130200.0, 32.47],
[1641216600.0, 31.03],
[1641303000.0, 32.46],
[1641389400.0, 32.38],
[1641475800.0, 33.84],
[1641562200.0, 36.27],
[1641648600.0, 36.05],
[1641735000.0, 36.05],
[1641821400.0, 34.48],
[1641907800.0, 33.47],
[1641994200.0, 33.25],
[1642080600.0, 35.92],
[1642167000.0, 36.07],
[1642253400.0, 36.18],
[1642339800.0, 36.05],
[1642426200.0, 36.03],
[1642512600.0, 36.18],
[1642599000.0, 36.27],
[1642685400.0, 36.22],
[1642771800.0, 36.230000000000004],
[1642858200.0, 39.05],
[1642944600.0, 38.97],
[1643031000.0, 38.99],
[1643117400.0, 38.69],
[1643203800.0, 38.629999999999995],
[1643290200.0, 38.52],
[1643376600.0, 38.379999999999995],
[1643463000.0, 38.099999999999994],
[1643549400.0, 37.629999999999995],
[1643635800.0, 37.629999999999995],
[1643722200.0, 37.629999999999995],
[1643808600.0, 36.94],
[1643895000.0, 36.95],
[1643981400.0, 36.77],
[1644067800.0, 36.82],
[1644154200.0, 36.629999999999995],
[1644240600.0, 36.67],
[1644327000.0, 36.65],
[1644413400.0, 36.66],
[1644499800.0, 36.58],
[1644586200.0, 36.53],
[1644672600.0, 36.57],
[1644759000.0, 37.64],
[1644845400.0, 37.589999999999996],
[1644931800.0, 36.02],
[1645018200.0, 37.87],
[1645104600.0, 38.37],
[1645191000.0, 39.01],
[1645277400.0, 38.67],
[1645363800.0, 37.089999999999996],
[1645450200.0, 35.46],
[1645536600.0, 35],
[1645623000.0, 34.58],
[1645709400.0, 34.300000000000004],
[1645795800.0, 38.51],
[1645882200.0, 38.32],
[1645968600.0, 38.02],
[1646055000.0, 37.62],
[1646141400.0, 34.68],
[1646227800.0, 35.69],
[1646314200.0, 36],
[1646400600.0, 35.800000000000004],
[1646487000.0, 35.67],
[1646573400.0, 35.23],
[1646659800.0, 35.589999999999996],
[1646746200.0, 35.52],
[1646832600.0, 35.28],
[1646919000.0, 34.92],
[1647005400.0, 35.46],
[1647091800.0, 37.45],
[1647178200.0, 37.32],
[1647264600.0, 37.28],
[1647351000.0, 37.33],
[1647437400.0, 37.27],
[1647523800.0, 38.22],
[1647610200.0, 40.56999999999999],
[1647696600.0, 40.46],
[1647783000.0, 40.5],
[1647869400.0, 39.93],
[1647955800.0, 39.809999999999995],
[1648042200.0, 39.21],
[1648128600.0, 37.15],
[1648215000.0, 36.99],
[1648301400.0, 36.8],
[1648387800.0, 36.589999999999996],
[1648474200.0, 36.27],
[1648560600.0, 35.33],
[1648647000.0, 36.29],
[1648733400.0, 36.33],
[1648819800.0, 36.22],
[1648906200.0, 36.17],
[1648996200.0, 36.08],
[1649082600.0, 39.74],
[1649169000.0, 38.62],
[1649255400.0, 38.68],
[1649341800.0, 38.58],
[1649428200.0, 38.53],
[1649514600.0, 38.53],
[1649601000.0, 38.53],
[1649687400.0, 38.53],
[1649773800.0, 38.53],
[1649860200.0, 38.52],
[1649946600.0, 38.89],
[1650033000.0, 38.589999999999996],
[1650119400.0, 37.71],
[1650205800.0, 37.16],
[1650292200.0, 38.5],
[1650378600.0, 38.339999999999996],
[1650465000.0, 38.14],
[1650551400.0, 38.14],
[1650637800.0, 38.14],
[1650724200.0, 38.29],
[1650810600.0, 38.059999999999995],
[1650897000.0, 37.9],
[1650983400.0, 37.74],
[1651069800.0, 38.44],
[1651156200.0, 37.589999999999996],
[1651242600.0, 37.62],
[1651329000.0, 37.4],
[1651415400.0, 36.89],
[1651501800.0, 40.08],
[1651588200.0, 40.06999999999999],
[1651674600.0, 39.309999999999995],
[1651761000.0, 39.12],
[1651847400.0, 38.879999999999995],
[1651933800.0, 38.79],
[1652020200.0, 39.37],
[1652106600.0, 38.629999999999995],
[1652193000.0, 37.14],
[1652279400.0, 37.12],
[1652365800.0, 36.71],
[1652452200.0, 36.78],
[1652538600.0, 37.76],
[1652625000.0, 36.36],
[1652711400.0, 33.73],
[1652797800.0, 33.47],
[1652884200.0, 33.129999999999995],
[1652970600.0, 33.02],
[1653057000.0, 32.449999999999996],
[1653143400.0, 31.889999999999997],
[1653229800.0, 32.23],
[1653316200.0, 32.4],
[1653402600.0, 31.400000000000002],
[1653489000.0, 31.019999999999996],
[1653575400.0, 31.54],
[1653661800.0, 32.64],
[1653748200.0, 32.59],
[1653834600.0, 32.54],
[1653921000.0, 32.53],
[1654007400.0, 32.550000000000004],
[1654093800.0, 32.38],
[1654180200.0, 32.800000000000004],
[1654266600.0, 32.81],
[1654353000.0, 32.79],
[1654439400.0, 38.54],
[1654525800.0, 38.49],
[1654612200.0, 37.49],
[1654698600.0, 36.64],
[1654785000.0, 37.099999999999994],
[1654871400.0, 36.62],
[1654957800.0, 35.77],
[1655044200.0, 35.85],
[1655130600.0, 35.24],
[1655217000.0, 34.98],
[1655303400.0, 35.29],
[1655389800.0, 35.19],
[1655476200.0, 34.77],
[1655562600.0, 32.98],
[1655649000.0, 33.4],
[1655735400.0, 33.01],
[1655821800.0, 32.14],
[1655908200.0, 32.96],
[1655994600.0, 32.91],
[1656081000.0, 32.93],
[1656167400.0, 32.77],
[1656253800.0, 32.6],
[1656340200.0, 32.669999999999995],
[1656426600.0, 32.43],
[1656513000.0, 32.43],
[1656599400.0, 32.449999999999996],
[1656685800.0, 32.419999999999995],
[1656772200.0, 32.39],
[1656858600.0, 32.73],
[1656945000.0, 34.02],
[1657031400.0, 34.72],
[1657117800.0, 35.47],
[1657204200.0, 35.24],
[1657290600.0, 34.27],
[1657377000.0, 34.199999999999996],
[1657463400.0, 35.01],
[1657549800.0, 34.71],
[1657636200.0, 34.97],
[1657722600.0, 34.96],
[1657809000.0, 33.82],
[1657895400.0, 33.91],
[1657981800.0, 33.83],
[1658068200.0, 34.64],
[1658154600.0, 34.74],
[1658241000.0, 34.85],
[1658327400.0, 34.78],
[1658413800.0, 34.589999999999996],
[1658500200.0, 34.44],
[1658586600.0, 33],
[1658673000.0, 32.86],
[1658759400.0, 34.52],
[1658845800.0, 33.81],
[1658932200.0, 33.24],
[1659018600.0, 32.51],
[1659105000.0, 33.18],
[1659191400.0, 32.84],
[1659277800.0, 34.379999999999995],
[1659364200.0, 33.9],
[1659450600.0, 33.87],
[1659537000.0, 34.64],
[1659623400.0, 34.66],
[1659709800.0, 34.6],
[1659796200.0, 35.73],
[1659882600.0, 35.31],
[1659969000.0, 35.23],
[1660055400.0, 35.18],
[1660141800.0, 35.129999999999995],
[1660228200.0, 35.33],
[1660314600.0, 35.300000000000004],
[1660401000.0, 35.300000000000004],
[1660487400.0, 35.300000000000004],
[1660573800.0, 35.300000000000004],
[1660660200.0, 40.379999999999995],
[1660746600.0, 40.410000000000004],
[1660833000.0, 40.059999999999995],
[1660919400.0, 40.08],
[1661005800.0, 39.61],
[1661092200.0, 39.47],
[1661178600.0, 38.9],
[1661265000.0, 38.72],
[1661351400.0, 36.41],
[1661437800.0, 36.21],
[1661524200.0, 35.24],
[1661610600.0, 34.11],
[1661697000.0, 33.16],
[1661783400.0, 31.479999999999997],
[1661869800.0, 32.51],
[1661956200.0, 34.37],
[1662042600.0, 36.51],
[1662129000.0, 37.75],
[1662215400.0, 37.71],
[1662301800.0, 37.31],
[1662388200.0, 37.099999999999994],
[1662474600.0, 36.089999999999996],
[1662561000.0, 35.85],
[1662647400.0, 35.339999999999996],
[1662733800.0, 35.4],
[1662820200.0, 35.39],
[1662906600.0, 35.94],
[1662993000.0, 35.77],
[1663079400.0, 35.42],
[1663165800.0, 35.18],
[1663252200.0, 34.85],
[1663338600.0, 34.87],
[1663425000.0, 34.54],
[1663511400.0, 35.1],
[1663597800.0, 35.14],
[1663684200.0, 34.79],
[1663770600.0, 34.949999999999996],
[1663857000.0, 33.669999999999995],
[1663943400.0, 34.61],
[1664029800.0, 34.54],
[1664116200.0, 34.46],
[1664202600.0, 36.37],
[1664289000.0, 37.68],
[1664375400.0, 37.56],
[1664461800.0, 37.15],
[1664548200.0, 37.28],
[1664634600.0, 37.24],
[1664717400.0, 37.349999999999994],
[1664803800.0, 37.16],
[1664890200.0, 37.02],
[1664976600.0, 36.54],
[1665063000.0, 35.82],
[1665149400.0, 35.129999999999995],
[1665235800.0, 35.1],
[1665322200.0, 35.129999999999995],
[1665408600.0, 35.12],
[1665495000.0, 35.050000000000004],
[1665581400.0, 34.419999999999995],
[1665667800.0, 34.199999999999996],
[1665754200.0, 33.26],
[1665840600.0, 32.89],
[1665927000.0, 33.26],
[1666013400.0, 32.77],
[1666099800.0, 38.839999999999996],
[1666186200.0, 38.379999999999995],
[1666272600.0, 36.71],
[1666359000.0, 35.77],
[1666445400.0, 36.95],
[1666531800.0, 36.8],
[1666618200.0, 36.2],
[1666704600.0, 36.51],
[1666791000.0, 36.82],
[1666877400.0, 38.47],
[1666963800.0, 37.82],
[1667050200.0, 37.79],
[1667136600.0, 37.25],
[1667223000.0, 36.44],
[1667309400.0, 35.12],
[1667395800.0, 34.01],
[1667482200.0, 33.83],
[1667568600.0, 34.44],
[1667655000.0, 36.04],
[1667741400.0, 35.22],
[1667827800.0, 34.28],
[1667914200.0, 34.65],
[1668000600.0, 35.33],
[1668087000.0, 35.47],
[1668173400.0, 35.36],
[1668259800.0, 35.37],
[1668346200.0, 35.99],
[1668432600.0, 35.629999999999995],
[1668519000.0, 35.4],
[1668605400.0, 34.97],
[1668691800.0, 34.68],
[1668778200.0, 35.18],
[1668864600.0, 36.8],
[1668951000.0, 40.46],
[1669037400.0, 38.9],
[1669123800.0, 37.94],
[1669210200.0, 37.129999999999995],
[1669296600.0, 35.589999999999996],
[1669383000.0, 36.01],
[1669469400.0, 35.800000000000004],
[1669555800.0, 35.42],
[1669642200.0, 35.6],
[1669728600.0, 36.379999999999995],
[1669815000.0, 36.61],
[1669901400.0, 36.46],
[1669987800.0, 36.29],
[1670074200.0, 37.47],
[1670160600.0, 37.68],
[1670247000.0, 37.41],
[1670333400.0, 37.4],
[1670419800.0, 37.24],
[1670506200.0, 35.77],
[1670592600.0, 34.98],
[1670679000.0, 34.36],
[1670765400.0, 34.76],
[1670851800.0, 34.64],
[1670938200.0, 34.449999999999996],
[1671024600.0, 32.78],
[1671111000.0, 32.21],
[1671197400.0, 33.62],
[1671283800.0, 33.62],
[1671370200.0, 33.44],
[1671456600.0, 33.379999999999995],
[1671543000.0, 32.86],
[1671629400.0, 32.49],
[1671715800.0, 32.1],
[1671802200.0, 31.87],
[1671888600.0, 32.25],
[1671975000.0, 33.03],
[1672061400.0, 32.79],
[1672147800.0, 32.88],
[1672234200.0, 32.84],
[1672320600.0, 32.83],
[1672407000.0, 32.58],
[1672493400.0, 32.24],
[1672579800.0, 31.75],
[1672666200.0, 30.83],
[1672752600.0, 29.91],
[1672839000.0, 29.86],
[1672925400.0, 29.97],
[1673011800.0, 29.74],
[1673098200.0, 29.47],
[1673184600.0, 31.54],
[1673271000.0, 31.43],
[1673357400.0, 31.389999999999997],
[1673443800.0, 31.47],
[1673530200.0, 34.09],
[1673616600.0, 34.01],
[1673703000.0, 33.99],
[1673789400.0, 33.62],
[1673875800.0, 33.28],
[1673962200.0, 31.799999999999997],
[1674048600.0, 31.740000000000002],
[1674135000.0, 31.68],
[1674221400.0, 33.1],
[1674307800.0, 32.949999999999996],
[1674394200.0, 32.949999999999996],
[1674480600.0, 32.949999999999996],
[1674567000.0, 32.800000000000004],
[1674653400.0, 32.51],
[1674739800.0, 32.800000000000004],
[1674826200.0, 32.73],
[1674912600.0, 35.39],
[1674999000.0, 35.089999999999996],
[1675085400.0, 35.04],
[1675171800.0, 35.04],
[1675258200.0, 34.79],
[1675344600.0, 34.699999999999996],
[1675431000.0, 36.760000000000005],
[1675517400.0, 37.62],
[1675603800.0, 34.76],
[1675690200.0, 34.68],
[1675776600.0, 36.69],
[1675863000.0, 36.69],
[1675949400.0, 36.69],
