[1635773400.0, 0],
[1635859800.0, 0],
[1635946200.0, 0],
[1636032600.0, 0],
[1636119000.0, 0],
[1636205400.0, 0],
[1636291800.0, 0],
[1636378200.0, 0],
[1636464600.0, 0],
[1636551000.0, 0],
[1636637400.0, 0],
[1636723800.0, 0],
[1636810200.0, 0],
[1636896600.0, 0],
[1636983000.0, 0],
[1637069400.0, 0],
[1637155800.0, 0],
[1637242200.0, 0],
[1637328600.0, 0],
[1637415000.0, 0],
[1637501400.0, 0],
[1637587800.0, 0],
[1637674200.0, 0],
[1637760600.0, 0],
[1637847000.0, 0],
[1637933400.0, 0],
[1638019800.0, 0],
[1638106200.0, 0],
[1638192600.0, 0],
[1638279000.0, 0],
[1638365400.0, 0],
[1638451800.0, 0],
[1638538200.0, 0],
[1638624600.0, 0],
[1638711000.0, 0],
[1638797400.0, 0],
[1638883800.0, 0],
[1638970200.0, 0],
[1639056600.0, 0],
[1639143000.0, 0],
[1639229400.0, 0],
[1639315800.0, 0],
[1639402200.0, 0],
[1639488600.0, 0],
[1639575000.0, 0],
[1639661400.0, 0],
[1639747800.0, 0],
[1639834200.0, 0],
[1639920600.0, 0],
[1640007000.0, 0],
[1640093400.0, 0],
[1640179800.0, 0],
[1640266200.0, 0],
[1640352600.0, 0],
[1640439000.0, 0],
[1640525400.0, 0],
[1640611800.0, 0],
[1640698200.0, 0],
[1640784600.0, 0],
[1640871000.0, 0],
[1640957400.0, 0],
[1641043800.0, 0],
[1641130200.0, 0],
[1641216600.0, 0],
[1641303000.0, 0],
[1641389400.0, 0],
[1641475800.0, 0],
[1641562200.0, 0],
[1641648600.0, 0],
[1641735000.0, 0],
[1641821400.0, 0],
[1641907800.0, 0],
[1641994200.0, 0],
[1642080600.0, 0],
[1642167000.0, 0],
[1642253400.0, 0],
[1642339800.0, 0],
[1642426200.0, 0],
[1642512600.0, 0],
[1642599000.0, 0],
[1642685400.0, 0],
[1642771800.0, 0],
[1642858200.0, 0],
[1642944600.0, 0],
[1643031000.0, 0],
[1643117400.0, 0],
[1643203800.0, 0],
[1643290200.0, 0],
[1643376600.0, 0],
[1643463000.0, 0],
[1643549400.0, 0],
[1643635800.0, 0],
[1643722200.0, 0],
[1643808600.0, 0],
[1643895000.0, 0],
[1643981400.0, 0],
[1644067800.0, 0],
[1644154200.0, 0],
[1644240600.0, 0],
[1644327000.0, 0],
[1644413400.0, 0],
[1644499800.0, 0],
[1644586200.0, 0],
[1644672600.0, 0],
[1644759000.0, 0],
[1644845400.0, 0],
[1644931800.0, 0],
[1645018200.0, 0],
[1645104600.0, 0],
[1645191000.0, 0],
[1645277400.0, 0],
[1645363800.0, 0],
[1645450200.0, 0],
[1645536600.0, 0],
[1645623000.0, 0],
[1645709400.0, 0],
[1645795800.0, 0],
[1645882200.0, 0],
[1645968600.0, 0],
[1646055000.0, 0],
[1646141400.0, 0],
[1646227800.0, 0],
[1646314200.0, 0],
[1646400600.0, 0],
[1646487000.0, 0],
[1646573400.0, 0],
[1646659800.0, 0],
[1646746200.0, 0],
[1646832600.0, 0],
[1646919000.0, 0],
[1647005400.0, 0],
[1647091800.0, 0],
[1647178200.0, 0],
[1647264600.0, 0],
[1647351000.0, 0],
[1647437400.0, 0],
[1647523800.0, 0],
[1647610200.0, 0],
[1647696600.0, 0],
[1647783000.0, 0],
[1647869400.0, 0],
[1647955800.0, 0],
[1648042200.0, 0],
[1648128600.0, 0],
[1648215000.0, 0],
[1648301400.0, 0],
[1648387800.0, 0],
[1648474200.0, 0],
[1648560600.0, 0],
[1648647000.0, 0],
[1648733400.0, 0],
[1648819800.0, 0],
[1648906200.0, 0],
[1648996200.0, 0],
[1649082600.0, 0],
[1649169000.0, 0],
[1649255400.0, 0],
[1649341800.0, 0],
[1649428200.0, 0],
[1649514600.0, 0],
[1649601000.0, 0],
[1649687400.0, 0],
[1649773800.0, 0],
[1649860200.0, 0],
[1649946600.0, 0],
[1650033000.0, 0],
[1650119400.0, 0],
[1650205800.0, 0],
[1650292200.0, 0],
[1650378600.0, 0],
[1650465000.0, 0],
[1650551400.0, 0],
[1650637800.0, 0],
[1650724200.0, 0],
[1650810600.0, 0],
[1650897000.0, 0],
[1650983400.0, 0],
[1651069800.0, 0],
[1651156200.0, 0],
[1651242600.0, 0],
[1651329000.0, 0],
[1651415400.0, 0],
[1651501800.0, 0],
[1651588200.0, 0],
[1651674600.0, 0],
[1651761000.0, 0],
[1651847400.0, 0],
[1651933800.0, 0],
[1652020200.0, 0],
[1652106600.0, 0],
[1652193000.0, 0],
[1652279400.0, 0],
[1652365800.0, 0],
[1652452200.0, 0],
[1652538600.0, 0],
[1652625000.0, 0],
[1652711400.0, 0],
[1652797800.0, 0],
[1652884200.0, 0],
[1652970600.0, 0],
[1653057000.0, 0],
[1653143400.0, 0],
[1653229800.0, 0],
[1653402600.0, 37.38974358974358],
[1653489000.0, 36.806410256410246],
[1653575400.0, 32.78589743589744],
[1653661800.0, 29.380769230769232],
[1653748200.0, 28.402564102564103],
[1653834600.0, 28.662820512820513],
[1653921000.0, 0.5115957166902018],
[1654007400.0, 0.3048656163113994],
[1654093800.0, 0.3076111652061019],
[1654180200.0, 0.3163003663003663],
[1654266600.0, 0.2163076923076923],
[1654353000.0, 0.20084745762711864],
[1654439400.0, 0.18384615384615383],
[1654525800.0, 0.187880608974359],
[1654612200.0, 0.17391941391941387],
[1654698600.0, 0.20268429487179485],
[1654785000.0, 0.1895463510848126],
[1654871400.0, 0.40613553113553097],
[1654957800.0, 0.4055555555555556],
[1655044200.0, 0.3620607787274454],
[1655130600.0, 0.363905325443787],
[1655217000.0, 0.3875897435897435],
[1655303400.0, 0.37554240631163704],
[1655389800.0, 0.377810650887574],
[1655476200.0, 0.39071794871794874],
[1655562600.0, 0.3914871794871795],
[1655649000.0, 0.3690335305719921],
[1655735400.0, 0.3788205128205129],
[1655821800.0, 0.3753944773175542],
[1655908200.0, 0.3872820512820513],
[1655994600.0, 0.35912228796844176],
[1656081000.0, 0.3627179487179487],
[1656167400.0, 0.36917948717948723],
[1656253800.0, 0.3684615384615385],
[1656340200.0, 0.3385108481262328],
[1656426600.0, 0.3357495069033531],
[1656513000.0, 0.3391025641025641],
[1656599400.0, 0.3635897435897436],
[1656685800.0, 0.364],
[1656772200.0, 0.36230769230769233],
[1656858600.0, 0.35615384615384615],
[1656945000.0, 0.3412228796844181],
[1657031400.0, 0.35969230769230764],
[1657117800.0, 0.36047008547008547],
[1657204200.0, 0.37163461538461545],
[1657290600.0, 0.34658119658119657],
[1657377000.0, 0.33256410256410257],
[1657463400.0, 0.3323589743589744],
[1657549800.0, 0.32943589743589746],
[1657636200.0, 0.3100098619329389],
[1657722600.0, 0.31390532544378696],
[1657809000.0, 0.32076923076923075],
[1657895400.0, 0.3241538461538461],
[1657981800.0, 0.3207692307692308],
[1658068200.0, 0.33292307692307693],
[1658154600.0, 0.3311143984220907],
[1658241000.0, 0.33939842209072985],
[1658327400.0, 0.3372744539411207],
[1658413800.0, 0.3516765285996055],
[1658500200.0, 0.3233618233618234],
[1658586600.0, 0.32796771130104474],
[1658673000.0, 0.33162393162393167],
[1658759400.0, 0.3466962524654832],
[1658845800.0, 0.3508717948717949],
[1658932200.0, 0.3264792899408284],
[1659018600.0, 0.3276627218934911],
[1659105000.0, 0.33555226824457596],
[1659191400.0, 0.3463510848126232],
[1659277800.0, 0.3488658777120316],
[1659364200.0, 0.3469921104536489],
[1659450600.0, 0.3506903353057199],
[1659537000.0, 0.3548323471400395],
[1659623400.0, 0.33950617283950624],
[1659709800.0, 0.35320512820512817],
[1659796200.0, 0.3501479289940828],
[1659882600.0, 0.34107312440645776],
[1659969000.0, 0.33789173789173793],
[1660055400.0, 0.33282967032967026],
[1660141800.0, 0.32728937728937735],
[1660228200.0, 0.3405982905982906],
[1660314600.0, 0.3260989010989011],
[1660401000.0, 0.3260989010989011],
[1660487400.0, 0.3260989010989011],
[1660573800.0, 0.3260989010989011],
[1660660200.0, 0.332905982905983],
[1660746600.0, 0.32815384615384613],
[1660833000.0, 0.3438568376068376],
[1660919400.0, 0.33717948717948715],
[1661005800.0, 0.3416666666666667],
[1661092200.0, 0.35],
[1661178600.0, 0.3310769230769231],
[1661265000.0, 0.34209401709401704],
[1661351400.0, 0.3722027972027972],
[1661437800.0, 0.3389957264957265],
[1661524200.0, 0.3428651059085841],
[1661610600.0, 0.35167224080267556],
[1661697000.0, 0.36497668997668997],
[1661783400.0, 0.37004662004662003],
[1661869800.0, 0.3881562881562882],
[1661956200.0, 0.390964590964591],
[1662042600.0, 0.4556267806267807],
[1662129000.0, 0.4485042735042736],
[1662215400.0, 0.40967948717948716],
[1662301800.0, 0.370979020979021],
[1662388200.0, 0.37033799533799544],
[1662474600.0, 0.3706293706293707],
[1662561000.0, 0.3780885780885781],
[1662647400.0, 0.37296544035674467],
[1662733800.0, 0.38875291375291376],
[1662820200.0, 0.3741917502787068],
[1662906600.0, 0.39458041958041956],
[1662993000.0, 0.3725752508361204],
[1663079400.0, 0.39679487179487183],
[1663165800.0, 0.3973776223776224],
[1663252200.0, 0.38455710955710953],
[1663338600.0, 0.4093406593406594],
[1663425000.0, 0.4018315018315019],
[1663511400.0, 0.4232051282051282],
[1663597800.0, 0.41320512820512817],
[1663684200.0, 0.4223717948717949],
[1663770600.0, 0.4636752136752137],
[1663857000.0, 0.44487179487179485],
[1663943400.0, 0.4354925775978407],
[1664029800.0, 0.40788461538461535],
[1664116200.0, 0.40878205128205125],
[1664202600.0, 0.42631578947368415],
[1664289000.0, 0.4209851551956814],
[1664375400.0, 0.44900284900284904],
[1664461800.0, 0.45733618233618245],
[1664548200.0, 0.4872549019607843],
[1664634600.0, 0.45676638176638185],
[1664717400.0, 0.46146723646723653],
[1664803800.0, 0.4575498575498576],
[1664890200.0, 0.4908748114630467],
[1664976600.0, 0.5018099547511312],
[1665063000.0, 0.48361823361823375],
[1665149400.0, 0.5055052790346908],
[1665235800.0, 0.5138763197586727],
[1665322200.0, 0.48668091168091177],
[1665408600.0, 0.5009803921568627],
[1665495000.0, 0.47649572649572647],
[1665581400.0, 0.5074660633484163],
[1665667800.0, 0.5098793363499246],
[1665754200.0, 0.49245852187028655],
[1665840600.0, 0.49570135746606336],
[1665927000.0, 0.4949472096530919],
[1666013400.0, 0.5018853695324283],
[1666099800.0, 0.5209653092006034],
[1666186200.0, 0.5148567119155354],
[1666272600.0, 0.5056561085972849],
[1666359000.0, 0.49577677224736044],
[1666445400.0, 0.5],
[1666531800.0, 0.44682860998650464],
[1666618200.0, 0.5037749287749288],
[1666704600.0, 0.5178062678062679],
[1666791000.0, 0.5105263157894736],
[1666877400.0, 0.47362637362637366],
[1666963800.0, 0.4429765886287626],
[1667050200.0, 0.4577505827505827],
[1667136600.0, 0.4452797202797203],
[1667223000.0, 0.44178321678321675],
[1667309400.0, 0.44481074481074484],
[1667395800.0, 0.4484126984126985],
[1667482200.0, 0.46672771672771673],
[1667568600.0, 0.45407925407925415],
[1667655000.0, 0.44197324414715716],
[1667741400.0, 0.4425863991081383],
[1667827800.0, 0.45646853146853156],
[1667914200.0, 0.46288156288156285],
[1668000600.0, 0.431993006993007],
[1668087000.0, 0.4485347985347985],
[1668173400.0, 0.42395104895104896],
[1668259800.0, 0.41036789297658854],
[1668346200.0, 0.4017837235228539],
[1668432600.0, 0.41125975473801557],
[1668519000.0, 0.3956521739130436],
[1668605400.0, 0.40530303030303033],
[1668691800.0, 0.400990675990676],
[1668778200.0, 0.39860139860139865],
[1668864600.0, 0.39743589743589747],
[1668951000.0, 0.39639804639804643],
[1669037400.0, 0.3956654456654457],
[1669123800.0, 0.4235897435897436],
[1669210200.0, 0.4468286099865047],
[1669296600.0, 0.4241025641025641],
[1669383000.0, 0.42814102564102563],
[1669469400.0, 0.41422466422466425],
[1669555800.0, 0.41587301587301595],
[1669642200.0, 0.4111721611721612],
[1669728600.0, 0.4273717948717949],
[1669815000.0, 0.41605616605616613],
[1669901400.0, 0.4217338217338218],
[1669987800.0, 0.4252747252747253],
[1670074200.0, 0.4304029304029305],
[1670160600.0, 0.4110139860139861],
[1670247000.0, 0.39319955406911933],
[1670333400.0, 0.40541958041958037],
[1670419800.0, 0.42643467643467653],
[1670506200.0, 0.40472027972027974],
[1670592600.0, 0.4012237762237762],
[1670679000.0, 0.40635198135198136],
[1670765400.0, 0.37998885172798214],
[1670851800.0, 0.3807134894091416],
[1670938200.0, 0.3864219114219114],
[1671024600.0, 0.36677814938684505],
[1671111000.0, 0.36722408026755854],
[1671197400.0, 0.3681716833890747],
[1671283800.0, 0.39364801864801874],
[1671370200.0, 0.39440559440559436],
[1671456600.0, 0.39038461538461544],
[1671543000.0, 0.38869463869463877],
[1671629400.0, 0.374247491638796],
[1671715800.0, 0.3755295429208473],
[1671802200.0, 0.3852564102564103],
[1671888600.0, 0.3797202797202798],
[1671975000.0, 0.3416666666666667],
[1672061400.0, 0.3630992196209587],
[1672147800.0, 0.35624303232998883],
[1672234200.0, 0.35574136008918616],
[1672320600.0, 0.3654403567447046],
[1672407000.0, 0.3724080267558529],
[1672493400.0, 0.35026709401709405],
[1672579800.0, 0.35822649572649573],
[1672666200.0, 0.359775641025641],
[1672752600.0, 0.3768673355629877],
[1672839000.0, 0.370958751393534],
[1672925400.0, 0.3561431623931624],
[1673011800.0, 0.3638354700854701],
[1673098200.0, 0.36629273504273496],
[1673184600.0, 0.3679487179487179],
[1673271000.0, 0.35861538461538467],
[1673357400.0, 0.34778106508875745],
[1673443800.0, 0.3416429249762583],
[1673530200.0, 0.3557692307692307],
[1673616600.0, 0.3677514792899409],
[1673703000.0, 0.3567901234567901],
[1673789400.0, 0.3560303893637228],
[1673875800.0, 0.36651873767258375],
[1673962200.0, 0.3528490028490029],
[1674048600.0, 0.357312440645774],
[1674135000.0, 0.36898422090729777],
[1674221400.0, 0.3611439842209073],
[1674307800.0, 0.36079881656804735],
[1674394200.0, 0.3627712031558185],
[1674480600.0, 0.37391518737672585],
[1674567000.0, 0.3626232741617357],
[1674653400.0, 0.35512820512820514],
[1674739800.0, 0.3552706552706553],
[1674826200.0, 0.3626780626780627],
[1674912600.0, 0.3514719848053182],
[1674999000.0, 0.3581043956043956],
[1675085400.0, 0.3520604395604396],
[1675171800.0, 0.3515567765567765],
[1675258200.0, 0.3585164835164836],
[1675344600.0, 0.36428571428571427],
[1675431000.0, 0.361996336996337],
[1675517400.0, 0.37119963369963366],
[1675603800.0, 0.3798534798534799],
[1675690200.0, 0.38086080586080584],
[1675776600.0, 0.38008241758241756],
[1675863000.0, 0.38008241758241756],
[1675949400.0, 0.38008241758241756],
