[1635773400.0, 53.820330999999996],
[1635859800.0, 57.409859499999996],
[1635946200.0, 57.55665],
[1636032600.0, 57.2395875],
[1636119000.0, 57.6758655],
[1636205400.0, 57.4171425],
[1636291800.0, 57.120372],
[1636378200.0, 57.280171499999994],
[1636464600.0, 57.4323615],
[1636551000.0, 57.237051],
[1636637400.0, 57.155883],
[1636723800.0, 57.4983105],
[1636810200.0, 59.209759500000004],
[1636896600.0, 57.956728500000004],
[1636983000.0, 58.710069000000004],
[1637069400.0, 58.922414],
[1637155800.0, 55.43121299999999],
[1637242200.0, 57.725471999999996],
[1637328600.0, 57.34021799999999],
[1637415000.0, 58.523748499999996],
[1637501400.0, 58.133815999999996],
[1637587800.0, 57.833991],
[1637674200.0, 57.21762149999999],
[1637760600.0, 59.3613615],
[1637847000.0, 57.19479299999999],
[1637933400.0, 57.1168825],
[1638019800.0, 57.3300605],
[1638106200.0, 57.0307535],
[1638192600.0, 56.40552099999999],
[1638279000.0, 58.290426],
[1638365400.0, 56.6193275],
[1638451800.0, 53.83382399999999],
[1638538200.0, 60.534859499999996],
[1638624600.0, 63.96260099999999],
[1638711000.0, 61.76695749999999],
[1638797400.0, 68.331415],
[1638883800.0, 67.9078195],
[1638970200.0, 66.24662000000001],
[1639056600.0, 65.25231199999999],
[1639143000.0, 63.900681500000005],
[1639229400.0, 61.974498999999994],
[1639315800.0, 58.701123499999994],
[1639402200.0, 58.7822915],
[1639488600.0, 59.792587999999995],
[1639575000.0, 61.1039585],
[1639661400.0, 63.593808499999994],
[1639747800.0, 63.2265795],
[1639834200.0, 63.188531999999995],
[1639920600.0, 66.69143849999999],
[1640007000.0, 64.475764],
[1640093400.0, 64.05099100000001],
[1640179800.0, 67.0596205],
[1640266200.0, 67.057084],
[1640352600.0, 66.2986705],
[1640439000.0, 64.61226199999999],
[1640525400.0, 64.1379365],
[1640611800.0, 62.823378500000004],
[1640698200.0, 64.529785],
[1640784600.0, 61.818667999999995],
[1640871000.0, 63.17809199999999],
[1640957400.0, 63.085401],
[1641043800.0, 64.503964],
[1641130200.0, 64.80006599999999],
[1641216600.0, 62.2000675],
[1641303000.0, 64.8684655],
[1641389400.0, 61.2546095],
[1641475800.0, 61.373825],
[1641562200.0, 60.713987499999995],
[1641648600.0, 60.681563499999996],
[1641735000.0, 60.410157999999996],
[1641821400.0, 62.8199015],
[1641907800.0, 62.47892349999999],
[1641994200.0, 64.2500905],
[1642080600.0, 63.24526799999999],
[1642167000.0, 63.048711999999995],
[1642253400.0, 62.579758],
[1642339800.0, 61.3616095],
[1642426200.0, 58.534333000000004],
[1642512600.0, 58.771639500000006],
[1642599000.0, 58.63579299999999],
[1642685400.0, 58.53274049999999],
[1642771800.0, 58.703085],
[1642858200.0, 58.048593999999994],
[1642944600.0, 58.420011],
[1643031000.0, 57.9422055],
[1643117400.0, 57.254287500000004],
[1643203800.0, 56.52731549999999],
[1643290200.0, 56.093306999999996],
[1643376600.0, 55.766025],
[1643463000.0, 55.60379499999999],
[1643549400.0, 55.9889765],
[1643635800.0, 55.9889765],
[1643722200.0, 55.9889765],
[1643808600.0, 56.329128499999996],
[1643895000.0, 56.252393999999995],
[1643981400.0, 55.95156349999999],
[1644067800.0, 55.59249450000001],
[1644154200.0, 55.964639500000004],
[1644240600.0, 55.732046],
[1644327000.0, 54.947432500000005],
[1644413400.0, 54.876813999999996],
[1644499800.0, 55.316032],
[1644586200.0, 55.0759195],
[1644672600.0, 54.918798499999994],
[1644759000.0, 54.64837899999999],
[1644845400.0, 54.237241999999995],
[1644931800.0, 54.131886],
[1645018200.0, 54.06279549999999],
[1645104600.0, 54.0173585],
[1645191000.0, 54.137226999999996],
[1645277400.0, 53.9629805],
[1645363800.0, 54.25706849999999],
[1645450200.0, 53.836234000000005],
[1645536600.0, 54.373319499999994],
[1645623000.0, 54.48047],
[1645709400.0, 56.410233999999996],
[1645795800.0, 56.60609099999999],
[1645882200.0, 56.931475],
[1645968600.0, 57.9546215],
[1646055000.0, 57.74155900000001],
[1646141400.0, 57.28140500000001],
[1646227800.0, 59.322446],
[1646314200.0, 58.73840249999999],
[1646400600.0, 60.37921849999999],
[1646487000.0, 60.8745275],
[1646573400.0, 60.2393555],
[1646659800.0, 60.753765],
[1646746200.0, 60.560222499999995],
[1646832600.0, 61.420604],
[1646919000.0, 61.06772149999999],
[1647005400.0, 60.3342305],
[1647091800.0, 60.594986500000005],
[1647178200.0, 60.628578499999996],
[1647264600.0, 59.0100075],
[1647351000.0, 58.660224],
[1647437400.0, 58.242364499999994],
[1647523800.0, 58.419233],
[1647610200.0, 60.057446],
[1647696600.0, 60.484916999999996],
[1647783000.0, 61.1221185],
[1647869400.0, 61.3109445],
[1647955800.0, 60.55280449999999],
[1648042200.0, 59.97788],
[1648128600.0, 60.252003499999994],
[1648215000.0, 59.4389175],
[1648301400.0, 59.938027],
[1648387800.0, 59.574981],
[1648474200.0, 59.16585049999999],
[1648560600.0, 59.12682649999999],
[1648647000.0, 59.8908945],
[1648733400.0, 62.298284499999994],
[1648819800.0, 62.7673155],
[1648906200.0, 62.76974250000001],
[1648996200.0, 60.263943499999996],
[1649082600.0, 60.5986235],
[1649169000.0, 59.259941],
[1649255400.0, 59.278206999999995],
[1649341800.0, 59.7120415],
[1649428200.0, 60.045083999999996],
[1649514600.0, 60.414430499999995],
[1649601000.0, 60.414430499999995],
[1649687400.0, 60.414430499999995],
[1649773800.0, 60.414430499999995],
[1649860200.0, 60.40442949999999],
[1649946600.0, 62.06193439353635],
[1650033000.0, 62.40099397590915],
[1650119400.0, 61.66909359284964],
[1650205800.0, 61.13242660059575],
[1650292200.0, 61.17421980306849],
[1650378600.0, 61.31351714183664],
[1650465000.0, 62.40010822507905],
[1650551400.0, 62.40010822507905],
[1650637800.0, 62.40010822507905],
[1650724200.0, 62.284974812918406],
[1650810600.0, 62.22316439495119],
[1650897000.0, 61.03281836671445],
[1650983400.0, 61.423544533206794],
[1651069800.0, 61.92820047759912],
[1651156200.0, 59.135281470018654],
[1651242600.0, 59.308704888060035],
[1651329000.0, 59.40173219227381],
[1651415400.0, 59.7622272459146],
[1651501800.0, 59.166308464176666],
[1651588200.0, 58.90844205319493],
[1651674600.0, 58.86150652364044],
[1651761000.0, 59.70344086050116],
[1651847400.0, 58.494720469175576],
[1651933800.0, 58.49084932429097],
[1652020200.0, 58.006039335050254],
[1652106600.0, 57.03260647749181],
[1652193000.0, 55.47440795280443],
[1652279400.0, 55.286526512078645],
[1652365800.0, 57.53696424402348],
[1652452200.0, 57.69450748997171],
[1652538600.0, 57.95685696812241],
[1652625000.0, 59.969742499999995],
[1652711400.0, 59.753125499999996],
[1652797800.0, 59.803636499999996],
[1652884200.0, 59.6474245],
[1652970600.0, 64.702146],
[1653057000.0, 59.72531649999999],
[1653143400.0, 58.873740999999995],
[1653229800.0, 57.643344],
[1653316200.0, 57.42440649999999],
[1653402600.0, 57.098973],
[1653489000.0, 56.25495599999999],
[1653575400.0, 55.7513575],
[1653661800.0, 61.04023900000001],
[1653748200.0, 56.266379],
[1653834600.0, 56.7750915],
[1653921000.0, 56.90337],
[1654007400.0, 57.5223255],
[1654093800.0, 57.165734],
[1654180200.0, 56.89184949999999],
[1654266600.0, 56.841162499999996],
[1654353000.0, 54.47527650000001],
[1654439400.0, 54.786640999999996],
[1654525800.0, 55.3077805],
[1654612200.0, 54.53136799999999],
[1654698600.0, 53.760054],
[1654785000.0, 54.090488],
[1654871400.0, 53.383201],
[1654957800.0, 52.3485975],
[1655044200.0, 49.7717935],
[1655130600.0, 50.2325185],
[1655217000.0, 49.356331999999995],
[1655303400.0, 49.649751499999994],
[1655389800.0, 50.496553000000006],
[1655476200.0, 50.754695999999996],
[1655562600.0, 50.289334499999995],
[1655649000.0, 54.962774499999995],
[1655735400.0, 54.7508905],
[1655821800.0, 59.08219],
[1655908200.0, 57.750338],
[1655994600.0, 56.50686949999999],
[1656081000.0, 51.778223999999994],
[1656167400.0, 51.602326000000005],
[1656253800.0, 51.269679999999994],
[1656340200.0, 51.217943000000005],
[1656426600.0, 51.027634500000005],
[1656513000.0, 50.7414755],
[1656599400.0, 51.399738],
[1656685800.0, 51.1055805],
[1656772200.0, 51.183488499999996],
[1656858600.0, 51.3714435],
[1656945000.0, 51.826505],
[1657031400.0, 51.569016500000004],
[1657117800.0, 51.1335],
[1657204200.0, 51.19974199999999],
[1657290600.0, 52.434259],
[1657377000.0, 52.500063000000004],
[1657463400.0, 52.4775245],
[1657549800.0, 52.303053500000004],
[1657636200.0, 52.6133765],
[1657722600.0, 52.28638550000001],
[1657809000.0, 51.772571],
[1657895400.0, 51.671332500000005],
[1657981800.0, 51.348552999999995],
[1658068200.0, 51.57866],
[1658154600.0, 52.432248],
[1658241000.0, 52.740911],
[1658327400.0, 53.611461500000004],
[1658413800.0, 53.481449],
[1658500200.0, 53.305741499999996],
[1658586600.0, 53.0055295],
[1658673000.0, 53.488591],
[1658759400.0, 53.11722399999999],
[1658845800.0, 53.01105750000001],
[1658932200.0, 53.275327499999996],
[1659018600.0, 53.19890649999999],
[1659105000.0, 53.346821000000006],
[1659191400.0, 51.9551975],
[1659277800.0, 51.84329518121103],
[1659364200.0, 51.662975847256845],
[1659450600.0, 51.404309782514616],
[1659537000.0, 52.36673001926981],
[1659623400.0, 52.910714157817736],
[1659709800.0, 52.967000521904794],
[1659796200.0, 52.753687781040284],
[1659882600.0, 53.220909],
[1659969000.0, 53.355414499999995],
[1660055400.0, 53.8584905],
[1660141800.0, 54.234556],
[1660228200.0, 54.38978999999999],
[1660314600.0, 54.90119850000001],
[1660401000.0, 54.90119850000001],
[1660487400.0, 54.90119850000001],
[1660573800.0, 54.90119850000001],
[1660660200.0, 74.3597015],
[1660746600.0, 74.9149375],
[1660833000.0, 75.117392],
[1660919400.0, 87.21087399999999],
[1661005800.0, 89.37476949999999],
[1661092200.0, 88.5305865],
[1661178600.0, 88.52813699999999],
[1661265000.0, 77.93891149999999],
[1661351400.0, 77.6537135],
[1661437800.0, 65.71301199999999],
[1661524200.0, 65.1922015],
[1661610600.0, 64.23927900000001],
[1661697000.0, 63.91405949999999],
[1661783400.0, 63.329401000000004],
[1661869800.0, 64.042019],
[1661956200.0, 63.5280005],
[1662042600.0, 64.012764],
[1662129000.0, 58.4463805],
[1662215400.0, 59.0479375],
[1662301800.0, 57.431968],
[1662388200.0, 56.1906585],
[1662474600.0, 58.392934499999996],
[1662561000.0, 59.654082499999994],
[1662647400.0, 60.054269500000004],
[1662733800.0, 59.902006],
[1662820200.0, 59.711014999999996],
[1662906600.0, 58.832409999999996],
[1662993000.0, 58.705185],
[1663079400.0, 57.15993300000001],
[1663165800.0, 57.07633],
[1663252200.0, 57.8745195],
[1663338600.0, 57.675585999999996],
[1663425000.0, 56.306456],
[1663511400.0, 56.035737999999995],
[1663597800.0, 55.823302],
[1663684200.0, 56.709365000000005],
[1663770600.0, 54.80187399999999],
[1663857000.0, 56.40006],
[1663943400.0, 55.28091499999999],
[1664029800.0, 53.846219500000004],
[1664116200.0, 55.5598305],
[1664202600.0, 55.26777200000001],
[1664289000.0, 54.285565000000005],
[1664375400.0, 54.1529065],
[1664461800.0, 54.531991],
[1664548200.0, 56.75303799999999],
[1664634600.0, 57.10307499999999],
[1664717400.0, 58.1931155],
[1664803800.0, 58.2590645],
[1664890200.0, 57.4981145],
[1664976600.0, 59.640626999999995],
[1665063000.0, 58.436777000000006],
[1665149400.0, 58.2832945],
[1665235800.0, 58.181123],
[1665322200.0, 58.2546815],
[1665408600.0, 58.1025525],
[1665495000.0, 58.1228445],
[1665581400.0, 58.196403000000004],
[1665667800.0, 57.89202300000001],
[1665754200.0, 57.88695],
[1665840600.0, 65.5149935],
[1665927000.0, 55.979141999999996],
[1666013400.0, 54.5714055],
[1666099800.0, 60.975654],
[1666186200.0, 61.489796],
[1666272600.0, 59.0965085],
[1666359000.0, 59.449082],
[1666445400.0, 59.388206],
[1666531800.0, 59.270536500000006],
[1666618200.0, 59.179507],
[1666704600.0, 59.58143449999999],
[1666791000.0, 59.14447899999999],
[1666877400.0, 59.09209049999998],
[1666963800.0, 60.654102],
[1667050200.0, 56.37298249999999],
[1667136600.0, 54.7721365],
[1667223000.0, 55.457426],
[1667309400.0, 55.32802],
[1667395800.0, 55.239166999999995],
[1667482200.0, 56.403777999999996],
[1667568600.0, 66.08133299999999],
[1667655000.0, 67.56228349999999],
[1667741400.0, 67.088805],
[1667827800.0, 66.517012],
[1667914200.0, 67.5431685],
[1668000600.0, 67.99316199999998],
[1668087000.0, 68.60050050000001],
[1668173400.0, 68.32225],
[1668259800.0, 67.571433],
[1668346200.0, 67.74589],
[1668432600.0, 67.313701],
[1668519000.0, 67.86624499999999],
[1668605400.0, 68.1655145],
[1668691800.0, 68.8681865],
[1668778200.0, 66.237619],
[1668864600.0, 67.8120165],
[1668951000.0, 66.0812115],
[1669037400.0, 66.62948449999999],
[1669123800.0, 66.397508],
[1669210200.0, 66.7325955],
[1669296600.0, 65.9360235],
[1669383000.0, 62.80049100000001],
[1669469400.0, 65.401366],
[1669555800.0, 68.6835725],
[1669642200.0, 69.648447],
[1669728600.0, 70.24652449999999],
[1669815000.0, 63.864323],
[1669901400.0, 64.00049299999999],
[1669987800.0, 63.720094499999995],
[1670074200.0, 63.035816],
[1670160600.0, 63.92432449999999],
[1670247000.0, 63.1523015],
[1670333400.0, 62.23880249999999],
[1670419800.0, 61.3179445],
[1670506200.0, 62.0016135],
[1670592600.0, 62.110834],
[1670679000.0, 62.0410835],
[1670765400.0, 62.741114499999995],
[1670851800.0, 63.010561499999994],
[1670938200.0, 62.7902845],
[1671024600.0, 61.147482],
[1671111000.0, 60.451818],
[1671197400.0, 60.410835],
[1671283800.0, 60.5503425],
[1671370200.0, 60.62752950000001],
[1671456600.0, 60.705042],
[1671543000.0, 60.485927000000004],
[1671629400.0, 60.0624045],
[1671715800.0, 60.0533035],
[1671802200.0, 59.68225350000001],
[1671888600.0, 59.808122499999996],
[1671975000.0, 60.261942],
[1672061400.0, 59.91868100000001],
[1672147800.0, 59.655581000000005],
[1672234200.0, 58.777476500000006],
[1672320600.0, 58.7810575],
[1672407000.0, 60.05713449999999],
[1672493400.0, 59.875791],
[1672579800.0, 60.425090999999995],
[1672666200.0, 58.7948955],
[1672752600.0, 58.533238499999996],
[1672839000.0, 58.50287350000001],
[1672925400.0, 58.278580999999996],
[1673011800.0, 59.55626049999999],
[1673098200.0, 58.6763875],
[1673184600.0, 58.694344],
[1673271000.0, 58.08769349999999],
[1673357400.0, 57.70566600000001],
[1673443800.0, 58.3431195],
[1673530200.0, 59.008525500000005],
[1673616600.0, 58.873482499999994],
[1673703000.0, 59.4974615],
[1673789400.0, 59.181532000000004],
[1673875800.0, 58.283117499999996],
[1673962200.0, 58.847786],
[1674048600.0, 59.031923],
[1674135000.0, 58.864483500000006],
[1674221400.0, 59.636142500000005],
[1674307800.0, 60.174417999999996],
[1674394200.0, 60.424876],
[1674480600.0, 60.499083999999996],
[1674567000.0, 61.911255999999995],
[1674653400.0, 61.79965],
[1674739800.0, 61.79965],
[1674826200.0, 61.753993],
[1674912600.0, 60.196237999999994],
[1674999000.0, 60.495689999999996],
[1675085400.0, 60.310634],
[1675171800.0, 66.470641],
[1675258200.0, 66.25451749999999],
[1675344600.0, 66.2762865],
[1675431000.0, 68.058312],
[1675517400.0, 67.627107],
[1675603800.0, 66.73846549999999],
[1675690200.0, 67.101107],
[1675776600.0, 67.79698499999999],
[1675863000.0, 68.009507],
[1675949400.0, 68.009507],
