[[1633098600, 338.51],
[1633185000, 339.81],
[1633267800, 343.89],
[1633354200, 345.18],
[1633440600, 344.1],
[1633527000, 355.48],
[1633613400, 336.98],
[1633699800, 352.63],
[1633786200, 350.27],
[1633872600, 351.96],
[1633959000, 351.05],
[1634045400, 355.1],
[1634131800, 352.58],
[1634218200, 352.77],
[1634304600, 355.27],
[1634391000, 328.05],
[1634477400, 349.84],
[1634563800, 351.78],
[1634650200, 359.41],
[1634736600, 355.0],
[1634823000, 355.95],
[1634909400, 339.15],
[1634995800, 338.22],
[1635082200, 334.86],
[1635168600, 336.55],
[1635255000, 340.79],
[1635341400, 337.84],
[1635427800, 334.4],
[1635514200, 337.25],
[1635600600, 338.06],
[1635687000, 336.5],
[1635859800, 350.63],
[1636119000, 353.82],
[1636291800, 356.99],
[1636464600, 339.08],
[1636637400, 333.12],
[1636983000, 351.38],
[1637242200, 352.56],
[1637328600, 353.17],
[1637415000, 346.61],
[1637501400, 345.19],
[1637587800, 346.14],
[1637674200, 349.02],
[1637760600, 347.89],
[1637847000, 348.73],
[1637933400, 353.63],
[1638019800, 346.18],
[1638106200, 349.94],
[1638192600, 346.56],
[1638279000, 344.19],
[1638365400, 350.85],
[1638451800, 353.0],
[1638538200, 350.78],
[1638624600, 360.19],
[1638711000, 362.21],
[1638797400, 366.09],
[1638883800, 372.96],
[1638970200, 369.1],
[1639056600, 373.74],
[1639143000, 373.9],
[1639229400, 370.79],
[1639315800, 371.53],
[1639402200, 369.02],
[1639488600, 375.88],
[1639575000, 371.08],
[1639661400, 362.5],
[1639747800, 369.05],
[1639834200, 360.06],
[1639920600, 369.55],
[1640007000, 370.29],
[1640093400, 365.48],
[1640179800, 365.28],
[1640266200, 368.67],
[1640352600, 367.56],
[1640439000, 373.28],
[1640525400, 376.91],
[1640611800, 378.66],
[1640698200, 382.88],
[1640784600, 384.09],
[1640871000, 387.0],
[1640957400, 394.44],
[1641043800, 389.82],
[1641130200, 391.98],
[1641216600, 396.23],
[1641303000, 393.19],
[1641389400, 391.86],
[1641475800, 359.51],
[1641562200, 397.73],
[1641648600, 405.21],
[1641735000, 407.26],
[1641821400, 403.59],
[1641907800, 409.32],
[1641994200, 404.09],
[1642080600, 410.3],
[1642167000, 405.7],
[1642253400, 403.77],
[1642339800, 408.12],
[1642426200, 408.3],
[1642512600, 408.02],
[1642599000, 408.38],
[1642685400, 403.04],
[1642771800, 410.46],
[1642858200, 400.56],
[1642944600, 399.45],
[1643031000, 401.42],
[1643117400, 392.97],
[1643203800, 390.61],
[1643290200, 396.24],
[1643376600, 390.82],
[1643463000, 386.35],
[1643549400, 388.44],
[1643635800, 388.44],
[1643722200, 388.44],
[1643808600, 388.59],
[1643895000, 385.33],
[1643981400, 399.33],
[1644067800, 392.36],
[1644154200, 388.8],
[1644240600, 387.97],
[1644327000, 389.88],
[1644413400, 389.84],
[1644499800, 399.21],
[1644586200, 397.9],
[1644672600, 387.82],
[1644759000, 394.59],
[1644845400, 398.96],
[1644931800, 386.12],
[1645018200, 386.35],
[1645104600, 388.33],
[1645191000, 390.31],
[1645277400, 383.22],
[1645363800, 386.9],
[1645450200, 387.5],
[1645536600, 378.79],
[1645623000, 389.84],
[1645709400, 382.92],
[1645795800, 385.62],
[1645882200, 383.03],
[1645968600, 389.28],
[1646055000, 387.14],
[1646141400, 387.9],
[1646400600, 386.92],
[1646487000, 394.79],
[1646659800, 367.57],
[1646746200, 398.06],
[1646832600, 391.49],
[1647005400, 398.68],
[1647091800, 397.48],
[1647178200, 393.79],
[1647437400, 403.06],
[1647523800, 405.25],
[1647696600, 411.33],
[1647783000, 421.45],
[1647869400, 423.95],
[1648042200, 416.75],
[1648128600, 415.8],
[1648301400, 415.8],
[1648474200, 412.28],
[1648733400, 423.74],
[1648906200, 430.36],
[1649169000, 426.3],
[1649255400, 439.43],
[1649341800, 439.85],
[1649514600, 444.14],
[1649601000, 449.53],
[1649687400, 438.34],
[1649773800, 436.97],
[1649860200, 442.27],
[1649946600, 454.8],
[1650033000, 441.1],
[1650119400, 446.5],
[1650205800, 445.04],
[1650292200, 448.29],
[1650378600, 449.95],
[1650465000, 451.58],
[1650551400, 451.58],
[1650637800, 451.58],
[1650724200, 432.7],
[1650810600, 437.59],
[1650897000, 449.76],
[1650983400, 448.91],
[1651069800, 442.42],
[1651156200, 436.98],
[1651242600, 436.35],
[1651329000, 431.04],
[1651415400, 434.16],
[1651501800, 433.07],
[1651588200, 438.77],
[1651674600, 425.02],
[1651761000, 424.12],
[1651847400, 420.2],
[1651933800, 425.94],
[1652020200, 428.37],
[1652106600, 424.77],
[1652193000, 424.56],
[1652279400, 432.17],
[1652365800, 425.08],
[1652970600, 419.63],
[1653057000, 418.77],
[1653143400, 419.58],
[1653229800, 412.17],
[1653316200, 378.52],
[1653402600, 415.65],
[1653489000, 416.3],
[1653575400, 415.09],
[1653661800, 405.9],
[1653748200, 411.63],
[1653834600, 418.13],
[1653921000, 418.22],
[1654007400, 412.41],
[1654093800, 424.12],
[1654180200, 414.27],
[1654266600, 405.93],
[1654353000, 413.52],
[1654439400, 408.16],
[1654525800, 410.4],
[1654612200, 415.16],
[1654698600, 417.98],
[1654785000, 416.38],
[1654871400, 419.02],
[1654957800, 413.23],
[1655044200, 410.45],
[1655130600, 412.1],
[1655217000, 410.27],
[1655303400, 406.83],
[1655389800, 399.46],
[1655476200, 404.08],
[1655562600, 403.56],
[1655649000, 397.46],
[1655735400, 401.28],
[1655821800, 397.5],
[1655908200, 354.96],
[1655994600, 364.61],
[1656081000, 350.53],
[1656167400, 392.65],
[1656253800, 392.81],
[1656340200, 382.87],
[1656426600, 388.52],
[1656513000, 396.09],
[1656599400, 393.09],
[1656685800, 397.06],
[1656772200, 402.81],
[1656858600, 406.71],
[1656945000, 400.29],
[1657031400, 402.91],
[1657117800, 393.3],
[1657290600, 400.47],
[1657377000, 390.15],
[1657463400, 388.73],
[1657549800, 386.85],
[1657636200, 389.27],
[1657722600, 405.04],
[1657809000, 391.11],
[1657895400, 394.67],
[1657981800, 385.26],
[1658068200, 399.02],
[1658154600, 400.01],
[1658241000, 397.42],
[1658327400, 411.3],
[1658413800, 391.67],
[1658673000, 398.11],
[1658759400, 394.94],
[1658845800, 413.41],
[1658932200, 412.33],
[1659018600, 415.45],
[1659105000, 421.71],
[1659191400, 415.35],
[1659277800, 407.67],
[1659364200, 408.85],
[1659450600, 405.55],
[1659537000, 412.94],
[1659623400, 425.19],
[1659709800, 411.93],
[1659796200, 420.22],
[1659882600, 413.0],
[1659969000, 424.71],
[1660055400, 426.95],
[1660228200, 421.93],
[1660314600, 430.3],
[1660401000, 430.3],
[1660487400, 430.3],
[1660573800, 430.3],
[1660660200, 381.09],
[1660746600, 369.14],
[1660833000, 347.68],
[1660919400, 366.88],
[1661005800, 371.67],
[1661178600, 362.85],
[1661265000, 351.1],
[1661351400, 349.77],
[1661437800, 347.84],
[1661524200, 414.68],
[1661610600, 414.52],
[1661697000, 409.66],
[1661783400, 418.43],
[1661869800, 402.45],
[1661956200, 398.79],
[1662042600, 408.22],
[1662129000, 387.25],
[1662215400, 394.17],
[1662301800, 392.09],
[1662561000, 399.38],
[1662647400, 396.99],
[1662733800, 396.71],
[1662820200, 401.55],
[1662906600, 399.63],
[1662993000, 392.8],
[1663079400, 396.8],
[1663165800, 389.48],
[1663252200, 392.5],
[1663338600, 392.16],
[1663425000, 400.55],
[1663511400, 393.72],
[1663597800, 384.26],
[1663684200, 373.96],
[1663770600, 371.94],
[1663857000, 374.95],
[1663943400, 369.94],
[1664029800, 369.57],
[1664116200, 370.74],
[1664202600, 369.91],
[1664289000, 374.11],
[1664375400, 381.01],
[1664461800, 380.44],
[1664548200, 381.38],
[1664634600, 381.13],
[1664717400, 401.19],
[1664803800, 389.1],
[1664890200, 389.92],
[1664976600, 387.01],
[1665063000, 388.55],
[1665149400, 395.14],
[1665235800, 393.06],
[1665322200, 393.75],
[1665408600, 400.94],
[1665495000, 401.4],
[1665581400, 399.41],
[1665667800, 400.1],
[1665754200, 399.08],
[1665840600, 404.44],
[1665927000, 401.88],
[1666013400, 403.22],
[1666099800, 405.15],
[1666186200, 406.44],
[1666272600, 407.5],
[1666359000, 400.13],
[1666445400, 398.64],
[1666531800, 394.27],
[1666618200, 393.03],
[1666704600, 390.12],
[1666791000, 390.36],
[1666877400, 401.45],
[1666963800, 397.64],
[1667050200, 385.22],
[1667136600, 389.08],
[1667223000, 379.89],
[1667309400, 390.35],
[1667395800, 392.51],
[1667482200, 386.4],
[1667568600, 391.92],
[1667655000, 392.87],
[1667741400, 393.58],
[1667827800, 403.95],
[1667914200, 401.7],
[1668000600, 398.16],
[1668087000, 399.75],
[1668173400, 397.34],
[1668259800, 400.62],
[1668346200, 393.72],
[1668432600, 399.88],
[1668519000, 400.31],
[1668605400, 398.93],
[1668691800, 389.67],
[1668778200, 385.09],
[1668864600, 382.91],
[1668951000, 379.94],
[1669037400, 374.38],
[1669123800, 374.29],
[1669210200, 380.44],
[1669296600, 369.16],
[1669383000, 360.78],
[1669469400, 359.33],
[1669555800, 363.42],
[1669642200, 360.51],
[1669728600, 365.15],
[1669815000, 375.52],
[1669901400, 379.86],
[1669987800, 394.47],
[1670074200, 391.92],
[1670160600, 393.61],
[1670247000, 402.86],
[1670333400, 402.46],
[1670419800, 400.27],
[1670506200, 402.18],
[1670592600, 402.29],
[1670679000, 392.94],
[1670765400, 400.34],
[1670851800, 397.53],
[1670938200, 398.68],
[1671024600, 397.05],
[1671111000, 398.84],
[1671197400, 393.48],
[1671283800, 394.81],
[1671370200, 395.88],
[1671456600, 388.07],
[1671543000, 388.01],
[1671629400, 395.76],
[1671715800, 394.41],
[1671802200, 390.12],
[1671888600, 391.47],
[1671975000, 398.17],
[1672061400, 395.32],
[1672147800, 396.56],
[1672234200, 400.35],
[1672320600, 401.1],
[1672407000, 398.32],
[1672493400, 396.81],
[1672579800, 396.62],
[1672666200, 396.99],
[1672752600, 395.13],
[1672839000, 397.21],
[1672925400, 394.15],
[1673011800, 400.64],
[1673098200, 414.5],
[1673184600, 410.23],
[1673271000, 416.34],
[1673357400, 421.66],
[1673443800, 423.39],
[1673530200, 423.55],
[1673616600, 418.59],
[1673703000, 398.2],
[1673789400, 417.03],
[1673875800, 422.59],
[1673962200, 413.43],
[1674048600, 421.22],
[1674135000, 413.8],
[1674221400, 409.55],
[1674307800, 413.01],
[1674394200, 412.17],
[1674480600, 406.76],
[1674567000, 396.24],
[1674653400, 403.34],
[1674739800, 401.55],
[1674826200, 412.3],
[1674912600, 413.92],
[1674999000, 406.37],
[1675085400, 409.31],
[1675171800, 419.41],
[1675258200, 408.34],
[1675344600, 409.61],
[1675431000, 415.49],
[1675517400, 417.27],
[1675603800, 415.99],
[1675690200, 429.01],
[1675776600, 418.46],
[1675863000, 412.86],
[1675949400, 412.35],
[1676035800, 411.27],
[1676122200, 406.28],
[1676208600, 403.89],
[1676295000, 385.72],
[1676381400, 407.93],
[1676467800, 417.63],
[1676554200, 410.43],
[1676640600, 410.62],
[1676727000, 402.22],
[1676813400, 402.83],
[1676899800, 400.6],
[1677072600, 400.8],
[1677159000, 399.87],
[1677245400, 410.75],
[1677331800, 416.0],
[1677418200, 385.38],
[1677504600, 404.25],
[1677591000, 401.52],
[1677677400, 407.06],
[1677763800, 422.66],
[1677850200, 420.77],
[1677936600, 424.0],
[1678023000, 429.36],
[1678109400, 429.68],
[1678195800, 424.6],
[1678282200, 430.82],
[1678368600, 420.18],
[1678455000, 421.67],
[1678541400, 424.1],
[1678627800, 413.95],
[1678714200, 416.91],
[1678800600, 417.39],
[1678887000, 411.27],
[1678973400, 412.2],
[1679059800, 411.76],
[1679146200, 379.64],
[1679232600, 407.29],
[1679319000, 409.18],
[1679405400, 400.58],
[1679491800, 423.04],
[1679578200, 429.06],
[1679664600, 440.55],
[1679751000, 442.74],
[1679837400, 424.51],
[1679923800, 453.06],
[1680010200, 423.03],
[1680096600, 425.35],
[1680183000, 439.77],
[1680269400, 431.29],
[1680355800, 431.97],
[1680445800, 449.89],
[1680532200, 428.79],
[1680618600, 435.96],
[1680705000, 435.96]]
