[1635773400.0, 0.07912548571428572],
[1635859800.0, 0.08019622857142858],
[1635946200.0, 0.07992701428571429],
[1636032600.0, 0.08029018571428573],
[1636119000.0, 0.07879838571428573],
[1636205400.0, 0.07768952857142859],
[1636291800.0, 0.08030307142857142],
[1636378200.0, 0.08065254285714286],
[1636464600.0, 0.07909847142857143],
[1636551000.0, 0.07579884285714288],
[1636637400.0, 0.0804217142857143],
[1636723800.0, 0.0799308285714286],
[1636810200.0, 0.0795150142857143],
[1636896600.0, 0.07975730000000002],
[1636983000.0, 0.07907615714285716],
[1637069400.0, 0.08009082857142857],
[1637155800.0, 0.07955907142857144],
[1637242200.0, 0.07970102857142858],
[1637328600.0, 0.08123961428571429],
[1637415000.0, 0.08083478571428572],
[1637501400.0, 0.08047295714285715],
[1637587800.0, 0.08062244285714286],
[1637674200.0, 0.08164104285714287],
[1637760600.0, 0.07906915714285714],
[1637847000.0, 0.07828535714285714],
[1637933400.0, 0.07511224285714288],
[1638019800.0, 0.07435987142857144],
[1638106200.0, 0.07647415714285714],
[1638192600.0, 0.07554377142857142],
[1638279000.0, 0.07061324285714285],
[1638365400.0, 0.07196134285714285],
[1638451800.0, 0.0711378142857143],
[1638538200.0, 0.07464802857142858],
[1638624600.0, 0.07516662857142857],
[1638711000.0, 0.07726152857142857],
[1638797400.0, 0.07676482857142859],
[1638883800.0, 0.07860508571428572],
[1638970200.0, 0.07751094285714287],
[1639056600.0, 0.07802887142857144],
[1639143000.0, 0.07956851428571429],
[1639229400.0, 0.07992348571428573],
[1639315800.0, 0.08077748571428571],
[1639402200.0, 0.08025791428571429],
[1639488600.0, 0.0814978142857143],
[1639575000.0, 0.08077822857142858],
[1639661400.0, 0.08068415714285715],
[1639747800.0, 0.08137957142857144],
[1639834200.0, 0.08203435714285716],
[1639920600.0, 0.07571747142857144],
[1640007000.0, 0.07669521428571427],
[1640093400.0, 0.07707212857142857],
[1640179800.0, 0.07991974285714287],
[1640266200.0, 0.0793171142857143],
[1640352600.0, 0.07865135714285716],
[1640439000.0, 0.07915464285714287],
[1640525400.0, 0.07740658571428573],
[1640611800.0, 0.0789540285714286],
[1640698200.0, 0.07859672857142859],
[1640784600.0, 0.07748652857142858],
[1640871000.0, 0.08031112857142857],
[1640957400.0, 0.08094357142857145],
[1641043800.0, 0.08107818571428572],
[1641130200.0, 0.08232498571428572],
[1641216600.0, 0.08247268571428572],
[1641303000.0, 0.08232984285714286],
[1641389400.0, 0.08287722857142857],
[1641475800.0, 0.08309904285714287],
[1641562200.0, 0.08412675714285714],
[1641648600.0, 0.08597464285714286],
[1641735000.0, 0.08603682857142858],
[1641821400.0, 0.08564167142857144],
[1641907800.0, 0.08467558571428573],
[1641994200.0, 0.08484808571428572],
[1642080600.0, 0.0854438],
[1642167000.0, 0.08519497142857144],
[1642253400.0, 0.0846002],
[1642339800.0, 0.08543635714285715],
[1642426200.0, 0.08686348571428572],
[1642512600.0, 0.08581532857142858],
[1642599000.0, 0.08595275714285715],
[1642685400.0, 0.08797165714285715],
[1642771800.0, 0.09043302857142857],
[1642858200.0, 0.09017562857142858],
[1642944600.0, 0.09085718571428572],
[1643031000.0, 0.09052502857142859],
[1643117400.0, 0.09142977142857145],
[1643203800.0, 0.09097834285714287],
[1643290200.0, 0.08959897142857144],
[1643376600.0, 0.08889904285714287],
[1643463000.0, 0.08878255714285717],
[1643549400.0, 0.08746994285714285],
[1643635800.0, 0.08746994285714285],
[1643722200.0, 0.08746994285714285],
[1643808600.0, 0.09156895714285716],
[1643895000.0, 0.09131305714285716],
[1643981400.0, 0.09290567142857142],
[1644067800.0, 0.09168554285714285],
[1644154200.0, 0.09132815714285715],
[1644240600.0, 0.09168527142857144],
[1644327000.0, 0.09240097142857144],
[1644413400.0, 0.09236871428571428],
[1644499800.0, 0.09344534285714286],
[1644586200.0, 0.09317125714285714],
[1644672600.0, 0.09398952857142857],
[1644759000.0, 0.09259015714285715],
[1644845400.0, 0.09480194285714287],
[1644931800.0, 0.09334060000000001],
[1645018200.0, 0.09376507142857142],
[1645104600.0, 0.09354102857142858],
[1645191000.0, 0.09469211428571431],
[1645277400.0, 0.09676367142857144],
[1645363800.0, 0.09518012857142856],
[1645450200.0, 0.09270018571428573],
[1645536600.0, 0.0967807142857143],
[1645623000.0, 0.09446],
[1645709400.0, 0.09461480000000001],
[1645795800.0, 0.0936042142857143],
[1645882200.0, 0.0935397],
[1645968600.0, 0.09570322857142859],
[1646055000.0, 0.09197800000000002],
[1646141400.0, 0.09206938571428572],
[1646227800.0, 0.09262648571428574],
[1646314200.0, 0.09238851428571429],
[1646400600.0, 0.09390515714285715],
[1646487000.0, 0.09322700000000003],
[1646573400.0, 0.09428335714285715],
[1646659800.0, 0.09224978571428573],
[1646746200.0, 0.09085371428571429],
[1646832600.0, 0.0915421],
[1646919000.0, 0.09167427142857143],
[1647005400.0, 0.09186077142857145],
[1647091800.0, 0.09290235714285718],
[1647178200.0, 0.0922727],
[1647264600.0, 0.09265245714285716],
[1647351000.0, 0.09305782857142857],
[1647437400.0, 0.09336758571428572],
[1647523800.0, 0.09338258571428572],
[1647610200.0, 0.09348008571428572],
[1647696600.0, 0.09412665714285715],
[1647783000.0, 0.09414614285714286],
[1647869400.0, 0.09390235714285715],
[1647955800.0, 0.09387230000000002],
[1648042200.0, 0.09386072857142859],
[1648128600.0, 0.0946993142857143],
[1648215000.0, 0.09447635714285715],
[1648301400.0, 0.09499628571428574],
[1648387800.0, 0.09592898571428574],
[1648474200.0, 0.09502585714285715],
[1648560600.0, 0.0961601],
[1648647000.0, 0.09614495714285716],
[1648733400.0, 0.09646232857142858],
[1648819800.0, 0.0971168142857143],
[1648906200.0, 0.0979545142857143],
[1648996200.0, 0.09836952857142858],
[1649082600.0, 0.09778302857142858],
[1649169000.0, 0.10024272857142857],
[1649255400.0, 0.10081910000000002],
[1649341800.0, 0.0989388857142857],
[1649428200.0, 0.09959357142857143],
[1649514600.0, 0.10115994285714287],
[1649601000.0, 0.09943894285714286],
[1649687400.0, 0.09788952857142859],
[1649773800.0, 0.09983688571428571],
[1649860200.0, 0.09858487142857143],
[1649946600.0, 0.09966607142857145],
[1650033000.0, 0.09668521428571429],
[1650119400.0, 0.09546935714285716],
[1650205800.0, 0.0993846142857143],
[1650292200.0, 0.09868202857142859],
[1650378600.0, 0.09880438571428572],
[1650465000.0, 0.09794677142857143],
[1650551400.0, 0.09794677142857143],
[1650637800.0, 0.09794677142857143],
[1650724200.0, 0.09352135714285716],
[1650810600.0, 0.09568288571428572],
[1650897000.0, 0.09331495714285716],
[1650983400.0, 0.09190748571428574],
[1651069800.0, 0.09229997142857145],
[1651156200.0, 0.09154094285714286],
[1651242600.0, 0.09181270000000001],
[1651329000.0, 0.0907156142857143],
[1651415400.0, 0.09087747142857146],
[1651501800.0, 0.0913938285714286],
[1651588200.0, 0.09153124285714286],
[1651674600.0, 0.08870704285714286],
[1651761000.0, 0.08766885714285715],
[1651847400.0, 0.08449550000000002],
[1651933800.0, 0.08438252857142858],
[1652020200.0, 0.08597824285714285],
[1652106600.0, 0.08652205714285714],
[1652193000.0, 0.0845101],
[1652279400.0, 0.08284208571428572],
[1652365800.0, 0.08493300000000001],
[1652452200.0, 0.08412101428571428],
[1652538600.0, 0.08574298571428572],
[1652625000.0, 0.08360518571428573],
[1652711400.0, 0.0840495],
[1652797800.0, 0.08419702857142859],
[1652884200.0, 0.08493300000000001],
[1652970600.0, 0.07879875714285714],
[1653057000.0, 0.08079747142857142],
[1653143400.0, 0.08149837142857143],
[1653229800.0, 0.07904247142857145],
[1653316200.0, 0.07897904285714286],
[1653402600.0, 0.07852380000000002],
[1653489000.0, 0.07881798571428573],
[1653575400.0, 0.07748585714285715],
[1653661800.0, 0.07747932857142857],
[1653748200.0, 0.07819598571428572],
[1653834600.0, 0.07842607142857143],
[1653921000.0, 0.07789078571428572],
[1654007400.0, 0.07828062857142858],
[1654093800.0, 0.07922567142857144],
[1654180200.0, 0.078697],
[1654266600.0, 0.07710191428571427],
[1654353000.0, 0.07669555714285715],
[1654439400.0, 0.07571234285714287],
[1654525800.0, 0.07661204285714288],
[1654612200.0, 0.07740284285714287],
[1654698600.0, 0.07638420000000001],
[1654785000.0, 0.07653494285714287],
[1654871400.0, 0.07753564285714286],
[1654957800.0, 0.07607478571428572],
[1655044200.0, 0.07622500000000001],
[1655130600.0, 0.07574378571428572],
[1655217000.0, 0.07595001428571428],
[1655303400.0, 0.07616287142857145],
[1655389800.0, 0.07502327142857144],
[1655476200.0, 0.0752747285714286],
[1655562600.0, 0.07576181428571428],
[1655649000.0, 0.07432948571428573],
[1655735400.0, 0.07399728571428572],
[1655821800.0, 0.07229954285714286],
[1655908200.0, 0.07337757142857142],
[1655994600.0, 0.07083864285714285],
[1656081000.0, 0.06747411428571429],
[1656167400.0, 0.06786048571428573],
[1656253800.0, 0.06685438571428572],
[1656340200.0, 0.06728318571428572],
[1656426600.0, 0.06644004285714286],
[1656513000.0, 0.06607365714285715],
[1656599400.0, 0.06754304285714287],
[1656685800.0, 0.0678107142857143],
[1656772200.0, 0.06985962857142858],
[1656858600.0, 0.06949337142857144],
[1656945000.0, 0.07346458571428571],
[1657031400.0, 0.07433880000000001],
[1657117800.0, 0.07267317142857144],
[1657204200.0, 0.07035552857142857],
[1657290600.0, 0.0771804142857143],
[1657377000.0, 0.07860545714285715],
[1657463400.0, 0.07915255714285714],
[1657549800.0, 0.07978415714285715],
[1657636200.0, 0.08041857142857144],
[1657722600.0, 0.08315177142857144],
[1657809000.0, 0.08270908571428572],
[1657895400.0, 0.08325665714285715],
[1657981800.0, 0.08431720000000001],
[1658068200.0, 0.08550102857142858],
[1658154600.0, 0.08597662857142858],
[1658241000.0, 0.09035662857142858],
[1658327400.0, 0.09089464285714285],
[1658413800.0, 0.08980412857142858],
[1658500200.0, 0.08796657142857144],
[1658586600.0, 0.0897009],
[1658673000.0, 0.08850345714285715],
[1658759400.0, 0.09016177142857144],
[1658845800.0, 0.08945877142857143],
[1658932200.0, 0.08894367142857143],
[1659018600.0, 0.0897072],
[1659105000.0, 0.08842155714285714],
[1659191400.0, 0.09001000000000002],
[1659277800.0, 0.08855704285714286],
[1659364200.0, 0.08952752857142857],
[1659450600.0, 0.08902044285714286],
[1659537000.0, 0.08929600000000001],
[1659623400.0, 0.0887771142857143],
[1659709800.0, 0.0891141285714286],
[1659796200.0, 0.08896854285714287],
[1659882600.0, 0.08872385714285715],
[1659969000.0, 0.09063055714285714],
[1660055400.0, 0.08931324285714289],
[1660141800.0, 0.08927432857142859],
[1660228200.0, 0.0909506142857143],
[1660314600.0, 0.0898941],
[1660401000.0, 0.0898941],
[1660487400.0, 0.0898941],
[1660573800.0, 0.0898941],
[1660660200.0, 0.09233945714285717],
[1660746600.0, 0.08942744285714287],
[1660833000.0, 0.0898380285714286],
[1660919400.0, 0.08966530000000002],
[1661005800.0, 0.08947657142857143],
[1661092200.0, 0.0891221142857143],
[1661178600.0, 0.08958348571428573],
[1661265000.0, 0.08913295714285716],
[1661351400.0, 0.09007761428571429],
[1661437800.0, 0.08930067142857144],
[1661524200.0, 0.09250378571428573],
[1661610600.0, 0.09040007142857143],
[1661697000.0, 0.0921842142857143],
[1661783400.0, 0.09218367142857144],
[1661869800.0, 0.0910799],
[1661956200.0, 0.09353851428571429],
[1662042600.0, 0.09417934285714288],
[1662129000.0, 0.09529825714285715],
[1662215400.0, 0.09316825714285716],
[1662301800.0, 0.0936029142857143],
[1662388200.0, 0.09395122857142858],
[1662474600.0, 0.0947975],
[1662561000.0, 0.09410458571428573],
[1662647400.0, 0.09443155714285714],
[1662733800.0, 0.09380608571428573],
[1662820200.0, 0.0958061],
[1662906600.0, 0.09616590000000001],
[1662993000.0, 0.09735615714285716],
[1663079400.0, 0.09538685714285718],
[1663165800.0, 0.09287114285714286],
[1663252200.0, 0.09457910000000003],
[1663338600.0, 0.09379464285714288],
[1663425000.0, 0.09357582857142857],
[1663511400.0, 0.0932501142857143],
[1663597800.0, 0.09052568571428574],
[1663684200.0, 0.09133464285714286],
[1663770600.0, 0.09102747142857144],
[1663857000.0, 0.09371120000000001],
[1663943400.0, 0.09118561428571428],
[1664029800.0, 0.09390995714285717],
[1664116200.0, 0.0943011285714286],
[1664202600.0, 0.09381467142857144],
[1664289000.0, 0.09087270000000001],
[1664375400.0, 0.08937978571428573],
[1664461800.0, 0.08807625714285716],
[1664548200.0, 0.0893372142857143],
[1664634600.0, 0.0876489142857143],
[1664717400.0, 0.08879597142857144],
[1664803800.0, 0.08910255714285716],
[1664890200.0, 0.0883422285714286],
[1664976600.0, 0.0904571],
[1665063000.0, 0.09146382857142858],
[1665149400.0, 0.09146382857142858],
[1665235800.0, 0.09049117142857144],
[1665322200.0, 0.0913192],
[1665408600.0, 0.09107008571428572],
[1665495000.0, 0.09031465714285715],
[1665581400.0, 0.0903451],
[1665667800.0, 0.08953904285714287],
[1665754200.0, 0.08823902857142858],
[1665840600.0, 0.09248441428571429],
[1665927000.0, 0.09254254285714288],
[1666013400.0, 0.09313160000000001],
[1666099800.0, 0.0937918142857143],
[1666186200.0, 0.09290838571428572],
[1666272600.0, 0.09552768571428571],
[1666359000.0, 0.09487265714285716],
[1666445400.0, 0.09011134285714285],
[1666531800.0, 0.09095700000000002],
[1666618200.0, 0.0897306142857143],
[1666704600.0, 0.09202405714285715],
[1666791000.0, 0.0898267142857143],
[1666877400.0, 0.08950962857142859],
[1666963800.0, 0.08997550000000001],
[1667050200.0, 0.08938218571428573],
[1667136600.0, 0.08875692857142857],
[1667223000.0, 0.08771908571428573],
[1667309400.0, 0.08853574285714286],
[1667395800.0, 0.0895845142857143],
[1667482200.0, 0.08962718571428571],
[1667568600.0, 0.08914082857142858],
[1667655000.0, 0.0903149],
[1667741400.0, 0.09246672857142858],
[1667827800.0, 0.08989337142857143],
[1667914200.0, 0.09110268571428573],
[1668000600.0, 0.09060635714285716],
[1668087000.0, 0.09211497142857146],
[1668173400.0, 0.09032302857142858],
[1668259800.0, 0.09161330000000002],
[1668346200.0, 0.09015767142857145],
[1668432600.0, 0.0909132285714286],
[1668519000.0, 0.09148218571428572],
[1668605400.0, 0.09264394285714286],
[1668691800.0, 0.09194519999999999],
[1668778200.0, 0.09282631428571429],
[1668864600.0, 0.09326945714285716],
[1668951000.0, 0.0925249857142857],
[1669037400.0, 0.09377495714285715],
[1669123800.0, 0.09105115714285716],
[1669210200.0, 0.08781622857142857],
[1669296600.0, 0.08667118571428574],
[1669383000.0, 0.08560411428571431],
[1669469400.0, 0.08589412857142856],
[1669555800.0, 0.08606632857142858],
[1669642200.0, 0.08443115714285716],
[1669728600.0, 0.08420881428571428],
[1669815000.0, 0.08602538571428572],
[1669901400.0, 0.08705377142857144],
[1669987800.0, 0.09055057142857144],
[1670074200.0, 0.0886005],
[1670160600.0, 0.0899632857142857],
[1670247000.0, 0.08971594285714286],
[1670333400.0, 0.09007177142857144],
[1670419800.0, 0.08986115714285714],
[1670506200.0, 0.08997317142857145],
[1670592600.0, 0.09216197142857144],
[1670679000.0, 0.08935938571428571],
[1670765400.0, 0.09290785714285714],
[1670851800.0, 0.0921167142857143],
[1670938200.0, 0.0934232],
[1671024600.0, 0.09068330000000001],
[1671111000.0, 0.09024258571428571],
[1671197400.0, 0.09045005714285716],
[1671283800.0, 0.09000362857142859],
[1671370200.0, 0.08968844285714285],
[1671456600.0, 0.09002114285714287],
[1671543000.0, 0.08898390000000002],
[1671629400.0, 0.08953384285714287],
[1671715800.0, 0.08870472857142857],
[1671802200.0, 0.08739204285714287],
[1671888600.0, 0.08636030000000001],
[1671975000.0, 0.08730622857142858],
[1672061400.0, 0.08653118571428572],
[1672147800.0, 0.08308571428571429],
[1672234200.0, 0.0824469],
[1672320600.0, 0.08150828571428571],
[1672407000.0, 0.07988777142857144],
[1672493400.0, 0.0792264],
[1672579800.0, 0.07892157142857144],
[1672666200.0, 0.07831265714285715],
[1672752600.0, 0.0789817142857143],
[1672839000.0, 0.07921940000000001],
[1672925400.0, 0.07849388571428571],
[1673011800.0, 0.08177770000000002],
[1673098200.0, 0.07966945714285714],
[1673184600.0, 0.08081597142857144],
[1673271000.0, 0.08129892857142858],
[1673357400.0, 0.08662911428571429],
[1673443800.0, 0.08569612857142858],
[1673530200.0, 0.08937102857142858],
[1673616600.0, 0.0903779142857143],
[1673703000.0, 0.09206702857142858],
[1673789400.0, 0.09066692857142858],
[1673875800.0, 0.09046887142857142],
[1673962200.0, 0.0915493142857143],
[1674048600.0, 0.09220225714285715],
[1674135000.0, 0.09304452857142857],
[1674221400.0, 0.09224117142857145],
[1674307800.0, 0.09214784285714286],
[1674394200.0, 0.09220802857142858],
[1674480600.0, 0.09275894285714288],
[1674567000.0, 0.09428632857142859],
[1674653400.0, 0.0956627],
[1674739800.0, 0.0954461],
[1674826200.0, 0.09929845714285715],
[1674912600.0, 0.09839975714285717],
[1674999000.0, 0.1001281142857143],
[1675085400.0, 0.09920528571428573],
[1675171800.0, 0.10235662857142858],
[1675258200.0, 0.1014650142857143],
[1675344600.0, 0.10331925714285714],
[1675431000.0, 0.10121458571428572],
[1675517400.0, 0.10298392857142857],
[1675603800.0, 0.10143785714285714],
[1675690200.0, 0.10200347142857144],
[1675776600.0, 0.10090012857142858],
[1675863000.0, 0.10090012857142858],
[1675949400.0, 0.10090012857142858],
