[1635773400.0, 0.113128],
[1635859800.0, 0.11968350000000001],
[1635946200.0, 0.11814566666666666],
[1636032600.0, 0.11716616666666667],
[1636119000.0, 0.11572633333333332],
[1636205400.0, 0.11705349999999999],
[1636291800.0, 0.11619266666666667],
[1636378200.0, 0.11654383333333335],
[1636464600.0, 0.11632483333333336],
[1636551000.0, 0.11198850000000003],
[1636637400.0, 0.11602583333333334],
[1636723800.0, 0.11531600000000002],
[1636810200.0, 0.1146085],
[1636896600.0, 0.110452],
[1636983000.0, 0.110938],
[1637069400.0, 0.11512983333333333],
[1637155800.0, 0.11537833333333332],
[1637242200.0, 0.11449916666666667],
[1637328600.0, 0.11373433333333333],
[1637415000.0, 0.11474133333333335],
[1637501400.0, 0.11749833333333333],
[1637587800.0, 0.11792633333333336],
[1637674200.0, 0.1173735],
[1637760600.0, 0.11296633333333334],
[1637847000.0, 0.11056049999999999],
[1637933400.0, 0.112703],
[1638019800.0, 0.11110933333333334],
[1638106200.0, 0.11078466666666668],
[1638192600.0, 0.10887666666666668],
[1638279000.0, 0.10771616666666665],
[1638365400.0, 0.10547266666666666],
[1638451800.0, 0.11022683333333333],
[1638538200.0, 0.10954033333333335],
[1638624600.0, 0.11093483333333336],
[1638711000.0, 0.11555283333333331],
[1638797400.0, 0.11581733333333333],
[1638883800.0, 0.12071766666666667],
[1638970200.0, 0.12166650000000001],
[1639056600.0, 0.119096],
[1639143000.0, 0.12004500000000001],
[1639229400.0, 0.11867516666666668],
[1639315800.0, 0.12093816666666668],
[1639402200.0, 0.12143566666666668],
[1639488600.0, 0.11954050000000001],
[1639575000.0, 0.12004750000000002],
[1639661400.0, 0.11647466666666667],
[1639747800.0, 0.11803416666666668],
[1639834200.0, 0.11969816666666666],
[1639920600.0, 0.12142216666666666],
[1640007000.0, 0.12140400000000001],
[1640093400.0, 0.12227916666666666],
[1640179800.0, 0.12049816666666667],
[1640266200.0, 0.12015450000000001],
[1640352600.0, 0.120477],
[1640439000.0, 0.12215633333333333],
[1640525400.0, 0.12092449999999999],
[1640611800.0, 0.12305166666666667],
[1640698200.0, 0.12287933333333333],
[1640784600.0, 0.12489349999999999],
[1640871000.0, 0.12493549999999999],
[1640957400.0, 0.1261825],
[1641043800.0, 0.12538233333333335],
[1641130200.0, 0.12752500000000003],
[1641216600.0, 0.1280446666666667],
[1641303000.0, 0.1294411666666667],
[1641389400.0, 0.13014900000000001],
[1641475800.0, 0.13183833333333334],
[1641562200.0, 0.1356956666666667],
[1641648600.0, 0.13595],
[1641735000.0, 0.13590766666666668],
[1641821400.0, 0.13859766666666667],
[1641907800.0, 0.14345100000000002],
[1641994200.0, 0.13801983333333337],
[1642080600.0, 0.13841050000000005],
[1642167000.0, 0.13922],
[1642253400.0, 0.1381811666666667],
[1642339800.0, 0.14315250000000002],
[1642426200.0, 0.144588],
[1642512600.0, 0.14110433333333333],
[1642599000.0, 0.140793],
[1642685400.0, 0.14311183333333333],
[1642771800.0, 0.14342316666666668],
[1642858200.0, 0.13999350000000002],
[1642944600.0, 0.14071200000000003],
[1643031000.0, 0.14025083333333335],
[1643117400.0, 0.13990833333333333],
[1643203800.0, 0.1381175],
[1643290200.0, 0.13804950000000002],
[1643376600.0, 0.13368016666666668],
[1643463000.0, 0.13289399999999998],
[1643549400.0, 0.12890216666666665],
[1643635800.0, 0.12890216666666665],
[1643722200.0, 0.12890216666666665],
[1643808600.0, 0.1298825],
[1643895000.0, 0.13105216666666666],
[1643981400.0, 0.13090233333333334],
[1644067800.0, 0.135509],
[1644154200.0, 0.13488350000000002],
[1644240600.0, 0.1336901666666667],
[1644327000.0, 0.132462],
[1644413400.0, 0.133446],
[1644499800.0, 0.13519616666666667],
[1644586200.0, 0.13649383333333334],
[1644672600.0, 0.13740400000000003],
[1644759000.0, 0.14226816666666667],
[1644845400.0, 0.13969733333333334],
[1644931800.0, 0.1448771666666667],
[1645018200.0, 0.14274983333333335],
[1645104600.0, 0.14199033333333336],
[1645191000.0, 0.14007050000000001],
[1645277400.0, 0.13912100000000002],
[1645363800.0, 0.14092349999999998],
[1645450200.0, 0.14417983333333334],
[1645536600.0, 0.14475516666666668],
[1645623000.0, 0.14398066666666667],
[1645709400.0, 0.14356733333333332],
[1645795800.0, 0.1404796666666667],
[1645882200.0, 0.14203716666666666],
[1645968600.0, 0.14124716666666667],
[1646055000.0, 0.14207850000000002],
[1646141400.0, 0.14278333333333335],
[1646227800.0, 0.1426975],
[1646314200.0, 0.1394425],
[1646400600.0, 0.13887766666666668],
[1646487000.0, 0.14037],
[1646573400.0, 0.141895],
[1646659800.0, 0.143655],
[1646746200.0, 0.136879],
[1646832600.0, 0.134841],
[1646919000.0, 0.13571033333333335],
[1647005400.0, 0.14267233333333332],
[1647091800.0, 0.14030666666666666],
[1647178200.0, 0.143628],
[1647264600.0, 0.14454883333333335],
[1647351000.0, 0.1458785],
[1647437400.0, 0.1436425],
[1647523800.0, 0.14358466666666667],
[1647610200.0, 0.147975],
[1647696600.0, 0.14721283333333332],
[1647783000.0, 0.14642666666666665],
[1647869400.0, 0.1449541666666667],
[1647955800.0, 0.14545866666666665],
[1648042200.0, 0.14295566666666668],
[1648128600.0, 0.14626199999999998],
[1648215000.0, 0.14643916666666665],
[1648301400.0, 0.14833516666666668],
[1648387800.0, 0.148277],
[1648474200.0, 0.14847966666666665],
[1648560600.0, 0.1475526666666667],
[1648647000.0, 0.14787633333333336],
[1648733400.0, 0.14945283333333334],
[1648819800.0, 0.15105849999999998],
[1648906200.0, 0.15207133333333336],
[1648996200.0, 0.15350450000000002],
[1649082600.0, 0.1592895],
[1649169000.0, 0.15977616666666666],
[1649255400.0, 0.15896583333333333],
[1649341800.0, 0.15831516666666667],
[1649428200.0, 0.15680850000000002],
[1649514600.0, 0.16197216666666667],
[1649601000.0, 0.15980433333333335],
[1649687400.0, 0.1583565],
[1649773800.0, 0.156203],
[1649860200.0, 0.15350266666666668],
[1649946600.0, 0.15297633333333335],
[1650033000.0, 0.15314883333333335],
[1650119400.0, 0.1553888333333333],
[1650205800.0, 0.15469133333333332],
[1650292200.0, 0.15637266666666666],
[1650378600.0, 0.15573416666666667],
[1650465000.0, 0.1560255],
[1650551400.0, 0.1560255],
[1650637800.0, 0.1560255],
[1650724200.0, 0.15694383333333334],
[1650810600.0, 0.15488866666666665],
[1650897000.0, 0.1550755],
[1650983400.0, 0.16152483333333334],
[1651069800.0, 0.1582125],
[1651156200.0, 0.15422716666666667],
[1651242600.0, 0.15730583333333334],
[1651329000.0, 0.15492533333333333],
[1651415400.0, 0.15819800000000003],
[1651501800.0, 0.15872516666666667],
[1651588200.0, 0.16143100000000002],
[1651674600.0, 0.14960849999999998],
[1651761000.0, 0.14712333333333333],
[1651847400.0, 0.1444055],
[1651933800.0, 0.14068883333333335],
[1652020200.0, 0.14834683333333332],
[1652106600.0, 0.13957833333333333],
[1652193000.0, 0.14314433333333335],
[1652279400.0, 0.137906],
[1652365800.0, 0.13978816666666666],
[1652452200.0, 0.14012116666666666],
[1652538600.0, 0.1401115],
[1652625000.0, 0.13975966666666664],
[1652711400.0, 0.13984833333333332],
[1652797800.0, 0.13935],
[1652884200.0, 0.13978816666666666],
[1652970600.0, 0.13711766666666667],
[1653057000.0, 0.13811666666666667],
[1653143400.0, 0.137738],
[1653229800.0, 0.13824983333333332],
[1653316200.0, 0.13956066666666664],
[1653402600.0, 0.13798483333333333],
[1653489000.0, 0.13888183333333334],
[1653575400.0, 0.13679249999999998],
[1653661800.0, 0.13794266666666669],
[1653748200.0, 0.13357083333333333],
[1653834600.0, 0.13479416666666666],
[1653921000.0, 0.1365535],
[1654007400.0, 0.137328],
[1654093800.0, 0.1430835],
[1654180200.0, 0.14405966666666667],
[1654266600.0, 0.13714216666666668],
[1654353000.0, 0.13516383333333332],
[1654439400.0, 0.13391733333333336],
[1654525800.0, 0.13402166666666668],
[1654612200.0, 0.13445200000000002],
[1654698600.0, 0.1338975],
[1654785000.0, 0.13374083333333334],
[1654871400.0, 0.13479633333333335],
[1654957800.0, 0.12881033333333333],
[1655044200.0, 0.13205183333333334],
[1655130600.0, 0.13055383333333334],
[1655217000.0, 0.12823583333333335],
[1655303400.0, 0.13057700000000003],
[1655389800.0, 0.12427200000000004],
[1655476200.0, 0.119919],
[1655562600.0, 0.12281883333333334],
[1655649000.0, 0.12003750000000002],
[1655735400.0, 0.1163705],
[1655821800.0, 0.11654133333333333],
[1655908200.0, 0.11557733333333332],
[1655994600.0, 0.11460933333333334],
[1656081000.0, 0.11174633333333332],
[1656167400.0, 0.10791766666666668],
[1656253800.0, 0.10790616666666668],
[1656340200.0, 0.10727183333333334],
[1656426600.0, 0.10499000000000001],
[1656513000.0, 0.10459733333333332],
[1656599400.0, 0.10544366666666666],
[1656685800.0, 0.10590533333333334],
[1656772200.0, 0.10729366666666666],
[1656858600.0, 0.1066265],
[1656945000.0, 0.10684850000000001],
[1657031400.0, 0.10674216666666668],
[1657117800.0, 0.10418100000000001],
[1657204200.0, 0.10558833333333334],
[1657290600.0, 0.10836466666666666],
[1657377000.0, 0.10934916666666665],
[1657463400.0, 0.11236566666666668],
[1657549800.0, 0.10979116666666666],
[1657636200.0, 0.10912883333333334],
[1657722600.0, 0.113535],
[1657809000.0, 0.11380783333333334],
[1657895400.0, 0.11821816666666667],
[1657981800.0, 0.11671116666666666],
[1658068200.0, 0.11646716666666668],
[1658154600.0, 0.11599966666666667],
[1658241000.0, 0.11979000000000002],
[1658327400.0, 0.11831433333333334],
[1658413800.0, 0.119801],
[1658500200.0, 0.11694233333333336],
[1658586600.0, 0.11759933333333335],
[1658673000.0, 0.1197901666666667],
[1658759400.0, 0.11972666666666669],
[1658845800.0, 0.12643966666666667],
[1658932200.0, 0.12180283333333335],
[1659018600.0, 0.12537283333333335],
[1659105000.0, 0.12376533333333335],
[1659191400.0, 0.12241583333333335],
[1659277800.0, 0.12528783333333335],
[1659364200.0, 0.12578283333333334],
[1659450600.0, 0.12426650000000002],
[1659537000.0, 0.12465149999999998],
[1659623400.0, 0.12252166666666665],
[1659709800.0, 0.12673916666666668],
[1659796200.0, 0.12630883333333334],
[1659882600.0, 0.1279456666666667],
[1659969000.0, 0.12955583333333334],
[1660055400.0, 0.12679783333333333],
[1660141800.0, 0.12621933333333335],
[1660228200.0, 0.13285383333333334],
[1660314600.0, 0.13226283333333336],
[1660401000.0, 0.13226283333333336],
[1660487400.0, 0.13226283333333336],
[1660573800.0, 0.13226283333333336],
[1660660200.0, 0.13937466666666667],
[1660746600.0, 0.13188083333333334],
[1660833000.0, 0.134845],
[1660919400.0, 0.13477566666666668],
[1661005800.0, 0.13679316666666666],
[1661092200.0, 0.13504516666666666],
[1661178600.0, 0.13504016666666668],
[1661265000.0, 0.13258883333333335],
[1661351400.0, 0.1369815],
[1661437800.0, 0.132747],
[1661524200.0, 0.13539416666666668],
[1661610600.0, 0.135382],
[1661697000.0, 0.13691466666666668],
[1661783400.0, 0.13953233333333334],
[1661869800.0, 0.138847],
[1661956200.0, 0.13602916666666667],
[1662042600.0, 0.13676850000000002],
[1662129000.0, 0.13725066666666666],
[1662215400.0, 0.138345],
[1662301800.0, 0.13909166666666667],
[1662388200.0, 0.13803783333333336],
[1662474600.0, 0.1381186666666667],
[1662561000.0, 0.13464483333333332],
[1662647400.0, 0.13258533333333333],
[1662733800.0, 0.13335650000000002],
[1662820200.0, 0.13400383333333332],
[1662906600.0, 0.1343593333333333],
[1662993000.0, 0.13329183333333333],
[1663079400.0, 0.13607333333333332],
[1663165800.0, 0.13164183333333335],
[1663252200.0, 0.1322306666666667],
[1663338600.0, 0.13262600000000002],
[1663425000.0, 0.13017766666666666],
[1663511400.0, 0.13017666666666666],
[1663597800.0, 0.129636],
[1663684200.0, 0.12953283333333335],
[1663770600.0, 0.12832066666666667],
[1663857000.0, 0.1279046666666667],
[1663943400.0, 0.12832416666666666],
[1664029800.0, 0.1323951666666667],
[1664116200.0, 0.13062433333333334],
[1664202600.0, 0.13127183333333334],
[1664289000.0, 0.12964183333333335],
[1664375400.0, 0.13080183333333334],
[1664461800.0, 0.1279775],
[1664548200.0, 0.12617683333333332],
[1664634600.0, 0.12933050000000004],
[1664717400.0, 0.1319921666666667],
[1664803800.0, 0.13248600000000002],
[1664890200.0, 0.13649566666666668],
[1664976600.0, 0.13507650000000002],
[1665063000.0, 0.13464533333333334],
[1665149400.0, 0.13847266666666666],
[1665235800.0, 0.139426],
[1665322200.0, 0.14046833333333333],
[1665408600.0, 0.14202383333333335],
[1665495000.0, 0.1420255],
[1665581400.0, 0.1371875],
[1665667800.0, 0.1400296666666667],
[1665754200.0, 0.13721566666666665],
[1665840600.0, 0.14015533333333333],
[1665927000.0, 0.14088833333333334],
[1666013400.0, 0.14105683333333333],
[1666099800.0, 0.14133766666666667],
[1666186200.0, 0.1405455],
[1666272600.0, 0.14116233333333333],
[1666359000.0, 0.13846316666666666],
[1666445400.0, 0.13494433333333336],
[1666531800.0, 0.1368475],
[1666618200.0, 0.13324483333333334],
[1666704600.0, 0.13305016666666666],
[1666791000.0, 0.13330333333333333],
[1666877400.0, 0.13004916666666666],
[1666963800.0, 0.12898883333333336],
[1667050200.0, 0.12956716666666668],
[1667136600.0, 0.1310606666666667],
[1667223000.0, 0.13096966666666668],
[1667309400.0, 0.13067683333333338],
[1667395800.0, 0.13210083333333333],
[1667482200.0, 0.133221],
[1667568600.0, 0.132806],
[1667655000.0, 0.13721733333333333],
[1667741400.0, 0.13838066666666668],
[1667827800.0, 0.14089966666666667],
[1667914200.0, 0.14087016666666666],
[1668000600.0, 0.13748016666666665],
[1668087000.0, 0.13972466666666666],
[1668173400.0, 0.140573],
[1668259800.0, 0.14206833333333335],
[1668346200.0, 0.1413895],
[1668432600.0, 0.14078883333333336],
[1668519000.0, 0.14080499999999999],
[1668605400.0, 0.14100666666666667],
[1668691800.0, 0.14021483333333332],
[1668778200.0, 0.13850683333333333],
[1668864600.0, 0.13758466666666666],
[1668951000.0, 0.135811],
[1669037400.0, 0.13615033333333335],
[1669123800.0, 0.13518349999999998],
[1669210200.0, 0.126359],
[1669296600.0, 0.12158466666666666],
[1669383000.0, 0.11888116666666666],
[1669469400.0, 0.1160735],
[1669555800.0, 0.11518783333333332],
[1669642200.0, 0.1147685],
[1669728600.0, 0.11522633333333333],
[1669815000.0, 0.11772183333333334],
[1669901400.0, 0.1193805],
[1669987800.0, 0.12227233333333336],
[1670074200.0, 0.12087133333333334],
[1670160600.0, 0.12180966666666669],
[1670247000.0, 0.12303783333333333],
[1670333400.0, 0.12327616666666667],
[1670419800.0, 0.12388683333333332],
[1670506200.0, 0.12494966666666668],
[1670592600.0, 0.123685],
[1670679000.0, 0.1259685],
[1670765400.0, 0.12277983333333335],
[1670851800.0, 0.12361633333333337],
[1670938200.0, 0.12292116666666668],
[1671024600.0, 0.12259983333333335],
[1671111000.0, 0.11904216666666667],
[1671197400.0, 0.11952416666666665],
[1671283800.0, 0.11937583333333333],
[1671370200.0, 0.12079050000000002],
[1671456600.0, 0.12477700000000001],
[1671543000.0, 0.12132783333333334],
[1671629400.0, 0.12167166666666668],
[1671715800.0, 0.11936583333333334],
[1671802200.0, 0.11071716666666666],
[1671888600.0, 0.1109195],
[1671975000.0, 0.11090599999999999],
[1672061400.0, 0.11163100000000002],
[1672147800.0, 0.11340366666666668],
[1672234200.0, 0.10946100000000002],
[1672320600.0, 0.11064250000000002],
[1672407000.0, 0.10969000000000002],
[1672493400.0, 0.11086033333333334],
[1672579800.0, 0.1092135],
[1672666200.0, 0.10835700000000002],
[1672752600.0, 0.109043],
[1672839000.0, 0.10843166666666666],
[1672925400.0, 0.10486799999999998],
[1673011800.0, 0.11020400000000001],
[1673098200.0, 0.11225016666666669],
[1673184600.0, 0.110828],
[1673271000.0, 0.11200699999999998],
[1673357400.0, 0.11381666666666666],
[1673443800.0, 0.11448733333333333],
[1673530200.0, 0.11793733333333332],
[1673616600.0, 0.11980166666666668],
[1673703000.0, 0.11858833333333335],
[1673789400.0, 0.11898466666666667],
[1673875800.0, 0.12055133333333334],
[1673962200.0, 0.12140483333333335],
[1674048600.0, 0.12258616666666666],
[1674135000.0, 0.12250733333333334],
[1674221400.0, 0.12515033333333334],
[1674307800.0, 0.12459533333333334],
[1674394200.0, 0.12480366666666665],
[1674480600.0, 0.12408800000000002],
[1674567000.0, 0.12516233333333335],
[1674653400.0, 0.12363966666666669],
[1674739800.0, 0.12291316666666668],
[1674826200.0, 0.12599966666666665],
[1674912600.0, 0.12846716666666666],
[1674999000.0, 0.12947966666666666],
[1675085400.0, 0.13088983333333334],
[1675171800.0, 0.13236066666666665],
[1675258200.0, 0.13202433333333335],
[1675344600.0, 0.13312116666666665],
[1675431000.0, 0.13248600000000002],
[1675517400.0, 0.13237583333333333],
[1675603800.0, 0.13370966666666667],
[1675690200.0, 0.13207899999999997],
[1675776600.0, 0.13190583333333333],
[1675863000.0, 0.13190583333333333],
[1675949400.0, 0.13190583333333333],
