[1635773400.0, 0.6888888888888889],
[1635859800.0, 0.6855555555555557],
[1635946200.0, 0.7122222222222223],
[1636032600.0, 0.6877777777777778],
[1636119000.0, 0.731111111111111],
[1636205400.0, 0.7177777777777776],
[1636291800.0, 0.6777777777777777],
[1636378200.0, 0.6788888888888889],
[1636464600.0, 0.7477777777777778],
[1636551000.0, 0.6744444444444446],
[1636637400.0, 0.6900000000000001],
[1636723800.0, 0.6955555555555556],
[1636810200.0, 0.6888888888888888],
[1636896600.0, 0.7855555555555557],
[1636983000.0, 0.778888888888889],
[1637069400.0, 0.7811111111111111],
[1637155800.0, 0.7666666666666667],
[1637242200.0, 0.741111111111111],
[1637328600.0, 0.7755555555555556],
[1637415000.0, 0.7722222222222223],
[1637501400.0, 0.7922222222222222],
[1637587800.0, 0.7977777777777778],
[1637674200.0, 0.7855555555555553],
[1637760600.0, 0.7844444444444445],
[1637847000.0, 0.8122222222222223],
[1637933400.0, 0.8144444444444444],
[1638019800.0, 0.798888888888889],
[1638106200.0, 0.7744444444444444],
[1638192600.0, 0.668888888888889],
[1638279000.0, 0.2544444444444445],
[1638365400.0, 0.1877777777777778],
[1638451800.0, 0.20555555555555555],
[1638538200.0, 0.18999999999999997],
[1638624600.0, 0.19555555555555554],
[1638711000.0, 0.2011111111111111],
[1638797400.0, 0.2033333333333333],
[1638883800.0, 0.20777777777777776],
[1638970200.0, 0.20222222222222222],
[1639056600.0, 0.1988888888888889],
[1639143000.0, 0.20777777777777778],
[1639229400.0, 0.21],
[1639315800.0, 0.20666666666666667],
[1639402200.0, 0.19666666666666666],
[1639488600.0, 0.20666666666666667],
[1639575000.0, 0.19222222222222224],
[1639661400.0, 0.19000000000000003],
[1639747800.0, 0.19000000000000003],
[1639834200.0, 0.19333333333333333],
[1639920600.0, 0.19444444444444445],
[1640007000.0, 0.1988888888888889],
[1640093400.0, 0.1888888888888889],
[1640179800.0, 0.18444444444444447],
[1640266200.0, 0.18666666666666668],
[1640352600.0, 0.1733333333333334],
[1640439000.0, 0.17444444444444449],
[1640525400.0, 0.17],
[1640611800.0, 0.1644444444444445],
[1640698200.0, 0.1766666666666667],
[1640784600.0, 0.1755555555555556],
[1640871000.0, 0.1722222222222222],
[1640957400.0, 0.17222222222222225],
[1641043800.0, 0.17444444444444446],
[1641130200.0, 0.17555555555555558],
[1641216600.0, 0.17333333333333337],
[1641303000.0, 0.17000000000000004],
[1641389400.0, 0.16777777777777783],
[1641475800.0, 0.1733333333333333],
[1641562200.0, 0.1777777777777778],
[1641648600.0, 0.17111111111111113],
[1641735000.0, 0.17],
[1641821400.0, 0.17000000000000004],
[1641907800.0, 0.17777777777777778],
[1641994200.0, 0.17111111111111113],
[1642080600.0, 0.17],
[1642167000.0, 0.1711111111111111],
[1642253400.0, 0.17],
[1642339800.0, 0.17444444444444446],
[1642426200.0, 0.17333333333333337],
[1642512600.0, 0.2166666666666667],
[1642599000.0, 0.23333333333333334],
[1642685400.0, 0.22777777777777775],
[1642771800.0, 0.23444444444444443],
[1642858200.0, 0.24333333333333332],
[1642944600.0, 0.2466666666666667],
[1643031000.0, 0.2366666666666667],
[1643117400.0, 0.2411111111111111],
[1643203800.0, 0.25666666666666665],
[1643290200.0, 0.2544444444444445],
[1643376600.0, 0.2833333333333334],
[1643463000.0, 0.2677777777777778],
[1643549400.0, 0.2688888888888889],
[1643635800.0, 0.2688888888888889],
[1643722200.0, 0.2688888888888889],
[1643808600.0, 0.27888888888888885],
[1643895000.0, 0.27444444444444444],
[1643981400.0, 0.2733333333333333],
[1644067800.0, 0.28],
[1644154200.0, 0.27888888888888885],
[1644240600.0, 0.3022222222222222],
[1644327000.0, 0.29888888888888887],
[1644413400.0, 0.2788888888888889],
[1644499800.0, 0.2766666666666666],
[1644586200.0, 0.28666666666666674],
[1644672600.0, 0.3211111111111111],
[1644759000.0, 0.33222222222222225],
[1644845400.0, 0.32222222222222224],
[1644931800.0, 0.33888888888888885],
[1645018200.0, 0.35777777777777775],
[1645104600.0, 0.37333333333333335],
[1645191000.0, 0.3766666666666667],
[1645277400.0, 0.4222222222222223],
[1645363800.0, 0.41333333333333333],
[1645450200.0, 0.4177777777777777],
[1645536600.0, 0.4633333333333333],
[1645623000.0, 0.46888888888888897],
[1645709400.0, 0.4566666666666667],
[1645795800.0, 0.44111111111111106],
[1645882200.0, 0.42444444444444446],
[1645968600.0, 0.42333333333333334],
[1646055000.0, 0.41888888888888887],
[1646141400.0, 0.3744444444444444],
[1646227800.0, 0.34555555555555556],
[1646314200.0, 0.3422222222222222],
[1646400600.0, 0.3400000000000001],
[1646487000.0, 0.34888888888888897],
[1646573400.0, 0.3544444444444445],
[1646659800.0, 0.3600000000000001],
[1646746200.0, 0.3122222222222223],
[1646832600.0, 0.3011111111111111],
[1646919000.0, 0.3022222222222222],
[1647005400.0, 0.3277777777777778],
[1647091800.0, 0.3344444444444445],
[1647178200.0, 0.32666666666666666],
[1647264600.0, 0.3344444444444445],
[1647351000.0, 0.3377777777777778],
[1647437400.0, 0.3455555555555556],
[1647523800.0, 0.36333333333333334],
[1647610200.0, 0.3533333333333333],
[1647696600.0, 0.35444444444444445],
[1647783000.0, 0.3611111111111111],
[1647869400.0, 0.3633333333333334],
[1647955800.0, 0.37111111111111117],
[1648042200.0, 0.3777777777777779],
[1648128600.0, 0.3733333333333334],
[1648215000.0, 0.3766666666666667],
[1648301400.0, 0.3777777777777779],
[1648387800.0, 0.38222222222222224],
[1648474200.0, 0.38666666666666677],
[1648560600.0, 0.388888888888889],
[1648647000.0, 0.3966666666666667],
[1648733400.0, 0.44777777777777783],
[1648819800.0, 0.45444444444444454],
[1648906200.0, 0.47333333333333333],
[1648996200.0, 0.48777777777777787],
[1649082600.0, 0.4922222222222223],
[1649169000.0, 0.4977777777777777],
[1649255400.0, 0.47000000000000003],
[1649341800.0, 0.4799999999999999],
[1649428200.0, 0.48444444444444446],
[1649514600.0, 0.47111111111111115],
[1649601000.0, 0.4655555555555556],
[1649687400.0, 0.4566666666666667],
[1649773800.0, 0.45333333333333337],
[1649860200.0, 0.44555555555555554],
[1649946600.0, 0.4511111111111111],
[1650033000.0, 0.44777777777777783],
[1650119400.0, 0.4655555555555556],
[1650205800.0, 0.4555555555555556],
[1650292200.0, 0.4655555555555556],
[1650378600.0, 0.4755555555555555],
[1650465000.0, 0.48777777777777775],
[1650551400.0, 0.48777777777777775],
[1650637800.0, 0.48777777777777775],
[1650724200.0, 0.4633333333333333],
[1650810600.0, 0.4911111111111111],
[1650897000.0, 0.4588888888888889],
[1650983400.0, 0.5022222222222222],
[1651069800.0, 0.49222222222222217],
[1651156200.0, 0.5144444444444444],
[1651242600.0, 0.48000000000000004],
[1651329000.0, 0.4833333333333333],
[1651415400.0, 0.5144444444444445],
[1651501800.0, 0.4977777777777777],
[1651588200.0, 0.4811111111111111],
[1651674600.0, 0.6566666666666667],
[1651761000.0, 0.6866666666666666],
[1651847400.0, 0.7933333333333334],
[1651933800.0, 0.8111111111111112],
[1652020200.0, 0.8677777777777779],
[1652106600.0, 0.8211111111111111],
[1652193000.0, 0.8255555555555556],
[1652279400.0, 0.81],
[1652365800.0, 0.778888888888889],
[1652452200.0, 0.831111111111111],
[1652538600.0, 0.8377777777777777],
[1652625000.0, 0.8177777777777777],
[1652711400.0, 0.8033333333333332],
[1652797800.0, 0.8088888888888888],
[1652884200.0, 0.7544444444444446],
[1652970600.0, 0.7177777777777777],
[1653057000.0, 0.7766666666666667],
[1653143400.0, 0.8088888888888888],
[1653229800.0, 0.7855555555555556],
[1653316200.0, 0.7744444444444445],
[1653402600.0, 0.7355555555555556],
[1653489000.0, 0.7233333333333334],
[1653575400.0, 0.7011111111111111],
[1653661800.0, 0.6844444444444444],
[1653748200.0, 0.6844444444444444],
[1653834600.0, 0.6988888888888889],
[1653921000.0, 0.6633333333333332],
[1654007400.0, 0.6711111111111111],
[1654093800.0, 0.6755555555555558],
[1654180200.0, 0.6722222222222223],
[1654266600.0, 0.63],
[1654353000.0, 0.6255555555555554],
[1654439400.0, 0.6622222222222223],
[1654525800.0, 0.6022222222222223],
[1654612200.0, 0.6622222222222223],
[1654698600.0, 0.63],
[1654785000.0, 0.6322222222222222],
[1654871400.0, 0.607777777777778],
[1654957800.0, 0.6344444444444446],
[1655044200.0, 0.6544444444444444],
[1655130600.0, 0.6433333333333332],
[1655217000.0, 0.6066666666666668],
[1655303400.0, 0.5988888888888889],
[1655389800.0, 0.6122222222222222],
[1655476200.0, 0.6455555555555557],
[1655562600.0, 0.6566666666666667],
[1655649000.0, 0.6133333333333334],
[1655735400.0, 0.63],
[1655821800.0, 0.6444444444444444],
[1655908200.0, 0.6411111111111112],
[1655994600.0, 0.6322222222222222],
[1656081000.0, 0.6211111111111111],
[1656167400.0, 0.6388888888888888],
[1656253800.0, 0.6433333333333333],
[1656340200.0, 0.6811111111111112],
[1656426600.0, 0.6511111111111112],
[1656513000.0, 0.6222222222222222],
[1656599400.0, 0.6800000000000002],
[1656685800.0, 0.6788888888888889],
[1656772200.0, 0.6855555555555556],
[1656858600.0, 0.672222222222222],
[1656945000.0, 0.6599999999999999],
[1657031400.0, 0.6833333333333333],
[1657117800.0, 0.6577777777777777],
[1657204200.0, 0.6688888888888891],
[1657290600.0, 0.7033333333333334],
[1657377000.0, 0.7211111111111111],
[1657463400.0, 0.7055555555555556],
[1657549800.0, 0.7311111111111112],
[1657636200.0, 0.7444444444444445],
[1657722600.0, 0.7500000000000001],
[1657809000.0, 0.7666666666666668],
[1657895400.0, 0.7666666666666667],
[1657981800.0, 0.7922222222222223],
[1658068200.0, 0.7977777777777777],
[1658154600.0, 0.8022222222222222],
[1658241000.0, 0.7911111111111111],
[1658327400.0, 0.7911111111111111],
[1658413800.0, 0.8133333333333334],
[1658500200.0, 0.7955555555555555],
[1658586600.0, 0.8011111111111111],
[1658673000.0, 0.8],
[1658759400.0, 0.8544444444444445],
[1658845800.0, 0.9577777777777778],
[1658932200.0, 0.8166666666666668],
[1659018600.0, 0.8422222222222222],
[1659105000.0, 0.8877777777777778],
[1659191400.0, 0.8766666666666667],
[1659277800.0, 0.8500000000000001],
[1659364200.0, 0.8911111111111111],
[1659450600.0, 0.8922222222222224],
[1659537000.0, 0.9122222222222223],
[1659623400.0, 0.8855555555555555],
[1659709800.0, 0.9266666666666669],
[1659796200.0, 0.6977777777777778],
[1659882600.0, 0.7844444444444446],
[1659969000.0, 0.85],
[1660055400.0, 0.8177777777777777],
[1660141800.0, 0.8399999999999999],
[1660228200.0, 0.8222222222222223],
[1660314600.0, 0.831111111111111],
[1660401000.0, 0.831111111111111],
[1660487400.0, 0.831111111111111],
[1660573800.0, 0.831111111111111],
[1660660200.0, 0.8800000000000001],
[1660746600.0, 0.8244444444444446],
[1660833000.0, 0.8533333333333333],
[1660919400.0, 0.8733333333333333],
[1661005800.0, 0.8322222222222222],
[1661092200.0, 0.8477777777777779],
[1661178600.0, 0.8711111111111111],
[1661265000.0, 0.8555555555555556],
[1661351400.0, 0.85],
[1661437800.0, 0.838888888888889],
[1661524200.0, 0.8366666666666667],
[1661610600.0, 0.8933333333333332],
[1661697000.0, 0.8244444444444445],
[1661783400.0, 0.8866666666666667],
[1661869800.0, 0.818888888888889],
[1661956200.0, 0.8655555555555556],
[1662042600.0, 0.8344444444444445],
[1662129000.0, 0.8122222222222223],
[1662215400.0, 0.8300000000000001],
[1662301800.0, 0.8511111111111113],
[1662388200.0, 0.8355555555555557],
[1662474600.0, 0.8433333333333334],
[1662561000.0, 0.7822222222222223],
[1662647400.0, 0.8133333333333332],
[1662733800.0, 0.8244444444444445],
[1662820200.0, 0.78],
[1662906600.0, 0.8233333333333334],
[1662993000.0, 0.85],
[1663079400.0, 0.831111111111111],
[1663165800.0, 0.7388888888888889],
[1663252200.0, 0.8333333333333335],
[1663338600.0, 0.8188888888888889],
[1663425000.0, 0.8877777777777778],
[1663511400.0, 0.8811111111111112],
[1663597800.0, 0.8788888888888889],
[1663684200.0, 0.9133333333333334],
[1663770600.0, 0.9244444444444445],
[1663857000.0, 0.9488888888888892],
[1663943400.0, 0.9133333333333332],
[1664029800.0, 0.9522222222222223],
[1664116200.0, 0.9322222222222223],
[1664202600.0, 0.8422222222222223],
[1664289000.0, 0.8911111111111113],
[1664375400.0, 0.9166666666666669],
[1664461800.0, 0.8911111111111111],
[1664548200.0, 0.9000000000000001],
[1664634600.0, 0.8822222222222224],
[1664717400.0, 0.8766666666666667],
[1664803800.0, 0.8722222222222222],
[1664890200.0, 0.9277777777777777],
[1664976600.0, 0.9211111111111112],
[1665063000.0, 0.9088888888888889],
[1665149400.0, 0.9266666666666669],
[1665235800.0, 0.9322222222222221],
[1665322200.0, 0.9099999999999999],
[1665408600.0, 0.9466666666666667],
[1665495000.0, 0.9922222222222223],
[1665581400.0, 0.9344444444444444],
[1665667800.0, 1.001111111111111],
[1665754200.0, 0.958888888888889],
[1665840600.0, 0.9799999999999999],
[1665927000.0, 1.018888888888889],
[1666013400.0, 1.0222222222222224],
[1666099800.0, 0.907777777777778],
[1666186200.0, 0.9933333333333335],
[1666272600.0, 1.0344444444444445],
[1666359000.0, 1.057777777777778],
[1666445400.0, 1.23],
[1666531800.0, 1.1488888888888888],
[1666618200.0, 1.2344444444444445],
[1666704600.0, 1.2022222222222223],
[1666791000.0, 1.2422222222222223],
[1666877400.0, 1.2833333333333332],
[1666963800.0, 1.2577777777777779],
[1667050200.0, 1.2333333333333334],
[1667136600.0, 1.1844444444444442],
[1667223000.0, 1.2666666666666666],
[1667309400.0, 1.2444444444444445],
[1667395800.0, 1.2411111111111113],
[1667482200.0, 1.2966666666666666],
[1667568600.0, 1.5855555555555556],
[1667655000.0, 1.5333333333333334],
[1667741400.0, 1.7155555555555557],
[1667827800.0, 1.7366666666666666],
[1667914200.0, 1.7355555555555555],
[1668000600.0, 1.7677777777777777],
[1668087000.0, 1.79],
[1668173400.0, 1.6600000000000004],
[1668259800.0, 1.5844444444444448],
[1668346200.0, 1.57],
[1668432600.0, 1.6177777777777775],
[1668519000.0, 1.4933333333333334],
[1668605400.0, 1.5422222222222226],
[1668691800.0, 1.588888888888889],
[1668778200.0, 1.5133333333333332],
[1668864600.0, 1.5211111111111113],
[1668951000.0, 1.5066666666666668],
[1669037400.0, 1.3955555555555557],
[1669123800.0, 1.4577777777777776],
[1669210200.0, 1.228888888888889],
[1669296600.0, 1.3022222222222222],
[1669383000.0, 1.208888888888889],
[1669469400.0, 1.19],
[1669555800.0, 1.2211111111111113],
[1669642200.0, 1.2122222222222223],
[1669728600.0, 1.242222222222222],
[1669815000.0, 1.3822222222222225],
[1669901400.0, 1.3544444444444443],
[1669987800.0, 1.2922222222222222],
[1670074200.0, 1.251111111111111],
[1670160600.0, 1.3199999999999998],
[1670247000.0, 1.3511111111111112],
[1670333400.0, 1.0633333333333335],
[1670419800.0, 1.3455555555555554],
[1670506200.0, 1.3922222222222222],
[1670592600.0, 1.4555555555555555],
[1670679000.0, 1.4255555555555557],
[1670765400.0, 1.5155555555555558],
[1670851800.0, 1.1277777777777778],
[1670938200.0, 1.49],
[1671024600.0, 1.461111111111111],
[1671111000.0, 1.4977777777777779],
[1671197400.0, 1.5000000000000002],
[1671283800.0, 1.5533333333333335],
[1671370200.0, 1.7366666666666668],
[1671456600.0, 1.741111111111111],
[1671543000.0, 1.7833333333333334],
[1671629400.0, 1.8399999999999999],
[1671715800.0, 1.7333333333333334],
[1671802200.0, 1.8077777777777777],
[1671888600.0, 1.6022222222222222],
[1671975000.0, 1.6877777777777778],
[1672061400.0, 1.6955555555555557],
[1672147800.0, 1.6711111111111112],
[1672234200.0, 1.7022222222222223],
[1672320600.0, 1.6722222222222223],
[1672407000.0, 1.6566666666666665],
[1672493400.0, 1.6522222222222223],
[1672579800.0, 1.6911111111111112],
[1672666200.0, 1.7000000000000002],
[1672752600.0, 1.637777777777778],
[1672839000.0, 1.482222222222222],
[1672925400.0, 1.7188888888888894],
[1673011800.0, 1.8000000000000003],
[1673098200.0, 1.7611111111111113],
[1673184600.0, 1.8100000000000003],
[1673271000.0, 1.9488888888888891],
[1673357400.0, 1.8111111111111111],
[1673443800.0, 1.842222222222222],
[1673530200.0, 1.7755555555555556],
[1673616600.0, 1.8755555555555554],
[1673703000.0, 1.9733333333333332],
[1673789400.0, 1.9299999999999997],
[1673875800.0, 1.96],
[1673962200.0, 1.931111111111111],
[1674048600.0, 2.0844444444444448],
[1674135000.0, 2.108888888888889],
[1674221400.0, 2.1144444444444446],
[1674307800.0, 1.9911111111111113],
[1674394200.0, 2.0400000000000005],
[1674480600.0, 1.9944444444444447],
[1674567000.0, 2.0511111111111116],
[1674653400.0, 1.9777777777777783],
[1674739800.0, 2.0455555555555556],
[1674826200.0, 1.9788888888888887],
[1674912600.0, 2.128888888888889],
[1674999000.0, 1.6122222222222222],
[1675085400.0, 1.8277777777777777],
[1675171800.0, 2.082222222222222],
[1675258200.0, 2.228888888888889],
[1675344600.0, 2.214444444444444],
[1675431000.0, 2.141111111111111],
[1675517400.0, 2.2433333333333336],
[1675603800.0, 2.1677777777777774],
[1675690200.0, 2.3477777777777775],
[1675776600.0, 2.1933333333333334],
[1675863000.0, 2.1933333333333334],
[1675949400.0, 2.1933333333333334],
