[1598970600.0, 0.44756742567067986],
[1599057000.0, 0.44756742567067986],
[1599143400.0, 0.44756742567067986],
[1599229800.0, 0.44756742567067986],
[1599316200.0, 0.44756742567067986],
[1599402600.0, 0.44756742567067986],
[1599489000.0, 0.44756742567067986],
[1599575400.0, 0.44756742567067986],
[1599661800.0, 0.44756742567067986],
[1599748200.0, 0.44756742567067986],
[1599834600.0, 0.44756742567067986],
[1599921000.0, 0.44756742567067986],
[1600007400.0, 0.44756742567067986],
[1600093800.0, 0.44756742567067986],
[1600180200.0, 0.44756742567067986],
[1600266600.0, 0.44756742567067986],
[1600353000.0, 0.44756742567067986],
[1600439400.0, 0.44756742567067986],
[1600525800.0, 0.44756742567067986],
[1600612200.0, 0.44756742567067986],
[1600698600.0, 0.44756742567067986],
[1600785000.0, 0.44756742567067986],
[1600871400.0, 0.44756742567067986],
[1600957800.0, 0.44756742567067986],
[1601044200.0, 0.44756742567067986],
[1601130600.0, 0.44756742567067986],
[1601217000.0, 0.44756742567067986],
[1601303400.0, 0.44756742567067986],
[1601389800.0, 0.44756742567067986],
[1601476200.0, 0.44756742567067986],
[1601562600.0, 0.44756742567067986],
[1601649000.0, 0.44756742567067986],
[1601735400.0, 0.44756742567067986],
[1601818200.0, 0.44756742567067986],
[1601904600.0, 0.44756742567067986],
[1601991000.0, 0.44756742567067986],
[1602077400.0, 0.44756742567067986],
[1602163800.0, 0.44756742567067986],
[1602250200.0, 0.44756742567067986],
[1602336600.0, 0.44756742567067986],
[1602423000.0, 0.44756742567067986],
[1602509400.0, 0.44756742567067986],
[1602595800.0, 0.44756742567067986],
[1602682200.0, 0.44756742567067986],
[1602768600.0, 0.44756742567067986],
[1602855000.0, 0.44756742567067986],
[1602941400.0, 0.44756742567067986],
[1603027800.0, 0.44756742567067986],
[1603114200.0, 0.44756742567067986],
[1603200600.0, 0.44756742567067986],
[1603287000.0, 0.44756742567067986],
[1603373400.0, 0.44756742567067986],
[1603459800.0, 0.44756742567067986],
[1603546200.0, 0.44756742567067986],
[1603632600.0, 0.44756742567067986],
[1603719000.0, 0.44756742567067986],
[1603805400.0, 0.44756742567067986],
[1603891800.0, 0.44756742567067986],
[1603978200.0, 0.44756742567067986],
[1604064600.0, 0.44756742567067986],
[1604151000.0, 0.44756742567067986],
[1604237400.0, 0.44756742567067986],
[1604323800.0, 0.44756742567067986],
[1604410200.0, 0.44756742567067986],
[1604496600.0, 0.44756742567067986],
[1604583000.0, 0.44756742567067986],
[1604669400.0, 0.44756742567067986],
[1604755800.0, 0.44756742567067986],
[1604842200.0, 0.44756742567067986],
[1604928600.0, 0.44756742567067986],
[1605015000.0, 0.44756742567067986],
[1605101400.0, 0.44756742567067986],
[1605187800.0, 0.44756742567067986],
[1605274200.0, 0.44756742567067986],
[1605360600.0, 0.44756742567067986],
[1605447000.0, 0.44756742567067986],
[1605533400.0, 0.44756742567067986],
[1605619800.0, 0.44756742567067986],
[1605706200.0, 0.44756742567067986],
[1605792600.0, 0.44756742567067986],
[1605879000.0, 0.44756742567067986],
[1605965400.0, 0.44756742567067986],
[1606051800.0, 0.44756742567067986],
[1606138200.0, 0.44756742567067986],
[1606224600.0, 0.44756742567067986],
[1606311000.0, 0.44756742567067986],
[1606397400.0, 0.44756742567067986],
[1606483800.0, 0.44756742567067986],
[1606570200.0, 0.44756742567067986],
[1606656600.0, 0.44756742567067986],
[1606743000.0, 0.44756742567067986],
[1606829400.0, 0.44756742567067986],
[1606915800.0, 0.44756742567067986],
[1607002200.0, 0.44756742567067986],
[1607088600.0, 0.44756742567067986],
[1607175000.0, 0.44756742567067986],
[1607261400.0, 0.44756742567067986],
[1607347800.0, 0.44756742567067986],
[1607434200.0, 0.44756742567067986],
[1607520600.0, 0.44756742567067986],
[1607607000.0, 0.44756742567067986],
[1607693400.0, 0.44756742567067986],
[1607779800.0, 0.44756742567067986],
[1607866200.0, 0.44756742567067986],
[1607952600.0, 0.44756742567067986],
[1608039000.0, 0.44756742567067986],
[1608125400.0, 0.44756742567067986],
[1608211800.0, 0.44756742567067986],
[1608298200.0, 0.44756742567067986],
[1608384600.0, 0.44756742567067986],
[1608471000.0, 0.44756742567067986],
[1608557400.0, 0.44756742567067986],
[1608643800.0, 0.44756742567067986],
[1608730200.0, 0.44756742567067986],
[1608816600.0, 0.44756742567067986],
[1608903000.0, 0.44756742567067986],
[1608989400.0, 0.44756742567067986],
[1609075800.0, 0.44756742567067986],
[1609162200.0, 0.44756742567067986],
[1609248600.0, 0.44756742567067986],
[1609335000.0, 0.44756742567067986],
[1609421400.0, 0.44756742567067986],
[1609507800.0, 0.44756742567067986],
[1609594200.0, 0.44756742567067986],
[1609680600.0, 0.44756742567067986],
[1609767000.0, 0.44756742567067986],
[1609853400.0, 0.44756742567067986],
[1609939800.0, 0.44756742567067986],
[1610026200.0, 0.44756742567067986],
[1610112600.0, 0.44756742567067986],
[1610199000.0, 0.44756742567067986],
[1610285400.0, 0.44756742567067986],
[1610371800.0, 0.44756742567067986],
[1610458200.0, 0.44756742567067986],
[1610544600.0, 0.44756742567067986],
[1610631000.0, 0.44756742567067986],
[1610717400.0, 0.44756742567067986],
[1610803800.0, 0.44756742567067986],
[1610890200.0, 0.44756742567067986],
[1610976600.0, 0.44756742567067986],
[1611063000.0, 0.44756742567067986],
[1611149400.0, 0.44756742567067986],
[1611235800.0, 0.44756742567067986],
[1611322200.0, 0.44756742567067986],
[1611408600.0, 0.44756742567067986],
[1611495000.0, 0.44756742567067986],
[1611581400.0, 0.44756742567067986],
[1611667800.0, 0.44756742567067986],
[1611754200.0, 0.44756742567067986],
[1611840600.0, 0.44756742567067986],
[1611927000.0, 0.44756742567067986],
[1612013400.0, 0.44756742567067986],
[1612099800.0, 0.44756742567067986],
[1612186200.0, 0.44756742567067986],
[1612272600.0, 0.44756742567067986],
[1612359000.0, 0.44756742567067986],
[1612445400.0, 0.44756742567067986],
[1612531800.0, 0.44756742567067986],
[1612618200.0, 0.44756742567067986],
[1612704600.0, 0.44756742567067986],
[1612791000.0, 0.44756742567067986],
[1612877400.0, 0.44756742567067986],
[1612963800.0, 0.44756742567067986],
[1613050200.0, 0.44756742567067986],
[1613136600.0, 0.44756742567067986],
[1613223000.0, 0.44756742567067986],
[1613309400.0, 0.44756742567067986],
[1613395800.0, 0.44756742567067986],
[1613482200.0, 0.44756742567067986],
[1613568600.0, 0.44756742567067986],
[1613655000.0, 0.44756742567067986],
[1613741400.0, 0.44756742567067986],
[1613827800.0, 0.44756742567067986],
[1613914200.0, 0.44756742567067986],
[1614000600.0, 0.44756742567067986],
[1614087000.0, 0.44756742567067986],
[1614173400.0, 0.44756742567067986],
[1614259800.0, 0.44756742567067986],
[1614346200.0, 0.44756742567067986],
[1614432600.0, 0.44756742567067986],
[1614519000.0, 0.44756742567067986],
[1614605400.0, 0.44756742567067986],
[1614691800.0, 0.44756742567067986],
[1614778200.0, 0.44756742567067986],
[1614864600.0, 0.44756742567067986],
[1614951000.0, 0.44756742567067986],
[1615037400.0, 0.44756742567067986],
[1615123800.0, 0.44756742567067986],
[1615210200.0, 0.44756742567067986],
[1615296600.0, 0.44756742567067986],
[1615383000.0, 0.44756742567067986],
[1615469400.0, 0.44756742567067986],
[1615555800.0, 0.44756742567067986],
[1615642200.0, 0.44756742567067986],
[1615728600.0, 0.44756742567067986],
[1615815000.0, 0.44756742567067986],
[1615901400.0, 0.44756742567067986],
[1615987800.0, 0.44756742567067986],
[1616074200.0, 0.44756742567067986],
[1616160600.0, 0.44756742567067986],
[1616247000.0, 0.44756742567067986],
[1616333400.0, 0.44756742567067986],
[1616419800.0, 0.44756742567067986],
[1616506200.0, 0.44756742567067986],
[1616592600.0, 0.44756742567067986],
[1616679000.0, 0.44756742567067986],
[1616765400.0, 0.44756742567067986],
[1616851800.0, 0.44756742567067986],
[1616938200.0, 0.44756742567067986],
[1617024600.0, 0.44756742567067986],
[1617111000.0, 0.44756742567067986],
[1617197400.0, 0.44756742567067986],
[1617283800.0, 0.44756742567067986],
[1617370200.0, 0.44756742567067986],
[1617456600.0, 0.44756742567067986],
[1617546600.0, 0.44756742567067986],
[1617633000.0, 0.44756742567067986],
[1617719400.0, 0.44756742567067986],
[1617805800.0, 0.44756742567067986],
[1617892200.0, 0.44756742567067986],
[1617978600.0, 0.44756742567067986],
[1618065000.0, 0.44756742567067986],
[1618151400.0, 0.44756742567067986],
[1618237800.0, 0.44756742567067986],
[1618324200.0, 0.44756742567067986],
[1618410600.0, 0.44756742567067986],
[1618497000.0, 0.44756742567067986],
[1618583400.0, 0.44756742567067986],
[1618669800.0, 0.44756742567067986],
[1618756200.0, 0.44756742567067986],
[1618842600.0, 0.44756742567067986],
[1618929000.0, 0.44756742567067986],
[1619015400.0, 0.44756742567067986],
[1619101800.0, 0.44756742567067986],
[1619188200.0, 0.44756742567067986],
[1619274600.0, 0.44756742567067986],
[1619361000.0, 0.44756742567067986],
[1619447400.0, 0.44756742567067986],
[1619533800.0, 0.44756742567067986],
[1619620200.0, 0.44756742567067986],
[1619706600.0, 0.44756742567067986],
[1619793000.0, 0.44756742567067986],
[1619879400.0, 0.44756742567067986],
[1619965800.0, 0.44756742567067986],
[1620052200.0, 0.44756742567067986],
[1620138600.0, 0.44756742567067986],
[1620225000.0, 0.44756742567067986],
[1620311400.0, 0.44756742567067986],
[1620397800.0, 0.44756742567067986],
[1620484200.0, 0.44756742567067986],
[1620570600.0, 0.44756742567067986],
[1620657000.0, 0.44756742567067986],
[1620743400.0, 0.44756742567067986],
[1620829800.0, 0.44756742567067986],
[1620916200.0, 0.44756742567067986],
[1621002600.0, 0.44756742567067986],
[1621089000.0, 0.44756742567067986],
[1621175400.0, 0.44756742567067986],
[1621261800.0, 0.44756742567067986],
[1621348200.0, 0.44756742567067986],
[1621434600.0, 0.44756742567067986],
[1621521000.0, 0.44756742567067986],
[1621607400.0, 0.44756742567067986],
[1621693800.0, 0.44756742567067986],
[1621780200.0, 0.44756742567067986],
[1621866600.0, 0.44756742567067986],
[1621953000.0, 0.44756742567067986],
[1622039400.0, 0.44756742567067986],
[1622125800.0, 0.44756742567067986],
[1622212200.0, 0.44756742567067986],
[1622298600.0, 0.44756742567067986],
[1622385000.0, 0.44756742567067986],
[1622471400.0, 0.44756742567067986],
[1622557800.0, 0.44756742567067986],
[1622644200.0, 0.44756742567067986],
[1622730600.0, 0.44756742567067986],
[1622817000.0, 0.44756742567067986],
[1622903400.0, 0.44756742567067986],
[1622989800.0, 0.44756742567067986],
[1623076200.0, 0.44756742567067986],
[1623162600.0, 0.44756742567067986],
[1623249000.0, 0.44756742567067986],
[1623335400.0, 0.44756742567067986],
[1623421800.0, 0.44756742567067986],
[1623508200.0, 0.44756742567067986],
[1623594600.0, 0.44756742567067986],
[1623681000.0, 0.44756742567067986],
[1623767400.0, 0.44756742567067986],
[1623853800.0, 0.44756742567067986],
[1623940200.0, 0.44756742567067986],
[1624026600.0, 0.44756742567067986],
[1624113000.0, 0.44756742567067986],
[1624199400.0, 0.44756742567067986],
[1624285800.0, 0.44756742567067986],
[1624372200.0, 0.44756742567067986],
[1624458600.0, 0.44756742567067986],
[1624545000.0, 0.44756742567067986],
[1624631400.0, 0.44756742567067986],
[1624717800.0, 0.44756742567067986],
[1624804200.0, 0.44756742567067986],
[1624890600.0, 0.44756742567067986],
[1624977000.0, 0.44756742567067986],
[1625063400.0, 0.44756742567067986],
[1625149800.0, 0.44756742567067986],
[1625236200.0, 0.44756742567067986],
[1625322600.0, 0.44756742567067986],
[1625409000.0, 0.44756742567067986],
[1625495400.0, 0.44756742567067986],
[1625581800.0, 0.44756742567067986],
[1625668200.0, 0.44756742567067986],
[1625754600.0, 0.44756742567067986],
[1625841000.0, 0.44756742567067986],
[1625927400.0, 0.44756742567067986],
[1626013800.0, 0.44756742567067986],
[1626100200.0, 0.44756742567067986],
[1626186600.0, 0.44756742567067986],
[1626273000.0, 0.44756742567067986],
[1626359400.0, 0.44756742567067986],
[1626445800.0, 0.44756742567067986],
[1626532200.0, 0.44756742567067986],
[1626618600.0, 0.44756742567067986],
[1626705000.0, 0.44756742567067986],
[1626791400.0, 0.44756742567067986],
[1626877800.0, 0.44756742567067986],
[1626964200.0, 0.44756742567067986],
[1627050600.0, 0.44756742567067986],
[1627137000.0, 0.44756742567067986],
[1627223400.0, 0.44756742567067986],
[1627309800.0, 0.44756742567067986],
[1627396200.0, 0.44756742567067986],
[1627482600.0, 0.44756742567067986],
[1627569000.0, 0.44756742567067986],
[1627655400.0, 0.44756742567067986],
[1627741800.0, 0.44756742567067986],
[1627828200.0, 0.44756742567067986],
[1627914600.0, 0.44756742567067986],
[1628001000.0, 0.44756742567067986],
[1628087400.0, 0.44756742567067986],
[1628173800.0, 0.44756742567067986],
[1628260200.0, 0.44756742567067986],
[1628346600.0, 0.44756742567067986],
[1628433000.0, 0.44756742567067986],
[1628519400.0, 0.44756742567067986],
[1628605800.0, 0.44756742567067986],
[1628692200.0, 0.44756742567067986],
[1628778600.0, 0.44756742567067986],
[1628865000.0, 0.44756742567067986],
[1628951400.0, 0.44756742567067986],
[1629037800.0, 0.44756742567067986],
[1629124200.0, 0.44756742567067986],
[1629210600.0, 0.44756742567067986],
[1629297000.0, 0.46434557273754135],
[1629383400.0, 0.4633411160224849],
[1629469800.0, 0.4575723702567388],
[1629556200.0, 0.4575723702567388],
[1629642600.0, 0.4575723702567388],
[1629729000.0, 0.4575723702567388],
[1629815400.0, 0.4575723702567388],
[1629901800.0, 0.4575723702567388],
[1629988200.0, 0.4575723702567388],
[1630074600.0, 0.4575723702567388],
[1630161000.0, 0.4575723702567388],
[1630247400.0, 0.4575723702567388],
[1630333800.0, 0.4575723702567388],
[1630420200.0, 0.4575723702567388],
[1630506600.0, 0.4575723702567388],
[1630593000.0, 0.4575723702567388],
[1630679400.0, 0.4575723702567388],
[1630765800.0, 0.4575723702567388],
[1630852200.0, 0.4575723702567388],
[1630938600.0, 0.4575723702567388],
[1631025000.0, 0.4575723702567388],
[1631111400.0, 0.4575723702567388],
[1631197800.0, 0.4575723702567388],
[1631284200.0, 0.4575723702567388],
[1631370600.0, 0.4575723702567388],
[1631457000.0, 0.4575723702567388],
[1631543400.0, 0.4575723702567388],
[1631629800.0, 0.4575723702567388],
[1631716200.0, 0.4575723702567388],
[1631802600.0, 0.4575723702567388],
[1631889000.0, 0.4575723702567388],
[1631975400.0, 0.4575723702567388],
[1632061800.0, 0.4575723702567388],
[1632148200.0, 0.4575723702567388],
[1632234600.0, 0.45813008010566597],
[1632321000.0, 0.4522572745968131],
[1632407400.0, 0.45038922202004505],
[1632493800.0, 0.4497817129599704],
[1632580200.0, 0.44634753727381105],
[1632666600.0, 0.4426160433804449],
[1632753000.0, 0.4434542595302526],
[1632839400.0, 0.4610198827292099],
[1632925800.0, 0.4622967383027164],
[1633012200.0, 0.4597404701108483],
[1633098600.0, 0.46772244710385114],
[1633185000.0, 0.45143004752021043],
[1633267800.0, 0.4472190189187723],
[1633354200.0, 0.46164472040695603],
[1633440600.0, 0.45312090267376653],
[1633527000.0, 0.4509459295828768],
[1633613400.0, 0.4516824428297966],
[1633699800.0, 0.45595356923377534],
[1633786200.0, 0.4462808495656186],
[1633872600.0, 0.44466998038744987],
[1633959000.0, 0.4509141639240877],
[1634045400.0, 0.4513314925880379],
[1634131800.0, 0.4464621866277747],
[1634218200.0, 0.4393062905745525],
[1634304600.0, 0.4375652843593824],
[1634391000.0, 0.4298793170625674],
[1634477400.0, 0.44453705717261094],
[1634563800.0, 0.4299819243944969],
[1634650200.0, 0.4319566911146421],
[1634736600.0, 0.43337880363674125],
[1634823000.0, 0.43161808311786853],
[1634909400.0, 0.43510695525962306],
[1634995800.0, 0.42671449919566556],
[1635082200.0, 0.42540289506880813],
[1635168600.0, 0.4295110825674677],
[1635255000.0, 0.4376028547747698],
[1635341400.0, 0.4356133441878945],
[1635427800.0, 0.4437308932952953],
[1635514200.0, 0.4462654336193137],
[1635600600.0, 0.45618477464001655],
[1635687000.0, 0.4503461879274043],
[1635773400.0, 0.45986707581173125],
[1635859800.0, 0.4551922094761531],
[1635946200.0, 0.460211810468244],
[1636032600.0, 0.4550938117416632],
[1636119000.0, 0.4555221713183391],
[1636205400.0, 0.45894055056459737],
[1636291800.0, 0.45321292690490494],
[1636378200.0, 0.45199208506695365],
[1636464600.0, 0.4492776104875439],
[1636551000.0, 0.4478602248383436],
[1636637400.0, 0.44355343335662584],
[1636723800.0, 0.4496721975850484],
[1636810200.0, 0.4474902701728839],
[1636896600.0, 0.45741701805337764],
[1636983000.0, 0.4452323408655603],
[1637069400.0, 0.44932802425559676],
[1637155800.0, 0.44344517584161125],
[1637242200.0, 0.4489514305895332],
[1637328600.0, 0.46046208421085905],
[1637415000.0, 0.44633493716986233],
[1637501400.0, 0.4403946667909348],
[1637587800.0, 0.45419717703120704],
[1637674200.0, 0.43336739035683075],
[1637760600.0, 0.445537528833536],
[1637847000.0, 0.44503935310342063],
[1637933400.0, 0.42169521733823423],
[1638019800.0, 0.4249713726646244],
[1638106200.0, 0.42396642527724093],
[1638192600.0, 0.4522163501557563],
[1638279000.0, 0.44787993726167286],
[1638365400.0, 0.461491877877779],
[1638451800.0, 0.4455582994622552],
[1638538200.0, 0.4524589841961799],
[1638624600.0, 0.44744052461815226],
[1638711000.0, 0.4588926737343659],
[1638797400.0, 0.4625189957011076],
[1638883800.0, 0.4653778413886731],
[1638970200.0, 0.4646336373586053],
[1639056600.0, 0.46796062214294865],
[1639143000.0, 0.47016959852303797],
[1639229400.0, 0.4886790271009357],
[1639315800.0, 0.4827286653884826],
[1639402200.0, 0.47317443285055544],
[1639488600.0, 0.47060567345972704],
[1639575000.0, 0.48459012815520913],
[1639661400.0, 0.48597881017974626],
[1639747800.0, 0.4861229330005458],
[1639834200.0, 0.48118777477983005],
[1639920600.0, 0.48256619742590234],
[1640007000.0, 0.48571426618272223],
[1640093400.0, 0.48530115407971214],
[1640179800.0, 0.4825559333145332],
[1640266200.0, 0.4872323178925098],
[1640352600.0, 0.4886839114205628],
[1640439000.0, 0.4911725215863048],
[1640525400.0, 0.48471767259755827],
[1640611800.0, 0.48900908829398204],
[1640698200.0, 0.4821127109197958],
[1640784600.0, 0.4886201053982554],
[1640871000.0, 0.4850204442518311],
[1640957400.0, 0.48934982923073783],
[1641043800.0, 0.49213381064741096],
[1641130200.0, 0.5022491358074624],
[1641216600.0, 0.4799618505678373],
[1641303000.0, 0.48744101454205563],
[1641389400.0, 0.48353173594530846],
[1641475800.0, 0.48678985431114713],
[1641562200.0, 0.4862387823650925],
[1641648600.0, 0.48185354325981394],
[1641735000.0, 0.4820171631979819],
[1641821400.0, 0.4761674688025728],
[1641907800.0, 0.47230792236094826],
[1641994200.0, 0.47020452619395053],
[1642080600.0, 0.468388908595797],
[1642167000.0, 0.4738372813019098],
[1642253400.0, 0.4764495459563007],
[1642339800.0, 0.4792968660558095],
[1642426200.0, 0.4778479806245932],
[1642512600.0, 0.48174107479486644],
[1642599000.0, 0.4839120925148408],
[1642685400.0, 0.48798797439542535],
[1642771800.0, 0.490390440422588],
[1642858200.0, 0.4896242676701421],
[1642944600.0, 0.48967839464151364],
[1643031000.0, 0.4873320981816059],
[1643117400.0, 0.48509072488509075],
[1643203800.0, 0.488230570462266],
[1643290200.0, 0.49111420114865967],
[1643376600.0, 0.4880134457981443],
[1643463000.0, 0.4904111055856076],
[1643549400.0, 0.49370792375682077],
[1643635800.0, 0.49370792375682077],
[1643722200.0, 0.49370792375682077],
[1643808600.0, 0.5016409887478843],
[1643895000.0, 0.5037061574504825],
[1643981400.0, 0.49782575732589324],
[1644067800.0, 0.5025596952490596],
[1644154200.0, 0.5039994756314036],
[1644240600.0, 0.5031807142257206],
[1644327000.0, 0.49749379655969345],
[1644413400.0, 0.4955019954388939],
[1644499800.0, 0.49507423923235383],
[1644586200.0, 0.4952780161109261],
[1644672600.0, 0.49693663281036604],
[1644759000.0, 0.5031925864665906],
[1644845400.0, 0.49988963150211924],
[1644931800.0, 0.5010790627394699],
[1645018200.0, 0.504447234124531],
[1645104600.0, 0.5023273618477482],
[1645191000.0, 0.5100638086281307],
[1645277400.0, 0.5055663722826534],
[1645363800.0, 0.5084374485073455],
[1645450200.0, 0.5075810269899531],
[1645536600.0, 0.5067411968146814],
[1645623000.0, 0.514890180155741],
[1645709400.0, 0.5145568151719595],
[1645795800.0, 0.5178706251576299],
[1645882200.0, 0.513425306802744],
[1645968600.0, 0.5061590611538036],
[1646055000.0, 0.5098853252573913],
[1646141400.0, 0.5168979239527217],
[1646227800.0, 0.5159529600139494],
[1646314200.0, 0.5297803725740086],
[1646400600.0, 0.5277745723345524],
[1646487000.0, 0.5242965741738],
[1646573400.0, 0.534601514793186],
[1646659800.0, 0.5320424032553689],
[1646746200.0, 0.5305803674728735],
[1646832600.0, 0.5270860272229506],
[1646919000.0, 0.5234765987429528],
[1647005400.0, 0.5236747307498061],
[1647091800.0, 0.5225380098204944],
[1647178200.0, 0.5215021528078806],
[1647264600.0, 0.524263466424151],
[1647351000.0, 0.5200888520605715],
[1647437400.0, 0.5172631694669917],
[1647523800.0, 0.5116066808268233],
[1647610200.0, 0.5167082564483213],
[1647696600.0, 0.5199248484446222],
[1647783000.0, 0.5131773997166243],
[1647869400.0, 0.5152038561139219],
[1647955800.0, 0.5172760927398172],
[1648042200.0, 0.5123800786172319],
[1648128600.0, 0.5139662054876504],
[1648215000.0, 0.5095505149694632],
[1648301400.0, 0.5016542304897785],
[1648387800.0, 0.5119138899526008],
[1648474200.0, 0.515137203436495],
[1648560600.0, 0.5061347251067992],
[1648647000.0, 0.5129657429219945],
[1648733400.0, 0.5170844085713291],
[1648819800.0, 0.5064977488152624],
[1648906200.0, 0.5140513339982236],
[1648996200.0, 0.5018737852803754],
[1649082600.0, 0.5098522809541971],
[1649169000.0, 0.5116932952515751],
[1649255400.0, 0.5219455190888496],
[1649341800.0, 0.5287080462573759],
[1649428200.0, 0.513179331653176],
[1649514600.0, 0.5283270927091058],
[1649601000.0, 0.5181656524684711],
[1649687400.0, 0.5311137712444775],
[1649773800.0, 0.5345235668110295],
[1649860200.0, 0.5355273719754854],
[1649946600.0, 0.5374660866193118],
[1650033000.0, 0.5366001381952176],
[1650119400.0, 0.5449210088166011],
[1650205800.0, 0.5530649688685869],
[1650292200.0, 0.5579139648422763],
[1650378600.0, 0.5603597809971825],
[1650465000.0, 0.5518715220063836],
[1650551400.0, 0.5518715220063836],
[1650637800.0, 0.5518715220063836],
[1650724200.0, 0.5556472571657005],
[1650810600.0, 0.5494119016891477],
[1650897000.0, 0.5479805750456035],
[1650983400.0, 0.5546154322727079],
[1651069800.0, 0.542203724334579],
[1651156200.0, 0.5385853424174546],
[1651242600.0, 0.5467001706181677],
[1651329000.0, 0.5458440251703565],
[1651415400.0, 0.5412314942299347],
[1651501800.0, 0.5417827104075765],
[1651588200.0, 0.5407233136855555],
[1651674600.0, 0.5473837513399427],
[1651761000.0, 0.5282231595918064],
[1651847400.0, 0.5208568365588591],
[1651933800.0, 0.5183664762241484],
[1652020200.0, 0.5222098355234396],
[1652106600.0, 0.5154348564848829],
[1652193000.0, 0.514240984106911],
[1652279400.0, 0.5125841788956347],
[1652365800.0, 0.5106511179689377],
[1652452200.0, 0.504592394140232],
[1652538600.0, 0.50257543650536],
[1652625000.0, 0.50257543650536],
[1652711400.0, 0.49274622244780564],
[1652797800.0, 0.4947964525819267],
[1652884200.0, 0.5100682749301461],
[1652970600.0, 0.49279329272453537],
[1653057000.0, 0.49593817403918333],
[1653143400.0, 0.4936032911312187],
[1653229800.0, 0.49338872658148214],
[1653316200.0, 0.48736931805161793],
[1653402600.0, 0.4883844379656314],
[1653489000.0, 0.49073112726835016],
[1653575400.0, 0.5019994545171981],
[1653661800.0, 0.4831292348663659],
[1653748200.0, 0.4832623494739382],
[1653834600.0, 0.4815097189907696],
[1653921000.0, 0.47516380856796775],
[1654007400.0, 0.47757679474867504],
[1654093800.0, 0.4680123618894373],
[1654180200.0, 0.4648684410377734],
[1654266600.0, 0.46227167966392446],
[1654353000.0, 0.4607607182413939],
[1654439400.0, 0.4566115092927981],
[1654525800.0, 0.4590545629902357],
[1654612200.0, 0.4673598272985413],
[1654698600.0, 0.4640260843590216],
[1654785000.0, 0.46079985090040143],
[1654871400.0, 0.46213650830185715],
[1654957800.0, 0.47127302785619735],
[1655044200.0, 0.4685106293560893],
[1655130600.0, 0.4707289267690528],
[1655217000.0, 0.47700928636833223],
[1655303400.0, 0.47506087016014903],
[1655389800.0, 0.4823743677712953],
[1655476200.0, 0.47893245434211107],
[1655562600.0, 0.4680308342878831],
[1655649000.0, 0.47413615952400723],
[1655735400.0, 0.4681787670164064],
[1655821800.0, 0.4686265296934071],
[1655908200.0, 0.464640991561868],
[1655994600.0, 0.4911143771487382],
[1656081000.0, 0.4602551061332258],
[1656167400.0, 0.46061780022387966],
[1656253800.0, 0.4563908625539995],
[1656340200.0, 0.4532711319587742],
[1656426600.0, 0.4524285570226877],
[1656513000.0, 0.45591687584165985],
[1656599400.0, 0.45778755558844975],
[1656685800.0, 0.45407969641055324],
[1656772200.0, 0.4566727430840491],
[1656858600.0, 0.4659862500935331],
[1656945000.0, 0.46093844525851563],
[1657031400.0, 0.46162300020671737],
[1657117800.0, 0.4637446340646873],
[1657204200.0, 0.4637446340646873],
[1657290600.0, 0.48418611494334746],
[1657377000.0, 0.4738248257236396],
[1657463400.0, 0.48333929028520367],
[1657549800.0, 0.48456692302087806],
[1657636200.0, 0.4766892979581058],
[1657722600.0, 0.47773061312514614],
[1657809000.0, 0.4776890921871909],
[1657895400.0, 0.4766003148973856],
[1657981800.0, 0.4741597663862744],
[1658068200.0, 0.47705940656974616],
[1658154600.0, 0.480343223256093],
[1658241000.0, 0.47083412642717953],
[1658327400.0, 0.4719409094490404],
[1658413800.0, 0.4698917218502407],
[1658500200.0, 0.4709407062892904],
[1658586600.0, 0.4724630727377547],
[1658673000.0, 0.47404546752014215],
[1658759400.0, 0.4778099520658031],
[1658845800.0, 0.48370552136883804],
[1658932200.0, 0.48343694095136364],
[1659018600.0, 0.4807320676874625],
[1659105000.0, 0.48583584913230043],
[1659191400.0, 0.48545125046718907],
[1659277800.0, 0.491101102951456],
[1659364200.0, 0.4894901266869797],
[1659450600.0, 0.4856517454210286],
[1659537000.0, 0.4937722820486845],
[1659623400.0, 0.49378100268880704],
[1659709800.0, 0.4941287221470039],
[1659796200.0, 0.4878542426258466],
[1659882600.0, 0.48614757972228195],
[1659969000.0, 0.4860367630640639],
[1660055400.0, 0.4874050341726786],
[1660141800.0, 0.4875970766831305],
[1660228200.0, 0.4864489697829506],
[1660314600.0, 0.48436802716044486],
[1660401000.0, 0.48436802716044486],
[1660487400.0, 0.48436802716044486],
[1660573800.0, 0.48436802716044486],
[1660660200.0, 0.4922975999153615],
[1660746600.0, 0.49325123769642826],
[1660833000.0, 0.4943018144274021],
[1660919400.0, 0.49876183537464214],
[1661005800.0, 0.5020777379438423],
[1661092200.0, 0.5065564912518394],
[1661178600.0, 0.5070595851723859],
[1661265000.0, 0.5278416889819187],
[1661351400.0, 0.5080319670419517],
[1661437800.0, 0.5126750117512882],
[1661524200.0, 0.5148318364113772],
[1661610600.0, 0.5156827859494435],
[1661697000.0, 0.5169070298020596],
[1661783400.0, 0.515650851813208],
[1661869800.0, 0.5126107435392285],
[1661956200.0, 0.5253387639619992],
[1662042600.0, 0.5213700845561235],
[1662129000.0, 0.5132312661650905],
[1662215400.0, 0.5198330350712758],
[1662301800.0, 0.5259484183856852],
[1662388200.0, 0.5228338942710928],
[1662474600.0, 0.5271237001882415],
[1662561000.0, 0.5206769230024473],
[1662647400.0, 0.5206101482282459],
[1662733800.0, 0.5157449586397206],
[1662820200.0, 0.5171483803309502],
[1662906600.0, 0.5111292806581337],
[1662993000.0, 0.5093042518366023],
[1663079400.0, 0.5003179172001325],
[1663165800.0, 0.5065706077430512],
[1663252200.0, 0.5015051604122016],
[1663338600.0, 0.4940704300711652],
[1663425000.0, 0.49195074865599486],
[1663511400.0, 0.4973137221340716],
[1663597800.0, 0.4990980718992899],
[1663684200.0, 0.49656347691868485],
[1663770600.0, 0.5011366117958675],
[1663857000.0, 0.4944645365487103],
[1663943400.0, 0.49642961087534093],
[1664029800.0, 0.4966245003215013],
[1664116200.0, 0.4946857486181105],
[1664202600.0, 0.498417316423219],
[1664289000.0, 0.499866895060753],
[1664375400.0, 0.5016588765462746],
[1664461800.0, 0.5080094643025813],
[1664548200.0, 0.5136167778862419],
[1664634600.0, 0.518359069527652],
[1664717400.0, 0.5323187209966408],
[1664803800.0, 0.5285667276474683],
[1664890200.0, 0.5259807436753711],
[1664976600.0, 0.5255663307834875],
[1665063000.0, 0.5307855724778158],
[1665149400.0, 0.5312343433089456],
[1665235800.0, 0.5321926349581485],
[1665322200.0, 0.5443584427361386],
[1665408600.0, 0.5454237483320289],
[1665495000.0, 0.5355685587722421],
[1665581400.0, 0.5229056599944469],
[1665667800.0, 0.5290472307567852],
[1665754200.0, 0.5148574113076886],
[1665840600.0, 0.5155322472302905],
[1665927000.0, 0.5056377943318605],
[1666013400.0, 0.5049530401043385],
[1666099800.0, 0.5077923238330131],
[1666186200.0, 0.5103765675237517],
[1666272600.0, 0.5225272737442926],
[1666359000.0, 0.5150600199370969],
[1666445400.0, 0.5170420876997521],
[1666531800.0, 0.518212366739215],
[1666618200.0, 0.5185777817780441],
[1666704600.0, 0.5084181858947],
[1666791000.0, 0.5113937617191815],
[1666877400.0, 0.5071770107632843],
[1666963800.0, 0.5150873070258933],
[1667050200.0, 0.5149786561858741],
[1667136600.0, 0.5084774004420672],
[1667223000.0, 0.5242976824411255],
[1667309400.0, 0.521280244267994],
[1667395800.0, 0.5243011059887963],
[1667482200.0, 0.5319782244048107],
[1667568600.0, 0.5315022020039091],
[1667655000.0, 0.5256948820784184],
[1667741400.0, 0.5161496844800695],
[1667827800.0, 0.5124854379565804],
[1667914200.0, 0.5103989285174653],
[1668000600.0, 0.508981619997788],
[1668087000.0, 0.5154818154735332],
[1668173400.0, 0.5128447064431346],
[1668259800.0, 0.5155385586602297],
[1668346200.0, 0.5225564785166533],
[1668432600.0, 0.5296759434346028],
[1668519000.0, 0.5438836021006462],
[1668605400.0, 0.5309540491765122],
[1668691800.0, 0.5330209190551232],
[1668778200.0, 0.5451941308871254],
[1668864600.0, 0.5363371115199357],
[1668951000.0, 0.5449277306861013],
[1669037400.0, 0.5463709357339356],
[1669123800.0, 0.5346506393309522],
[1669210200.0, 0.5313557723356648],
[1669296600.0, 0.535957793047947],
[1669383000.0, 0.5281045856888806],
[1669469400.0, 0.5217374629586508],
[1669555800.0, 0.5091484966236882],
[1669642200.0, 0.5171251354051657],
[1669728600.0, 0.5174740250683448],
[1669815000.0, 0.5147923098187839],
[1669901400.0, 0.5107255691169772],
[1669987800.0, 0.5235314395039522],
[1670074200.0, 0.5308882349766142],
[1670160600.0, 0.5227599108925622],
[1670247000.0, 0.5334354748576738],
[1670333400.0, 0.5341349851277131],
[1670419800.0, 0.5393684056300125],
[1670506200.0, 0.544009784691768],
[1670592600.0, 0.5455396052905451],
[1670679000.0, 0.5455023207631325],
[1670765400.0, 0.5485881841870723],
[1670851800.0, 0.5418080788314483],
[1670938200.0, 0.5484949326541005],
[1671024600.0, 0.5503248854079282],
[1671111000.0, 0.5481033112797966],
[1671197400.0, 0.5377183724331007],
[1671283800.0, 0.5410545547826471],
[1671370200.0, 0.546343314463195],
[1671456600.0, 0.5415806443885841],
[1671543000.0, 0.5347567473933899],
[1671715800.0, 0.5308212282434152],
[1671802200.0, 0.5300217183851146],
[1671888600.0, 0.5194467397568474],
[1671975000.0, 0.525365112273085],
[1672061400.0, 0.5307419940682749],
[1672147800.0, 0.5212887680296713],
[1672234200.0, 0.521848085418161],
[1672320600.0, 0.5131720386293274],
[1672407000.0, 0.5117111526147416],
[1672493400.0, 0.5031379647202711],
[1672579800.0, 0.5057629260590839],
[1672666200.0, 0.503862218952314],
[1672752600.0, 0.49442294708225226],
[1672839000.0, 0.5113341200624618],
[1672925400.0, 0.49502090626537165],
[1673011800.0, 0.5009043085150793],
[1673098200.0, 0.49087276308841116],
[1673184600.0, 0.49216431395367866],
[1673271000.0, 0.49645665015660084],
[1673357400.0, 0.5004976248501548],
[1673443800.0, 0.5063425307578768],
[1673530200.0, 0.5004319737119127],
[1673616600.0, 0.5022847364032123],
[1673703000.0, 0.5232457992182937],
[1673789400.0, 0.5087733503476162],
[1673875800.0, 0.5062833892666082],
[1673962200.0, 0.5085439915056718],
[1674048600.0, 0.508557298885878],
[1674135000.0, 0.49937922645653204],
[1674221400.0, 0.5044610370381165],
[1674307800.0, 0.5162926470839999],
[1674394200.0, 0.5203366248567111],
[1674480600.0, 0.5175925919481038],
[1674567000.0, 0.5168661325613426],
[1674653400.0, 0.5099559394170194],
[1674739800.0, 0.5151864758338768],
[1674826200.0, 0.5220744163923706],
[1674912600.0, 0.5287746031796562],
[1674999000.0, 0.5295312011844876],
[1675085400.0, 0.525163909730085],
[1675171800.0, 0.5175134733031069],
[1675258200.0, 0.5289357900882614],
[1675344600.0, 0.5291710650148871],
[1675431000.0, 0.5188910902647804],
[1675517400.0, 0.5275895054903639],
[1675603800.0, 0.5325883870700958],
[1675690200.0, 0.5344464578003585],
[1675776600.0, 0.5356324371195446],
[1675863000.0, 0.532635813335888],
[1675949400.0, 0.5273762766897294],
[1676035800.0, 0.5341974609047415],
[1676122200.0, 0.5304513765643785],
[1676208600.0, 0.5182184044409933],
[1676295000.0, 0.5266433171595409],
[1676381400.0, 0.5244669300894462],
[1676467800.0, 0.5254995849394667],
[1676554200.0, 0.5312907306168122],
[1676640600.0, 0.5339426149485902],
[1676727000.0, 0.5348536584288903],
[1676813400.0, 0.536762758923653],
[1676899800.0, 0.5368640082533486],
[1676986200.0, 0.538791838621356],
[1677072600.0, 0.5354782908883334],
[1677159000.0, 0.5372228563298678],
[1677245400.0, 0.5384907932098023],
[1677331800.0, 0.5439904467658416],
[1677418200.0, 0.5386691509920789],
[1677504600.0, 0.5350310069043107],
[1677591000.0, 0.5337749204444455],
[1677677400.0, 0.5340581749695233],
[1677763800.0, 0.527774696850378],
[1677850200.0, 0.5322623307938115],
[1677936600.0, 0.5272256604100488],
[1678023000.0, 0.5278273258823386],
[1678109400.0, 0.5441904545039695],
[1678195800.0, 0.5495548028982938],
[1678282200.0, 0.532715052405605],
[1678368600.0, 0.5181902062593623],
[1678455000.0, 0.5197610128769715],
[1678541400.0, 0.5437393915301436],
[1678627800.0, 0.5230671870115455],
[1678714200.0, 0.522054475656597],
[1678800600.0, 0.51886091216667],
[1678887000.0, 0.5181924114801716],
[1678973400.0, 0.51395999770891],
[1679059800.0, 0.5230722079086954],
[1679146200.0, 0.5040764225664212],
[1679232600.0, 0.506878623979869],
[1679319000.0, 0.511070624559678],
[1679405400.0, 0.5145227273235606],
[1679491800.0, 0.510498605625948],
[1679578200.0, 0.5251743687359337],
[1679664600.0, 0.49713719422839886],
[1679751000.0, 0.4975244746897466],
[1679837400.0, 0.4702926848898892],
[1679923800.0, 0.46677872116268543],
[1680010200.0, 0.47586125584885935],
[1680096600.0, 0.47048940644253556],
[1680183000.0, 0.46253509305298973],
[1680269400.0, 0.4587354700238042],
[1680355800.0, 0.4543780691041733],
[1680445800.0, 0.4580242040047795],
[1680532200.0, 0.4516920512372225],
[1680618600.0, 0.46205945608403504],
[1680705000.0, 0.46727206135465754],
[1680791400.0, 0.473730544498614],
[1680877800.0, 0.46944659953452433],
[1680964200.0, 0.47413839924431816],
[1681050600.0, 0.4793421372628647],
[1681137000.0, 0.48074497097923163],
[1681223400.0, 0.49693288352156717],
[1681309800.0, 0.49500627605110575],
[1681396200.0, 0.4990498057771593],
[1681482600.0, 0.4672949498207838],
[1681569000.0, 0.4648170830099913],
[1681655400.0, 0.4640269706957826],
[1681741800.0, 0.46959513519962715],
[1681828200.0, 0.477790597483732],
[1681914600.0, 0.4981025175795871],
[1682001000.0, 0.5279993567371642],
[1682087400.0, 0.5008161778132081],
[1682173800.0, 0.5316030701806951],
[1682260200.0, 0.513338534347481],
[1682346600.0, 0.5532399799886598],
[1682433000.0, 0.5385603454744403],
[1682519400.0, 0.5110161183763517],
[1682605800.0, 0.4979568663076412],
[1682692200.0, 0.5107254384928263],
[1682778600.0, 0.5039773943930725],
[1682865000.0, 0.4955015085873876],
[1682951400.0, 0.4955015085873876],
[1683037800.0, 0.4955015085873876],
[1683124200.0, 0.46294874850870726],
[1683210600.0, 0.4778395778623074],
[1683297000.0, 0.49009590483614407],
[1683383400.0, 0.4874310009025658],
[1683469800.0, 0.47952346550607383],
[1683556200.0, 0.4796498383945242],
[1683642600.0, 0.471955182155886],
[1683729000.0, 0.5124718404166179],
[1683815400.0, 0.49167798788724065],
[1683901800.0, 0.46987754428516215],
[1683988200.0, 0.47484089563860016],
[1684074600.0, 0.4879072165755489],
[1684161000.0, 0.5034855612134972],
[1684247400.0, 0.50277988740422],
[1684333800.0, 0.5107525993298013],
[1684420200.0, 0.49512454598336014],
[1684506600.0, 0.5071345582072493],
[1684593000.0, 0.4780986222012865],
[1684679400.0, 0.4769713138632182],
[1684765800.0, 0.48010303491503326],
[1684852200.0, 0.4811648603241228],
[1684938600.0, 0.4818240952676712],
[1685025000.0, 0.4848235505316809],
[1685111400.0, 0.4828455700084389],
[1685197800.0, 0.4885224542158407],
[1685284200.0, 0.48305908084323124],
[1685370600.0, 0.48574469524634883],
[1685457000.0, 0.4859962536487584],
[1685543400.0, 0.4861778993391147],
[1685629800.0, 0.486768513851492],
[1685716200.0, 0.48647382709203596],
[1685802600.0, 0.49274753011539063],
[1685889000.0, 0.5043843239303281],
[1685975400.0, 0.527230386345705],
[1686061800.0, 0.4946094284807623],
[1686148200.0, 0.48996546783044487],
[1686234600.0, 0.48689652271574757],
[1686321000.0, 0.47344614893804754],
[1686407400.0, 0.47771863751549626],
[1686493800.0, 0.4693302247470488],
[1686580200.0, 0.4604534959621458],
[1686666600.0, 0.4629636981737202],
[1686753000.0, 0.4624054199788895],
[1686839400.0, 0.4761503347886289],
[1686925800.0, 0.45850078884321044],
[1687012200.0, 0.4777095701752012],
[1687098600.0, 0.47509349697608294],
[1687185000.0, 0.4566297285903405],
[1687271400.0, 0.4657712938869794],
[1687357800.0, 0.4645272345123066],
[1687444200.0, 0.49176079475679224],
[1687530600.0, 0.5069901611601018],
[1687617000.0, 0.4855455528581301],
[1687703400.0, 0.49556248454363855],
[1687789800.0, 0.4975604241557634],
[1687876200.0, 0.49042266378319177],
[1687962600.0, 0.4713193919161214],
[1688049000.0, 0.4469058163669133],
[1688135400.0, 0.47177981499104554],
[1688221800.0, 0.4701637721088871],
[1688308200.0, 0.4760904934604725],
[1688394600.0, 0.47274095407637334],
[1688481000.0, 0.46875045453608527],
[1688567400.0, 0.471233491677452],
[1688653800.0, 0.46767875589396674],
[1688740200.0, 0.4448790076653942],
[1688826600.0, 0.4986745673396736],
[1688913000.0, 0.4336688344465044],
[1688999400.0, 0.4419901290048118],
[1689085800.0, 0.44503872041271825],
[1689172200.0, 0.44783308729689136],
[1689258600.0, 0.44897094244948554],
[1689345000.0, 0.4565337348339151],
[1689431400.0, 0.4367284159119895],
[1689517800.0, 0.4270591481628892],
[1689604200.0, 0.4364764823665901],
[1689690600.0, 0.44660545366355714],
[1689777000.0, 0.44922162531533355],
[1689863400.0, 0.4440863425384993],
[1689949800.0, 0.4521974966747653],
[1690036200.0, 0.443907861230799],
[1690122600.0, 0.44904249088075865],
[1690209000.0, 0.4409857663849381],
[1690295400.0, 0.4406153567614584],
[1690381800.0, 0.4412086467129629],
[1690468200.0, 0.43564822328205594],
[1690554600.0, 0.4344701833617735],
[1690641000.0, 0.4344701833617735],
[1690727400.0, 0.44039283737805607],
[1690813800.0, 0.43137548300988765],
[1690900200.0, 0.43137548300988765],
[1690986600.0, 0.4432105179727548],
[1691073000.0, 0.4432503371177492],
[1691159400.0, 0.43844114894559416],
[1691245800.0, 0.44265736668365163],
[1691332200.0, 0.44188568830160135],
[1691418600.0, 0.44575254834458],
[1691505000.0, 0.4462389638596059],
[1691591400.0, 0.44560905141427987],
[1691677800.0, 0.448309795616929],
[1691764200.0, 0.4485879667118732],
[1691850600.0, 0.4449871909068112],
[1691937000.0, 0.4620890851297386],
[1692023400.0, 0.458641513392538],
[1692109800.0, 0.45019520680982883],
[1692196200.0, 0.4871186769443475],
[1692282600.0, 0.45894454887491326],
[1692369000.0, 0.4545158502317428],
[1692455400.0, 0.45707883392257237],
[1692541800.0, 0.4487208888881557],
[1692628200.0, 0.4562666726738054],
[1692714600.0, 0.4631140633260225],
[1692801000.0, 0.46774047346067893],
[1692887400.0, 0.44661588331579555],
[1692973800.0, 0.4622388697204559],
[1693060200.0, 0.4687084304391479],
[1693146600.0, 0.45752942135352465],
[1693233000.0, 0.45785923909810733],
[1693319400.0, 0.4693843045974263],
[1693405800.0, 0.4828448640513587],
[1693492200.0, 0.4719700352114212],
[1693578600.0, 0.4837204616757661],
[1693665000.0, 0.48688311875126855],
[1693751400.0, 0.497943837536596],
[1693837800.0, 0.4804639993888067],
[1693924200.0, 0.48440874131706674],
[1694010600.0, 0.4861638491691466],
[1694097000.0, 0.48898883032146206],
[1694183400.0, 0.49018819048012857],
[1694269800.0, 0.4907557460176073],
[1694356200.0, 0.4938769084539237],
[1694442600.0, 0.49369901413273193],
[1694529000.0, 0.489194584228372],
[1694615400.0, 0.49118518362446667],
[1694701800.0, 0.490472182488592],
[1694788200.0, 0.49246187039184464],
[1694874600.0, 0.49062711182323404],
[1694961000.0, 0.49882651911674847],
[1695047400.0, 0.4840952759397602],
[1695133800.0, 0.4790533831143225],
[1695220200.0, 0.47879940922113967],
[1695306600.0, 0.47835706678429846],
[1695393000.0, 0.4890287484052701],
[1695479400.0, 0.4770404130009027],
[1695565800.0, 0.4752454842014735],
[1695652200.0, 0.4728446535874073],
[1695738600.0, 0.4745155632875659],
[1695825000.0, 0.47101179058537607],
[1695911400.0, 0.4654137129277131],
[1695997800.0, 0.4548614087399484],
[1696084200.0, 0.45218668301571174],
[1696167000.0, 0.4532191174611884],
[1696253400.0, 0.4551197302728544],
[1696339800.0, 0.46107580206357796],
[1696426200.0, 0.4549070739860595],
[1696512600.0, 0.4539132890670623],
[1696599000.0, 0.4425793525802146],
[1696685400.0, 0.44681834549580673],
[1696771800.0, 0.4439021419701141],
[1696858200.0, 0.4396589600449941],
[1696944600.0, 0.44960998256547263],
[1697117400.0, 0.443360606541049],
[1697203800.0, 0.4292063968728893],
[1697290200.0, 0.42258344547142984],
[1697376600.0, 0.4274811339676062],
[1697463000.0, 0.37802488679211077],
[1697549400.0, 0.3689114961080812],
[1697635800.0, 0.35584163515829104],
[1697722200.0, 0.35282144272718674],
[1697808600.0, 0.35221726763988576],
[1697895000.0, 0.3516713002809827],
[1697981400.0, 0.35195460843059634],
[1698067800.0, 0.3417607330329221],
[1698154200.0, 0.34201140459733836],
[1698240600.0, 0.32921204737425175],
[1698327000.0, 0.3157408568263622],
[1698413400.0, 0.3192113246448849],
[1698499800.0, 0.33682358203662865],
[1698586200.0, 0.3686172861754737],
[1698672600.0, 0.3686172861754737],
[1698759000.0, 0.3686172861754737],
[1698845400.0, 0.3686172861754737],
[1698931800.0, 0.3686172861754737],
[1699018200.0, 0.3686172861754737],
[1699104600.0, 0.3686172861754737],
[1699191000.0, 0.3686172861754737],
[1699277400.0, 0.3686172861754737],
[1699363800.0, 0.3686172861754737],
[1699450200.0, 0.3686172861754737],
[1699536600.0, 0.3686172861754737],
[1699623000.0, 0.3686172861754737],
[1699709400.0, 0.3686172861754737],
[1699795800.0, 0.3686172861754737],
[1699882200.0, 0.3686172861754737],
[1699968600.0, 0.3686172861754737],
[1700055000.0, 0.3686172861754737],
[1700141400.0, 0.3686172861754737],
[1700227800.0, 0.3686172861754737],
[1700314200.0, 0.3686172861754737],
[1700400600.0, 0.3686172861754737],
[1700487000.0, 0.3686172861754737],
[1700573400.0, 0.3686172861754737],
[1700659800.0, 0.3686172861754737],
[1700746200.0, 0.3686172861754737],
[1700832600.0, 0.3686172861754737],
[1700919000.0, 0.3686172861754737],
[1701005400.0, 0.3686172861754737],
[1701091800.0, 0.3686172861754737],
[1701178200.0, 0.3686172861754737],
[1701264600.0, 0.3686172861754737],
[1701351000.0, 0.3686172861754737],
[1701437400.0, 0.3686172861754737],
[1701523800.0, 0.3686172861754737],
