[1635773400.0, 413.3656974583333],
[1635859800.0, 414.8187654999999],
[1635946200.0, 414.45487224999994],
[1636032600.0, 414.1584813333333],
[1636119000.0, 414.9461156666667],
[1636205400.0, 415.58143050000007],
[1636291800.0, 412.98015029166663],
[1636378200.0, 411.34564241666664],
[1636464600.0, 409.58703741666665],
[1636551000.0, 408.9925641666667],
[1636637400.0, 407.90090316666664],
[1636723800.0, 408.3239592083333],
[1636810200.0, 409.9460469166666],
[1636896600.0, 410.53160045833334],
[1636983000.0, 411.6409580833333],
[1637069400.0, 410.51759029166664],
[1637155800.0, 412.6046415833334],
[1637242200.0, 413.33361941666664],
[1637328600.0, 415.20189666666664],
[1637415000.0, 416.3881703750001],
[1637501400.0, 416.7053813333334],
[1637587800.0, 416.92871766666667],
[1637674200.0, 415.61694374999996],
[1637760600.0, 413.91334329166665],
[1637847000.0, 414.0793170833333],
[1637933400.0, 415.26551429166665],
[1638019800.0, 416.5221525416666],
[1638106200.0, 418.3470090833334],
[1638192600.0, 419.7242112916667],
[1638279000.0, 422.45119429166675],
[1638365400.0, 424.84476558333336],
[1638451800.0, 428.8227461666667],
[1638538200.0, 436.1024041250001],
[1638624600.0, 443.017729375],
[1638711000.0, 441.5514375833333],
[1638797400.0, 438.330914125],
[1638883800.0, 436.7684515],
[1638970200.0, 436.08401441666666],
[1639056600.0, 437.23490904166675],
[1639143000.0, 441.1910169166667],
[1639229400.0, 441.8779018750001],
[1639315800.0, 443.18686554166675],
[1639402200.0, 444.53930141666666],
[1639488600.0, 444.92080304166666],
[1639575000.0, 446.4543198333334],
[1639661400.0, 448.95709841666667],
[1639747800.0, 449.62804687500005],
[1639834200.0, 450.90778237499995],
[1639920600.0, 450.21478733333333],
[1640007000.0, 450.2171184999999],
[1640093400.0, 450.62238874999997],
[1640179800.0, 451.85593195833343],
[1640266200.0, 451.9484522916667],
[1640352600.0, 453.06622945833334],
[1640439000.0, 451.27759808333326],
[1640525400.0, 452.2798312083333],
[1640611800.0, 452.8082262916666],
[1640698200.0, 452.04192462500004],
[1640784600.0, 451.7364023333333],
[1640871000.0, 451.73255674999996],
[1640957400.0, 453.78681191666664],
[1641043800.0, 456.2178515416667],
[1641130200.0, 456.8687942083334],
[1641216600.0, 456.8000515416666],
[1641303000.0, 457.67784341666675],
[1641389400.0, 459.72421329166656],
[1641475800.0, 462.2673369583333],
[1641562200.0, 464.053653875],
[1641648600.0, 463.1765541250001],
[1641735000.0, 462.48528379166663],
[1641821400.0, 464.3831419583333],
[1641907800.0, 463.12554900000003],
[1641994200.0, 463.80836666666664],
[1642080600.0, 463.58619591666667],
[1642167000.0, 464.7342915416666],
[1642253400.0, 465.843360625],
[1642339800.0, 467.05301791666665],
[1642426200.0, 467.5606396666667],
[1642512600.0, 468.08173283333326],
[1642599000.0, 468.5814905],
[1642685400.0, 469.7490823333333],
[1642771800.0, 471.17150150000003],
[1642858200.0, 470.72020345833334],
[1642944600.0, 466.23036079166656],
[1643031000.0, 466.9822354166667],
[1643117400.0, 465.924807625],
[1643203800.0, 466.00730324999995],
[1643290200.0, 463.93471070833334],
[1643376600.0, 464.74831416666666],
[1643463000.0, 465.46861154166663],
[1643549400.0, 467.0181317916665],
[1643635800.0, 467.0181317916665],
[1643722200.0, 467.0181317916665],
[1643808600.0, 472.4257590833333],
[1643895000.0, 472.58754312499997],
[1643981400.0, 470.54278116666666],
[1644067800.0, 469.6255821666666],
[1644154200.0, 465.8937086249999],
[1644240600.0, 459.70851483333325],
[1644327000.0, 457.60514766666665],
[1644413400.0, 457.62429912499994],
[1644499800.0, 459.2047948333334],
[1644586200.0, 461.1249110416666],
[1644672600.0, 460.6399713333332],
[1644759000.0, 462.9677594166667],
[1644845400.0, 464.82601100000005],
[1644931800.0, 466.7912894583333],
[1645018200.0, 467.58823170833335],
[1645104600.0, 471.6821072916666],
[1645191000.0, 472.63797825],
[1645277400.0, 474.67630474999993],
[1645363800.0, 475.5007125416666],
[1645450200.0, 475.892080875],
[1645536600.0, 476.73052875],
[1645623000.0, 476.69627554166664],
[1645709400.0, 476.20472925000007],
[1645795800.0, 477.8309748333333],
[1645882200.0, 478.3079454583332],
[1645968600.0, 478.76087858333335],
[1646055000.0, 482.0477714166666],
[1646141400.0, 483.0006161666666],
[1646227800.0, 485.7855005416666],
[1646314200.0, 488.9084589166667],
[1646400600.0, 490.84693979166656],
[1646487000.0, 494.5822414583334],
[1646573400.0, 497.3738346666666],
[1646659800.0, 496.5550715416667],
[1646746200.0, 495.56088449999993],
[1646832600.0, 495.90397629166665],
[1646919000.0, 493.84690924999995],
[1647005400.0, 492.3842047083333],
[1647091800.0, 491.28891158333334],
[1647178200.0, 490.9344735416667],
[1647264600.0, 493.52920025],
[1647351000.0, 495.20411316666656],
[1647437400.0, 498.2321434166666],
[1647523800.0, 502.8485137916667],
[1647610200.0, 506.2722958333334],
[1647696600.0, 511.53198962500005],
[1647783000.0, 526.570414375],
[1647869400.0, 532.4405969166667],
[1647955800.0, 526.1603109583333],
[1648042200.0, 515.9081035833334],
[1648128600.0, 515.2491054166667],
[1648215000.0, 514.3677142916666],
[1648301400.0, 514.1380228333334],
[1648387800.0, 513.7604101666667],
[1648474200.0, 512.3381845833334],
[1648560600.0, 512.0355284166666],
[1648647000.0, 514.5988725416667],
[1648733400.0, 522.40110275],
[1648819800.0, 525.2155091249999],
[1648906200.0, 527.6331157916666],
[1648996200.0, 529.4954107083332],
[1649082600.0, 530.3851649583333],
[1649169000.0, 532.1462984166667],
[1649255400.0, 534.0187969583334],
[1649341800.0, 539.1035769583334],
[1649428200.0, 538.745529125],
[1649514600.0, 540.2164093333333],
[1649601000.0, 540.2164093333333],
[1649687400.0, 540.2164093333333],
[1649773800.0, 540.2164093333333],
[1649860200.0, 540.1302380000001],
[1649946600.0, 551.1474411666666],
[1650033000.0, 553.4808267083333],
[1650119400.0, 557.9237425833333],
[1650205800.0, 559.4481400833333],
[1650292200.0, 563.7699979583333],
[1650378600.0, 564.1758459583334],
[1650465000.0, 560.1275157916667],
[1650551400.0, 560.1275157916667],
[1650637800.0, 560.1275157916667],
[1650724200.0, 554.4009480833332],
[1650810600.0, 551.9412450833332],
[1650897000.0, 548.18571825],
[1650983400.0, 543.0767818333334],
[1651069800.0, 542.6657743750001],
[1651156200.0, 528.1762545833333],
[1651242600.0, 530.1506933333334],
[1651329000.0, 532.8757437916667],
[1651415400.0, 531.7812532500001],
[1651501800.0, 532.7020152916667],
[1651588200.0, 532.1060153333334],
[1651674600.0, 531.552707125],
[1651761000.0, 527.0285501249999],
[1651847400.0, 523.1315263333333],
[1651933800.0, 520.7505834583334],
[1652020200.0, 518.5335732916666],
[1652106600.0, 513.4023173333334],
[1652193000.0, 510.15724566666654],
[1652279400.0, 506.4880564999999],
[1652365800.0, 502.00289791666677],
[1652452200.0, 499.51056083333333],
[1652538600.0, 499.5225194583333],
[1652625000.0, 499.25095200000004],
[1652711400.0, 498.5920517083334],
[1652797800.0, 499.4904045416667],
[1652884200.0, 496.52316149999996],
[1652970600.0, 495.8706492083333],
[1653057000.0, 496.78276145833337],
[1653143400.0, 493.93036891666674],
[1653229800.0, 488.44402275],
[1653316200.0, 489.4612295416667],
[1653402600.0, 490.70558779166663],
[1653489000.0, 489.2237381249999],
[1653575400.0, 486.11302724999996],
[1653661800.0, 490.61927366666663],
[1653748200.0, 491.5508026666666],
[1653834600.0, 491.5023732499999],
[1653921000.0, 496.0724677916667],
[1654007400.0, 497.1645108749999],
[1654093800.0, 500.5029338749999],
[1654180200.0, 501.5873362499999],
[1654266600.0, 504.9038715416666],
[1654353000.0, 505.6365993333333],
[1654439400.0, 506.7385171249999],
[1654525800.0, 507.42256175000006],
[1654612200.0, 506.9066450833334],
[1654698600.0, 505.86238962500005],
[1654785000.0, 503.91482429166666],
[1654871400.0, 502.0916654166667],
[1654957800.0, 500.9906271666667],
[1655044200.0, 499.32050275],
[1655130600.0, 498.53517337499994],
[1655217000.0, 498.81073749999996],
[1655303400.0, 501.52652100000006],
[1655389800.0, 503.6093053333332],
[1655476200.0, 501.7526865416667],
[1655562600.0, 502.94718029166665],
[1655649000.0, 503.0137355833333],
[1655735400.0, 504.3976479583334],
[1655821800.0, 504.988579],
[1655908200.0, 504.3738562916667],
[1655994600.0, 505.72454204166667],
[1656081000.0, 505.12996487500004],
[1656167400.0, 503.315286875],
[1656253800.0, 504.31040833333327],
[1656340200.0, 506.0520449166666],
[1656426600.0, 506.0589820833333],
[1656513000.0, 506.3472788750001],
[1656599400.0, 509.53459554166665],
[1656685800.0, 508.74587620833336],
[1656772200.0, 507.1637336666667],
[1656858600.0, 507.71616075],
[1656945000.0, 510.04571358333334],
[1657031400.0, 509.3683771666667],
[1657117800.0, 508.67527983333326],
[1657204200.0, 509.851167625],
[1657290600.0, 508.42640762499997],
[1657377000.0, 509.2682183333333],
[1657463400.0, 508.7189350833334],
[1657549800.0, 507.6514472916668],
[1657636200.0, 506.82115745833335],
[1657722600.0, 507.18310820833335],
[1657809000.0, 506.6511307083333],
[1657895400.0, 504.1680429583334],
[1657981800.0, 503.1043213749999],
[1658068200.0, 503.68358579166664],
[1658154600.0, 505.4761342916666],
[1658241000.0, 504.7292735833334],
[1658327400.0, 504.9858284166666],
[1658413800.0, 505.55903483333327],
[1658500200.0, 505.3667274583334],
[1658586600.0, 506.420130875],
[1658673000.0, 505.4574022916666],
[1658759400.0, 508.0162614583333],
[1658845800.0, 507.29457241666665],
[1658932200.0, 510.77583758333327],
[1659018600.0, 510.3399124999999],
[1659105000.0, 508.70863725],
[1659191400.0, 509.3642108333332],
[1659277800.0, 510.1710762083333],
[1659364200.0, 508.679221375],
[1659450600.0, 508.2574412083334],
[1659537000.0, 509.31023533333337],
[1659623400.0, 511.10283679166673],
[1659709800.0, 509.72434333333325],
[1659796200.0, 509.3291650833333],
[1659882600.0, 509.0611132499999],
[1659969000.0, 509.6018659583333],
[1660055400.0, 510.8132974166667],
[1660141800.0, 512.678039125],
[1660228200.0, 512.6041046666667],
[1660314600.0, 512.9632759166667],
[1660401000.0, 512.9632759166667],
[1660487400.0, 512.9632759166667],
[1660573800.0, 512.9632759166667],
[1660660200.0, 512.1911557500001],
[1660746600.0, 514.1159466666667],
[1660833000.0, 513.6392878333332],
[1660919400.0, 513.0357304166668],
[1661005800.0, 513.2502701249999],
[1661092200.0, 515.8963692083333],
[1661178600.0, 516.91908075],
[1661265000.0, 519.7370225416665],
[1661351400.0, 518.9544674999999],
[1661437800.0, 522.0077862083333],
[1661524200.0, 523.5196980833333],
[1661610600.0, 523.8953862500001],
[1661697000.0, 523.4391131666666],
[1661783400.0, 522.4763392916667],
[1661869800.0, 522.8378235833334],
[1661956200.0, 525.57019825],
[1662042600.0, 525.7001954583333],
[1662129000.0, 526.7176680833334],
[1662215400.0, 529.5192557916668],
[1662301800.0, 529.3309702083334],
[1662388200.0, 528.2961529583332],
[1662474600.0, 526.7316579583332],
[1662561000.0, 525.409085875],
[1662647400.0, 524.297263625],
[1662733800.0, 525.5417875416666],
[1662820200.0, 523.7153794583334],
[1662906600.0, 523.8110177916667],
[1662993000.0, 525.8262468333334],
[1663079400.0, 524.1109730416666],
[1663165800.0, 523.2473514583332],
[1663252200.0, 522.0231365833333],
[1663338600.0, 523.8952039166667],
[1663425000.0, 523.5897285],
[1663511400.0, 525.5729550416667],
[1663597800.0, 527.1900965416667],
[1663684200.0, 527.0113730416667],
[1663770600.0, 523.6946475000001],
[1663857000.0, 522.5569774583332],
[1663943400.0, 519.6235035000001],
[1664029800.0, 519.8925994166667],
[1664116200.0, 520.1745657916666],
[1664202600.0, 520.9859462083333],
[1664289000.0, 520.5162114166666],
[1664375400.0, 521.9995888333333],
[1664461800.0, 523.7521232916667],
[1664548200.0, 528.135285125],
[1664634600.0, 531.0876251666666],
[1664717400.0, 531.394587],
[1664803800.0, 535.3606707916667],
[1664890200.0, 540.0389007083332],
[1664976600.0, 539.6779809583334],
[1665063000.0, 540.1833420416666],
[1665149400.0, 539.5908324583332],
[1665235800.0, 539.7338585833332],
[1665322200.0, 537.7104594583334],
[1665408600.0, 538.5115106250001],
[1665495000.0, 538.1874362499999],
[1665581400.0, 537.6199634583332],
[1665667800.0, 538.4036802083333],
[1665754200.0, 540.3846323333332],
[1665840600.0, 542.0166381666667],
[1665927000.0, 546.5784166249999],
[1666013400.0, 543.5224033333333],
[1666099800.0, 545.8645960833333],
[1666186200.0, 563.2417448333333],
[1666272600.0, 559.7565314999999],
[1666359000.0, 561.2287958333334],
[1666445400.0, 557.4036693749999],
[1666531800.0, 553.7202604999999],
[1666618200.0, 546.3726583749999],
[1666704600.0, 553.2510531666666],
[1666791000.0, 552.8287754166668],
[1666877400.0, 551.469329375],
[1666963800.0, 551.3066938333333],
[1667050200.0, 550.7148760416667],
[1667136600.0, 546.382620375],
[1667223000.0, 550.1934929583334],
[1667309400.0, 549.2391667083333],
[1667395800.0, 548.3041410416666],
[1667482200.0, 558.31756275],
[1667568600.0, 561.2668539583333],
[1667655000.0, 562.747594625],
[1667741400.0, 560.860944],
[1667827800.0, 557.8651855833333],
[1667914200.0, 558.7970647916667],
[1668000600.0, 563.5517305416666],
[1668087000.0, 569.4402403333333],
[1668173400.0, 571.5920983749999],
[1668259800.0, 572.3174019166667],
[1668346200.0, 576.2657302916667],
[1668432600.0, 578.1045495000001],
[1668519000.0, 576.3831287916665],
[1668605400.0, 573.018375125],
[1668691800.0, 580.6725512916668],
[1668778200.0, 585.9090236666666],
[1668864600.0, 590.9860575833334],
[1668951000.0, 597.4462459583334],
[1669037400.0, 612.1946743333332],
[1669123800.0, 613.2567179583333],
[1669210200.0, 609.9972579166666],
[1669296600.0, 601.9033124166667],
[1669383000.0, 598.4846988749999],
[1669469400.0, 598.1556642916667],
[1669555800.0, 594.4373593333333],
[1669642200.0, 597.3442161666667],
[1669728600.0, 607.1664985833334],
[1669815000.0, 613.9698078749999],
[1669901400.0, 620.0011905416667],
[1669987800.0, 624.5513914166667],
[1670074200.0, 628.624567875],
[1670160600.0, 636.3174535833334],
[1670247000.0, 637.0647525],
[1670333400.0, 642.9248870416667],
[1670419800.0, 651.456753125],
[1670506200.0, 658.933599],
[1670592600.0, 655.5053000416666],
[1670679000.0, 653.653738],
[1670765400.0, 647.9178862083332],
[1670851800.0, 648.5679874166666],
[1670938200.0, 646.2982753333334],
[1671024600.0, 645.92776625],
[1671111000.0, 644.2452654166667],
[1671197400.0, 643.5152778333332],
[1671283800.0, 641.0258373333332],
[1671370200.0, 640.6416495833333],
[1671456600.0, 641.0542524166666],
[1671543000.0, 637.5607805000001],
[1671629400.0, 633.64000525],
[1671715800.0, 625.9499310416667],
[1671802200.0, 611.8724127083332],
[1671888600.0, 613.931572875],
[1671975000.0, 621.4016685],
[1672061400.0, 621.0149569583334],
[1672147800.0, 616.69999725],
[1672234200.0, 614.8461577499999],
[1672320600.0, 614.8716395833333],
[1672407000.0, 611.5358753749999],
[1672493400.0, 608.1267943333334],
[1672579800.0, 603.9677467916666],
[1672666200.0, 598.3875995416668],
[1672752600.0, 597.4798271666667],
[1672839000.0, 597.1098522083333],
[1672925400.0, 600.0762084583333],
[1673011800.0, 602.0963870416666],
[1673098200.0, 604.2095704166667],
[1673184600.0, 616.1716562083333],
[1673271000.0, 620.407783],
[1673357400.0, 624.7282274999999],
[1673443800.0, 628.8690538333333],
[1673530200.0, 635.8727798333334],
[1673616600.0, 637.0338025833332],
[1673703000.0, 633.6132638333333],
[1673789400.0, 629.7003988333333],
[1673875800.0, 627.184910125],
[1673962200.0, 629.3285734583333],
[1674048600.0, 627.4635474999999],
[1674135000.0, 626.7025235416667],
[1674221400.0, 630.6104276249999],
[1674307800.0, 632.5283570833333],
[1674394200.0, 633.3387247916667],
[1674480600.0, 632.054403625],
[1674567000.0, 632.1595614166667],
[1674653400.0, 632.713432625],
[1674739800.0, 631.2255860416667],
[1674826200.0, 632.046256],
[1674912600.0, 631.0374310416667],
[1674999000.0, 632.7210529583333],
[1675085400.0, 633.4363579166666],
[1675171800.0, 634.4606535000001],
[1675258200.0, 636.1478505416667],
[1675344600.0, 635.8861582500001],
[1675431000.0, 632.8045821666668],
[1675517400.0, 634.5526399583334],
[1675603800.0, 634.2433761666666],
[1675690200.0, 634.0615852500001],
[1675776600.0, 636.4892146666666],
[1675863000.0, 636.8903932916668],
[1675949400.0, 636.8903932916668],
