[[1633098600, 7.84],
[1633185000, 8.56],
[1633267800, 8.43],
[1633354200, 8.88],
[1633440600, 8.58],
[1633527000, 7.88],
[1633613400, 8.49],
[1633699800, 8.63],
[1633786200, 8.46],
[1633872600, 8.78],
[1633959000, 8.62],
[1634045400, 8.43],
[1634131800, 8.45],
[1634218200, 8.48],
[1634304600, 8.08],
[1634391000, 8.26],
[1634477400, 8.86],
[1634563800, 8.6],
[1634650200, 8.45],
[1634736600, 8.4],
[1634823000, 8.35],
[1634909400, 8.13],
[1634995800, 8.02],
[1635082200, 8.24],
[1635168600, 8.42],
[1635255000, 8.33],
[1635341400, 7.85],
[1635427800, 8.19],
[1635514200, 8.45],
[1635600600, 8.5],
[1635687000, 8.46],
[1635859800, 8.46],
[1636119000, 8.86],
[1636291800, 8.75],
[1636464600, 8.4],
[1636637400, 8.04],
[1636983000, 8.4],
[1637242200, 7.98],
[1637328600, 8.27],
[1637415000, 8.18],
[1637501400, 8.26],
[1637587800, 7.96],
[1637674200, 8.0],
[1637760600, 7.95],
[1637847000, 7.85],
[1637933400, 7.66],
[1638019800, 7.71],
[1638106200, 7.68],
[1638192600, 7.67],
[1638279000, 7.76],
[1638365400, 7.33],
[1638451800, 8.03],
[1638538200, 7.85],
[1638624600, 7.98],
[1638711000, 8.67],
[1638797400, 8.49],
[1638883800, 8.82],
[1638970200, 8.83],
[1639056600, 8.9],
[1639143000, 8.89],
[1639229400, 8.97],
[1639315800, 8.94],
[1639402200, 8.92],
[1639488600, 8.81],
[1639575000, 8.78],
[1639661400, 8.66],
[1639747800, 8.7],
[1639834200, 8.67],
[1639920600, 8.71],
[1640007000, 8.77],
[1640093400, 8.76],
[1640179800, 8.73],
[1640266200, 8.64],
[1640352600, 8.86],
[1640439000, 9.0],
[1640525400, 8.89],
[1640611800, 9.18],
[1640698200, 9.4],
[1640784600, 10.27],
[1640871000, 9.5],
[1640957400, 9.74],
[1641043800, 9.71],
[1641130200, 10.05],
[1641216600, 10.37],
[1641303000, 10.32],
[1641389400, 9.96],
[1641475800, 10.1],
[1641562200, 9.94],
[1641648600, 9.9],
[1641735000, 10.2],
[1641821400, 10.29],
[1641907800, 10.3],
[1641994200, 10.36],
[1642080600, 10.37],
[1642167000, 9.9],
[1642253400, 9.98],
[1642339800, 10.32],
[1642426200, 10.27],
[1642512600, 10.52],
[1642599000, 10.55],
[1642685400, 10.26],
[1642771800, 9.98],
[1642858200, 10.33],
[1642944600, 10.1],
[1643031000, 9.73],
[1643117400, 9.89],
[1643203800, 9.79],
[1643290200, 9.78],
[1643376600, 9.4],
[1643463000, 9.48],
[1643549400, 9.31],
[1643635800, 9.31],
[1643722200, 9.31],
[1643808600, 9.29],
[1643895000, 9.22],
[1643981400, 9.29],
[1644067800, 9.44],
[1644154200, 9.62],
[1644240600, 10.1],
[1644327000, 9.43],
[1644413400, 9.5],
[1644499800, 9.34],
[1644586200, 9.29],
[1644672600, 9.61],
[1644759000, 9.18],
[1644845400, 9.34],
[1644931800, 9.23],
[1645018200, 9.27],
[1645104600, 9.16],
[1645191000, 9.73],
[1645277400, 9.14],
[1645363800, 9.15],
[1645450200, 9.26],
[1645536600, 9.2],
[1645623000, 9.23],
[1645709400, 9.19],
[1645795800, 9.02],
[1645882200, 8.78],
[1645968600, 8.91],
[1646055000, 8.96],
[1646141400, 8.93],
[1646400600, 9.05],
[1646487000, 9.06],
[1646659800, 9.11],
[1646746200, 8.93],
[1646832600, 8.82],
[1647005400, 8.98],
[1647091800, 9.0],
[1647178200, 8.95],
[1647437400, 9.12],
[1647523800, 9.06],
[1647696600, 9.21],
[1647783000, 9.24],
[1647869400, 9.3],
[1648042200, 9.31],
[1648128600, 9.2],
[1648301400, 8.96],
[1648474200, 9.03],
[1648733400, 9.34],
[1648906200, 9.15],
[1649169000, 9.62],
[1649255400, 9.33],
[1649341800, 9.52],
[1649514600, 9.55],
[1649601000, 9.66],
[1649687400, 9.69],
[1649773800, 9.59],
[1649860200, 9.6],
[1649946600, 9.82],
[1650033000, 10.24],
[1650119400, 10.26],
[1650205800, 10.38],
[1650292200, 10.12],
[1650378600, 10.11],
[1650465000, 10.23],
[1650551400, 10.23],
[1650637800, 10.23],
[1650724200, 9.97],
[1650810600, 10.02],
[1650897000, 10.06],
[1650983400, 10.29],
[1651069800, 9.76],
[1651156200, 9.72],
[1651242600, 9.52],
[1651329000, 9.51],
[1651415400, 9.43],
[1651501800, 9.65],
[1651588200, 9.28],
[1651674600, 9.17],
[1651761000, 9.07],
[1651847400, 9.15],
[1651933800, 9.06],
[1652020200, 9.03],
[1652106600, 9.44],
[1652193000, 9.0],
[1652279400, 8.9],
[1652365800, 8.86],
[1652970600, 9.08],
[1653057000, 8.69],
[1653143400, 8.77],
[1653229800, 8.65],
[1653316200, 8.76],
[1653402600, 8.89],
[1653489000, 8.63],
[1653575400, 8.69],
[1653661800, 8.62],
[1653748200, 8.76],
[1653834600, 8.89],
[1653921000, 8.71],
[1654007400, 8.69],
[1654093800, 8.7],
[1654180200, 8.7],
[1654266600, 8.71],
[1654353000, 8.62],
[1654439400, 8.7],
[1654525800, 8.69],
[1654612200, 8.63],
[1654698600, 8.52],
[1654785000, 8.56],
[1654871400, 8.77],
[1654957800, 8.83],
[1655044200, 8.58],
[1655130600, 8.58],
[1655217000, 8.8],
[1655303400, 8.75],
[1655389800, 8.46],
[1655476200, 8.57],
[1655562600, 8.56],
[1655649000, 8.13],
[1655735400, 8.27],
[1655821800, 8.23],
[1655908200, 8.18],
[1655994600, 8.05],
[1656081000, 8.24],
[1656167400, 7.98],
[1656253800, 8.12],
[1656340200, 8.18],
[1656426600, 8.16],
[1656513000, 8.13],
[1656599400, 8.24],
[1656685800, 8.43],
[1656772200, 8.31],
[1656858600, 8.29],
[1656945000, 8.35],
[1657031400, 8.53],
[1657117800, 8.41],
[1657290600, 8.25],
[1657377000, 8.41],
[1657463400, 8.33],
[1657549800, 8.54],
[1657636200, 8.49],
[1657722600, 8.63],
[1657809000, 8.32],
[1657895400, 8.3],
[1657981800, 8.32],
[1658068200, 8.3],
[1658154600, 8.56],
[1658241000, 8.57],
[1658327400, 8.59],
[1658413800, 8.65],
[1658673000, 8.42],
[1658759400, 8.49],
[1658845800, 8.62],
[1658932200, 8.58],
[1659018600, 8.72],
[1659105000, 8.63],
[1659191400, 8.73],
[1659277800, 9.07],
[1659364200, 8.77],
[1659450600, 8.75],
[1659537000, 8.92],
[1659623400, 8.89],
[1659709800, 9.07],
[1659796200, 8.91],
[1659882600, 8.66],
[1659969000, 8.66],
[1660055400, 8.79],
[1660228200, 8.82],
[1660314600, 8.92],
[1660401000, 8.92],
[1660487400, 8.92],
[1660573800, 8.92],
[1660660200, 8.7],
[1660746600, 8.58],
[1660833000, 8.36],
[1660919400, 8.62],
[1661005800, 8.64],
[1661178600, 8.61],
[1661265000, 8.46],
[1661351400, 8.55],
[1661437800, 8.45],
[1661524200, 8.56],
[1661610600, 8.58],
[1661697000, 8.46],
[1661783400, 8.34],
[1661869800, 8.43],
[1661956200, 8.5],
[1662042600, 8.39],
[1662129000, 8.26],
[1662215400, 8.57],
[1662301800, 8.75],
[1662561000, 8.67],
[1662647400, 8.66],
[1662733800, 8.77],
[1662820200, 8.88],
[1662906600, 8.43],
[1662993000, 8.27],
[1663079400, 8.23],
[1663165800, 8.28],
[1663252200, 8.29],
[1663338600, 8.21],
[1663425000, 8.14],
[1663511400, 8.36],
[1663597800, 8.03],
[1663684200, 8.14],
[1663770600, 8.1],
[1663857000, 8.05],
[1663943400, 7.9],
[1664029800, 7.97],
[1664116200, 7.97],
[1664202600, 7.97],
[1664289000, 8.07],
[1664375400, 8.14],
[1664461800, 7.96],
[1664548200, 7.57],
[1664634600, 8.06],
[1664717400, 8.1],
[1664803800, 8.12],
[1664890200, 8.2],
[1664976600, 8.34],
[1665063000, 8.15],
[1665149400, 8.18],
[1665235800, 8.42],
[1665322200, 8.66],
[1665408600, 8.34],
[1665495000, 8.09],
[1665581400, 8.25],
[1665667800, 8.47],
[1665754200, 8.18],
[1665840600, 8.48],
[1665927000, 8.39],
[1666013400, 8.16],
[1666099800, 8.28],
[1666186200, 8.46],
[1666272600, 8.49],
[1666359000, 8.53],
[1666445400, 7.88],
[1666531800, 7.86],
[1666618200, 7.76],
[1666704600, 7.87],
[1666791000, 7.81],
[1666877400, 7.96],
[1666963800, 7.99],
[1667050200, 7.83],
[1667136600, 8.02],
[1667223000, 7.79],
[1667309400, 7.7],
[1667395800, 7.92],
[1667482200, 7.8],
[1667568600, 8.0],
[1667655000, 8.16],
[1667741400, 8.13],
[1667827800, 8.17],
[1667914200, 8.02],
[1668000600, 8.28],
[1668087000, 8.42],
[1668173400, 8.12],
[1668259800, 8.4],
[1668346200, 8.27],
[1668432600, 8.11],
[1668519000, 8.24],
[1668605400, 8.11],
[1668691800, 8.16],
[1668778200, 7.92],
[1668864600, 7.81],
[1668951000, 7.78],
[1669037400, 7.58],
[1669123800, 7.68],
[1669210200, 7.59],
[1669296600, 7.61],
[1669383000, 7.49],
[1669469400, 7.41],
[1669555800, 7.66],
[1669642200, 7.57],
[1669728600, 7.75],
[1669815000, 7.86],
[1669901400, 7.96],
[1669987800, 8.21],
[1670074200, 8.4],
[1670160600, 8.32],
[1670247000, 8.54],
[1670333400, 8.56],
[1670419800, 8.54],
[1670506200, 8.36],
[1670592600, 8.26],
[1670679000, 8.25],
[1670765400, 8.25],
[1670851800, 8.29],
[1670938200, 8.41],
[1671024600, 8.12],
[1671111000, 8.35],
[1671197400, 8.22],
[1671283800, 8.22],
[1671370200, 8.36],
[1671456600, 8.26],
[1671543000, 8.31],
[1671629400, 8.29],
[1671715800, 8.21],
[1671802200, 8.07],
[1671888600, 8.31],
[1671975000, 8.2],
[1672061400, 8.16],
[1672147800, 8.17],
[1672234200, 8.34],
[1672320600, 8.22],
[1672407000, 8.15],
[1672493400, 8.1],
[1672579800, 8.04],
[1672666200, 8.06],
[1672752600, 7.99],
[1672839000, 8.04],
[1672925400, 8.12],
[1673011800, 8.08],
[1673098200, 8.16],
[1673184600, 8.42],
[1673271000, 8.44],
[1673357400, 8.53],
[1673443800, 8.58],
[1673530200, 8.24],
[1673616600, 8.78],
[1673703000, 8.82],
[1673789400, 8.64],
[1673875800, 8.6],
[1673962200, 8.58],
[1674048600, 8.67],
[1674135000, 8.7],
[1674221400, 8.67],
[1674307800, 8.87],
[1674394200, 8.57],
[1674480600, 8.58],
[1674567000, 8.69],
[1674653400, 8.68],
[1674739800, 8.78],
[1674826200, 8.97],
[1674912600, 8.9],
[1674999000, 9.08],
[1675085400, 8.86],
[1675171800, 9.0],
[1675258200, 9.01],
[1675344600, 8.86],
[1675431000, 9.0],
[1675517400, 9.08],
[1675603800, 8.95],
[1675690200, 8.7],
[1675776600, 8.89],
[1675863000, 8.81],
[1675949400, 8.64],
[1676035800, 8.54],
[1676122200, 8.77],
[1676208600, 8.69],
[1676295000, 8.96],
[1676381400, 8.96],
[1676467800, 8.96],
[1676554200, 8.77],
[1676640600, 8.84],
[1676727000, 8.73],
[1676813400, 8.6],
[1676899800, 8.59],
[1677072600, 8.79],
[1677159000, 8.73],
[1677245400, 8.53],
[1677331800, 8.67],
[1677418200, 8.76],
[1677504600, 8.87],
[1677591000, 8.62],
[1677677400, 8.86],
[1677763800, 8.9],
[1677850200, 8.9],
[1677936600, 8.9],
[1678023000, 9.36],
[1678109400, 9.28],
[1678195800, 9.09],
[1678282200, 9.29],
[1678368600, 9.16],
[1678455000, 9.21],
[1678541400, 9.12],
[1678627800, 9.45],
[1678714200, 9.51],
[1678800600, 9.29],
[1678887000, 9.41],
[1678973400, 9.35],
[1679059800, 9.14],
[1679146200, 9.21],
[1679232600, 9.07],
[1679319000, 8.97],
[1679405400, 8.95],
[1679491800, 9.31],
[1679578200, 9.57],
[1679664600, 10.14],
[1679751000, 10.67],
[1679837400, 10.44],
[1679923800, 11.34],
[1680010200, 11.43],
[1680096600, 11.4],
[1680183000, 11.56],
[1680269400, 11.81],
[1680355800, 11.85],
[1680445800, 12.03],
[1680532200, 12.07],
[1680618600, 11.97],
[1680705000, 11.97]]
