[1635773400.0, 27.85],
[1635859800.0, 27.840000000000003],
[1635946200.0, 27.74],
[1636032600.0, 27.73],
[1636119000.0, 27.709999999999997],
[1636205400.0, 27.61],
[1636291800.0, 26.5],
[1636378200.0, 26.5],
[1636464600.0, 26.48],
[1636551000.0, 26.459999999999997],
[1636637400.0, 26.459999999999997],
[1636723800.0, 26.45],
[1636810200.0, 26.45],
[1636896600.0, 26.44],
[1636983000.0, 26.44],
[1637069400.0, 26.44],
[1637155800.0, 26.43],
[1637242200.0, 26.43],
[1637328600.0, 26.419999999999998],
[1637415000.0, 26.26],
[1637501400.0, 26.089999999999996],
[1637587800.0, 25.99],
[1637674200.0, 25.64],
[1637760600.0, 25.369999999999997],
[1637847000.0, 24.95],
[1637933400.0, 24.68],
[1638019800.0, 24.499999999999996],
[1638106200.0, 24.35],
[1638192600.0, 24.19],
[1638279000.0, 23.94],
[1638365400.0, 23.77],
[1638451800.0, 23.77],
[1638538200.0, 22.38],
[1638624600.0, 22.38],
[1638711000.0, 22.080000000000002],
[1638797400.0, 22.080000000000002],
[1638883800.0, 22.080000000000002],
[1638970200.0, 22.1],
[1639056600.0, 21.17],
[1639143000.0, 21.11],
[1639229400.0, 20.47],
[1639315800.0, 20.36],
[1639402200.0, 20.31],
[1639488600.0, 20],
[1639575000.0, 19.9],
[1639661400.0, 19.79],
[1639747800.0, 19.759999999999998],
[1639834200.0, 19.73],
[1639920600.0, 19.69],
[1640007000.0, 19.66],
[1640093400.0, 19.56],
[1640179800.0, 19.54],
[1640266200.0, 19.51],
[1640352600.0, 19.55],
[1640439000.0, 19.55],
[1640525400.0, 19.47],
[1640611800.0, 19.47],
[1640698200.0, 19.47],
[1640784600.0, 19.46],
[1640871000.0, 19.46],
[1640957400.0, 19.46],
[1641043800.0, 19.01],
[1641130200.0, 18.62],
[1641216600.0, 17.91],
[1641303000.0, 17.83],
[1641389400.0, 17.27],
[1641475800.0, 17.27],
[1641562200.0, 17.27],
[1641648600.0, 16.89],
[1641735000.0, 16.5],
[1641821400.0, 16.5],
[1641907800.0, 16.38],
[1641994200.0, 16.39],
[1642080600.0, 16.23],
[1642167000.0, 16.150000000000002],
[1642253400.0, 16.17],
[1642339800.0, 16.18],
[1642426200.0, 16.2],
[1642512600.0, 16.52],
[1642599000.0, 16.45],
[1642685400.0, 16.23],
[1642771800.0, 16.150000000000002],
[1642858200.0, 15.98],
[1642944600.0, 15.98],
[1643031000.0, 15.69],
[1643117400.0, 15.700000000000001],
[1643203800.0, 15.67],
[1643290200.0, 15.58],
[1643376600.0, 15.93],
[1643463000.0, 15.91],
[1643549400.0, 15.91],
[1643635800.0, 15.91],
[1643722200.0, 15.91],
[1643808600.0, 15.959999999999999],
[1643895000.0, 15.97],
[1643981400.0, 15.69],
[1644067800.0, 15.629999999999999],
[1644154200.0, 15.54],
[1644240600.0, 15.56],
[1644327000.0, 15.549999999999999],
[1644413400.0, 15.319999999999999],
[1644499800.0, 18.86],
[1644586200.0, 18.05],
[1644672600.0, 17.400000000000002],
[1644759000.0, 17.41],
[1644845400.0, 17.46],
[1644931800.0, 17.5],
[1645018200.0, 17.52],
[1645104600.0, 17.53],
[1645191000.0, 17.37],
[1645277400.0, 16.57],
[1645363800.0, 16.57],
[1645450200.0, 16.59],
[1645536600.0, 16.99],
[1645623000.0, 17.02],
[1645709400.0, 17.23],
[1645795800.0, 17],
[1645882200.0, 16.599999999999998],
[1645968600.0, 16.59],
[1646055000.0, 16.63],
[1646141400.0, 19],
[1646227800.0, 18.990000000000002],
[1646314200.0, 19.47],
[1646400600.0, 19.439999999999998],
[1646487000.0, 19.419999999999998],
[1646573400.0, 19.41],
[1646659800.0, 19.45],
[1646746200.0, 18.16],
[1646832600.0, 18.169999999999998],
[1646919000.0, 18.11],
[1647005400.0, 18.04],
[1647091800.0, 18.01],
[1647178200.0, 17.990000000000002],
[1647264600.0, 17.97],
[1647351000.0, 17.96],
[1647437400.0, 19.33],
[1647523800.0, 19.34],
[1647610200.0, 19.299999999999997],
[1647696600.0, 17.96],
[1647783000.0, 17.97],
[1647869400.0, 17.990000000000002],
[1647955800.0, 16.49],
[1648042200.0, 19.27],
[1648128600.0, 19.27],
[1648215000.0, 19.26],
[1648301400.0, 19.23],
[1648387800.0, 19.13],
[1648474200.0, 19.08],
[1648560600.0, 19.1],
[1648647000.0, 19.14],
[1648733400.0, 19.169999999999998],
[1648819800.0, 19.1],
[1648906200.0, 19.08],
[1648996200.0, 19.08],
[1649082600.0, 19.1],
[1649169000.0, 19.09],
[1649255400.0, 19.11],
[1649341800.0, 19.12],
[1649428200.0, 19.08],
[1649514600.0, 18.990000000000002],
[1649601000.0, 18.990000000000002],
[1649687400.0, 18.990000000000002],
[1649773800.0, 18.990000000000002],
[1649860200.0, 18.990000000000002],
[1649946600.0, 18.97],
[1650033000.0, 18.82],
[1650119400.0, 18.82],
[1650205800.0, 18.799999999999997],
[1650292200.0, 18.97],
[1650378600.0, 18.97],
[1650465000.0, 18.83],
[1650551400.0, 18.83],
[1650637800.0, 18.83],
[1650724200.0, 26.459999999999997],
[1650810600.0, 26.459999999999997],
[1650897000.0, 26.459999999999997],
[1650983400.0, 26.31],
[1651069800.0, 26.31],
[1651156200.0, 25.500000000000004],
[1651242600.0, 25.52],
[1651329000.0, 25.48],
[1651415400.0, 25.44],
[1651501800.0, 25.459999999999997],
[1651588200.0, 25.51],
[1651674600.0, 25.470000000000002],
[1651761000.0, 25.35],
[1651847400.0, 25.2],
[1651933800.0, 25.14],
[1652020200.0, 25.14],
[1652106600.0, 25.04],
[1652193000.0, 25.029999999999998],
[1652279400.0, 25.02],
[1652365800.0, 24.8],
[1652452200.0, 24.720000000000002],
[1652538600.0, 24.61],
[1652625000.0, 24.29],
[1652711400.0, 24.34],
[1652797800.0, 24.43],
[1652884200.0, 24.32],
[1652970600.0, 24.32],
[1653057000.0, 24.41],
[1653143400.0, 24.36],
[1653229800.0, 24.279999999999998],
[1653316200.0, 24.380000000000003],
[1653402600.0, 24.29],
[1653489000.0, 23.999999999999996],
[1653575400.0, 23.82],
[1653661800.0, 23.869999999999997],
[1653748200.0, 23.83],
[1653834600.0, 23.84],
[1653921000.0, 23.83],
[1654007400.0, 23.749999999999996],
[1654093800.0, 23.67],
[1654180200.0, 28.5],
[1654266600.0, 29.72],
[1654353000.0, 28.19],
[1654439400.0, 27.340000000000003],
[1654525800.0, 27.369999999999997],
[1654612200.0, 27.29],
[1654698600.0, 27.220000000000002],
[1654785000.0, 27.209999999999997],
[1654871400.0, 27.11],
[1654957800.0, 26.99],
[1655044200.0, 26.73],
[1655130600.0, 26.54],
[1655217000.0, 26.48],
[1655303400.0, 26.64],
[1655389800.0, 21.24],
[1655476200.0, 21.200000000000003],
[1655562600.0, 21.17],
[1655649000.0, 21.159999999999997],
[1655735400.0, 21.23],
[1655821800.0, 21.21],
[1655908200.0, 21.159999999999997],
[1655994600.0, 21.18],
[1656081000.0, 21.189999999999998],
[1656167400.0, 21.159999999999997],
[1656253800.0, 21.13],
[1656340200.0, 21.15],
[1656426600.0, 21.09],
[1656513000.0, 21.09],
[1656599400.0, 21.080000000000002],
[1656685800.0, 21.029999999999998],
[1656772200.0, 21],
[1656858600.0, 20.99],
[1656945000.0, 21.01],
[1657031400.0, 20.96],
[1657117800.0, 20.939999999999998],
[1657204200.0, 20.599999999999998],
[1657290600.0, 20.580000000000002],
[1657377000.0, 20.56],
[1657463400.0, 20.540000000000003],
[1657549800.0, 20.48],
[1657636200.0, 20.450000000000003],
[1657722600.0, 20.43],
[1657809000.0, 20.330000000000002],
[1657895400.0, 20.279999999999998],
[1657981800.0, 20.240000000000002],
[1658068200.0, 20.22],
[1658154600.0, 20.29],
[1658241000.0, 20.29],
[1658327400.0, 20.23],
[1658413800.0, 20.069999999999997],
[1658500200.0, 20.06],
[1658586600.0, 19.86],
[1658673000.0, 16.689999999999998],
[1658759400.0, 16.59],
[1658845800.0, 16.42],
[1658932200.0, 16.44],
[1659018600.0, 16.38],
[1659105000.0, 16.37],
[1659191400.0, 20.069999999999997],
[1659277800.0, 20.11],
[1659364200.0, 16.689999999999998],
[1659450600.0, 16.68],
[1659537000.0, 19.98],
[1659623400.0, 19.990000000000002],
[1659709800.0, 19.96],
[1659796200.0, 19.779999999999998],
[1659882600.0, 19.8],
[1659969000.0, 19.830000000000002],
[1660055400.0, 19.84],
[1660141800.0, 19.9],
[1660228200.0, 19.88],
[1660314600.0, 19.87],
[1660401000.0, 19.87],
[1660487400.0, 19.87],
[1660573800.0, 19.87],
[1660660200.0, 19.73],
[1660746600.0, 19.66],
[1660833000.0, 19.63],
[1660919400.0, 19.529999999999998],
[1661005800.0, 19.43],
[1661092200.0, 19.41],
[1661178600.0, 19.37],
[1661265000.0, 19.299999999999997],
[1661351400.0, 19.25],
[1661437800.0, 19.12],
[1661524200.0, 19.029999999999998],
[1661610600.0, 18.990000000000002],
[1661697000.0, 19],
[1661783400.0, 18.939999999999998],
[1661869800.0, 18.939999999999998],
[1661956200.0, 18.96],
[1662042600.0, 18.87],
[1662129000.0, 18.84],
[1662215400.0, 18.79],
[1662301800.0, 18.63],
[1662388200.0, 18.59],
[1662474600.0, 18.52],
[1662561000.0, 18.51],
[1662647400.0, 18.51],
[1662733800.0, 18.09],
[1662820200.0, 17.990000000000002],
[1662906600.0, 17.86],
[1662993000.0, 17.84],
[1663079400.0, 17.209999999999997],
[1663165800.0, 17.18],
[1663252200.0, 16.45],
[1663338600.0, 16.43],
[1663425000.0, 16.12],
[1663511400.0, 16.12],
[1663597800.0, 16.14],
[1663684200.0, 16.32],
[1663770600.0, 15.879999999999999],
[1663857000.0, 15.56],
[1663943400.0, 15.44],
[1664029800.0, 15.42],
[1664116200.0, 15.41],
[1664202600.0, 15.39],
[1664289000.0, 15.35],
[1664375400.0, 15.39],
[1664461800.0, 15.25],
[1664548200.0, 15.25],
[1664634600.0, 15.25],
[1664717400.0, 14.899999999999999],
[1664803800.0, 15.25],
[1664890200.0, 15.25],
[1664976600.0, 16.86],
[1665063000.0, 16.79],
[1665149400.0, 15.44],
[1665235800.0, 15.44],
[1665322200.0, 17.990000000000002],
[1665408600.0, 17.990000000000002],
[1665495000.0, 17.990000000000002],
[1665581400.0, 17.990000000000002],
[1665667800.0, 17.990000000000002],
[1665754200.0, 17.349999999999998],
[1665840600.0, 17.349999999999998],
[1665927000.0, 17.77],
[1666013400.0, 17.08],
[1666099800.0, 17],
[1666186200.0, 16.97],
[1666272600.0, 16.83],
[1666359000.0, 16.83],
[1666445400.0, 16.83],
[1666531800.0, 16.83],
[1666618200.0, 16.68],
[1666704600.0, 17.17],
[1666791000.0, 16.400000000000002],
[1666877400.0, 16.349999999999998],
[1666963800.0, 16.349999999999998],
[1667050200.0, 16.14],
[1667136600.0, 15.89],
[1667223000.0, 15.950000000000001],
[1667309400.0, 15.5],
[1667395800.0, 15.27],
[1667482200.0, 15.59],
[1667568600.0, 15.52],
[1667655000.0, 15.450000000000001],
[1667741400.0, 15.1],
[1667827800.0, 14.98],
[1667914200.0, 15],
[1668000600.0, 15.17],
[1668087000.0, 15.18],
[1668173400.0, 15.129999999999999],
[1668259800.0, 15.34],
[1668346200.0, 15.42],
[1668432600.0, 15.49],
[1668519000.0, 15.17],
[1668605400.0, 14.879999999999999],
[1668691800.0, 14.819999999999999],
[1668778200.0, 14.819999999999999],
[1668864600.0, 14.819999999999999],
[1668951000.0, 14.87],
[1669037400.0, 14.92],
[1669123800.0, 14.74],
[1669210200.0, 14.69],
[1669296600.0, 15.23],
[1669383000.0, 15.23],
[1669469400.0, 15.23],
[1669555800.0, 15.14],
[1669642200.0, 15.23],
[1669728600.0, 15.319999999999999],
[1669815000.0, 14.840000000000002],
[1669901400.0, 14.89],
[1669987800.0, 15.33],
[1670074200.0, 15.54],
[1670160600.0, 15.67],
[1670247000.0, 15.6],
[1670333400.0, 15.649999999999999],
[1670419800.0, 15.59],
[1670506200.0, 15.61],
[1670592600.0, 15.61],
[1670679000.0, 15.61],
[1670765400.0, 15.56],
[1670851800.0, 15.56],
[1670938200.0, 15.54],
[1671024600.0, 15.49],
[1671111000.0, 15.42],
[1671197400.0, 15.42],
[1671283800.0, 15.42],
[1671370200.0, 15.33],
[1671456600.0, 15.370000000000001],
[1671543000.0, 15.319999999999999],
[1671629400.0, 15.1],
[1671715800.0, 15.02],
[1671802200.0, 15.02],
[1671888600.0, 14.950000000000001],
[1671975000.0, 14.86],
[1672061400.0, 14.72],
[1672147800.0, 14.55],
[1672234200.0, 14.58],
[1672320600.0, 14.72],
[1672407000.0, 14.72],
[1672493400.0, 14.72],
[1672579800.0, 14.5],
[1672666200.0, 15.33],
[1672752600.0, 15.379999999999999],
[1672839000.0, 15.399999999999999],
[1672925400.0, 15.5],
[1673011800.0, 15.49],
[1673098200.0, 15.49],
[1673184600.0, 15.649999999999999],
[1673271000.0, 15.629999999999999],
[1673357400.0, 15.64],
[1673443800.0, 15.72],
[1673530200.0, 15.799999999999999],
[1673616600.0, 15.799999999999999],
[1673703000.0, 15.799999999999999],
[1673789400.0, 15.72],
[1673875800.0, 15.629999999999999],
[1673962200.0, 15.69],
[1674048600.0, 15.620000000000001],
[1674135000.0, 15.59],
[1674221400.0, 15.6],
[1674307800.0, 15.6],
[1674394200.0, 15.59],
[1674480600.0, 15.59],
[1674567000.0, 15.52],
[1674653400.0, 15.6],
[1674739800.0, 15.77],
[1674826200.0, 15.700000000000001],
[1674912600.0, 24.48],
[1674999000.0, 24.6],
[1675085400.0, 24.58],
[1675171800.0, 24.630000000000003],
[1675258200.0, 24.67],
[1675344600.0, 24.51],
[1675431000.0, 24.51],
[1675517400.0, 24.51],
[1675603800.0, 24.44],
[1675690200.0, 22.13],
[1675776600.0, 22.07],
[1675863000.0, 24.459999999999997],
[1675949400.0, 24.459999999999997],
