[[1620138600, 10.29],
[1620225000, 9.27],
[1620311400, 8.05],
[1620397800, 7.34],
[1620484200, 6.88],
[1620570600, 6.5],
[1620657000, 6.32],
[1620743400, 6.12],
[1620829800, 6.03],
[1620916200, 5.8],
[1621002600, 5.69],
[1621089000, 5.57],
[1621175400, 5.29],
[1621261800, 5.42],
[1621348200, 5.28],
[1621434600, 5.15],
[1621521000, 5.02],
[1621607400, 4.95],
[1621693800, 4.81],
[1621780200, 4.68],
[1621866600, 4.56],
[1621953000, 4.44],
[1622039400, 4.48],
[1622125800, 4.47],
[1622212200, 4.48],
[1622298600, 4.31],
[1622385000, 4.36],
[1622471400, 4.31],
[1622557800, 4.31],
[1622644200, 3.67],
[1622730600, 3.66],
[1622817000, 3.66],
[1622903400, 3.59],
[1622989800, 3.61],
[1623076200, 3.64],
[1623162600, 3.61],
[1623249000, 3.62],
[1623335400, 3.59],
[1623421800, 3.6],
[1623508200, 3.59],
[1623594600, 3.52],
[1623681000, 3.51],
[1623767400, 3.55],
[1623853800, 3.51],
[1623940200, 3.46],
[1624026600, 3.49],
[1624113000, 3.4],
[1624199400, 3.38],
[1624285800, 3.2],
[1624372200, 3.26],
[1624458600, 3.19],
[1624545000, 3.19],
[1624631400, 3.12],
[1624717800, 3.26],
[1624804200, 3.24],
[1624890600, 3.12],
[1624977000, 3.21],
[1625063400, 3.2],
[1625149800, 3.2],
[1625236200, 3.19],
[1625236200, 3.19],
[1625322600, 3.24],
[1625409000, 3.17],
[1625495400, 3.14],
[1625581800, 3.13],
[1625668200, 3.09],
[1625754600, 3.1],
[1625841000, 3.07],
[1625927400, 3.09],
[1626013800, 2.98],
[1626100200, 2.98],
[1626186600, 2.98],
[1626273000, 2.97],
[1626359400, 2.96],
[1626445800, 2.99],
[1626532200, 3.01],
[1626618600, 2.99],
[1626705000, 3.03],
[1626791400, 3.02],
[1626877800, 3.02],
[1626964200, 3.05],
[1627050600, 3.05],
[1627137000, 3.09],
[1627223400, 3.08],
[1627309800, 3.01],
[1627396200, 3.03],
[1627482600, 2.96],
[1627569000, 3.02],
[1627655400, 3.02],
[1627741800, 3.01],
[1627828200, 3.03],
[1627914600, 2.99],
[1628001000, 3],
[1628087400, 2.98],
[1628173800, 2.98],
[1628260200, 2.99],
[1628346600, 2.98],
[1628433000, 2.96],
[1628519400, 2.96],
[1628605800, 2.96],
[1628692200, 2.96],
[1628778600, 2.96],
[1628865000, 2.98],
[1628951400, 2.98],
[1629037800, 2.98],
[1629124200, 2.98],
[1629210600, 2.98],
[1629297000, 2.98],
[1629383400, 2.98],
[1629469800, 2.98],
[1629556200, 2.91],
[1629642600, 2.93],
[1629729000, 2.91],
[1629815400, 2.9],
[1629901800, 2.9],
[1629988200, 2.9],
[1630074600, 2.9],
[1630161000, 2.9],
[1630247400, 2.9],
[1630333800, 2.87],
[1630420200, 2.88],
[1630506600, 2.91],
[1630593000, 2.87],
[1630679400, 2.9],
[1630765800, 2.9],
[1630852200, 2.89],
[1630938600, 2.9],
[1631025000, 2.9],
[1631111400, 2.9],
[1631197800, 2.9],
[1631284200, 2.9],
[1631370600, 2.9],
[1631457000, 2.9],
[1631543400, 2.9],
[1631629800, 2.9],
[1631716200, 2.9],
[1631802600, 2.9],
[1631889000, 2.9],
[1631975400, 2.9],
[1632061800, 2.9],
[1632148200, 2.9],
[1632234600, 2.71],
[1632321000, 2.71],
[1632407400, 2.71],
[1632493800, 2.69],
[1632580200, 2.69],
[1632666600, 2.68],
[1632753000, 2.68],
[1632839400, 2.65],
[1632925800, 2.63],
[1633012200, 2.63],
[1633098600, 2.63],
[1633185000, 2.58],
[1633267800, 2.61],
[1633354200, 2.61],
[1633440600, 2.6],
[1633527000, 2.59],
[1633613400, 2.59],
[1633699800, 2.59],
[1633786200, 2.58],
[1633872600, 2.58],
[1633959000, 2.58],
[1634045400, 2.58],
[1634131800, 2.58],
[1634218200, 2.58],
[1634304600, 2.58],
[1634391000, 2.57],
[1634477400, 2.57],
[1634563800, 2.58],
[1634650200, 2.58],
[1634736600, 2.57],
[1634823000, 2.56],
[1634909400, 2.56],
[1634995800, 2.56],
[1635082200, 2.55],
[1635168600, 2.55],
[1635255000, 2.54],
[1635341400, 2.54],
[1635427800, 2.55],
[1635514200, 2.55],
[1635600600, 2.55],
[1635687000, 2.55],
[1635773400, 2.55],
[1635859800, 2.54],
[1635946200, 2.55],
[1636032600, 2.55],
[1636119000, 2.55],
[1636205400, 2.55],
[1636291800, 2.55],
[1636378200, 2.55],
[1636464600, 2.54],
[1636551000, 2.54],
[1636637400, 2.54],
[1636723800, 2.54],
[1636810200, 2.54],
[1636896600, 2.53],
[1636983000, 2.54],
[1637069400, 2.54],
[1637155800, 2.54],
[1637242200, 2.54],
[1637328600, 2.54],
[1637415000, 2.55],
[1637501400, 2.55],
[1637587800, 2.55],
[1637674200, 2.55],
[1637760600, 2.55],
[1637847000, 2.57],
[1637933400, 2.56],
[1638019800, 2.55],
[1638106200, 2.56],
[1638192600, 2.56],
[1638279000, 2.56],
[1638365400, 2.56],
[1638451800, 2.55],
[1638538200, 2.55],
[1638624600, 2.55],
[1638711000, 2.55],
[1638797400, 2.55],
[1638883800, 2.55],
[1638970200, 2.55],
[1639056600, 2.55],
[1639143000, 2.55],
[1639229400, 2.55],
[1639315800, 2.55],
[1639402200, 2.55],
[1639488600, 2.55],
[1639575000, 2.55],
[1639661400, 2.55],
[1639747800, 2.55],
[1639834200, 2.55],
[1639920600, 2.55],
[1640007000, 2.55],
[1640093400, 2.54],
[1640179800, 2.55],
[1640266200, 2.55],
[1640352600, 2.55],
[1640439000, 2.55],
[1640525400, 2.55],
[1640611800, 2.55],
[1640698200, 2.54],
[1640784600, 2.54],
[1640871000, 2.54],
[1640957400, 2.55],
[1641043800, 2.55],
[1641130200, 2.55],
[1641216600, 2.55],
[1641303000, 2.55],
[1641389400, 2.55],
[1641475800, 2.55],
[1641562200, 2.55],
[1641648600, 2.55],
[1641735000, 2.55],
[1641821400, 2.55],
[1641907800, 2.55],
[1641994200, 2.56],
[1642080600, 2.56],
[1642167000, 2.56],
[1642253400, 2.56],
[1642339800, 2.57],
[1642426200, 2.57],
[1642512600, 2.57],
[1642599000, 2.58],
[1642685400, 2.56],
[1642771800, 2.56],
[1642858200, 2.56],
[1642944600, 2.56],
[1643031000, 2.56],
[1643117400, 2.56],
[1643203800, 2.56],
[1643290200, 2.56],
[1643376600, 2.56],
[1643463000, 2.56],
[1643549400, 2.56],
[1643635800, 2.56],
[1643722200, 2.56],
[1643808600, 2.57],
[1643895000, 2.56],
[1643981400, 2.57],
[1644067800, 2.56],
[1644154200, 2.56],
[1644240600, 2.56],
[1644327000, 2.56],
[1644413400, 2.56],
[1644499800, 2.56],
[1644586200, 2.56],
[1644672600, 2.56],
[1644759000, 2.56],
[1644845400, 2.56],
[1644931800, 2.56],
[1645018200, 2.56],
[1645104600, 2.56],
[1645191000, 2.56],
[1645277400, 2.56],
[1645363800, 2.56],
[1645450200, 2.56],
[1645536600, 2.56],
[1645623000, 2.56],
[1645709400, 2.56],
[1645795800, 2.56],
[1645882200, 2.57],
[1645968600, 2.57],
[1646055000, 2.61],
[1646141400, 2.6],
[1646227800, 2.6],
[1646314200, 2.58],
[1646400600, 2.59],
[1646487000, 2.59],
[1646573400, 2.59],
[1646659800, 2.61],
[1646746200, 2.59],
[1646832600, 2.59],
[1646919000, 2.58],
[1647005400, 2.59],
[1647091800, 2.59],
[1647178200, 2.6],
[1647264600, 2.59],
[1647351000, 2.59],
[1647437400, 2.61],
[1647523800, 2.6],
[1647610200, 2.61],
[1647696600, 2.61],
[1647783000, 2.62],
[1647869400, 2.64],
[1647955800, 2.65],
[1648042200, 2.63],
[1648128600, 2.62],
[1648215000, 2.63],
[1648301400, 2.62],
[1648387800, 2.62],
[1648474200, 2.61],
[1648560600, 2.62],
[1648647000, 2.62],
[1648733400, 2.62],
[1648819800, 2.62],
[1648906200, 2.63],
[1648996200, 2.63],
[1649082600, 2.64],
[1649169000, 2.64],
[1649255400, 2.64],
[1649341800, 2.65],
[1649428200, 2.65],
[1649514600, 2.68],
[1649601000, 2.68],
[1649687400, 2.68],
[1649773800, 2.68],
[1649860200, 2.68],
[1649946600, 2.68],
[1650033000, 2.67],
[1650119400, 2.67],
[1650205800, 2.67],
[1650292200, 2.67],
[1650378600, 2.67],
[1650465000, 2.67],
[1650551400, 2.67],
[1650637800, 2.67],
[1650724200, 2.67],
[1650810600, 2.67],
[1650897000, 2.68],
[1650983400, 2.67],
[1651069800, 2.67],
[1651156200, 2.66],
[1651242600, 2.67],
[1651329000, 2.67],
[1651415400, 2.68],
[1651501800, 2.66],
[1651588200, 2.67],
[1651674600, 2.66],
[1651761000, 2.66],
[1651847400, 2.65],
[1651933800, 2.66],
[1652020200, 2.65],
[1652106600, 2.65],
[1652193000, 2.64],
[1652279400, 2.63],
[1652365800, 2.63],
[1652452200, 2.62],
[1652538600, 2.62],
[1652625000, 2.62],
[1652711400, 2.61],
[1652797800, 2.62],
[1652884200, 2.62],
[1652970600, 2.62],
[1653057000, 2.61],
[1653143400, 2.61],
[1653229800, 2.61],
[1653316200, 2.62],
[1653402600, 2.63],
[1653489000, 2.63],
[1653575400, 2.64],
[1653661800, 2.63],
[1653748200, 2.63],
[1653834600, 2.64],
[1653921000, 2.64],
[1654007400, 2.65],
[1654093800, 2.66],
[1654180200, 2.67],
[1654266600, 2.65],
[1654353000, 2.64],
[1654439400, 2.64],
[1654525800, 2.64],
[1654612200, 2.63],
[1654698600, 2.63],
[1654785000, 2.64],
[1654871400, 2.62],
[1654957800, 2.62],
[1655044200, 2.62],
[1655130600, 2.62],
[1655217000, 2.62],
[1655303400, 2.62],
[1655389800, 2.62],
[1655476200, 2.62],
[1655562600, 2.62],
[1655649000, 2.62],
[1655735400, 2.61],
[1655821800, 2.61],
[1655908200, 2.61],
[1655994600, 2.6],
[1656081000, 2.6],
[1656167400, 2.61],
[1656253800, 2.61],
[1656340200, 2.61],
[1656426600, 2.61],
[1656513000, 2.61],
[1656599400, 2.61],
[1656685800, 2.61],
[1656772200, 2.61],
[1656858600, 2.61],
[1656945000, 2.61],
[1657031400, 2.6],
[1657117800, 2.61],
[1657204200, 2.61],
[1657290600, 2.61],
[1657377000, 2.61],
[1657463400, 2.61],
[1657549800, 2.6],
[1657636200, 2.61],
[1657722600, 2.6],
[1657809000, 2.6],
[1657895400, 2.6],
[1657981800, 2.6],
[1658068200, 2.59],
[1658154600, 2.61],
[1658241000, 2.6],
[1658327400, 2.6],
[1658413800, 2.6],
[1658500200, 2.6],
[1658586600, 2.6],
[1658673000, 2.6],
[1658759400, 2.6],
[1658845800, 2.6],
[1658932200, 2.6],
[1659018600, 2.6],
[1659105000, 2.6],
[1659191400, 2.6],
[1659277800, 2.6],
[1659364200, 2.6],
[1659450600, 2.6],
[1659537000, 2.6],
[1659623400, 2.6],
[1659709800, 2.6],
[1659796200, 2.59],
[1659882600, 2.6],
[1659969000, 2.6],
[1660055400, 2.6],
[1660141800, 2.6],
[1660228200, 2.6],
[1660314600, 2.6],
[1660401000, 2.6],
[1660487400, 2.6],
[1660573800, 2.6],
[1660660200, 2.6],
[1660746600, 2.6],
[1660833000, 2.59],
[1660919400, 2.59],
[1661005800, 2.6],
[1661092200, 2.59],
[1661178600, 2.6],
[1661265000, 2.59],
[1661351400, 2.59],
[1661437800, 2.59],
[1661524200, 2.59],
[1661610600, 2.59],
[1661697000, 2.59],
[1661783400, 2.59],
[1661869800, 2.59],
[1661956200, 2.59],
[1662042600, 2.59],
[1662129000, 2.59],
[1662215400, 2.59],
[1662301800, 2.6],
[1662388200, 2.6],
[1662474600, 2.6],
[1662561000, 2.61],
[1662647400, 2.6],
[1662733800, 2.6],
[1662820200, 2.61],
[1662906600, 2.6],
[1662993000, 2.6],
[1663079400, 2.6],
[1663165800, 2.6],
[1663252200, 2.6],
[1663338600, 2.6],
[1663425000, 2.6],
[1663511400, 2.6],
[1663597800, 2.61],
[1663684200, 2.63],
[1663770600, 2.62],
[1663857000, 2.63],
[1663943400, 2.63],
[1664029800, 2.63],
[1664116200, 2.62],
[1664202600, 2.62],
[1664289000, 2.62],
[1664375400, 2.62],
[1664461800, 2.62],
[1664548200, 2.62],
[1664634600, 2.61],
[1664717400, 2.61],
[1664803800, 2.61],
[1664890200, 2.61],
[1664976600, 2.61],
[1665063000, 2.6],
[1665149400, 2.61],
[1665235800, 2.61],
[1665322200, 2.61],
[1665408600, 2.6],
[1665495000, 2.6],
[1665581400, 2.61],
[1665667800, 2.61],
[1665754200, 2.6],
[1665840600, 2.61],
[1665927000, 2.61],
[1666013400, 2.61],
[1666099800, 2.61],
[1666186200, 2.61],
[1666272600, 2.6],
[1666359000, 2.61],
[1666445400, 2.61],
[1666531800, 2.61],
[1666618200, 2.61],
[1666704600, 2.61],
[1666791000, 2.61],
[1666877400, 2.61],
[1666963800, 2.6],
[1667050200, 2.6],
[1667136600, 2.6],
[1667223000, 2.6],
[1667309400, 2.6],
[1667395800, 2.6],
[1667482200, 2.6],
[1667568600, 2.6],
[1667655000, 2.6],
[1667741400, 2.6],
[1667827800, 2.6],
[1667914200, 2.6],
[1668000600, 2.6],
[1668087000, 2.6],
[1668173400, 2.6],
[1668259800, 2.56],
[1668346200, 2.6],
[1668432600, 2.6],
[1668519000, 2.6],
[1668605400, 2.6],
[1668691800, 2.6],
[1668778200, 2.6],
[1668864600, 2.6],
[1668951000, 2.61],
[1669037400, 2.62],
[1669123800, 2.62],
[1669210200, 2.61],
[1669296600, 2.61],
[1669383000, 2.61],
[1669469400, 2.6],
[1669555800, 2.6],
[1669642200, 2.6],
[1669728600, 2.6],
[1669815000, 2.6],
[1669901400, 2.6],
[1669987800, 2.6],
[1670074200, 2.61],
[1670160600, 2.61],
[1670247000, 2.61],
[1670333400, 2.61],
[1670419800, 2.61],
[1670506200, 2.61],
[1670592600, 2.61],
[1670679000, 2.6],
[1670765400, 2.61],
[1670851800, 2.6],
[1670938200, 2.61],
[1671024600, 2.6],
[1671111000, 2.6],
[1671197400, 2.61],
[1671283800, 2.6],
[1671370200, 2.6],
[1671456600, 2.6],
[1671543000, 2.6],
[1671629400, 2.6],
[1671715800, 2.6],
[1671802200, 2.6],
[1671888600, 2.58],
[1671975000, 2.6],
[1672061400, 2.6],
[1672147800, 2.59],
[1672234200, 2.59],
[1672320600, 2.6],
[1672407000, 2.59],
[1672493400, 2.59],
[1672579800, 2.59],
[1672666200, 2.59],
[1672752600, 2.6],
[1672839000, 2.6],
[1672925400, 2.6],
[1673011800, 2.6],
[1673098200, 2.6],
[1673184600, 2.59],
[1673271000, 2.59],
[1673357400, 2.6],
[1673443800, 2.6],
[1673530200, 2.6],
[1673616600, 2.61],
[1673703000, 2.6],
[1673789400, 2.6],
[1673875800, 2.6],
[1673962200, 2.6],
[1674048600, 2.6],
[1674135000, 2.6],
[1674221400, 2.6],
[1674307800, 2.6],
[1674394200, 2.61],
[1674480600, 2.6],
[1674567000, 2.6],
[1674653400, 2.61],
[1674739800, 2.6],
[1674826200, 2.6],
[1674912600, 2.6],
[1674999000, 2.61],
[1675085400, 2.61],
[1675171800, 2.61],
[1675258200, 2.61],
[1675344600, 2.62],
[1675431000, 2.62],
[1675517400, 2.62],
[1675603800, 2.62],
[1675690200, 2.62],
[1675776600, 2.62],
[1675863000, 2.61],
[1675949400, 2.61],
[1676035800, 2.61],
[1676122200, 2.61],
[1676208600, 2.61],
[1676295000, 2.62],
[1676381400, 2.62],
[1676467800, 2.63],
[1676554200, 2.63],
[1676640600, 2.64],
[1676727000, 2.64]]
