[1635773400.0, 1.3673174600000002],
[1635859800.0, 1.3864656199999998],
[1635946200.0, 1.3751726000000004],
[1636032600.0, 1.3897080800000001],
[1636119000.0, 1.4042557],
[1636205400.0, 1.4195758600000001],
[1636291800.0, 1.3922460199999998],
[1636378200.0, 1.39563192],
[1636464600.0, 1.40624914],
[1636551000.0, 1.40602964],
[1636637400.0, 1.42143668],
[1636723800.0, 1.4225505200000002],
[1636810200.0, 1.41398458],
[1636896600.0, 1.3458923200000001],
[1636983000.0, 1.35764244],
[1637069400.0, 1.36242642],
[1637155800.0, 1.3931281600000003],
[1637242200.0, 1.37618732],
[1637328600.0, 1.3903848200000002],
[1637415000.0, 1.40256502],
[1637501400.0, 1.4079574400000001],
[1637587800.0, 1.4183284999999999],
[1637674200.0, 1.44636042],
[1637760600.0, 1.42875674],
[1637847000.0, 1.39402106],
[1637933400.0, 1.37936908],
[1638019800.0, 1.3708028600000004],
[1638106200.0, 1.40692916],
[1638192600.0, 1.41146732],
[1638279000.0, 1.3597305],
[1638365400.0, 1.37144804],
[1638451800.0, 1.4129861600000002],
[1638538200.0, 1.43317752],
[1638624600.0, 1.4326534800000001],
[1638711000.0, 1.4766230400000002],
[1638797400.0, 1.4636194],
[1638883800.0, 1.5367895083958198],
[1638970200.0, 1.58528816],
[1639056600.0, 1.5578561199999998],
[1639143000.0, 1.5371675000000002],
[1639229400.0, 1.5767452600000003],
[1639315800.0, 1.5628969200000002],
[1639402200.0, 1.5721428800000001],
[1639488600.0, 1.61404484],
[1639575000.0, 1.5957564000000002],
[1639661400.0, 1.618943789461469],
[1639747800.0, 1.6060844799999998],
[1639834200.0, 1.6031574000000002],
[1639920600.0, 1.61237396],
[1640007000.0, 1.60803796],
[1640093400.0, 1.5917855],
[1640179800.0, 1.5659028400000004],
[1640266200.0, 1.5161042200000003],
[1640352600.0, 1.51347096],
[1640439000.0, 1.57043026],
[1640525400.0, 1.56450326],
[1640611800.0, 1.5722427],
[1640698200.0, 1.5988907400000003],
[1640784600.0, 1.6237493],
[1640871000.0, 1.61298822],
[1640957400.0, 1.6401093599999998],
[1641043800.0, 1.67319752],
[1641130200.0, 1.67001584],
[1641216600.0, 1.70398646],
[1641303000.0, 1.7344766],
[1641389400.0, 1.72919382],
[1641475800.0, 1.74135546],
[1641562200.0, 1.7752962200000002],
[1641648600.0, 1.78384724],
[1641735000.0, 1.7583910200000001],
[1641821400.0, 1.77721288],
[1641907800.0, 1.77050482],
[1641994200.0, 1.765012097929187],
[1642080600.0, 1.74269052],
[1642167000.0, 1.7554966248881025],
[1642253400.0, 1.7522619109248834],
[1642339800.0, 1.7615547400000005],
[1642426200.0, 1.7737208599999998],
[1642512600.0, 1.76608674],
[1642599000.0, 1.7858853],
[1642685400.0, 1.7770443000000005],
[1642771800.0, 1.8042117400000002],
[1642858200.0, 1.76899574],
[1642944600.0, 1.7644368400000001],
[1643031000.0, 1.75625054],
[1643117400.0, 1.77550262],
[1643203800.0, 1.7734471000000003],
[1643290200.0, 1.7701374200000004],
[1643376600.0, 1.6953954199999999],
[1643463000.0, 1.6963614800000002],
[1643549400.0, 1.66246008],
[1643635800.0, 1.66246008],
[1643722200.0, 1.66246008],
[1643808600.0, 1.6946383999999999],
[1643895000.0, 1.67566642],
[1643981400.0, 1.7101130800000004],
[1644067800.0, 1.7246518200000005],
[1644154200.0, 1.7272981600000001],
[1644240600.0, 1.71639008],
[1644327000.0, 1.70662806],
[1644413400.0, 1.7055691200000003],
[1644499800.0, 1.71308334],
[1644586200.0, 1.6717772800000001],
[1644672600.0, 1.7093855400000002],
[1644759000.0, 1.7363719000000004],
[1644845400.0, 1.7281676400000001],
[1644931800.0, 1.7823711000000002],
[1645018200.0, 1.7748828800000003],
[1645104600.0, 1.7946725200000002],
[1645191000.0, 1.7970768400000001],
[1645277400.0, 1.85535414],
[1645363800.0, 1.84602302],
[1645450200.0, 1.8428149],
[1645536600.0, 1.86272656],
[1645623000.0, 1.84630702],
[1645709400.0, 1.8627893199999999],
[1645795800.0, 1.85087408],
[1645882200.0, 1.8539859200000002],
[1645968600.0, 1.84642012],
[1646055000.0, 1.8398319200000004],
[1646141400.0, 1.8114558200000002],
[1646227800.0, 1.81318638],
[1646314200.0, 1.8179084800000003],
[1646400600.0, 1.7961953000000002],
[1646487000.0, 1.8587313600000002],
[1646573400.0, 1.88919724],
[1646659800.0, 1.85845628],
[1646746200.0, 1.80370696],
[1646832600.0, 1.7894731],
[1646919000.0, 1.7899194600000006],
[1647005400.0, 1.8462649800000002],
[1647091800.0, 1.82149128],
[1647178200.0, 1.8820149000000002],
[1647264600.0, 1.7793912800000005],
[1647351000.0, 1.8783908600000003],
[1647437400.0, 1.8945568600000002],
[1647523800.0, 1.86239538],
[1647610200.0, 1.8808135200000002],
[1647696600.0, 1.8914250200000002],
[1647783000.0, 1.8936469800000002],
[1647869400.0, 1.9007728800000003],
[1647955800.0, 1.8912806000000004],
[1648042200.0, 1.9126082400000002],
[1648128600.0, 1.8911445],
[1648215000.0, 1.8990752200000003],
[1648301400.0, 1.91049398],
[1648387800.0, 1.9142720199999999],
[1648474200.0, 1.8976194000000004],
[1648560600.0, 1.9130642400000002],
[1648647000.0, 1.8700712800000006],
[1648733400.0, 1.9052802600000003],
[1648819800.0, 1.9320878400000001],
[1648906200.0, 1.96083862],
[1648996200.0, 1.9489896400000002],
[1649082600.0, 1.9443211000000002],
[1649169000.0, 1.98699776],
[1649255400.0, 1.9971718600000004],
[1649341800.0, 2.00247018],
[1649428200.0, 1.9727033400000002],
[1649514600.0, 2.0074728600000005],
[1649601000.0, 2.0372626400000002],
[1649687400.0, 2.01673882],
[1649773800.0, 2.0146211999999997],
[1649860200.0, 2.03135222],
[1649946600.0, 2.0163484400000002],
[1650033000.0, 2.01570112],
[1650119400.0, 2.0201612600000005],
[1650205800.0, 2.0563516],
[1650292200.0, 2.0561553800000003],
[1650378600.0, 2.0564839800000003],
[1650465000.0, 2.04246406],
[1650551400.0, 2.04246406],
[1650637800.0, 2.04246406],
[1650724200.0, 2.06881942],
[1650810600.0, 2.08212306],
[1650897000.0, 2.0511251600000002],
[1650983400.0, 2.09596448],
[1651069800.0, 2.0812484400000004],
[1651156200.0, 2.0691017404684393],
[1651242600.0, 2.000432945186179],
[1651329000.0, 2.0273249800000004],
[1651415400.0, 2.013460679986391],
[1651501800.0, 2.00134258],
[1651588200.0, 2.0256905400000003],
[1651674600.0, 1.92931524],
[1651761000.0, 1.908130728563782],
[1651847400.0, 1.904317494797608],
[1651933800.0, 1.9246377200000002],
[1652020200.0, 1.9430828250073957],
[1652106600.0, 1.9480895495985748],
[1652193000.0, 1.915016469674703],
[1652279400.0, 1.9080715415765215],
[1652365800.0, 1.88104544],
[1652452200.0, 1.9143534801062532],
[1652538600.0, 1.9124180490025222],
[1652625000.0, 1.9065863109601917],
[1652711400.0, 1.894268038763893],
[1652797800.0, 1.8832998833071979],
[1652884200.0, 1.8815202261250725],
[1652970600.0, 1.9015294],
[1653057000.0, 1.906804950467566],
[1653143400.0, 1.9259932],
[1653229800.0, 1.875964123587082],
[1653316200.0, 1.8641986874154104],
[1653402600.0, 1.88893056],
[1653489000.0, 1.90009224],
[1653575400.0, 1.8813567061730019],
[1653661800.0, 1.8861871283555225],
[1653748200.0, 1.87291562],
[1653834600.0, 1.8833937200000002],
[1653921000.0, 1.8668201878544948],
[1654007400.0, 1.8784089370595551],
[1654093800.0, 1.91878852],
[1654180200.0, 1.9431371000000002],
[1654266600.0, 1.9179408197519614],
[1654353000.0, 1.9211008017015474],
[1654439400.0, 1.9335207599999997],
[1654525800.0, 1.9226277800000002],
[1654612200.0, 1.9079086800000002],
[1654698600.0, 1.91515658],
[1654785000.0, 1.9137040000000003],
[1654871400.0, 1.88038324],
[1654957800.0, 1.89886114],
[1655044200.0, 1.88257946],
[1655130600.0, 1.87576702],
[1655217000.0, 1.86022466],
[1655303400.0, 1.8732327600000005],
[1655389800.0, 1.8383306000000001],
[1655476200.0, 1.8378073200000002],
[1655562600.0, 1.7940168800000003],
[1655649000.0, 1.7551113200000004],
[1655735400.0, 1.76139202],
[1655821800.0, 1.7649507800000002],
[1655908200.0, 1.7378123200000002],
[1655994600.0, 1.73454598],
[1656081000.0, 1.6727685],
[1656167400.0, 1.6486469400000001],
[1656253800.0, 1.6668254400000002],
[1656340200.0, 1.66788442],
[1656426600.0, 1.6692269800000001],
[1656513000.0, 1.6683053200000004],
[1656599400.0, 1.67717764],
[1656685800.0, 1.6991722],
[1656772200.0, 1.7004549399999997],
[1656858600.0, 1.71670722],
[1656945000.0, 1.7399211399999999],
[1657031400.0, 1.75687816],
[1657117800.0, 1.7077098],
[1657204200.0, 1.7203114400000001],
[1657290600.0, 1.7070097199999998],
[1657377000.0, 1.7006694599999999],
[1657463400.0, 1.7194220200000003],
[1657549800.0, 1.72098948],
[1657636200.0, 1.7149238],
[1657722600.0, 1.77515176],
[1657809000.0, 1.7584792800000002],
[1657895400.0, 1.7702316400000004],
[1657981800.0, 1.7537581800000002],
[1658068200.0, 1.7998216800000002],
[1658154600.0, 1.79099678],
[1658241000.0, 1.8268906800000004],
[1658327400.0, 1.8331920400000001],
[1658413800.0, 1.84719274],
[1658500200.0, 1.8167186000000002],
[1658586600.0, 1.8288197800000003],
[1658673000.0, 1.83682114],
[1658759400.0, 1.8509434000000002],
[1658845800.0, 1.8233480800000001],
[1658932200.0, 1.8373109000000003],
[1659018600.0, 1.8456045000000003],
[1659105000.0, 1.8223942800000004],
[1659191400.0, 1.8179260400000004],
[1659277800.0, 1.8265653199999998],
[1659364200.0, 1.8376095],
[1659450600.0, 1.84795582],
[1659537000.0, 1.8635624000000004],
[1659623400.0, 1.86949852],
[1659709800.0, 1.8401928600000002],
[1659796200.0, 1.8974524799999997],
[1659882600.0, 1.8959529800000001],
[1659969000.0, 1.9218719800000001],
[1660055400.0, 1.92989596],
[1660141800.0, 1.8939372378317043],
[1660228200.0, 1.9268955599999997],
[1660314600.0, 1.9325227200000001],
[1660401000.0, 1.9325227200000001],
[1660487400.0, 1.9325227200000001],
[1660573800.0, 1.9325227200000001],
[1660660200.0, 1.93963974],
[1660746600.0, 1.8892965600000005],
[1660833000.0, 1.91221546],
[1660919400.0, 1.9281973000000001],
[1661005800.0, 1.90076086],
[1661092200.0, 1.9137947800000004],
[1661178600.0, 1.9333495800000002],
[1661265000.0, 1.92809476],
[1661351400.0, 1.91811318],
[1661437800.0, 1.92376942],
[1661524200.0, 1.9239254600000002],
[1661610600.0, 1.9156888600000002],
[1661697000.0, 1.8907429],
[1661783400.0, 1.93437314],
[1661869800.0, 1.9203808600000003],
[1661956200.0, 1.9256464000000002],
[1662042600.0, 1.9444399],
[1662129000.0, 1.9362783800000003],
[1662215400.0, 1.97452796],
[1662301800.0, 2.01205032],
[1662388200.0, 1.9546386400000002],
[1662474600.0, 1.9604830200000003],
[1662561000.0, 2.04219534],
[1662647400.0, 2.0298158600000002],
[1662733800.0, 1.9833771600000003],
[1662820200.0, 1.9862309599999999],
[1662906600.0, 1.9545176400000002],
[1662993000.0, 1.94293762],
[1663079400.0, 1.9308222000000002],
[1663165800.0, 1.9267907000000002],
[1663252200.0, 1.9052826],
[1663338600.0, 1.87853354],
[1663425000.0, 1.87362316],
[1663511400.0, 1.8778263000000002],
[1663597800.0, 1.88518032],
[1663684200.0, 1.90133786],
[1663770600.0, 1.89055038],
[1663857000.0, 1.8546640800000003],
[1663943400.0, 1.88333152],
[1664029800.0, 1.8666226800000003],
[1664116200.0, 1.8909126],
[1664202600.0, 1.8782983400000002],
[1664289000.0, 1.9036685000000002],
[1664375400.0, 1.9068249600000005],
[1664461800.0, 1.8846422600000001],
[1664548200.0, 1.8660702800000002],
[1664634600.0, 1.8962718600000001],
[1664717400.0, 1.9006285000000003],
[1664803800.0, 1.8829438800000002],
[1664890200.0, 1.90507178],
[1664976600.0, 1.91231516],
[1665063000.0, 1.9155913000000002],
[1665149400.0, 1.93082156],
[1665235800.0, 1.96009804],
[1665322200.0, 1.92265094],
[1665408600.0, 1.9295889800000001],
[1665495000.0, 1.9284363000000002],
[1665581400.0, 1.9526307199999997],
[1665667800.0, 1.9550784800000003],
[1665754200.0, 1.9009354200000002],
[1665840600.0, 1.95733706],
[1665927000.0, 1.9828421200000002],
[1666013400.0, 1.9437251800000002],
[1666099800.0, 1.93160598],
[1666186200.0, 1.89521416],
[1666272600.0, 1.9493476399999998],
[1666359000.0, 1.9188378200000002],
[1666445400.0, 1.9879524200000003],
[1666531800.0, 1.93966408],
[1666618200.0, 1.96488678],
[1666704600.0, 1.9914585200000001],
[1666791000.0, 1.9678621200000002],
[1666877400.0, 2.0101244200000004],
[1666963800.0, 2.00715924],
[1667050200.0, 2.0090781800000004],
[1667136600.0, 1.9840868400000002],
[1667223000.0, 1.9339394000000003],
[1667309400.0, 1.9013045000000002],
[1667395800.0, 1.8956634],
[1667482200.0, 1.86912698],
[1667568600.0, 1.8869229400000003],
[1667655000.0, 1.89188662],
[1667741400.0, 1.8925895000000004],
[1667827800.0, 1.86243018],
[1667914200.0, 1.8982824200000004],
[1668000600.0, 1.8847138200000004],
[1668087000.0, 1.9144918200000003],
[1668173400.0, 1.90241754],
[1668259800.0, 1.8866964],
[1668346200.0, 1.8995979000000003],
[1668432600.0, 1.8743079200000003],
[1668519000.0, 1.90033648],
[1668605400.0, 1.8721298400000002],
[1668691800.0, 1.8816211200000001],
[1668778200.0, 1.87324558],
[1668864600.0, 1.8791269199999998],
[1668951000.0, 1.8393354800000001],
[1669037400.0, 1.82676724],
[1669123800.0, 1.8174414200000002],
[1669210200.0, 1.7903103999999999],
[1669296600.0, 1.7464497600000002],
[1669383000.0, 1.7487260599999999],
[1669469400.0, 1.70423794],
[1669555800.0, 1.7348826600000002],
[1669642200.0, 1.71993434],
[1669728600.0, 1.7358355800000003],
[1669815000.0, 1.7507510400000001],
[1669901400.0, 1.7719549200000002],
[1669987800.0, 1.8534696],
[1670074200.0, 1.8930966000000002],
[1670160600.0, 1.9023450400000002],
[1670247000.0, 1.90894066],
[1670333400.0, 1.9101072000000001],
[1670419800.0, 1.91669492],
[1670506200.0, 1.92088794],
[1670592600.0, 1.93097466],
[1670679000.0, 1.93662712],
[1670765400.0, 1.9301772000000004],
[1670851800.0, 1.9015126800000002],
[1670938200.0, 1.9054826200000001],
[1671024600.0, 1.89171676],
[1671111000.0, 1.7922542],
[1671197400.0, 1.86736762],
[1671283800.0, 1.86487854],
[1671370200.0, 1.89059978],
[1671456600.0, 1.9071306200000002],
[1671543000.0, 1.91070074],
[1671629400.0, 1.92910008],
[1671715800.0, 1.91377892],
[1671802200.0, 1.9011772400000002],
[1671888600.0, 1.925403519530871],
[1671975000.0, 1.90121964],
[1672061400.0, 1.915914183688614],
[1672147800.0, 1.87479802],
[1672234200.0, 1.8533602000000002],
[1672320600.0, 1.86134932],
[1672407000.0, 1.85431722],
[1672493400.0, 1.8322553400000001],
[1672579800.0, 1.8363483600000001],
[1672666200.0, 1.796611],
[1672752600.0, 1.8262592000000002],
[1672839000.0, 1.8334286800000001],
[1672925400.0, 1.8276790400000003],
[1673011800.0, 1.8777951000000002],
[1673098200.0, 1.8832398400000003],
[1673184600.0, 1.9110114599999999],
[1673271000.0, 1.90949366],
[1673357400.0, 1.94059336],
[1673443800.0, 1.9508807400000001],
[1673530200.0, 1.9698182800000006],
[1673616600.0, 1.97344702],
[1673703000.0, 1.9981234399999999],
[1673789400.0, 1.9638821000000004],
[1673875800.0, 2.04650734],
[1673962200.0, 2.04914098],
[1674048600.0, 2.11939844],
[1674135000.0, 2.1291051800000003],
[1674221400.0, 2.1186833399999996],
[1674307800.0, 2.13187978],
[1674394200.0, 2.1494611600000004],
[1674480600.0, 2.10458938],
[1674567000.0, 2.1397367000000003],
[1674653400.0, 2.1635040962618306],
[1674739800.0, 2.1268002400000006],
[1674826200.0, 2.14167092],
[1674912600.0, 2.16117904],
[1674999000.0, 2.1776472599999996],
[1675085400.0, 2.19936622],
[1675171800.0, 2.2059776],
[1675258200.0, 2.20064194],
[1675344600.0, 2.20907064],
[1675431000.0, 2.20106978],
[1675517400.0, 2.19290088],
[1675603800.0, 2.23390406],
[1675690200.0, 2.22786484],
[1675776600.0, 2.2307464],
[1675863000.0, 2.2307464],
[1675949400.0, 2.2307464],
