[1635773400.0, 0.7746236088924389],
[1635859800.0, 0.8496482933972312],
[1635946200.0, 0.9316062189345216],
[1636032600.0, 0.6270888177151198],
[1636119000.0, 0.7015236027085036],
[1636205400.0, 0.7297420667010485],
[1636291800.0, 0.64166101133591],
[1636378200.0, 0.5770639837323699],
[1636464600.0, 0.48099229650481695],
[1636551000.0, 0.5298846607094903],
[1636637400.0, 0.5667300558301002],
[1636723800.0, 0.5686197805234315],
[1636810200.0, 0.5766229621440875],
[1636896600.0, 0.5144072946909399],
[1636983000.0, 0.47449490654921106],
[1637069400.0, 0.5212499868479787],
[1637155800.0, 0.5059956349702024],
[1637242200.0, 0.4619366254632343],
[1637328600.0, 0.46687616517523417],
[1637415000.0, 0.5654835446458932],
[1637501400.0, 0.6004157530250912],
[1637587800.0, 0.6574741784030209],
[1637674200.0, 0.7326292413122514],
[1637760600.0, 0.7664161507849983],
[1637847000.0, 0.7523803550054504],
[1637933400.0, 0.7925453481444678],
[1638019800.0, 0.760848540772662],
[1638106200.0, 0.7581981988967701],
[1638192600.0, 0.8329994340309735],
[1638279000.0, 0.8341591176707268],
[1638365400.0, 0.5767845691937524],
[1638451800.0, 0.6254136529560649],
[1638538200.0, 0.6194424063449032],
[1638624600.0, 0.5738045052492855],
[1638711000.0, 0.5725104891570203],
[1638797400.0, 0.5711564291615094],
[1638883800.0, 0.5387099962766962],
[1638970200.0, 0.6264108564122194],
[1639056600.0, 0.5627505625688574],
[1639143000.0, 0.5606626202664515],
[1639229400.0, 0.5454071471300502],
[1639315800.0, 0.5234213086525726],
[1639402200.0, 0.5202115595759395],
[1639488600.0, 0.5132713011708514],
[1639575000.0, 0.5147386093133955],
[1639661400.0, 0.5409363935029259],
[1639747800.0, 0.5483406993156804],
[1639834200.0, 0.43091750773421716],
[1639920600.0, 0.5457501227265614],
[1640007000.0, 0.5391748204260125],
[1640093400.0, 0.5417309665802312],
[1640179800.0, 0.5135538247720217],
[1640266200.0, 0.5435474625972491],
[1640352600.0, 0.5234359719746287],
[1640439000.0, 0.5350785079922702],
[1640525400.0, 0.5512226472273881],
[1640611800.0, 0.5406683853068469],
[1640698200.0, 0.5597533098352817],
[1640784600.0, 0.5712026962868563],
[1640871000.0, 0.5751768757250028],
[1640957400.0, 0.5666920994967065],
[1641043800.0, 0.52465040312745],
[1641130200.0, 0.5565044429475944],
[1641216600.0, 0.548466871269648],
[1641303000.0, 0.5457227708187039],
[1641389400.0, 0.5695779026531402],
[1641475800.0, 0.5946980863240069],
[1641562200.0, 0.5726386029893725],
[1641648600.0, 0.556938121380154],
[1641735000.0, 0.5588132278300556],
[1641821400.0, 0.5443924157944364],
[1641907800.0, 0.5654263880988161],
[1641994200.0, 0.5522497153086999],
[1642080600.0, 0.5321497465780207],
[1642167000.0, 0.5488584778530439],
[1642253400.0, 0.5487884603844967],
[1642339800.0, 0.5234022265144387],
[1642426200.0, 0.5498805583294436],
[1642512600.0, 0.5045426855511703],
[1642599000.0, 0.4867210059179687],
[1642685400.0, 0.47494008917221975],
[1642771800.0, 0.5098522928325646],
[1642858200.0, 0.4869567658572432],
[1642944600.0, 0.4752484711907771],
[1643031000.0, 0.4684327498415751],
[1643117400.0, 0.48571135112299346],
[1643203800.0, 0.48385587803794106],
[1643290200.0, 0.50565059343323],
[1643376600.0, 0.4933464238950446],
[1643463000.0, 0.49738877876974646],
[1643549400.0, 0.4750257512888676],
[1643635800.0, 0.4750257512888676],
[1643722200.0, 0.4750257512888676],
[1643808600.0, 0.49892378244402735],
[1643895000.0, 0.5373612890151002],
[1643981400.0, 0.5334244528472261],
[1644067800.0, 0.572183338781975],
[1644154200.0, 0.5887170914448243],
[1644240600.0, 0.5874308072243993],
[1644327000.0, 0.6065454866364828],
[1644413400.0, 0.5919250819508832],
[1644499800.0, 0.5806425291289384],
[1644586200.0, 0.5967276026401487],
[1644672600.0, 0.5786054344637935],
[1644759000.0, 0.5563852219187281],
[1644845400.0, 0.5583015094173901],
[1644931800.0, 0.6538686095233509],
[1645018200.0, 0.49818372678858414],
[1645104600.0, 0.4983213116135259],
[1645191000.0, 0.5007903292114164],
[1645277400.0, 0.49877661382112665],
[1645363800.0, 0.46446726358237844],
[1645450200.0, 0.5018505707665859],
[1645536600.0, 0.5051557710841603],
[1645623000.0, 0.4939984229008042],
[1645709400.0, 0.4930224414253454],
[1645795800.0, 0.4596106605323756],
[1645882200.0, 0.47053575248717233],
[1645968600.0, 0.45868148422750854],
[1646055000.0, 0.4646089888234278],
[1646141400.0, 0.45822142604384497],
[1646227800.0, 0.4543146604828466],
[1646314200.0, 0.4268977679925362],
[1646400600.0, 0.454909983162621],
[1646487000.0, 0.4645866374416038],
[1646573400.0, 0.4647422955915689],
[1646659800.0, 0.46758962793489517],
[1646746200.0, 0.47817297208234605],
[1646832600.0, 0.49530027839681473],
[1646919000.0, 0.4994757579337792],
[1647005400.0, 0.48551533347429204],
[1647091800.0, 0.45755362701339264],
[1647178200.0, 0.4532648078548877],
[1647264600.0, 0.4597681846843491],
[1647351000.0, 0.45072720936996946],
[1647437400.0, 0.45351741823183334],
[1647523800.0, 0.45384718738746455],
[1647610200.0, 0.4481267603672723],
[1647696600.0, 0.4528194059700565],
[1647783000.0, 0.47765860319383485],
[1647869400.0, 0.44000984609994886],
[1647955800.0, 0.4441296054743425],
[1648042200.0, 0.44251756803203607],
[1648128600.0, 0.4442931927050819],
[1648215000.0, 0.45392439173885846],
[1648301400.0, 0.4526493658757246],
[1648387800.0, 0.4599522272408856],
[1648474200.0, 0.45751964790172367],
[1648560600.0, 0.46285638307565424],
[1648647000.0, 0.4562950943755493],
[1648733400.0, 0.45578793201777845],
[1648819800.0, 0.45288824609808886],
[1648906200.0, 0.45155403203268835],
[1648996200.0, 0.5052279266639602],
[1649082600.0, 0.5018879175394303],
[1649169000.0, 0.46504905342890485],
[1649255400.0, 0.4618145404693552],
[1649341800.0, 0.44488721084569055],
[1649428200.0, 0.46205600149373544],
[1649514600.0, 0.45426175998821977],
[1649601000.0, 0.44210001829610407],
[1649687400.0, 0.44518961296732684],
[1649773800.0, 0.44557771112264777],
[1649860200.0, 0.43512911866068754],
[1649946600.0, 0.44836226960406766],
[1650033000.0, 0.4352322795707192],
[1650119400.0, 0.4417088298034102],
[1650205800.0, 0.4499947418440813],
[1650292200.0, 0.4479839259006248],
[1650378600.0, 0.44539491999893],
[1650465000.0, 0.40880949741558226],
[1650551400.0, 0.40880949741558226],
[1650637800.0, 0.40880949741558226],
[1650724200.0, 0.3996092578793776],
[1650810600.0, 0.39703659124269797],
[1650897000.0, 0.4035678408380601],
[1650983400.0, 0.4126449695217551],
[1651069800.0, 0.4020155580924081],
[1651156200.0, 0.43053152773629433],
[1651242600.0, 0.4358279900514884],
[1651329000.0, 0.3950352615299228],
[1651415400.0, 0.39291618053046284],
[1651501800.0, 0.4224357185409458],
[1651588200.0, 0.43556263382955646],
[1651674600.0, 0.45064829444457033],
[1651761000.0, 0.4324439373118873],
[1651847400.0, 0.4363266137757136],
[1651933800.0, 0.44770855072480886],
[1652020200.0, 0.4504771641805828],
[1652106600.0, 0.43053559562493426],
[1652193000.0, 0.4092974828310107],
[1652279400.0, 0.43068979120799256],
[1652365800.0, 0.41124452706712905],
[1652452200.0, 0.4282156372709543],
[1652538600.0, 0.4246307311841404],
[1652625000.0, 0.42485302789507723],
[1652711400.0, 0.5218179026453768],
[1652797800.0, 0.42389408386227084],
[1652884200.0, 0.4304592035595925],
[1652970600.0, 0.40274865882244076],
[1653057000.0, 0.4029516932965644],
[1653143400.0, 0.40388860723271136],
[1653229800.0, 0.39017955314712605],
[1653316200.0, 0.3869575087275259],
[1653402600.0, 0.37659669695104997],
[1653489000.0, 0.3711323768214997],
[1653575400.0, 0.3587412131797001],
[1653661800.0, 0.3836863089733811],
[1653748200.0, 0.3836966617042432],
[1653834600.0, 0.4033165139706229],
[1653921000.0, 0.3943661303289876],
[1654007400.0, 0.3779077585163885],
[1654093800.0, 0.371973551182073],
[1654180200.0, 0.36493405740844154],
[1654266600.0, 0.3704796931151143],
[1654353000.0, 0.3759439285272377],
[1654439400.0, 0.3666597630402326],
[1654525800.0, 0.3494150256429394],
[1654612200.0, 0.35796777712276706],
[1654698600.0, 0.3610937275303392],
[1654785000.0, 0.35994427160693593],
[1654871400.0, 0.36174395319302316],
[1654957800.0, 0.36093480108894616],
[1655044200.0, 0.36334224952165634],
[1655130600.0, 0.3672330840302354],
[1655217000.0, 0.3649460669547449],
[1655303400.0, 0.3784010693990771],
[1655389800.0, 0.37272238395444957],
[1655476200.0, 0.37985266125585576],
[1655562600.0, 0.39963643941534377],
[1655649000.0, 0.36880657723713545],
[1655735400.0, 0.38504088526885677],
[1655821800.0, 0.37709592296783295],
[1655908200.0, 0.37910971583707564],
[1655994600.0, 0.3586123849095008],
[1656081000.0, 0.3726806218947523],
[1656167400.0, 0.3607883198312656],
[1656253800.0, 0.33835270663703504],
[1656340200.0, 0.32160846283017064],
[1656426600.0, 0.32761139105695763],
[1656513000.0, 0.3051281087685558],
[1656599400.0, 0.3266637721892845],
[1656685800.0, 0.3191940255867084],
[1656772200.0, 0.3102511810046538],
[1656858600.0, 0.30120861816790057],
[1656945000.0, 0.3110776156061282],
[1657031400.0, 0.3217228321125989],
[1657117800.0, 0.3262108852210085],
[1657204200.0, 0.3101277082700891],
[1657290600.0, 0.3025488926486111],
[1657377000.0, 0.3131620501075901],
[1657463400.0, 0.3243129072980871],
[1657549800.0, 0.3251842304867263],
[1657636200.0, 0.32272889475858774],
[1657722600.0, 0.32704280103326844],
[1657809000.0, 0.3635083922115762],
[1657895400.0, 0.3118099666249353],
[1657981800.0, 0.3152777065353824],
[1658068200.0, 0.3109787842064405],
[1658154600.0, 0.2262865419936841],
[1658241000.0, 0.3235501169490486],
[1658327400.0, 0.3161356712892489],
[1658413800.0, 0.3144882972050504],
[1658500200.0, 0.31805732884016236],
[1658586600.0, 0.3173304895163152],
[1658673000.0, 0.3164317135432327],
[1658759400.0, 0.32955765106150614],
[1658845800.0, 0.336138484394567],
[1658932200.0, 0.32706212914722643],
[1659018600.0, 0.3248362671525815],
[1659105000.0, 0.3283523053975678],
[1659191400.0, 0.34349428765934037],
[1659277800.0, 0.3365943878933536],
[1659364200.0, 0.33948126218207275],
[1659450600.0, 0.3315883342067688],
[1659537000.0, 0.3269215763337179],
[1659623400.0, 0.32404731463412845],
[1659709800.0, 0.31411211582750787],
[1659796200.0, 0.32178128505104525],
[1659882600.0, 0.3158452479611533],
[1659969000.0, 0.3205231795179053],
[1660055400.0, 0.3156264370145738],
[1660141800.0, 0.3123727041669702],
[1660228200.0, 0.3364309741264456],
[1660314600.0, 0.32853837950060527],
[1660401000.0, 0.32853837950060527],
[1660487400.0, 0.32853837950060527],
[1660573800.0, 0.32853837950060527],
[1660660200.0, 0.35820858212242096],
[1660746600.0, 0.33463117512719265],
[1660833000.0, 0.3523447257395924],
[1660919400.0, 0.3421717902767608],
[1661005800.0, 0.3301070392237849],
[1661092200.0, 0.3336865034638263],
[1661178600.0, 0.314584293707139],
[1661265000.0, 0.3149679484505902],
[1661351400.0, 0.3438456063037635],
[1661437800.0, 0.3185323886812926],
[1661524200.0, 0.31264943203663953],
[1661610600.0, 0.3197430022090961],
[1661697000.0, 0.3134705650633425],
[1661783400.0, 0.3094800661915033],
[1661869800.0, 0.31552134634706164],
[1661956200.0, 0.3148287732304636],
[1662042600.0, 0.3132086691354206],
[1662129000.0, 0.32388547862268346],
[1662215400.0, 0.2983093100111135],
[1662301800.0, 0.3157024344190679],
[1662388200.0, 0.311721849547468],
[1662474600.0, 0.3141967859288085],
[1662561000.0, 0.3163288498230556],
[1662647400.0, 0.3208719101610406],
[1662733800.0, 0.3083959130439411],
[1662820200.0, 0.30515879386087247],
[1662906600.0, 0.2938185121961707],
[1662993000.0, 0.30459889781178906],
[1663079400.0, 0.30199693125961435],
[1663165800.0, 0.30026041888856386],
[1663252200.0, 0.30152457406195343],
[1663338600.0, 0.3093017053096538],
[1663425000.0, 0.301970736455799],
[1663511400.0, 0.30782818946563495],
[1663597800.0, 0.31043558778169],
[1663684200.0, 0.30838006297005055],
[1663770600.0, 0.3055660372189029],
[1663857000.0, 0.314675053830104],
[1663943400.0, 0.31875073775853485],
[1664029800.0, 0.29256975552788334],
[1664116200.0, 0.2891210556659557],
[1664202600.0, 0.29951036401911485],
[1664289000.0, 0.29081447208674166],
[1664375400.0, 0.3049071254270935],
[1664461800.0, 0.2973178678393237],
[1664548200.0, 0.3049892841784484],
[1664634600.0, 0.29394697032957573],
[1664717400.0, 0.3027135309440129],
[1664803800.0, 0.2936425019597046],
[1664890200.0, 0.2982376347731393],
[1664976600.0, 0.3000154719439018],
[1665063000.0, 0.30631116554521737],
[1665149400.0, 0.3056488736188245],
[1665235800.0, 0.30011927019061735],
[1665322200.0, 0.29245685895906526],
[1665408600.0, 0.2912963490759684],
[1665495000.0, 0.2958920432568423],
[1665581400.0, 0.2880671632355331],
[1665667800.0, 0.29020251996813584],
[1665754200.0, 0.286296032625038],
[1665840600.0, 0.2904672582147465],
[1665927000.0, 0.30624248645939856],
[1666013400.0, 0.30166552045821954],
[1666099800.0, 0.3137615812364813],
[1666186200.0, 0.30067434137248605],
[1666272600.0, 0.29913725167611316],
[1666359000.0, 0.2996431874575141],
[1666445400.0, 0.32496305409846926],
[1666531800.0, 0.31533742650312274],
[1666618200.0, 0.32320639096633397],
[1666704600.0, 0.3021208687005634],
[1666791000.0, 0.3019578905518614],
[1666877400.0, 0.2891387637311228],
[1666963800.0, 0.29884634150317474],
[1667050200.0, 0.29842552727272703],
[1667136600.0, 0.3019914633194402],
[1667223000.0, 0.278791331573349],
[1667309400.0, 0.2750705767740809],
[1667395800.0, 0.26913083725624515],
[1667482200.0, 0.26487125519852167],
[1667568600.0, 0.2725481215971712],
[1667655000.0, 0.27126931668009036],
[1667741400.0, 0.254953059427312],
[1667827800.0, 0.329840455928383],
[1667914200.0, 0.3342399009381372],
[1668000600.0, 0.288002934234851],
[1668087000.0, 0.2825569020731399],
[1668173400.0, 0.27469529139353666],
[1668259800.0, 0.28310431696579785],
[1668346200.0, 0.2807446817370024],
[1668432600.0, 0.27868575162568593],
[1668519000.0, 0.29640828329379904],
[1668605400.0, 0.2562075446995497],
[1668691800.0, 0.2513113634225572],
[1668778200.0, 0.2583030221304688],
[1668864600.0, 0.2560636817128122],
[1668951000.0, 0.27291123007623963],
[1669037400.0, 0.4021412516424733],
[1669123800.0, 0.271835685913191],
[1669210200.0, 0.28076527331020446],
[1669296600.0, 0.26921609582606726],
[1669383000.0, 0.26463529625005294],
[1669469400.0, 0.23853434253995817],
[1669555800.0, 0.24970022274917755],
[1669642200.0, 0.25918484574622536],
[1669728600.0, 0.23399162776542748],
[1669815000.0, 0.23063515018524963],
[1669901400.0, 0.26167175924612895],
[1669987800.0, 0.24361250391893635],
[1670074200.0, 0.2577237506046036],
[1670160600.0, 0.2756824110469965],
[1670247000.0, 0.29102067895681916],
[1670333400.0, 0.2881443919734313],
[1670419800.0, 0.2841155997358704],
[1670506200.0, 0.28876842202848935],
[1670592600.0, 0.2861380170953744],
[1670679000.0, 0.28646622687755063],
[1670765400.0, 0.29198179962470383],
[1670851800.0, 0.29148650560597067],
[1670938200.0, 0.385645735904599],
[1671024600.0, 0.3107208897759285],
[1671111000.0, 0.30265723532398725],
[1671197400.0, 0.30658026131557864],
[1671283800.0, 0.30481446787629807],
[1671370200.0, 0.2890144952499432],
[1671456600.0, 0.28412969239819896],
[1671543000.0, 0.2881870577134106],
[1671629400.0, 0.2944664864499014],
[1671715800.0, 0.2767125176698949],
[1671802200.0, 0.27739337181075113],
[1671888600.0, 0.26691188893832024],
[1671975000.0, 0.2827482244641942],
[1672061400.0, 0.2808306425873402],
[1672147800.0, 0.26691740222498794],
[1672234200.0, 0.282702886280093],
[1672320600.0, 0.2812479527342283],
[1672407000.0, 0.2987158088194929],
[1672493400.0, 0.3039210931642913],
[1672579800.0, 0.2897717991494002],
[1672666200.0, 0.30219768819050075],
[1672752600.0, 0.2863827397726],
[1672839000.0, 0.31454671464529116],
[1672925400.0, 0.31755153099875805],
[1673011800.0, 0.3088005447369478],
[1673098200.0, 0.3041336113996286],
[1673184600.0, 0.3513346856350717],
[1673271000.0, 0.353784249642021],
[1673357400.0, 0.3519882686735193],
[1673443800.0, 0.3438243215241111],
[1673530200.0, 0.35374804652791464],
[1673616600.0, 0.3433648390192296],
[1673703000.0, 0.3480291258778908],
[1673789400.0, 0.34218561241424106],
[1673875800.0, 0.3489898628926698],
[1673962200.0, 0.3758260364317452],
[1674048600.0, 0.36261853255472354],
[1674135000.0, 0.36527701551765884],
[1674221400.0, 0.3374573462576024],
[1674307800.0, 0.33477124664753366],
[1674394200.0, 0.36324643706879595],
[1674480600.0, 0.3710671696563662],
[1674567000.0, 0.37263617988993225],
[1674653400.0, 0.38637014313814694],
[1674739800.0, 0.634716596095551],
[1674826200.0, 0.3798744685124885],
[1674912600.0, 0.35975897189380857],
[1674999000.0, 0.37013382314137566],
[1675085400.0, 0.37557731712442066],
[1675171800.0, 0.37283682365381465],
[1675258200.0, 0.3758451072030993],
[1675344600.0, 0.3971449479772464],
[1675431000.0, 0.3648405018014114],
[1675517400.0, 0.36291164341819826],
[1675603800.0, 0.3786396887854957],
[1675690200.0, 0.37320843727393754],
[1675776600.0, 0.3753983074288823],
[1675863000.0, 0.3752110478825789],
[1675949400.0, 0.3752110478825789],
