[1635773400.0, 3.62125],
[1635859800.0, 3.57],
[1635946200.0, 3.66625],
[1636032600.0, 3.58],
[1636119000.0, 2.2925],
[1636205400.0, 3.5700000000000003],
[1636291800.0, 3.6000000000000005],
[1636378200.0, 3.5925],
[1636464600.0, 3.2],
[1636551000.0, 2.8200000000000003],
[1636637400.0, 3.04125],
[1636723800.0, 3.00125],
[1636810200.0, 3.1012500000000003],
[1636896600.0, 2.9775],
[1636983000.0, 3.0025000000000004],
[1637069400.0, 3.0549999999999997],
[1637155800.0, 3.05],
[1637242200.0, 3.01125],
[1637328600.0, 2.9899999999999998],
[1637415000.0, 2.78625],
[1637501400.0, 2.9100000000000006],
[1637587800.0, 2.865],
[1637674200.0, 2.90375],
[1637760600.0, 2.84875],
[1637847000.0, 2.8400000000000003],
[1637933400.0, 2.89875],
[1638019800.0, 2.9675000000000002],
[1638106200.0, 3.1225],
[1638192600.0, 3.1250000000000004],
[1638279000.0, 2.6862500000000002],
[1638365400.0, 2.495],
[1638451800.0, 2.5612500000000002],
[1638538200.0, 2.71625],
[1638624600.0, 2.8787500000000006],
[1638711000.0, 2.9924999999999997],
[1638797400.0, 2.8575],
[1638883800.0, 2.8850000000000002],
[1638970200.0, 2.8237500000000004],
[1639056600.0, 2.7675],
[1639143000.0, 2.7862500000000003],
[1639229400.0, 2.7612500000000004],
[1639315800.0, 2.7375],
[1639402200.0, 2.7225],
[1639488600.0, 2.6825],
[1639575000.0, 2.7187500000000004],
[1639661400.0, 2.4499999999999997],
[1639747800.0, 2.4325],
[1639834200.0, 2.5425000000000004],
[1639920600.0, 2.5887500000000006],
[1640007000.0, 2.46625],
[1640093400.0, 2.53625],
[1640179800.0, 2.5237499999999997],
[1640266200.0, 2.5012499999999998],
[1640352600.0, 2.5875],
[1640439000.0, 2.54375],
[1640525400.0, 2.57875],
[1640611800.0, 2.5625000000000004],
[1640698200.0, 2.5662499999999997],
[1640784600.0, 2.5275000000000003],
[1640871000.0, 2.51875],
[1640957400.0, 2.58375],
[1641043800.0, 2.59875],
[1641130200.0, 2.6012500000000003],
[1641216600.0, 2.5837499999999993],
[1641303000.0, 2.5225],
[1641389400.0, 2.55625],
[1641475800.0, 2.5787500000000003],
[1641562200.0, 2.6374999999999997],
[1641648600.0, 2.6375],
[1641735000.0, 2.776249999999999],
[1641821400.0, 2.7975000000000003],
[1641907800.0, 2.7612500000000004],
[1641994200.0, 2.7825],
[1642080600.0, 2.7774999999999994],
[1642167000.0, 2.8075],
[1642253400.0, 2.8200000000000003],
[1642339800.0, 2.77125],
[1642426200.0, 2.8287500000000003],
[1642512600.0, 2.79375],
[1642599000.0, 2.795],
[1642685400.0, 2.7987500000000005],
[1642771800.0, 2.715],
[1642858200.0, 2.6450000000000005],
[1642944600.0, 2.620000000000001],
[1643031000.0, 2.5537499999999995],
[1643117400.0, 2.5],
[1643203800.0, 2.61875],
[1643290200.0, 2.59],
[1643376600.0, 2.61875],
[1643463000.0, 2.64125],
[1643549400.0, 2.6174999999999997],
[1643635800.0, 2.6174999999999997],
[1643722200.0, 2.6174999999999997],
[1643808600.0, 2.6487499999999993],
[1643895000.0, 2.5912499999999996],
[1643981400.0, 2.5574999999999997],
[1644067800.0, 2.54625],
[1644154200.0, 2.4875000000000003],
[1644240600.0, 2.5375],
[1644327000.0, 2.4787500000000002],
[1644413400.0, 2.50875],
[1644499800.0, 2.5775000000000006],
[1644586200.0, 2.5925000000000002],
[1644672600.0, 2.61],
[1644759000.0, 2.5975],
[1644845400.0, 2.6575],
[1644931800.0, 2.5924999999999994],
[1645018200.0, 2.5387499999999994],
[1645104600.0, 2.5562500000000004],
[1645191000.0, 2.6487500000000006],
[1645277400.0, 2.58375],
[1645363800.0, 2.52375],
[1645450200.0, 2.6149999999999998],
[1645536600.0, 2.63625],
[1645623000.0, 2.62],
[1645709400.0, 2.6275000000000004],
[1645795800.0, 2.6187500000000004],
[1645882200.0, 2.6462499999999998],
[1645968600.0, 2.95625],
[1646055000.0, 2.84375],
[1646141400.0, 2.8200000000000003],
[1646227800.0, 2.79875],
[1646314200.0, 2.8537500000000007],
[1646400600.0, 2.9],
[1646487000.0, 3.0112500000000004],
[1646573400.0, 2.9087499999999995],
[1646659800.0, 2.8312500000000003],
[1646746200.0, 2.7437500000000004],
[1646832600.0, 2.7587500000000005],
[1646919000.0, 2.74875],
[1647005400.0, 2.7312499999999997],
[1647091800.0, 2.7275000000000005],
[1647178200.0, 2.7512499999999998],
[1647264600.0, 2.74125],
[1647351000.0, 2.805],
[1647437400.0, 2.81125],
[1647523800.0, 2.8325],
[1647610200.0, 2.87875],
[1647696600.0, 2.94375],
[1647783000.0, 2.99],
[1647869400.0, 3.0300000000000002],
[1647955800.0, 3.0625],
[1648042200.0, 3.0962499999999995],
[1648128600.0, 3.1262500000000006],
[1648215000.0, 3.1399999999999997],
[1648301400.0, 3.1450000000000005],
[1648387800.0, 3.165],
[1648474200.0, 3.1425],
[1648560600.0, 3.17375],
[1648647000.0, 3.165],
[1648733400.0, 3.235],
[1648819800.0, 3.255],
[1648906200.0, 3.2762500000000006],
[1648996200.0, 3.2812500000000004],
[1649082600.0, 3.3387499999999997],
[1649169000.0, 3.4274999999999998],
[1649255400.0, 3.40375],
[1649341800.0, 3.49],
[1649428200.0, 3.4274999999999998],
[1649514600.0, 3.65375],
[1649601000.0, 3.92875],
[1649687400.0, 3.75375],
[1649773800.0, 3.77125],
[1649860200.0, 3.83375],
[1649946600.0, 3.8512500000000003],
[1650033000.0, 3.9],
[1650119400.0, 3.8612500000000005],
[1650205800.0, 3.9574999999999996],
[1650292200.0, 3.80375],
[1650378600.0, 3.8275],
[1650465000.0, 3.6987500000000004],
[1650551400.0, 3.6987500000000004],
[1650637800.0, 3.6987500000000004],
[1650724200.0, 3.7375],
[1650810600.0, 3.8087500000000007],
[1650897000.0, 3.8300000000000005],
[1650983400.0, 3.8475000000000006],
[1651069800.0, 3.6625],
[1651156200.0, 3.7162500000000005],
[1651242600.0, 3.6950000000000007],
[1651329000.0, 3.72125],
[1651415400.0, 3.67625],
[1651501800.0, 3.63625],
[1651588200.0, 3.6025],
[1651674600.0, 3.2150000000000003],
[1651761000.0, 3.09],
[1651847400.0, 3.03625],
[1651933800.0, 3.087500000000001],
[1652020200.0, 3.11125],
[1652106600.0, 3.2412500000000004],
[1652193000.0, 3.2125000000000004],
[1652279400.0, 3.2275000000000005],
[1652365800.0, 3.14375],
[1652452200.0, 3.1625000000000005],
[1652538600.0, 3.17875],
[1652625000.0, 3.2137500000000006],
[1652711400.0, 3.20875],
[1652797800.0, 3.20625],
[1652884200.0, 3.14375],
[1652970600.0, 2.91],
[1653057000.0, 2.8850000000000002],
[1653143400.0, 2.90625],
[1653229800.0, 2.9175000000000004],
[1653316200.0, 2.8975],
[1653402600.0, 2.91875],
[1653489000.0, 2.83],
[1653575400.0, 2.805],
[1653661800.0, 2.7449999999999997],
[1653748200.0, 2.7137500000000006],
[1653834600.0, 2.61625],
[1653921000.0, 2.6925000000000003],
[1654007400.0, 2.66875],
[1654093800.0, 2.7625],
[1654180200.0, 2.7737499999999997],
[1654266600.0, 2.5524999999999998],
[1654353000.0, 2.475],
[1654439400.0, 2.4737500000000003],
[1654525800.0, 2.45875],
[1654612200.0, 2.4274999999999998],
[1654698600.0, 2.3850000000000002],
[1654785000.0, 2.42125],
[1654871400.0, 2.4487499999999995],
[1654957800.0, 2.4425000000000003],
[1655044200.0, 2.44875],
[1655130600.0, 2.4537500000000003],
[1655217000.0, 2.4062499999999996],
[1655303400.0, 2.4175],
[1655389800.0, 2.37875],
[1655476200.0, 2.35],
[1655562600.0, 2.32625],
[1655649000.0, 2.2962500000000006],
[1655735400.0, 2.335],
[1655821800.0, 2.2912500000000007],
[1655908200.0, 2.2699999999999996],
[1655994600.0, 2.27],
[1656081000.0, 2.1774999999999998],
[1656167400.0, 2.2325],
[1656253800.0, 2.2300000000000004],
[1656340200.0, 2.19625],
[1656426600.0, 2.2237500000000003],
[1656513000.0, 2.2550000000000003],
[1656599400.0, 2.26375],
[1656685800.0, 2.20125],
[1656772200.0, 2.23],
[1656858600.0, 2.2150000000000003],
[1656945000.0, 2.2350000000000003],
[1657031400.0, 2.24125],
[1657117800.0, 2.18125],
[1657204200.0, 2.22375],
[1657290600.0, 2.23125],
[1657377000.0, 2.345],
[1657463400.0, 2.2412500000000004],
[1657549800.0, 2.2862500000000003],
[1657636200.0, 2.2812500000000004],
[1657722600.0, 2.3125000000000004],
[1657809000.0, 2.29],
[1657895400.0, 2.2125000000000004],
[1657981800.0, 2.2375000000000003],
[1658068200.0, 2.2912500000000002],
[1658154600.0, 2.3475],
[1658241000.0, 2.2937499999999997],
[1658327400.0, 2.28375],
[1658413800.0, 2.3087500000000003],
[1658500200.0, 2.26125],
[1658586600.0, 2.26375],
[1658673000.0, 2.1775],
[1658759400.0, 2.3575],
[1658845800.0, 2.38],
[1658932200.0, 2.1850000000000005],
[1659018600.0, 2.365],
[1659105000.0, 2.3475],
[1659191400.0, 2.32625],
[1659277800.0, 2.33375],
[1659364200.0, 2.2824999999999998],
[1659450600.0, 2.275],
[1659537000.0, 2.245],
[1659623400.0, 2.2075],
[1659709800.0, 2.2675],
[1659796200.0, 2.2937499999999997],
[1659882600.0, 2.3137500000000006],
[1659969000.0, 2.3325],
[1660055400.0, 2.3249999999999997],
[1660141800.0, 2.28125],
[1660228200.0, 2.32875],
[1660314600.0, 2.33375],
[1660401000.0, 2.33375],
[1660487400.0, 2.33375],
[1660573800.0, 2.33375],
[1660660200.0, 2.3725],
[1660746600.0, 2.215],
[1660833000.0, 2.305],
[1660919400.0, 2.19375],
[1661005800.0, 2.1675],
[1661092200.0, 2.22125],
[1661178600.0, 2.1425],
[1661265000.0, 2.155],
[1661351400.0, 2.0799999999999996],
[1661437800.0, 2.12125],
[1661524200.0, 2.00625],
[1661610600.0, 2.1575],
[1661697000.0, 2.13875],
[1661783400.0, 2.1375],
[1661869800.0, 2.2175000000000002],
[1661956200.0, 2.2337499999999997],
[1662042600.0, 2.17875],
[1662129000.0, 2.0675000000000003],
[1662215400.0, 2.0025],
[1662301800.0, 2.1312500000000005],
[1662388200.0, 2.1675],
[1662474600.0, 2.15625],
[1662561000.0, 2.0762500000000004],
[1662647400.0, 2.0225],
[1662733800.0, 2.0575],
[1662820200.0, 2.0300000000000007],
[1662906600.0, 2.0100000000000002],
[1662993000.0, 2.0737500000000004],
[1663079400.0, 2.0325],
[1663165800.0, 2.0725],
[1663252200.0, 2.03125],
[1663338600.0, 2.0425000000000004],
[1663425000.0, 2.095],
[1663511400.0, 2.105],
[1663597800.0, 2.0625000000000004],
[1663684200.0, 2.1037500000000002],
[1663770600.0, 2.06375],
[1663857000.0, 2.0387500000000003],
[1663943400.0, 2.0125],
[1664029800.0, 2.085],
[1664116200.0, 2.08125],
[1664202600.0, 2.0175],
[1664289000.0, 2.01375],
[1664375400.0, 2.05625],
[1664461800.0, 1.975],
[1664548200.0, 1.9625000000000001],
[1664634600.0, 1.88],
[1664717400.0, 1.9112500000000001],
[1664803800.0, 1.9700000000000004],
[1664890200.0, 1.96875],
[1664976600.0, 2.1625],
[1665063000.0, 2.105],
[1665149400.0, 2.105],
[1665235800.0, 2.23125],
[1665322200.0, 2.2475],
[1665408600.0, 2.2674999999999996],
[1665495000.0, 2.26375],
[1665581400.0, 2.28375],
[1665667800.0, 2.325],
[1665754200.0, 2.3149999999999995],
[1665840600.0, 2.26125],
[1665927000.0, 2.3400000000000003],
[1666013400.0, 2.21],
[1666099800.0, 2.29375],
[1666186200.0, 2.3975000000000004],
[1666272600.0, 2.51125],
[1666359000.0, 2.3800000000000003],
[1666445400.0, 2.2887500000000003],
[1666531800.0, 2.2575000000000003],
[1666618200.0, 2.28],
[1666704600.0, 2.46],
[1666791000.0, 2.6375],
[1666877400.0, 2.695],
[1666963800.0, 2.5212499999999998],
[1667050200.0, 2.51625],
[1667136600.0, 2.52625],
[1667223000.0, 2.45125],
[1667309400.0, 2.348750000000001],
[1667395800.0, 2.3425000000000002],
[1667482200.0, 2.33625],
[1667568600.0, 2.3175000000000003],
[1667655000.0, 2.4075],
[1667741400.0, 2.435],
[1667827800.0, 2.38],
[1667914200.0, 2.4062500000000004],
[1668000600.0, 2.3912500000000003],
[1668087000.0, 2.4200000000000004],
[1668173400.0, 2.40125],
[1668259800.0, 2.4925],
[1668346200.0, 2.4775],
[1668432600.0, 2.4499999999999997],
[1668519000.0, 2.4137499999999994],
[1668605400.0, 2.3600000000000003],
[1668691800.0, 2.3937500000000003],
[1668778200.0, 2.3699999999999997],
[1668864600.0, 2.3724999999999996],
[1668951000.0, 2.3225000000000002],
[1669037400.0, 2.2525000000000004],
[1669123800.0, 2.2049999999999996],
[1669210200.0, 2.09],
[1669296600.0, 2.04],
[1669383000.0, 2.08375],
[1669469400.0, 2.09125],
[1669555800.0, 2.04625],
[1669642200.0, 2.0725],
[1669728600.0, 2.1249999999999996],
[1669815000.0, 2.1237500000000002],
[1669901400.0, 2.22375],
[1669987800.0, 2.2649999999999997],
[1670074200.0, 2.205],
[1670160600.0, 2.2237500000000003],
[1670247000.0, 2.2362499999999996],
[1670333400.0, 2.265],
[1670419800.0, 2.27375],
[1670506200.0, 2.27625],
[1670592600.0, 2.2249999999999996],
[1670679000.0, 2.245],
[1670765400.0, 2.2125],
[1670851800.0, 2.2375],
[1670938200.0, 2.2600000000000002],
[1671024600.0, 2.2424999999999997],
[1671111000.0, 2.2225],
[1671197400.0, 2.225],
[1671283800.0, 2.1250000000000004],
[1671370200.0, 2.0974999999999997],
[1671456600.0, 2.1875],
[1671543000.0, 2.14],
[1671629400.0, 2.1950000000000003],
[1671715800.0, 2.1774999999999998],
[1671802200.0, 2.1374999999999997],
[1671888600.0, 2.12875],
[1671975000.0, 2.1624999999999996],
[1672061400.0, 2.09125],
[1672147800.0, 2.03625],
[1672234200.0, 2.06625],
[1672320600.0, 2.0725000000000002],
[1672407000.0, 2.1125000000000003],
[1672493400.0, 2.1025],
[1672579800.0, 2.10625],
[1672666200.0, 2.14],
[1672752600.0, 2.155],
[1672839000.0, 2.2075000000000005],
[1672925400.0, 2.225],
[1673011800.0, 2.29625],
[1673098200.0, 2.355],
[1673184600.0, 2.3175000000000003],
[1673271000.0, 2.3425],
[1673357400.0, 1.8012500000000002],
[1673443800.0, 2.435],
[1673530200.0, 2.3962500000000007],
[1673616600.0, 2.4200000000000004],
[1673703000.0, 2.43375],
[1673789400.0, 2.3475],
[1673875800.0, 2.46],
[1673962200.0, 2.45375],
[1674048600.0, 2.41125],
[1674135000.0, 2.4362500000000002],
[1674221400.0, 2.44625],
[1674307800.0, 2.4000000000000004],
[1674394200.0, 2.4712499999999995],
[1674480600.0, 2.46375],
[1674567000.0, 2.44625],
[1674653400.0, 2.50875],
[1674739800.0, 2.6175000000000006],
[1674826200.0, 2.5524999999999998],
[1674912600.0, 2.51125],
[1674999000.0, 2.4725],
[1675085400.0, 2.4387500000000006],
[1675171800.0, 2.5612500000000002],
[1675258200.0, 2.6362499999999995],
[1675344600.0, 2.5725],
[1675431000.0, 2.6250000000000004],
[1675517400.0, 2.54125],
[1675603800.0, 2.595],
[1675690200.0, 2.6550000000000002],
[1675776600.0, 2.67625],
[1675863000.0, 2.67625],
[1675949400.0, 2.67625],
