[1635773400.0, 0.34882478632478636],
[1635859800.0, 0.3694310897435897],
[1635946200.0, 0.370713141025641],
[1636032600.0, 0.3970352564102565],
[1636119000.0, 0.3253205128205128],
[1636205400.0, 0.3646255060728745],
[1636291800.0, 0.37407219973009437],
[1636378200.0, 0.3740300269905534],
[1636464600.0, 0.38485105580693824],
[1636551000.0, 0.3184463562753036],
[1636637400.0, 0.3332911605937922],
[1636723800.0, 0.3310981781376518],
[1636810200.0, 0.330887314439946],
[1636896600.0, 0.3181891025641026],
[1636983000.0, 0.324599358974359],
[1637069400.0, 0.3238782051282052],
[1637155800.0, 0.33843623481781365],
[1637242200.0, 0.3352311066126855],
[1637328600.0, 0.3177884615384616],
[1637415000.0, 0.2977716727716728],
[1637501400.0, 0.3194310897435898],
[1637587800.0, 0.3338815789473684],
[1637674200.0, 0.33771929824561403],
[1637760600.0, 0.3324898785425101],
[1637847000.0, 0.3305077597840756],
[1637933400.0, 0.3343876518218624],
[1638019800.0, 0.33649628879892035],
[1638106200.0, 0.3604878917378918],
[1638192600.0, 0.3616898148148149],
[1638279000.0, 0.36653645833333337],
[1638365400.0, 0.3556189903846154],
[1638451800.0, 0.35777243589743596],
[1638538200.0, 0.3679887820512821],
[1638624600.0, 0.3552978883861237],
[1638711000.0, 0.36217948717948717],
[1638797400.0, 0.36203808446455504],
[1638883800.0, 0.3611896681749623],
[1638970200.0, 0.38156049679487186],
[1639056600.0, 0.3778044871794872],
[1639143000.0, 0.3971153846153847],
[1639229400.0, 0.42090201465201466],
[1639315800.0, 0.3660857371794872],
[1639402200.0, 0.3909188034188035],
[1639488600.0, 0.3894764957264958],
[1639575000.0, 0.39022435897435903],
[1639661400.0, 0.4046474358974359],
[1639747800.0, 0.40470467032967034],
[1639834200.0, 0.40630723443223443],
[1639920600.0, 0.41071428571428575],
[1640007000.0, 0.3985233516483517],
[1640093400.0, 0.3940018315018315],
[1640179800.0, 0.37521367521367527],
[1640266200.0, 0.37638888888888894],
[1640352600.0, 0.3776709401709402],
[1640439000.0, 0.35807291666666674],
[1640525400.0, 0.3572215544871795],
[1640611800.0, 0.3598257211538462],
[1640698200.0, 0.3634815705128205],
[1640784600.0, 0.3584234775641026],
[1640871000.0, 0.3806089743589744],
[1640957400.0, 0.3579226762820513],
[1641043800.0, 0.36177884615384615],
[1641130200.0, 0.3656350160256411],
[1641216600.0, 0.39006410256410257],
[1641303000.0, 0.38851495726495733],
[1641389400.0, 0.3620793269230769],
[1641475800.0, 0.3657351762820513],
[1641562200.0, 0.3703425480769231],
[1641648600.0, 0.3730969551282052],
[1641735000.0, 0.37790464743589747],
[1641821400.0, 0.3832632211538462],
[1641907800.0, 0.3788060897435898],
[1641994200.0, 0.3871694711538462],
[1642080600.0, 0.3656202865761689],
[1642167000.0, 0.3620380844645551],
[1642253400.0, 0.36722285067873306],
[1642339800.0, 0.36774132730015086],
[1642426200.0, 0.36661010558069385],
[1642512600.0, 0.3688254147812971],
[1642599000.0, 0.38366386217948717],
[1642685400.0, 0.34005519943019946],
[1642771800.0, 0.35855015082956265],
[1642858200.0, 0.36109539969834087],
[1642944600.0, 0.3594457013574661],
[1643031000.0, 0.35836161387631976],
[1643117400.0, 0.357513197586727],
[1643203800.0, 0.3407674501424502],
[1643290200.0, 0.36090686274509803],
[1643376600.0, 0.35939856711915535],
[1643463000.0, 0.38376402243589747],
[1643549400.0, 0.3808092948717949],
[1643635800.0, 0.3808092948717949],
[1643722200.0, 0.3808092948717949],
[1643808600.0, 0.38581730769230765],
[1643895000.0, 0.3870192307692308],
[1643981400.0, 0.40924145299145304],
[1644067800.0, 0.4122329059829061],
[1644154200.0, 0.3853665865384616],
[1644240600.0, 0.4129273504273505],
[1644327000.0, 0.385516826923077],
[1644413400.0, 0.3884715544871795],
[1644499800.0, 0.3962339743589744],
[1644586200.0, 0.39908854166666674],
[1644672600.0, 0.41949786324786337],
[1644759000.0, 0.42056623931623943],
[1644845400.0, 0.3974358974358974],
[1644931800.0, 0.3963341346153845],
[1645018200.0, 0.3959334935897436],
[1645104600.0, 0.3988882211538461],
[1645191000.0, 0.4048477564102565],
[1645277400.0, 0.40625],
[1645363800.0, 0.3817401960784314],
[1645450200.0, 0.41451322115384615],
[1645536600.0, 0.3817401960784314],
[1645623000.0, 0.3834841628959276],
[1645709400.0, 0.36266915954415957],
[1645795800.0, 0.34181005398110664],
[1645882200.0, 0.34147267206477727],
[1645968600.0, 0.35804655870445345],
[1646055000.0, 0.373931623931624],
[1646141400.0, 0.36952457264957267],
[1646227800.0, 0.41661658653846156],
[1646314200.0, 0.39159125188536953],
[1646400600.0, 0.3959276018099548],
[1646487000.0, 0.40460030165912514],
[1646573400.0, 0.37980769230769235],
[1646659800.0, 0.40370475113122173],
[1646746200.0, 0.43509615384615397],
[1646832600.0, 0.4338675213675214],
[1646919000.0, 0.4337072649572651],
[1647005400.0, 0.43429487179487186],
[1647091800.0, 0.4354700854700855],
[1647178200.0, 0.4386217948717949],
[1647264600.0, 0.43872863247863253],
[1647351000.0, 0.4211237980769231],
[1647437400.0, 0.4226262019230769],
[1647523800.0, 0.424979967948718],
[1647610200.0, 0.4240785256410257],
[1647696600.0, 0.42893629807692313],
[1647783000.0, 0.43103966346153855],
[1647869400.0, 0.4331430288461539],
[1647955800.0, 0.4351963141025641],
[1648042200.0, 0.43729967948717957],
[1648128600.0, 0.4392528044871795],
[1648215000.0, 0.4403044871794872],
[1648301400.0, 0.443760016025641],
[1648387800.0, 0.4458133012820513],
[1648474200.0, 0.4449118589743589],
[1648560600.0, 0.44666466346153855],
[1648647000.0, 0.4179392911010558],
[1648733400.0, 0.42222850678733037],
[1648819800.0, 0.42321832579185525],
[1648906200.0, 0.42401960784313725],
[1648996200.0, 0.4253865007541479],
[1649082600.0, 0.42731900452488686],
[1649169000.0, 0.3988275978407557],
[1649255400.0, 0.39317645074224017],
[1649341800.0, 0.38409455128205133],
[1649428200.0, 0.3782852564102564],
[1649514600.0, 0.41700404858299595],
[1649601000.0, 0.4357709176788123],
[1649687400.0, 0.4570868945868946],
[1649773800.0, 0.43404183535762475],
[1649860200.0, 0.4306680161943319],
[1649946600.0, 0.42936066126855604],
[1650033000.0, 0.42910762483130904],
[1650119400.0, 0.4292763157894737],
[1650205800.0, 0.43020411605937914],
[1650292200.0, 0.4220647773279352],
[1650378600.0, 0.5084134615384616],
[1650465000.0, 0.422528677462888],
[1650551400.0, 0.422528677462888],
[1650637800.0, 0.422528677462888],
[1650724200.0, 0.4217273954116058],
[1650810600.0, 0.42434210526315785],
[1650897000.0, 0.42611336032388664],
[1650983400.0, 0.45107727920227925],
[1651069800.0, 0.4170883940620782],
[1651156200.0, 0.4132085020242915],
[1651242600.0, 0.4131241565452091],
[1651329000.0, 0.43723290598290604],
[1651415400.0, 0.41860661268556],
[1651501800.0, 0.42379385964912275],
[1651588200.0, 0.4341168091168092],
[1651674600.0, 0.4264234539969834],
[1651761000.0, 0.4118118401206637],
[1651847400.0, 0.4064856711915535],
[1651933800.0, 0.4067684766214178],
[1652020200.0, 0.3839031339031339],
[1652106600.0, 0.41138763197586736],
[1652193000.0, 0.4110105580693816],
[1652279400.0, 0.41581825037707393],
[1652365800.0, 0.384837962962963],
[1652452200.0, 0.38506054131054135],
[1652538600.0, 0.38652955840455855],
[1652625000.0, 0.3864405270655271],
[1652711400.0, 0.3933849715099716],
[1652797800.0, 0.3926282051282051],
[1652884200.0, 0.384837962962963],
[1652970600.0, 0.37094907407407407],
[1653057000.0, 0.36939102564102566],
[1653143400.0, 0.3690349002849004],
[1653229800.0, 0.3721064814814815],
[1653316200.0, 0.36738782051282054],
[1653402600.0, 0.3525641025641026],
[1653489000.0, 0.34978070175438597],
[1653575400.0, 0.3487263832658569],
[1653661800.0, 0.3452260458839405],
[1653748200.0, 0.32776442307692316],
[1653834600.0, 0.3306490384615385],
[1653921000.0, 0.3455634278002699],
[1654007400.0, 0.35382928475033737],
[1654093800.0, 0.33493589743589747],
[1654180200.0, 0.337099358974359],
[1654266600.0, 0.35064992877492884],
[1654353000.0, 0.36364064856711914],
[1654439400.0, 0.3672876602564103],
[1654525800.0, 0.3559577677224736],
[1654612200.0, 0.35666478129713425],
[1654698600.0, 0.3564762443438914],
[1654785000.0, 0.38095953525641024],
[1654871400.0, 0.40913461538461543],
[1654957800.0, 0.38231169871794873],
[1655044200.0, 0.4061965811965812],
[1655130600.0, 0.4037393162393163],
[1655217000.0, 0.39877136752136755],
[1655303400.0, 0.4005876068376069],
[1655389800.0, 0.39732905982905986],
[1655476200.0, 0.3985042735042736],
[1655562600.0, 0.39561965811965816],
[1655649000.0, 0.36894030448717957],
[1655735400.0, 0.3927884615384616],
[1655821800.0, 0.3933226495726497],
[1655908200.0, 0.3916132478632479],
[1655994600.0, 0.38920940170940177],
[1656081000.0, 0.4096268315018315],
[1656167400.0, 0.3817307692307693],
[1656253800.0, 0.3840277777777778],
[1656340200.0, 0.41592261904761907],
[1656426600.0, 0.38135683760683764],
[1656513000.0, 0.3826923076923078],
[1656599400.0, 0.3827991452991454],
[1656685800.0, 0.3822649572649573],
[1656772200.0, 0.38322649572649575],
[1656858600.0, 0.3833867521367522],
[1656945000.0, 0.3893162393162394],
[1657031400.0, 0.3911858974358975],
[1657117800.0, 0.38701923076923084],
[1657204200.0, 0.38295940170940174],
[1657290600.0, 0.39182692307692313],
[1657377000.0, 0.37289663461538464],
[1657463400.0, 0.3901175213675214],
[1657549800.0, 0.3745492788461539],
[1657636200.0, 0.37359775641025644],
[1657722600.0, 0.3761017628205129],
[1657809000.0, 0.3531297134238311],
[1657895400.0, 0.34973604826546],
[1657981800.0, 0.36387631975867274],
[1658068200.0, 0.36496040723981904],
[1658154600.0, 0.3633107088989442],
[1658241000.0, 0.39162660256410253],
[1658327400.0, 0.36821266968325794],
[1658413800.0, 0.3907251602564103],
[1658500200.0, 0.3903245192307693],
[1658586600.0, 0.3896734775641026],
[1658673000.0, 0.40929487179487184],
[1658759400.0, 0.3884214743589744],
[1658845800.0, 0.39132612179487175],
[1658932200.0, 0.385516826923077],
[1659018600.0, 0.37410444947209653],
[1659105000.0, 0.35648148148148157],
[1659191400.0, 0.37358597285067874],
[1659277800.0, 0.38400263951734537],
[1659364200.0, 0.38018476621417796],
[1659450600.0, 0.36436075498575504],
[1659537000.0, 0.3592859686609687],
[1659623400.0, 0.36062143874643876],
[1659709800.0, 0.36453881766381774],
[1659796200.0, 0.37259615384615385],
[1659882600.0, 0.3834841628959276],
[1659969000.0, 0.3877262443438914],
[1660055400.0, 0.3665865384615385],
[1660141800.0, 0.36658653846153855],
[1660228200.0, 0.3899415535444947],
[1660314600.0, 0.36734330484330485],
[1660401000.0, 0.36734330484330485],
[1660487400.0, 0.36734330484330485],
[1660573800.0, 0.36734330484330485],
[1660660200.0, 0.3667200854700855],
[1660746600.0, 0.373868778280543],
[1660833000.0, 0.3829185520361991],
[1660919400.0, 0.3514512108262109],
[1661005800.0, 0.37773378582202116],
[1661092200.0, 0.37575414781297134],
[1661178600.0, 0.35096153846153844],
[1661265000.0, 0.3739630467571643],
[1661351400.0, 0.3692496229260934],
[1661437800.0, 0.37198340874811464],
[1661524200.0, 0.3848657852564103],
[1661610600.0, 0.3702865761689291],
[1661697000.0, 0.39342948717948717],
[1661783400.0, 0.36599736048265463],
[1661869800.0, 0.39182692307692313],
[1661956200.0, 0.39047475961538464],
[1662042600.0, 0.3907752403846155],
[1662129000.0, 0.3795572916666667],
[1662215400.0, 0.3809595352564103],
[1662301800.0, 0.3836137820512821],
[1662388200.0, 0.38731971153846156],
[1662474600.0, 0.3868689903846154],
[1662561000.0, 0.40149572649572657],
[1662647400.0, 0.3755008012820513],
[1662733800.0, 0.37715344551282054],
[1662820200.0, 0.3720452724358975],
[1662906600.0, 0.36001131221719457],
[1662993000.0, 0.35770173453996984],
[1663079400.0, 0.35614630467571645],
[1663165800.0, 0.3590686274509804],
[1663252200.0, 0.3833633814102565],
[1663338600.0, 0.3855669070512821],
[1663425000.0, 0.38341346153846156],
[1663511400.0, 0.3848157051282052],
[1663597800.0, 0.3631693061840121],
[1663684200.0, 0.3852664262820514],
[1663770600.0, 0.408707264957265],
[1663857000.0, 0.3796574519230769],
[1663943400.0, 0.3793569711538462],
[1664029800.0, 0.38176081730769235],
[1664116200.0, 0.38261217948717957],
[1664202600.0, 0.40646367521367527],
[1664289000.0, 0.38015825320512825],
[1664375400.0, 0.3826121794871795],
[1664461800.0, 0.3806089743589744],
[1664548200.0, 0.3826121794871795],
[1664634600.0, 0.40272435897435904],
[1664717400.0, 0.402190170940171],
[1664803800.0, 0.4063034188034189],
[1664890200.0, 0.4059829059829061],
[1664976600.0, 0.4201388888888889],
[1665063000.0, 0.4523809523809524],
[1665149400.0, 0.4523809523809524],
[1665235800.0, 0.4385683760683762],
[1665322200.0, 0.43766025641025647],
[1665408600.0, 0.44145299145299155],
[1665495000.0, 0.44423076923076926],
[1665581400.0, 0.44508547008547006],
[1665667800.0, 0.4784798534798535],
[1665754200.0, 0.4711538461538461],
[1665840600.0, 0.4419871794871796],
[1665927000.0, 0.41676682692307687],
[1666013400.0, 0.41356169871794873],
[1666099800.0, 0.45005341880341887],
[1666186200.0, 0.43184094551282054],
[1666272600.0, 0.4368990384615385],
[1666359000.0, 0.4261318108974359],
[1666445400.0, 0.44743589743589757],
[1666531800.0, 0.44075854700854705],
[1666618200.0, 0.4457264957264958],
[1666704600.0, 0.42558092948717946],
[1666791000.0, 0.42993790064102566],
[1666877400.0, 0.4337439903846154],
[1666963800.0, 0.4280348557692309],
[1667050200.0, 0.40361048265460026],
[1667136600.0, 0.4237279647435898],
[1667223000.0, 0.4172175480769231],
[1667309400.0, 0.4126101762820513],
[1667395800.0, 0.4141125801282052],
[1667482200.0, 0.41761818910256415],
[1667568600.0, 0.4186197916666667],
[1667655000.0, 0.4169671474358975],
[1667741400.0, 0.4153145032051282],
[1667827800.0, 0.41336137820512825],
[1667914200.0, 0.4149138621794873],
[1668000600.0, 0.41882011217948717],
[1668087000.0, 0.4182191506410257],
[1668173400.0, 0.39503205128205127],
[1668259800.0, 0.40035822021116135],
[1668346200.0, 0.39955693815987936],
[1668432600.0, 0.4189202724358975],
[1668519000.0, 0.40186651583710414],
[1668605400.0, 0.4012537707390648],
[1668691800.0, 0.4062971342383107],
[1668778200.0, 0.39809577677224744],
[1668864600.0, 0.3979543740573152],
[1668951000.0, 0.41256009615384615],
[1669037400.0, 0.38447398190045246],
[1669123800.0, 0.38150452488687786],
[1669210200.0, 0.38696915064102566],
[1669296600.0, 0.38797075320512825],
[1669383000.0, 0.3882211538461539],
[1669469400.0, 0.3850160256410257],
[1669555800.0, 0.36349924585218707],
[1669642200.0, 0.3850160256410257],
[1669728600.0, 0.3678827300150829],
[1669815000.0, 0.37302036199095023],
[1669901400.0, 0.3777337858220211],
[1669987800.0, 0.3851809954751131],
[1670074200.0, 0.38456825037707393],
[1670160600.0, 0.4131109775641026],
[1670247000.0, 0.36631944444444453],
[1670333400.0, 0.4105068108974359],
[1670419800.0, 0.38951734539969834],
[1670506200.0, 0.4122095352564103],
[1670592600.0, 0.4383012820512821],
[1670679000.0, 0.3815987933634993],
[1670765400.0, 0.3773095776772248],
[1670851800.0, 0.37990196078431376],
[1670938200.0, 0.38098604826546006],
[1671024600.0, 0.3805618401206637],
[1671111000.0, 0.3783936651583711],
[1671197400.0, 0.3775452488687783],
[1671283800.0, 0.37495286576168935],
[1671370200.0, 0.3750942684766215],
[1671456600.0, 0.3998898237179487],
[1671543000.0, 0.39773637820512825],
[1671629400.0, 0.4006911057692308],
[1671715800.0, 0.3766968325791855],
[1671802200.0, 0.3688254147812971],
[1671888600.0, 0.39327924679487186],
[1671975000.0, 0.3676470588235294],
[1672061400.0, 0.36307503770739064],
[1672147800.0, 0.3624151583710407],
[1672234200.0, 0.3616610105580694],
[1672320600.0, 0.3616610105580694],
[1672407000.0, 0.36458333333333337],
[1672493400.0, 0.36585595776772245],
[1672579800.0, 0.3485576923076923],
[1672666200.0, 0.348201566951567],
[1672752600.0, 0.36830693815987925],
[1672839000.0, 0.3759426847662142],
[1672925400.0, 0.37707390648567113],
[1673011800.0, 0.38400263951734537],
[1673098200.0, 0.3855109351432881],
[1673184600.0, 0.40885416666666674],
[1673271000.0, 0.4148637820512821],
[1673357400.0, 0.372407616892911],
[1673443800.0, 0.4012537707390648],
[1673530200.0, 0.4037990196078432],
[1673616600.0, 0.4021021870286577],
[1673703000.0, 0.3815883190883192],
[1673789400.0, 0.3847489316239317],
[1673875800.0, 0.38541666666666663],
[1673962200.0, 0.4163367269984918],
[1674048600.0, 0.3847934472934473],
[1674135000.0, 0.4093137254901961],
[1674221400.0, 0.3798076923076924],
[1674307800.0, 0.3886217948717949],
[1674394200.0, 0.38581730769230776],
[1674480600.0, 0.38376958689458696],
[1674567000.0, 0.3653002699055331],
[1674653400.0, 0.41322586726998495],
[1674739800.0, 0.41826923076923084],
[1674826200.0, 0.39583333333333337],
[1674912600.0, 0.4267533936651584],
[1674999000.0, 0.39899394586894593],
[1675085400.0, 0.4002403846153847],
[1675171800.0, 0.4005965099715101],
[1675258200.0, 0.41639957264957267],
[1675344600.0, 0.41435185185185186],
[1675431000.0, 0.41577635327635337],
[1675517400.0, 0.41056801994302],
[1675603800.0, 0.3985745614035088],
[1675690200.0, 0.39532726045883937],
[1675776600.0, 0.42427884615384626],
[1675863000.0, 0.42427884615384626],
[1675949400.0, 0.42427884615384626],
