[1635773400.0, 0.6904799926997306],
[1635859800.0, 0.6804608294930876],
[1635946200.0, 0.7002746357585066],
[1636032600.0, 0.7257718894009217],
[1636119000.0, 0.716008121549482],
[1636205400.0, 0.7097002326960805],
[1636291800.0, 0.7093548387096774],
[1636378200.0, 0.7101382488479263],
[1636464600.0, 0.6801683624583655],
[1636551000.0, 0.7212357243037467],
[1636637400.0, 0.7117934731496285],
[1636723800.0, 0.705045612715132],
[1636810200.0, 0.6969575848772689],
[1636896600.0, 0.7096308709211935],
[1636983000.0, 0.6836059907834101],
[1637069400.0, 0.6905111018014243],
[1637155800.0, 0.6882700084642152],
[1637242200.0, 0.6968517821875293],
[1637328600.0, 0.673078713401294],
[1637415000.0, 0.7018245086052853],
[1637501400.0, 0.6754678830057367],
[1637587800.0, 0.6900921658986174],
[1637674200.0, 0.6945006113044296],
[1637760600.0, 0.6782507482540737],
[1637847000.0, 0.6723760932944607],
[1637933400.0, 0.6974043073450578],
[1638019800.0, 0.6854838709677419],
[1638106200.0, 0.6909385874165334],
[1638192600.0, 0.7156515748966695],
[1638279000.0, 0.8292599297783628],
[1638365400.0, 0.8065476190476191],
[1638451800.0, 0.7543235126598664],
[1638538200.0, 0.7450878614473083],
[1638624600.0, 0.7399830220713073],
[1638711000.0, 0.7114233455271034],
[1638797400.0, 0.7052829113021996],
[1638883800.0, 0.6978627856672621],
[1638970200.0, 0.7360760120905802],
[1639056600.0, 0.6446069906964612],
[1639143000.0, 0.6253109579544064],
[1639229400.0, 0.6596600295626467],
[1639315800.0, 0.7591925883256527],
[1639402200.0, 0.7412822461874673],
[1639488600.0, 0.749835418038183],
[1639575000.0, 0.7198948005399617],
[1639661400.0, 0.7420898855052497],
[1639747800.0, 0.7060566161948649],
[1639834200.0, 0.6793035875791378],
[1639920600.0, 0.7288018433179724],
[1640007000.0, 0.6790882466945174],
[1640093400.0, 0.6808534207727756],
[1640179800.0, 0.7217154142763095],
[1640266200.0, 0.7524823031973015],
[1640352600.0, 0.743263895419919],
[1640439000.0, 0.7772970939527886],
[1640525400.0, 0.8008558262014482],
[1640611800.0, 0.7624749802169156],
[1640698200.0, 0.7748502304147464],
[1640784600.0, 0.7603121893918858],
[1640871000.0, 0.7244152682375445],
[1640957400.0, 0.6466013824884792],
[1641043800.0, 0.6216774193548387],
[1641130200.0, 0.764479985542604],
[1641216600.0, 0.8075561784407812],
[1641303000.0, 0.6990181425665295],
[1641389400.0, 0.820253456221198],
[1641475800.0, 0.8054740957966764],
[1641562200.0, 0.7279203483701856],
[1641648600.0, 0.7917683202313183],
[1641735000.0, 0.8148583291508874],
[1641821400.0, 0.6182405673963134],
[1641907800.0, 0.7998129306018158],
[1641994200.0, 0.8076819829090421],
[1642080600.0, 0.8544354838709677],
[1642167000.0, 0.7694055722318522],
[1642253400.0, 0.7617234169653525],
[1642339800.0, 0.7829054202326092],
[1642426200.0, 0.8019969278033794],
[1642512600.0, 0.7372532025535873],
[1642599000.0, 0.6908146528157463],
[1642685400.0, 0.7432940613859664],
[1642771800.0, 0.7731927570637247],
[1642858200.0, 0.6587822682598587],
[1642944600.0, 0.7245537112433448],
[1643031000.0, 0.7033179723502304],
[1643117400.0, 0.7397454031117394],
[1643203800.0, 0.741411813992459],
[1643290200.0, 0.7293674067867615],
[1643376600.0, 0.7158370214901673],
[1643463000.0, 0.6759765709117533],
[1643549400.0, 0.7145913665005172],
[1643635800.0, 0.7145913665005172],
[1643722200.0, 0.7145913665005172],
[1643808600.0, 0.7454040929587236],
[1643895000.0, 0.6664347310307066],
[1643981400.0, 0.6461746885133982],
[1644067800.0, 0.6733758019336767],
[1644154200.0, 0.677091804463721],
[1644240600.0, 0.6331096954910996],
[1644327000.0, 0.6708683473389355],
[1644413400.0, 0.6701378014406514],
[1644499800.0, 0.6592007770850276],
[1644586200.0, 0.6910617329014006],
[1644672600.0, 0.6797009126231138],
[1644759000.0, 0.6695373454396129],
[1644845400.0, 0.6436703713743562],
[1644931800.0, 0.6591572751745218],
[1645018200.0, 0.6567732810147372],
[1645104600.0, 0.6486631382032212],
[1645191000.0, 0.6599329287767485],
[1645277400.0, 0.628549484309853],
[1645363800.0, 0.5948370784225765],
[1645450200.0, 0.6027164685908318],
[1645536600.0, 0.6600926221654422],
[1645623000.0, 0.636844415185429],
[1645709400.0, 0.6662636309713919],
[1645795800.0, 0.6733179723502305],
[1645882200.0, 0.6609331797235023],
[1645968600.0, 0.6731136247265279],
[1646055000.0, 0.6615347018572825],
[1646141400.0, 0.6968635380419448],
[1646227800.0, 0.6663907655138472],
[1646314200.0, 0.6682363205225718],
[1646400600.0, 0.6686166167061877],
[1646487000.0, 0.6787539353013641],
[1646573400.0, 0.6759136743167403],
[1646659800.0, 0.6699023588994842],
[1646746200.0, 0.6948230218648889],
[1646832600.0, 0.6737111175115208],
[1646919000.0, 0.6639389044610194],
[1647005400.0, 0.6589156399887143],
[1647091800.0, 0.6631124800150474],
[1647178200.0, 0.6609179351114833],
[1647264600.0, 0.6659917143788111],
[1647351000.0, 0.6419332025368435],
[1647437400.0, 0.6639435832984218],
[1647523800.0, 0.6793196826452562],
[1647610200.0, 0.6806404589485563],
[1647696600.0, 0.6812164958149157],
[1647783000.0, 0.6807697733471268],
[1647869400.0, 0.6742191500256016],
[1647955800.0, 0.6770120560443141],
[1648042200.0, 0.6779313876088069],
[1648128600.0, 0.7018805567192663],
[1648215000.0, 0.6871428571428573],
[1648301400.0, 0.6880875576036866],
[1648387800.0, 0.6875460829493087],
[1648474200.0, 0.6900460829493088],
[1648560600.0, 0.6909907834101382],
[1648647000.0, 0.6906682027649769],
[1648733400.0, 0.6954723502304148],
[1648819800.0, 0.6911986129488523],
[1648906200.0, 0.7149473011817309],
[1648996200.0, 0.7157001414427155],
[1649082600.0, 0.7152438746178764],
[1649169000.0, 0.7478555459232556],
[1649255400.0, 0.726308345120226],
[1649341800.0, 0.7462129853538347],
[1649428200.0, 0.7283045124788974],
[1649514600.0, 0.7475806451612904],
[1649601000.0, 0.7506221198156683],
[1649687400.0, 0.7687327188940092],
[1649773800.0, 0.7351267281105991],
[1649860200.0, 0.7333401102376433],
[1649946600.0, 0.763341013824885],
[1650033000.0, 0.751463133640553],
[1650119400.0, 0.754873271889401],
[1650205800.0, 0.7452869710934227],
[1650292200.0, 0.7407142857142857],
[1650378600.0, 0.7355118000279289],
[1650465000.0, 0.7454033421775358],
[1650551400.0, 0.7454033421775358],
[1650637800.0, 0.7454033421775358],
[1650724200.0, 0.7580069124423965],
[1650810600.0, 0.7362557603686637],
[1650897000.0, 0.7407603686635944],
[1650983400.0, 0.7564422082196933],
[1651069800.0, 0.7394667544437128],
[1651156200.0, 0.7513539835621644],
[1651242600.0, 0.7394294265760842],
[1651329000.0, 0.7460568198014157],
[1651415400.0, 0.7207943370231364],
[1651501800.0, 0.7159080221950531],
[1651588200.0, 0.7248343894009216],
[1651674600.0, 0.7083782723796451],
[1651761000.0, 0.7063079133838758],
[1651847400.0, 0.681403609831029],
[1651933800.0, 0.6961257066844031],
[1652020200.0, 0.690424723264763],
[1652106600.0, 0.7083191850594228],
[1652193000.0, 0.7007128456221197],
[1652279400.0, 0.6926523297491038],
[1652365800.0, 0.6931682027649769],
[1652452200.0, 0.7010309278350515],
[1652538600.0, 0.7026937146657798],
[1652625000.0, 0.7030500261295072],
[1652711400.0, 0.6986739396219316],
[1652797800.0, 0.6969696969696969],
[1652884200.0, 0.6931682027649769],
[1652970600.0, 0.6830284410929571],
[1653057000.0, 0.6599928414836024],
[1653143400.0, 0.6955840901973066],
[1653229800.0, 0.6967026083844122],
[1653316200.0, 0.6958636121942572],
[1653402600.0, 0.6961183977313009],
[1653489000.0, 0.6583436724565757],
[1653575400.0, 0.672600584898972],
[1653661800.0, 0.6721287638136996],
[1653748200.0, 0.6947346808413558],
[1653834600.0, 0.7043349597903678],
[1653921000.0, 0.6974789915966387],
[1654007400.0, 0.7027536821180085],
[1654093800.0, 0.7176402819192194],
[1654180200.0, 0.7086804324707549],
[1654266600.0, 0.7252304147465437],
[1654353000.0, 0.7611329105260755],
[1654439400.0, 0.7355990783410138],
[1654525800.0, 0.7815016524693944],
[1654612200.0, 0.7733152347492813],
[1654698600.0, 0.7538402457757296],
[1654785000.0, 0.7261246434057492],
[1654871400.0, 0.7405507798652959],
[1654957800.0, 0.7640038477025636],
[1655044200.0, 0.7880298398503445],
[1655130600.0, 0.7645854771598587],
[1655217000.0, 0.7617127496159753],
[1655303400.0, 0.7577513310366427],
[1655389800.0, 0.7372473422457451],
[1655476200.0, 0.7957179358488843],
[1655562600.0, 0.771273440708126],
[1655649000.0, 0.7970506912442398],
[1655735400.0, 0.785386735339297],
[1655821800.0, 0.7747808800939732],
[1655908200.0, 0.7571361460337345],
[1655994600.0, 0.7654243658001877],
[1656081000.0, 0.739562896381804],
[1656167400.0, 0.7652976388427003],
[1656253800.0, 0.7562077759384368],
[1656340200.0, 0.7441711913126795],
[1656426600.0, 0.7495595012198427],
[1656513000.0, 0.7571291691381117],
[1656599400.0, 0.7586857323574591],
[1656685800.0, 0.7049335863377609],
[1656772200.0, 0.7487224528904501],
[1656858600.0, 0.7184605557329923],
[1656945000.0, 0.8078174735141812],
[1657031400.0, 0.7810147374184422],
[1657117800.0, 0.8058640552995392],
[1657204200.0, 0.7723502304147465],
[1657290600.0, 0.7915910254619931],
[1657377000.0, 0.8188102220360284],
[1657463400.0, 0.8433877950006982],
[1657549800.0, 0.8378718056137411],
[1657636200.0, 0.8387096774193548],
[1657722600.0, 0.8241935483870967],
[1657809000.0, 0.7875877514104828],
[1657895400.0, 0.7293304418541611],
[1657981800.0, 0.7962097831141928],
[1658068200.0, 0.8661751152073733],
[1658154600.0, 0.8783179723502303],
[1658241000.0, 0.8619222521330472],
[1658327400.0, 0.8635583265564292],
[1658413800.0, 0.8588709677419355],
[1658500200.0, 0.8568266016083852],
[1658586600.0, 0.8666902404526166],
[1658673000.0, 0.8367477300725463],
[1658759400.0, 0.8315487485316706],
[1658845800.0, 0.804538946803275],
[1658932200.0, 0.7111823805372193],
[1659018600.0, 0.6391931706580042],
[1659105000.0, 0.7114369501466276],
[1659191400.0, 0.7212969058591178],
[1659277800.0, 0.7508844202392588],
[1659364200.0, 0.7423420981295744],
[1659450600.0, 0.7532642089093702],
[1659537000.0, 0.7591375259781331],
[1659623400.0, 0.7222210258839742],
[1659709800.0, 0.7424463090166072],
[1659796200.0, 0.7473589253108426],
[1659882600.0, 0.7149350649350649],
[1659969000.0, 0.7241097612065354],
[1660055400.0, 0.7167498719918076],
[1660141800.0, 0.7283452807646356],
[1660228200.0, 0.6466411091689177],
[1660314600.0, 0.649529152474454],
[1660401000.0, 0.649529152474454],
[1660487400.0, 0.649529152474454],
[1660573800.0, 0.649529152474454],
[1660660200.0, 0.6377839760692051],
[1660746600.0, 0.642641129032258],
[1660833000.0, 0.6405428894817689],
[1660919400.0, 0.6472873900293254],
[1661005800.0, 0.6605649428230074],
[1661092200.0, 0.6400695358788676],
[1661178600.0, 0.6409889151824635],
[1661265000.0, 0.6383850020946794],
[1661351400.0, 0.5920898182766716],
[1661437800.0, 0.6383242172358844],
[1661524200.0, 0.5899069305141411],
[1661610600.0, 0.6116946778711485],
[1661697000.0, 0.657373271889401],
[1661783400.0, 0.584880403774413],
[1661869800.0, 0.6060585524532393],
[1661956200.0, 0.6077640733712839],
[1662042600.0, 0.5755355009387269],
[1662129000.0, 0.5981631422541884],
[1662215400.0, 0.6013172767585427],
[1662301800.0, 0.5787609285498945],
[1662388200.0, 0.596938775510204],
[1662474600.0, 0.5906551604208329],
[1662561000.0, 0.5875468366424048],
[1662647400.0, 0.5737430052666228],
[1662733800.0, 0.6251700680272109],
[1662820200.0, 0.5620182700542392],
[1662906600.0, 0.5352495837044495],
[1662993000.0, 0.518452380952381],
[1663079400.0, 0.5742934627462175],
[1663165800.0, 0.5855414746543779],
[1663252200.0, 0.6243804886531605],
[1663338600.0, 0.5990155006284038],
[1663425000.0, 0.6037592892431602],
[1663511400.0, 0.6035386631716907],
[1663597800.0, 0.6298672472836426],
[1663684200.0, 0.6558286396996076],
[1663770600.0, 0.6924074985459263],
[1663857000.0, 0.6650976519640113],
[1663943400.0, 0.6408931314461267],
[1664029800.0, 0.6245946407236731],
[1664116200.0, 0.6311318316895645],
[1664202600.0, 0.6408790539953046],
[1664289000.0, 0.6574249537017097],
[1664375400.0, 0.6639635810478278],
[1664461800.0, 0.6151235860913279],
[1664548200.0, 0.6196042785270367],
[1664634600.0, 0.6262112924759896],
[1664717400.0, 0.6334058713090972],
[1664803800.0, 0.6348246287762418],
[1664890200.0, 0.7071778308097432],
[1664976600.0, 0.6413702784670526],
[1665063000.0, 0.6313066105196249],
[1665149400.0, 0.6589550379872959],
[1665235800.0, 0.6826143539853219],
[1665322200.0, 0.7034584582345309],
[1665408600.0, 0.7061334211103797],
[1665495000.0, 0.7473005331164724],
[1665581400.0, 0.7408062234794907],
[1665667800.0, 0.7360724551717843],
[1665754200.0, 0.7134447004608294],
[1665840600.0, 0.7000952676355903],
[1665927000.0, 0.6624206590731241],
[1666013400.0, 0.6715720372141553],
[1666099800.0, 0.6710883328308712],
[1666186200.0, 0.652932551319648],
[1666272600.0, 0.6645493419686969],
[1666359000.0, 0.6489845438603646],
[1666445400.0, 0.6186228130989764],
[1666531800.0, 0.6208575435784414],
[1666618200.0, 0.6257377314253375],
[1666704600.0, 0.623632538569425],
[1666791000.0, 0.6568247624485135],
[1666877400.0, 0.6857881923311016],
[1666963800.0, 0.6546247531270571],
[1667050200.0, 0.6346576991738282],
[1667136600.0, 0.6252497858978018],
[1667223000.0, 0.6137521222410864],
[1667309400.0, 0.6561574226464779],
[1667395800.0, 0.680724837417632],
[1667482200.0, 0.7045373980857851],
[1667568600.0, 0.7088268228605883],
[1667655000.0, 0.7134553908747456],
[1667741400.0, 0.7457163803937997],
[1667827800.0, 0.7844490618828176],
[1667914200.0, 0.8498816217815921],
[1668000600.0, 0.8063598548183191],
[1668087000.0, 0.8409405111018015],
[1668173400.0, 0.8232779529468832],
[1668259800.0, 0.8116652347106147],
[1668346200.0, 0.7283744327575897],
[1668432600.0, 0.6651927695203479],
[1668519000.0, 0.8126542955892034],
[1668605400.0, 0.797299027137737],
[1668691800.0, 0.7486936306780777],
[1668778200.0, 0.7156445704832802],
[1668864600.0, 0.7186552912359364],
[1668951000.0, 0.707964877319716],
[1669037400.0, 0.7172811059907834],
[1669123800.0, 0.7334164799391197],
[1669210200.0, 0.7513086662789137],
[1669296600.0, 0.748978349708721],
[1669383000.0, 0.7514187574671447],
[1669469400.0, 0.7161353739483363],
[1669555800.0, 0.7367620206938525],
[1669642200.0, 0.707383939238778],
[1669728600.0, 0.7393298591670613],
[1669815000.0, 0.7191119691119691],
[1669901400.0, 0.6900214245290646],
[1669987800.0, 0.7054116328309876],
[1670074200.0, 0.6644215999054709],
[1670160600.0, 0.6346635944700462],
[1670247000.0, 0.6083037929812123],
[1670333400.0, 0.6244330345803548],
[1670419800.0, 0.6700319346753982],
[1670506200.0, 0.7373487230285541],
[1670592600.0, 0.7200460829493086],
[1670679000.0, 0.7366084640426162],
[1670765400.0, 0.7243506493506492],
[1670851800.0, 0.7345774280497347],
[1670938200.0, 0.6828341013824885],
[1671024600.0, 0.6931467467128906],
[1671111000.0, 0.7116989826971567],
[1671197400.0, 0.6634042193379275],
[1671283800.0, 0.6480938416422288],
[1671370200.0, 0.6875640040962623],
[1671456600.0, 0.6544093003770423],
[1671543000.0, 0.6307551791422759],
[1671629400.0, 0.6403061224489797],
[1671715800.0, 0.6365104509545754],
[1671802200.0, 0.6532042723631507],
[1671888600.0, 0.6425953079178885],
[1671975000.0, 0.6340385421030581],
[1672061400.0, 0.6364013783368622],
[1672147800.0, 0.640065180387761],
[1672234200.0, 0.6814830330959362],
[1672320600.0, 0.7014083293854171],
[1672407000.0, 0.7320555788297723],
[1672493400.0, 0.713905529953917],
[1672579800.0, 0.7313748079877112],
[1672666200.0, 0.7034313725490198],
[1672752600.0, 0.725270338093717],
[1672839000.0, 0.7593223925514905],
[1672925400.0, 0.7262056850846373],
[1673011800.0, 0.7108294930875577],
[1673098200.0, 0.7250088621056363],
[1673184600.0, 0.719774367446309],
[1673271000.0, 0.6826512493129835],
[1673357400.0, 0.7331416733606729],
[1673443800.0, 0.7529295589203423],
[1673530200.0, 0.714306853253287],
[1673616600.0, 0.7215319350531891],
[1673703000.0, 0.716336194140278],
[1673789400.0, 0.7573140827801971],
[1673875800.0, 0.724830821605015],
[1673962200.0, 0.7379765395894429],
[1674048600.0, 0.7406805464121132],
[1674135000.0, 0.7430464121132323],
[1674221400.0, 0.718445414134823],
[1674307800.0, 0.7310570531381265],
[1674394200.0, 0.6924764576237228],
[1674480600.0, 0.6938264738598442],
[1674567000.0, 0.7217639071757734],
[1674653400.0, 0.7338403817136332],
[1674739800.0, 0.7141038079068638],
[1674826200.0, 0.727080869458831],
[1674912600.0, 0.7230980677500202],
[1674999000.0, 0.7070089408799087],
[1675085400.0, 0.7131336405529953],
[1675171800.0, 0.7182428371067922],
[1675258200.0, 0.7333772218564845],
[1675344600.0, 0.6955668964466618],
[1675431000.0, 0.6801806744203057],
[1675517400.0, 0.6488533691353097],
[1675603800.0, 0.6650255616359447],
[1675690200.0, 0.6335055443548387],
[1675776600.0, 0.71297873988305],
[1675863000.0, 0.71297873988305],
[1675949400.0, 0.71297873988305],
