[1635773400.0, 0.8597156398104266],
[1635859800.0, 0.8597156398104266],
[1635946200.0, 0.8935960591133004],
[1636032600.0, 0.8935960591133004],
[1636119000.0, 0.8935960591133004],
[1636205400.0, 0.8283105022831051],
[1636291800.0, 0.8283105022831051],
[1636378200.0, 0.8283105022831051],
[1636464600.0, 0.8283105022831051],
[1636551000.0, 0.8283105022831051],
[1636637400.0, 0.8283105022831051],
[1636723800.0, 1],
[1636810200.0, 1.05662100456621],
[1636896600.0, 1.0557077625570779],
[1636983000.0, 1.0557077625570779],
[1637069400.0, 1.0547945205479452],
[1637155800.0, 1.0511415525114158],
[1637242200.0, 1.0465753424657536],
[1637328600.0, 0.7059360730593608],
[1637415000.0, 0.7013698630136986],
[1637501400.0, 0.699543378995434],
[1637587800.0, 0.693150684931507],
[1637674200.0, 0.9616438356164383],
[1637760600.0, 1.0228310502283107],
[1637847000.0, 0.6420091324200914],
[1637933400.0, 0.8968036529680364],
[1638019800.0, 0.8876712328767122],
[1638106200.0, 0.8849315068493151],
[1638192600.0, 0.8721461187214613],
[1638279000.0, 0.8721461187214613],
[1638365400.0, 0.7095890410958904],
[1638451800.0, 0.708675799086758],
[1638538200.0, 0.7835616438356164],
[1638624600.0, 0.7780821917808219],
[1638711000.0, 0.715068493150685],
[1638797400.0, 0.7068493150684931],
[1638883800.0, 0.7068493150684931],
[1638970200.0, 0.7036363636363636],
[1639056600.0, 0.7036363636363636],
[1639143000.0, 0.699090909090909],
[1639229400.0, 0.6972727272727273],
[1639315800.0, 0.6972727272727273],
[1639402200.0, 0.6745454545454544],
[1639488600.0, 0.7336363636363636],
[1639575000.0, 0.9336363636363635],
[1639661400.0, 1.2067307692307694],
[1639747800.0, 0.8918181818181818],
[1639834200.0, 1.200909090909091],
[1639920600.0, 1.1727272727272726],
[1640007000.0, 1.170909090909091],
[1640093400.0, 1.21],
[1640179800.0, 1.21],
[1640266200.0, 0.9432624113475179],
[1640352600.0, 0.9361702127659574],
[1640439000.0, 0.8489361702127661],
[1640525400.0, 0.8134751773049647],
[1640611800.0, 0.8134751773049647],
[1640698200.0, 0.8134751773049647],
[1640784600.0, 0.7468085106382979],
[1640871000.0, 0.7494661921708186],
[1640957400.0, 0.7480427046263346],
[1641043800.0, 0.7023569023569023],
[1641130200.0, 0.7286195286195286],
[1641216600.0, 0.5878787878787878],
[1641303000.0, 0.6135048231511253],
[1641389400.0, 0.6135048231511253],
[1641475800.0, 0.5633440514469453],
[1641562200.0, 0.6662379421221865],
[1641648600.0, 0.6655948553054661],
[1641735000.0, 0.6244372990353698],
[1641821400.0, 0.6244372990353698],
[1641907800.0, 0.6103225806451612],
[1641994200.0, 0.6038585209003213],
[1642080600.0, 0.5729903536977492],
[1642167000.0, 0.6237942122186494],
[1642253400.0, 0.7299035369774919],
[1642339800.0, 0.7311897106109324],
[1642426200.0, 0.7301282051282051],
[1642512600.0, 0.7294871794871794],
[1642599000.0, 0.7301282051282051],
[1642685400.0, 0.6461538461538462],
[1642771800.0, 0.7665369649805447],
[1642858200.0, 0.9048888888888889],
[1642944600.0, 0.7570512820512819],
[1643031000.0, 0.5910543130990416],
[1643117400.0, 0.5935897435897435],
[1643203800.0, 0.6788461538461538],
[1643290200.0, 0.685342019543974],
[1643376600.0, 0.8653386454183265],
[1643463000.0, 0.8247011952191233],
[1643549400.0, 0.9372727272727274],
[1643635800.0, 0.9372727272727274],
[1643722200.0, 0.9372727272727274],
[1643808600.0, 0.9177966101694915],
[1643895000.0, 0.8774193548387099],
[1643981400.0, 0.8845528455284554],
[1644067800.0, 0.8918032786885248],
[1644154200.0, 0.802013422818792],
[1644240600.0, 0.8],
[1644327000.0, 0.8060402684563759],
[1644413400.0, 0.7926421404682275],
[1644499800.0, 0.7859531772575252],
[1644586200.0, 0.7738255033557048],
[1644672600.0, 0.7724832214765103],
[1644759000.0, 0.7718120805369129],
[1644845400.0, 0.6207357859531774],
[1644931800.0, 0.7149253731343282],
[1645018200.0, 0.8537313432835821],
[1645104600.0, 0.8537313432835821],
[1645191000.0, 0.8529850746268657],
[1645277400.0, 0.8514925373134328],
[1645363800.0, 0.8544776119402985],
[1645450200.0, 0.8513011152416358],
[1645536600.0, 0.8527881040892193],
[1645623000.0, 0.8498141263940521],
[1645709400.0, 0.8483271375464684],
[1645795800.0, 0.8453531598513011],
[1645882200.0, 0.7713333333333333],
[1645968600.0, 0.7322784810126582],
[1646055000.0, 0.731230283911672],
[1646141400.0, 0.9324921135646689],
[1646227800.0, 0.9337539432176656],
[1646314200.0, 0.9135646687697161],
[1646400600.0, 0.9240506329113924],
[1646487000.0, 0.9335443037974683],
[1646573400.0, 0.9208860759493671],
[1646659800.0, 0.8759493670886076],
[1646746200.0, 0.8840148698884759],
[1646832600.0, 0.9745901639344263],
[1646919000.0, 0.9818181818181818],
[1647005400.0, 1.0307053941908715],
[1647091800.0, 1.0182572614107883],
[1647178200.0, 0.7796178343949044],
[1647264600.0, 0.7783439490445859],
[1647351000.0, 0.773248407643312],
[1647437400.0, 0.7891719745222932],
[1647523800.0, 0.7873015873015874],
[1647610200.0, 0.7853503184713376],
[1647696600.0, 0.6095541401273885],
[1647783000.0, 0.6101910828025477],
[1647869400.0, 0.6108280254777071],
[1647955800.0, 0.6756183745583039],
[1648042200.0, 0.6487972508591064],
[1648128600.0, 0.6468531468531467],
[1648215000.0, 0.6475177304964538],
[1648301400.0, 0.6843971631205672],
[1648387800.0, 0.5985815602836879],
[1648474200.0, 0.6709219858156027],
[1648560600.0, 0.6],
[1648647000.0, 0.5928315412186381],
[1648733400.0, 0.5927536231884059],
[1648819800.0, 0.6090566037735848],
[1648906200.0, 0.6687022900763359],
[1648996200.0, 0.6473282442748092],
[1649082600.0, 0.6322097378277154],
[1649169000.0, 0.6029962546816479],
[1649255400.0, 0.6022471910112359],
[1649341800.0, 0.5457044673539518],
[1649428200.0, 0.5482758620689654],
[1649514600.0, 0.546206896551724],
[1649601000.0, 0.546206896551724],
[1649687400.0, 0.546206896551724],
[1649773800.0, 0.546206896551724],
[1649860200.0, 0.546206896551724],
[1649946600.0, 0.5972413793103447],
[1650033000.0, 0.7234482758620688],
[1650119400.0, 0.7337931034482756],
[1650205800.0, 0.7331034482758619],
[1650292200.0, 0.7331034482758619],
[1650378600.0, 0.7331034482758619],
[1650465000.0, 0.7372822299651568],
[1650551400.0, 0.7372822299651568],
[1650637800.0, 0.7372822299651568],
[1650724200.0, 0.6485714285714286],
[1650810600.0, 0.6501792114695341],
[1650897000.0, 0.8620437956204381],
[1650983400.0, 0.8635036496350366],
[1651069800.0, 0.8948529411764706],
[1651156200.0, 0.9909090909090911],
[1651242600.0, 0.9893939393939393],
[1651329000.0, 0.9840909090909091],
[1651415400.0, 0.935361216730038],
[1651501800.0, 0.9095057034220534],
[1651588200.0, 0.8507575757575757],
[1651674600.0, 0.8500000000000001],
[1651761000.0, 0.850574712643678],
[1651847400.0, 0.8515625],
[1651933800.0, 0.8362204724409449],
[1652020200.0, 0.7672000000000001],
[1652106600.0, 0.7661290322580645],
[1652193000.0, 0.7336032388663968],
[1652279400.0, 0.725506072874494],
[1652365800.0, 0.7208163265306123],
[1652452200.0, 0.7209876543209877],
[1652538600.0, 0.7148760330578511],
[1652625000.0, 0.7140495867768595],
[1652711400.0, 0.7008264462809917],
[1652797800.0, 0.6983606557377049],
[1652884200.0, 0.7237704918032787],
[1652970600.0, 0.7208163265306123],
[1653057000.0, 0.6804878048780486],
[1653143400.0, 0.6772357723577234],
[1653229800.0, 0.6572390572390572],
[1653316200.0, 0.794],
[1653402600.0, 0.6324468085106384],
[1653489000.0, 0.6481283422459893],
[1653575400.0, 0.6161725067385445],
[1653661800.0, 0.5672043010752688],
[1653748200.0, 0.5655913978494623],
[1653834600.0, 0.5639784946236559],
[1653921000.0, 0.5621333333333334],
[1654007400.0, 0.5317333333333333],
[1654093800.0, 0.5294117647058824],
[1654180200.0, 0.6468227424749163],
[1654266600.0, 0.7347368421052632],
[1654353000.0, 0.7221052631578945],
[1654439400.0, 0.7058419243986255],
[1654525800.0, 0.7096551724137931],
[1654612200.0, 0.6795847750865052],
[1654698600.0, 0.6777777777777778],
[1654785000.0, 0.6743055555555556],
[1654871400.0, 0.6717770034843206],
[1654957800.0, 0.6736842105263159],
[1655044200.0, 0.5153638814016174],
[1655130600.0, 0.5565982404692082],
[1655217000.0, 0.5536656891495602],
[1655303400.0, 0.5597667638483964],
[1655389800.0, 0.49758713136729227],
[1655476200.0, 0.4967741935483871],
[1655562600.0, 0.4967741935483871],
[1655649000.0, 0.49462365591397855],
[1655735400.0, 0.5037433155080214],
[1655821800.0, 0.35869980879541125],
[1655908200.0, 0.35961538461538467],
[1655994600.0, 0.35915221579961465],
[1656081000.0, 0.6889952153110048],
[1656167400.0, 0.5453237410071943],
[1656253800.0, 0.4724220623501199],
[1656340200.0, 0.464748201438849],
[1656426600.0, 0.4579710144927536],
[1656513000.0, 0.454368932038835],
[1656599400.0, 0.45317073170731714],
[1656685800.0, 0.45012285012285025],
[1656772200.0, 0.4474074074074074],
[1656858600.0, 0.4437810945273633],
[1656945000.0, 0.43980099502487574],
[1657031400.0, 0.43900000000000006],
[1657117800.0, 0.4366834170854272],
[1657204200.0, 0.4403022670025189],
[1657290600.0, 0.44101265822784813],
[1657377000.0, 0.4355329949238579],
[1657463400.0, 0.4584450402144772],
[1657549800.0, 0.45430107526881724],
[1657636200.0, 0.45336927223719675],
[1657722600.0, 0.46793478260869564],
[1657809000.0, 0.4692307692307693],
[1657895400.0, 0.46980609418282554],
[1657981800.0, 0.4701949860724233],
[1658068200.0, 0.472829131652661],
[1658154600.0, 0.4720670391061453],
[1658241000.0, 0.4752808988764045],
[1658327400.0, 0.4807909604519775],
[1658413800.0, 0.4871794871794872],
[1658500200.0, 0.4876790830945558],
[1658586600.0, 0.4881844380403459],
[1658673000.0, 0.4883720930232558],
[1658759400.0, 0.49032258064516127],
[1658845800.0, 0.49198813056379825],
[1658932200.0, 0.4898809523809524],
[1659018600.0, 0.49161676646706587],
[1659105000.0, 0.49161676646706587],
[1659191400.0, 0.8933734939759037],
[1659277800.0, 0.8930513595166164],
[1659364200.0, 0.9009174311926605],
[1659450600.0, 0.903680981595092],
[1659537000.0, 0.9126934984520124],
[1659623400.0, 0.9149068322981366],
[1659709800.0, 0.9220125786163522],
[1659796200.0, 0.7601265822784811],
[1659882600.0, 0.7680511182108626],
[1659969000.0, 0.772990353697749],
[1660055400.0, 0.5549839228295819],
[1660141800.0, 0.5838709677419355],
[1660228200.0, 0.5837662337662338],
[1660314600.0, 0.58371335504886],
[1660401000.0, 0.58371335504886],
[1660487400.0, 0.58371335504886],
[1660573800.0, 0.58371335504886],
[1660660200.0, 0.5782178217821783],
[1660746600.0, 0.5676567656765678],
[1660833000.0, 0.537953795379538],
[1660919400.0, 0.6166112956810632],
[1661005800.0, 0.6132890365448505],
[1661092200.0, 0.7634551495016613],
[1661178600.0, 0.726],
[1661265000.0, 0.7235880398671095],
[1661351400.0, 0.7226666666666667],
[1661437800.0, 0.6233333333333334],
[1661524200.0, 0.7076923076923077],
[1661610600.0, 0.7030100334448159],
[1661697000.0, 0.6387959866220736],
[1661783400.0, 0.7098976109215017],
[1661869800.0, 0.6821917808219179],
[1661956200.0, 0.683848797250859],
[1662042600.0, 0.6895833333333333],
[1662129000.0, 0.7223776223776223],
[1662215400.0, 0.7542253521126762],
[1662301800.0, 0.7528169014084508],
[1662388200.0, 0.7429577464788734],
[1662474600.0, 0.7371024734982333],
[1662561000.0, 0.7397163120567376],
[1662647400.0, 0.7356890459363958],
[1662733800.0, 0.7371024734982331],
[1662820200.0, 0.7049645390070921],
[1662906600.0, 0.71],
[1662993000.0, 0.7122302158273381],
[1663079400.0, 0.6996363636363635],
[1663165800.0, 0.6639705882352942],
[1663252200.0, 0.7202952029520294],
[1663338600.0, 0.6915129151291513],
[1663425000.0, 0.7244444444444444],
[1663511400.0, 0.7503703703703702],
[1663597800.0, 0.7785977859778598],
[1663684200.0, 0.7585185185185185],
[1663770600.0, 0.6951672862453532],
[1663857000.0, 0.7131086142322097],
[1663943400.0, 0.6954545454545453],
[1664029800.0, 0.687878787878788],
[1664116200.0, 0.6772727272727274],
[1664202600.0, 0.7198473282442749],
[1664289000.0, 0.889655172413793],
[1664375400.0, 0.9045801526717557],
[1664461800.0, 0.716030534351145],
[1664548200.0, 0.708745247148289],
[1664634600.0, 0.7186311787072244],
[1664717400.0, 0.6980988593155893],
[1664803800.0, 0.8494296577946768],
[1664890200.0, 0.8623574144486692],
[1664976600.0, 0.8615969581749051],
[1665063000.0, 0.8524714828897338],
[1665149400.0, 0.6566371681415929],
[1665235800.0, 0.6902654867256637],
[1665322200.0, 0.6672364672364671],
[1665408600.0, 0.7116809116809115],
[1665495000.0, 0.6797720797720798],
[1665581400.0, 0.6615384615384615],
[1665667800.0, 0.6478632478632478],
[1665754200.0, 0.6398860398860399],
[1665840600.0, 0.6393162393162395],
[1665927000.0, 0.6417142857142857],
[1666013400.0, 0.6381502890173409],
[1666099800.0, 0.5383720930232557],
[1666186200.0, 0.4811594202898551],
[1666272600.0, 0.5511627906976744],
[1666359000.0, 0.5343023255813953],
[1666445400.0, 0.530232558139535],
[1666531800.0, 0.5209302325581395],
[1666618200.0, 0.5208211143695014],
[1666704600.0, 0.5213872832369943],
[1666791000.0, 0.5089855072463768],
[1666877400.0, 0.5102040816326531],
[1666963800.0, 0.5102040816326531],
[1667050200.0, 0.5442424242424242],
[1667136600.0, 0.6972477064220183],
[1667223000.0, 0.6978593272171254],
[1667309400.0, 0.7027522935779816],
[1667395800.0, 0.7058461538461539],
[1667482200.0, 0.7337499999999999],
[1667568600.0, 0.661212121212121],
[1667655000.0, 0.7191222570532915],
[1667741400.0, 0.5791798107255521],
[1667827800.0, 0.5846645367412142],
[1667914200.0, 0.5698717948717948],
[1668000600.0, 0.5733333333333334],
[1668087000.0, 0.5759493670886077],
[1668173400.0, 0.5735015772870663],
[1668259800.0, 0.5611285266457681],
[1668346200.0, 0.5685534591194968],
[1668432600.0, 0.5680250783699058],
[1668519000.0, 0.5689873417721519],
[1668605400.0, 0.6645367412140576],
[1668691800.0, 0.6389776357827476],
[1668778200.0, 0.5693290734824281],
[1668864600.0, 0.7422222222222221],
[1668951000.0, 0.735048231511254],
[1669037400.0, 0.6121794871794873],
[1669123800.0, 0.5954692556634305],
[1669210200.0, 0.6110032362459548],
[1669296600.0, 0.6123376623376624],
[1669383000.0, 0.6740259740259741],
[1669469400.0, 0.6025974025974027],
[1669555800.0, 0.6442996742671011],
[1669642200.0, 0.6501628664495114],
[1669728600.0, 0.6238709677419356],
[1669815000.0, 0.6327974276527331],
[1669901400.0, 0.6256410256410257],
[1669987800.0, 0.592948717948718],
[1670074200.0, 0.6147435897435897],
[1670160600.0, 0.6647435897435898],
[1670247000.0, 0.6651612903225805],
[1670333400.0, 0.6881028938906752],
[1670419800.0, 0.6878205128205128],
[1670506200.0, 0.6856230031948882],
[1670592600.0, 0.6735483870967742],
[1670679000.0, 0.6825806451612902],
[1670765400.0, 0.68],
[1670851800.0, 0.6638709677419354],
[1670938200.0, 0.6638709677419354],
[1671024600.0, 0.6627831715210354],
[1671111000.0, 0.6332225913621262],
[1671197400.0, 0.627906976744186],
[1671283800.0, 0.6265780730897009],
[1671370200.0, 0.5820598006644517],
[1671456600.0, 0.5801324503311258],
[1671543000.0, 0.574750830564784],
[1671629400.0, 0.5734219269102989],
[1671715800.0, 0.5720930232558139],
[1671802200.0, 0.5774086378737541],
[1671888600.0, 0.5767441860465116],
[1671975000.0, 0.5768211920529802],
[1672061400.0, 0.5768211920529802],
[1672147800.0, 0.578],
[1672234200.0, 0.5806666666666668],
[1672320600.0, 0.6112211221122114],
[1672407000.0, 0.6390728476821194],
[1672493400.0, 0.6245033112582783],
[1672579800.0, 0.6224422442244226],
[1672666200.0, 0.6245847176079735],
[1672752600.0, 0.14670797831138657],
[1672839000.0, 0.14613003095975238],
[1672925400.0, 1.1035714285714284],
[1673011800.0, 1.1892857142857143],
[1673098200.0, 0.7559845559845559],
[1673184600.0, 0.7564885496183206],
[1673271000.0, 0.46049661399548536],
[1673357400.0, 0.5576923076923077],
[1673443800.0, 0.559016393442623],
[1673530200.0, 0.43531914893617024],
[1673616600.0, 0.4285106382978724],
[1673703000.0, 0.4280851063829787],
[1673789400.0, 0.16310372129849565],
[1673875800.0, 0.16270916334661356],
[1673962200.0, 0.16095238095238096],
[1674048600.0, 0.20888888888888893],
[1674135000.0, 0.20805938494167553],
[1674221400.0, 0.2103336921420883],
[1674307800.0, 0.22079096045197744],
[1674394200.0, 0.22804597701149423],
[1674480600.0, 0.23448275862068962],
[1674567000.0, 0.23448275862068962],
[1674653400.0, 0.23379310344827586],
[1674739800.0, 0.2275862068965517],
[1674826200.0, 0.2275862068965517],
[1674912600.0, 0.46261682242990654],
[1674999000.0, 0.2276887871853547],
[1675085400.0, 0.22723112128146453],
[1675171800.0, 0.48000000000000004],
[1675258200.0, 0.47836538461538464],
[1675344600.0, 0.4793269230769231],
[1675431000.0, 0.4794188861985472],
[1675517400.0, 0.48000000000000015],
[1675603800.0, 0.47775061124694373],
[1675690200.0, 0.47813267813267823],
[1675776600.0, 0.4834170854271357],
[1675863000.0, 0.4793969849246231],
[1675949400.0, 0.4793969849246231],
