[1635773400.0, 0.5484662576687116],
[1635859800.0, 0.6735],
[1635946200.0, 0.6026845637583892],
[1636032600.0, 0.5871681415929204],
[1636119000.0, 0.6645454545454546],
[1636205400.0, 0.6627272727272726],
[1636291800.0, 0.6618181818181819],
[1636378200.0, 0.6721461187214612],
[1636464600.0, 0.6298947368421054],
[1636551000.0, 0.7473170731707318],
[1636637400.0, 0.7087804878048781],
[1636723800.0, 0.7009756097560975],
[1636810200.0, 0.7321782178217819],
[1636896600.0, 0.8674698795180723],
[1636983000.0, 0.7432911392405063],
[1637069400.0, 0.7455919395465995],
[1637155800.0, 0.6791556728232191],
[1637242200.0, 0.672289156626506],
[1637328600.0, 0.6292792792792792],
[1637415000.0, 0.6117903930131006],
[1637501400.0, 0.624561403508772],
[1637587800.0, 0.5864035087719297],
[1637674200.0, 0.6432835820895522],
[1637760600.0, 0.5830357142857141],
[1637847000.0, 0.5937219730941704],
[1637933400.0, 0.6788511749347259],
[1638019800.0, 0.6842377260981912],
[1638106200.0, 0.7348837209302325],
[1638192600.0, 0.7100000000000001],
[1638279000.0, 0.6624657534246576],
[1638365400.0, 0.5989743589743591],
[1638451800.0, 0.6963636363636363],
[1638538200.0, 0.752760736196319],
[1638624600.0, 0.7],
[1638711000.0, 0.662089552238806],
[1638797400.0, 0.7709779179810725],
[1638883800.0, 0.7369942196531791],
[1638970200.0, 0.6731428571428572],
[1639056600.0, 0.7159159159159157],
[1639143000.0, 0.746865671641791],
[1639229400.0, 0.6404199475065615],
[1639315800.0, 0.6160206718346254],
[1639402200.0, 0.6652054794520548],
[1639488600.0, 0.6522666666666667],
[1639575000.0, 0.6805263157894735],
[1639661400.0, 0.7043478260869566],
[1639747800.0, 0.6654353562005276],
[1639834200.0, 0.6764397905759162],
[1639920600.0, 0.6882833787465938],
[1640007000.0, 0.7136363636363637],
[1640093400.0, 0.6714285714285714],
[1640179800.0, 0.678134110787172],
[1640266200.0, 0.7265306122448979],
[1640352600.0, 0.6484330484330485],
[1640439000.0, 0.5596153846153846],
[1640525400.0, 0.5423076923076923],
[1640611800.0, 0.7192411924119241],
[1640698200.0, 0.6819338422391856],
[1640784600.0, 0.5842239185750635],
[1640871000.0, 0.5832061068702288],
[1640957400.0, 0.6559610705596107],
[1641043800.0, 0.65],
[1641130200.0, 0.6535279805352796],
[1641216600.0, 0.6725490196078432],
[1641303000.0, 0.6663438256658595],
[1641389400.0, 0.7838150289017342],
[1641475800.0, 0.6700239808153476],
[1641562200.0, 0.6270270270270272],
[1641648600.0, 0.6756756756756757],
[1641735000.0, 0.6694376528117358],
[1641821400.0, 0.6444987775061124],
[1641907800.0, 0.6231481481481481],
[1641994200.0, 0.6037558685446008],
[1642080600.0, 0.7745856353591158],
[1642167000.0, 0.6554744525547445],
[1642253400.0, 0.7741573033707866],
[1642339800.0, 0.6957393483709271],
[1642426200.0, 0.6882205513784458],
[1642512600.0, 0.7626062322946175],
[1642599000.0, 0.7535135135135135],
[1642685400.0, 0.5986636971046769],
[1642771800.0, 0.5808888888888889],
[1642858200.0, 0.6216867469879519],
[1642944600.0, 0.6392344497607655],
[1643031000.0, 0.6291866028708134],
[1643117400.0, 0.5924778761061946],
[1643203800.0, 0.5769911504424777],
[1643290200.0, 0.5924778761061946],
[1643376600.0, 0.5474613686534217],
[1643463000.0, 0.5898454746136864],
[1643549400.0, 0.6604166666666667],
[1643635800.0, 0.6604166666666667],
[1643722200.0, 0.6604166666666667],
[1643808600.0, 0.5331619537275066],
[1643895000.0, 0.616452442159383],
[1643981400.0, 0.6519774011299434],
[1644067800.0, 0.6068601583113455],
[1644154200.0, 0.600518134715026],
[1644240600.0, 0.5251732101616629],
[1644327000.0, 0.564885496183206],
[1644413400.0, 0.5816793893129771],
[1644499800.0, 0.540966921119593],
[1644586200.0, 0.6260869565217392],
[1644672600.0, 0.6121739130434781],
[1644759000.0, 0.6406169665809769],
[1644845400.0, 0.5749333333333334],
[1644931800.0, 0.6023923444976077],
[1645018200.0, 0.531904761904762],
[1645104600.0, 0.5361305361305361],
[1645191000.0, 0.5202830188679246],
[1645277400.0, 0.5504716981132074],
[1645363800.0, 0.5583333333333333],
[1645450200.0, 0.5578703703703703],
[1645536600.0, 0.5877934272300469],
[1645623000.0, 0.5896955503512881],
[1645709400.0, 0.6691764705882353],
[1645795800.0, 0.6531764705882352],
[1645882200.0, 0.7321428571428571],
[1645968600.0, 0.7222772277227721],
[1646055000.0, 0.7994623655913977],
[1646141400.0, 0.6869109947643978],
[1646227800.0, 0.7958115183246073],
[1646314200.0, 0.7557333333333334],
[1646400600.0, 0.7493403693931399],
[1646487000.0, 0.6882793017456359],
[1646573400.0, 0.6347394540942928],
[1646659800.0, 0.7312499999999998],
[1646746200.0, 0.6077120822622107],
[1646832600.0, 0.7000000000000001],
[1646919000.0, 0.56289592760181],
[1647005400.0, 0.7075425790754257],
[1647091800.0, 0.6472361809045226],
[1647178200.0, 0.6470023980815347],
[1647264600.0, 0.5788288288288287],
[1647351000.0, 0.6448979591836734],
[1647437400.0, 0.6966292134831461],
[1647523800.0, 0.5282850779510023],
[1647610200.0, 0.6780722891566263],
[1647696600.0, 0.6025586353944562],
[1647783000.0, 0.7073059360730595],
[1647869400.0, 0.6340000000000001],
[1647955800.0, 0.6738255033557046],
[1648042200.0, 0.6335570469798657],
[1648128600.0, 0.6798206278026905],
[1648215000.0, 0.6363636363636364],
[1648301400.0, 0.5625925925925926],
[1648387800.0, 0.536964980544747],
[1648474200.0, 0.5471349353049907],
[1648560600.0, 0.5619223659889094],
[1648647000.0, 0.52224],
[1648733400.0, 0.5216528925619834],
[1648819800.0, 0.508099173553719],
[1648906200.0, 0.5431855500821018],
[1648996200.0, 0.5323481116584564],
[1649082600.0, 0.6139693356047699],
[1649169000.0, 0.4572944297082227],
[1649255400.0, 0.5297213622291022],
[1649341800.0, 0.550693374422188],
[1649428200.0, 0.5658692185007975],
[1649514600.0, 0.5573459715639809],
[1649601000.0, 0.48351351351351357],
[1649687400.0, 0.5297619047619048],
[1649773800.0, 0.48945945945945957],
[1649860200.0, 0.46321839080459765],
[1649946600.0, 0.449002849002849],
[1650033000.0, 0.4737727910238429],
[1650119400.0, 0.48466947960618845],
[1650205800.0, 0.456657223796034],
[1650292200.0, 0.4315638450502152],
[1650378600.0, 0.45078909612625545],
[1650465000.0, 0.4539229671897289],
[1650551400.0, 0.4539229671897289],
[1650637800.0, 0.4539229671897289],
[1650724200.0, 0.5457055214723926],
[1650810600.0, 0.565068493150685],
[1650897000.0, 0.6102739726027396],
[1650983400.0, 0.601027397260274],
[1651069800.0, 0.5702054794520549],
[1651156200.0, 0.5650684931506851],
[1651242600.0, 0.5034375],
[1651329000.0, 0.5378335949764522],
[1651415400.0, 0.5114241001564945],
[1651501800.0, 0.5114241001564945],
[1651588200.0, 0.5348982785602504],
[1651674600.0, 0.5298904538341158],
[1651761000.0, 0.5095163806552262],
[1651847400.0, 0.5782837127845886],
[1651933800.0, 0.45548589341692786],
[1652020200.0, 0.5112852664576801],
[1652106600.0, 0.48469055374592834],
[1652193000.0, 0.5273615635179153],
[1652279400.0, 0.5151033386327504],
[1652365800.0, 0.5327674023769101],
[1652452200.0, 0.5480836236933799],
[1652538600.0, 0.5515679442508711],
[1652625000.0, 0.5055643879173292],
[1652711400.0, 0.5138314785373609],
[1652797800.0, 0.509697933227345],
[1652884200.0, 0.5165584415584414],
[1652970600.0, 0.5746621621621621],
[1653057000.0, 0.5417348608837971],
[1653143400.0, 0.5114649681528661],
[1653229800.0, 0.47659574468085103],
[1653316200.0, 0.5810964083175804],
[1653402600.0, 0.6076481835564054],
[1653489000.0, 0.5440776699029126],
[1653575400.0, 0.5522058823529411],
[1653661800.0, 0.5629906542056073],
[1653748200.0, 0.6089935760171304],
[1653834600.0, 0.5059961315280463],
[1653921000.0, 0.5894117647058823],
[1654007400.0, 0.6035502958579881],
[1654093800.0, 0.5991434689507494],
[1654180200.0, 0.5091216216216216],
[1654266600.0, 0.6449172576832151],
[1654353000.0, 0.49125214408233264],
[1654439400.0, 0.5236036036036036],
[1654525800.0, 0.5560360360360359],
[1654612200.0, 0.534054054054054],
[1654698600.0, 0.5272072072072072],
[1654785000.0, 0.545054945054945],
[1654871400.0, 0.5649446494464945],
[1654957800.0, 0.5727611940298506],
[1655044200.0, 0.5127334465195247],
[1655130600.0, 0.4662162162162163],
[1655217000.0, 0.6494061757719715],
[1655303400.0, 0.6533957845433256],
[1655389800.0, 0.6012987012987012],
[1655476200.0, 0.6353467561521251],
[1655562600.0, 0.6613207547169812],
[1655649000.0, 0.6523584905660377],
[1655735400.0, 0.7101298701298698],
[1655821800.0, 0.6813559322033899],
[1655908200.0, 0.6745454545454546],
[1655994600.0, 0.7104116222760292],
[1656081000.0, 0.7006864988558353],
[1656167400.0, 0.6561555075593952],
[1656253800.0, 0.5518518518518518],
[1656340200.0, 0.5738738738738738],
[1656426600.0, 0.500196463654224],
[1656513000.0, 0.5956616052060737],
[1656599400.0, 0.4468468468468469],
[1656685800.0, 0.45017301038062285],
[1656772200.0, 0.44912280701754387],
[1656858600.0, 0.4222222222222222],
[1656945000.0, 0.5617777777777779],
[1657031400.0, 0.513184584178499],
[1657117800.0, 0.4846307385229541],
[1657204200.0, 0.510261569416499],
[1657290600.0, 0.5289795918367348],
[1657377000.0, 0.6040632054176073],
[1657463400.0, 0.5448888888888889],
[1657549800.0, 0.5736842105263157],
[1657636200.0, 0.5434298440979956],
[1657722600.0, 0.6114035087719298],
[1657809000.0, 0.5370833333333334],
[1657895400.0, 0.5062992125984251],
[1657981800.0, 0.591139240506329],
[1658068200.0, 0.6036117381489842],
[1658154600.0, 0.5499999999999998],
[1658241000.0, 0.5983471074380164],
[1658327400.0, 0.5572895277207393],
[1658413800.0, 0.5676891615541921],
[1658500200.0, 0.6068965517241378],
[1658586600.0, 0.6338600451467269],
[1658673000.0, 0.7586387434554972],
[1658759400.0, 0.9307620733694456],
[1658845800.0, 0.4934065934065934],
[1658932200.0, 0.5344322344322344],
[1659018600.0, 0.5626373626373625],
[1659105000.0, 0.5111111111111111],
[1659191400.0, 0.5158974358974359],
[1659277800.0, 0.5019677996422183],
[1659364200.0, 0.5964071856287426],
[1659450600.0, 0.5113172541743969],
[1659537000.0, 0.502063789868668],
[1659623400.0, 0.4747795414462081],
[1659709800.0, 0.49594095940959404],
[1659796200.0, 0.45282392026578067],
[1659882600.0, 0.5331022530329289],
[1659969000.0, 0.4878892733564013],
[1660055400.0, 0.48701517706576725],
[1660141800.0, 0.5126475548060708],
[1660228200.0, 0.5250836120401338],
[1660314600.0, 0.5263888888888889],
[1660401000.0, 0.5263888888888889],
[1660487400.0, 0.5263888888888889],
[1660573800.0, 0.5263888888888889],
[1660660200.0, 0.876375404530744],
[1660746600.0, 0.7088319088319088],
[1660833000.0, 0.6853260869565218],
[1660919400.0, 0.6802168021680217],
[1661005800.0, 0.6845528455284555],
[1661092200.0, 0.7002785515320334],
[1661178600.0, 0.7819875776397515],
[1661265000.0, 0.6659574468085108],
[1661351400.0, 0.6539845758354754],
[1661437800.0, 0.6262210796915166],
[1661524200.0, 0.5608465608465608],
[1661610600.0, 0.5943734015345269],
[1661697000.0, 0.5916449086161881],
[1661783400.0, 0.5561320754716981],
[1661869800.0, 0.557919621749409],
[1661956200.0, 0.49464285714285716],
[1662042600.0, 0.5455357142857143],
[1662129000.0, 0.5462264150943396],
[1662215400.0, 0.5508120649651972],
[1662301800.0, 0.5573085846867749],
[1662388200.0, 0.5438356164383562],
[1662474600.0, 0.5294642857142856],
[1662561000.0, 0.6009592326139089],
[1662647400.0, 0.5673860911270984],
[1662733800.0, 0.5150105708245244],
[1662820200.0, 0.4723849372384937],
[1662906600.0, 0.5408071748878924],
[1662993000.0, 0.4],
[1663079400.0, 0.37061611374407577],
[1663165800.0, 0.3895734597156398],
[1663252200.0, 0.42973451327433626],
[1663338600.0, 0.4212692967409948],
[1663425000.0, 0.4397941680960548],
[1663511400.0, 0.4879598662207358],
[1663597800.0, 0.4254428341384864],
[1663684200.0, 0.6242130750605328],
[1663770600.0, 0.6498789346246974],
[1663857000.0, 0.6857142857142857],
[1663943400.0, 0.6430992736077481],
[1664029800.0, 0.6542372881355931],
[1664116200.0, 0.6329297820823244],
[1664202600.0, 0.6246973365617434],
[1664289000.0, 0.6474576271186442],
[1664375400.0, 0.6201342281879193],
[1664461800.0, 0.5639484978540773],
[1664548200.0, 0.5639484978540773],
[1664634600.0, 0.5418947368421052],
[1664717400.0, 0.5582978723404255],
[1664803800.0, 0.5291750503018108],
[1664890200.0, 0.4966861598440545],
[1664976600.0, 0.5122950819672131],
[1665063000.0, 0.5217741935483872],
[1665149400.0, 0.5193548387096775],
[1665235800.0, 0.5083665338645418],
[1665322200.0, 0.6122950819672132],
[1665408600.0, 0.6168032786885247],
[1665495000.0, 0.6016359918200408],
[1665581400.0, 0.6256619144602851],
[1665667800.0, 0.6090163934426229],
[1665754200.0, 0.551582867783985],
[1665840600.0, 0.4629422718808193],
[1665927000.0, 0.6052173913043478],
[1666013400.0, 0.5942973523421589],
[1666099800.0, 0.5967413441955194],
[1666186200.0, 0.5414342629482071],
[1666272600.0, 0.575659229208925],
[1666359000.0, 0.5706611570247933],
[1666445400.0, 0.585024154589372],
[1666531800.0, 0.5760000000000001],
[1666618200.0, 0.6131764705882352],
[1666704600.0, 0.5792811839323466],
[1666791000.0, 0.6294536817102138],
[1666877400.0, 0.640855106888361],
[1666963800.0, 0.6332541567695962],
[1667050200.0, 0.5906976744186047],
[1667136600.0, 0.5923890063424947],
[1667223000.0, 0.5436893203883495],
[1667309400.0, 0.5568932038834951],
[1667395800.0, 0.5533980582524272],
[1667482200.0, 0.5730061349693251],
[1667568600.0, 0.5376257545271629],
[1667655000.0, 0.5569416498993963],
[1667741400.0, 0.6700767263427109],
[1667827800.0, 0.5480572597137013],
[1667914200.0, 0.6075555555555555],
[1668000600.0, 0.5995555555555556],
[1668087000.0, 0.6481132075471698],
[1668173400.0, 0.6744525547445255],
[1668259800.0, 0.5742857142857144],
[1668346200.0, 0.5986666666666667],
[1668432600.0, 0.6315789473684211],
[1668519000.0, 0.636279069767442],
[1668605400.0, 0.6609302325581395],
[1668691800.0, 0.6069114470842333],
[1668778200.0, 0.6158590308370044],
[1668864600.0, 0.6279176201372998],
[1668951000.0, 0.6244111349036401],
[1669037400.0, 0.6193133047210301],
[1669123800.0, 0.6266094420600858],
[1669210200.0, 0.5630107526881721],
[1669296600.0, 0.5368852459016393],
[1669383000.0, 0.5644539614561027],
[1669469400.0, 0.5010706638115632],
[1669555800.0, 0.5511777301927195],
[1669642200.0, 0.547547974413646],
[1669728600.0, 0.5139186295503211],
[1669815000.0, 0.5149674620390454],
[1669901400.0, 0.5113490364025696],
[1669987800.0, 0.4997876857749469],
[1670074200.0, 0.5188034188034188],
[1670160600.0, 0.5162393162393162],
[1670247000.0, 0.5480686695278969],
[1670333400.0, 0.5566523605150214],
[1670419800.0, 0.5452229299363056],
[1670506200.0, 0.5592356687898088],
[1670592600.0, 0.5504347826086957],
[1670679000.0, 0.5830434782608696],
[1670765400.0, 0.550967741935484],
[1670851800.0, 0.5982758620689654],
[1670938200.0, 0.5754310344827587],
[1671024600.0, 0.5862955032119914],
[1671111000.0, 0.582441113490364],
[1671197400.0, 0.5901498929336187],
[1671283800.0, 0.5901498929336187],
[1671370200.0, 0.584154175588865],
[1671456600.0, 0.584154175588865],
[1671543000.0, 0.5802997858672376],
[1671629400.0, 0.5447537473233403],
[1671715800.0, 0.5443254817987151],
[1671802200.0, 0.5765199161425576],
[1671888600.0, 0.5540084388185654],
[1671975000.0, 0.48945147679324896],
[1672061400.0, 0.664795918367347],
[1672147800.0, 0.5584988962472407],
[1672234200.0, 0.5429787234042553],
[1672320600.0, 0.5493506493506493],
[1672407000.0, 0.5648106904231626],
[1672493400.0, 0.5719376391982183],
[1672579800.0, 0.5706013363028952],
[1672666200.0, 0.5486081370449678],
[1672752600.0, 0.5524625267665952],
[1672839000.0, 0.5466666666666666],
[1672925400.0, 0.5311827956989248],
[1673011800.0, 0.5733634311512416],
[1673098200.0, 0.5590308370044054],
[1673184600.0, 0.511801242236025],
[1673271000.0, 0.5621621621621621],
[1673357400.0, 0.5642411642411642],
[1673443800.0, 0.5560165975103735],
[1673530200.0, 0.563298969072165],
[1673616600.0, 0.5561983471074379],
[1673703000.0, 0.49981651376146785],
[1673789400.0, 0.5271698113207546],
[1673875800.0, 0.531320754716981],
[1673962200.0, 0.5122040072859745],
[1674048600.0, 0.5205175600739371],
[1674135000.0, 0.5054744525547447],
[1674221400.0, 0.5156934306569344],
[1674307800.0, 0.5045537340619307],
[1674394200.0, 0.4683087027914614],
[1674480600.0, 0.49440559440559434],
[1674567000.0, 0.46141215106732353],
[1674653400.0, 0.4264900662251655],
[1674739800.0, 0.4514851485148515],
[1674826200.0, 0.46369636963696376],
[1674912600.0, 0.4518151815181519],
[1674999000.0, 0.4679442508710801],
[1675085400.0, 0.4546979865771812],
[1675171800.0, 0.47684563758389253],
[1675258200.0, 0.45653594771241834],
[1675344600.0, 0.4848381601362863],
[1675431000.0, 0.46850649350649354],
[1675517400.0, 0.4497576736672051],
[1675603800.0, 0.4795454545454545],
[1675690200.0, 0.46461038961038964],
[1675776600.0, 0.46590909090909094],
[1675863000.0, 0.46590909090909094],
[1675949400.0, 0.46590909090909094],
