[1635773400.0, 0.8371428571428571],
[1635859800.0, 0.8900000000000002],
[1635946200.0, 0.8914285714285715],
[1636032600.0, 0.9071428571428574],
[1636119000.0, 0.9342857142857144],
[1636205400.0, 0.9271428571428572],
[1636291800.0, 0.8928571428571429],
[1636378200.0, 0.9042857142857142],
[1636464600.0, 0.89],
[1636551000.0, 0.8342857142857142],
[1636637400.0, 0.9000000000000001],
[1636723800.0, 0.9000000000000001],
[1636810200.0, 0.89],
[1636896600.0, 0.83],
[1636983000.0, 0.8171428571428573],
[1637069400.0, 0.8400000000000001],
[1637155800.0, 0.83],
[1637242200.0, 0.8371428571428572],
[1637328600.0, 0.8257142857142858],
[1637415000.0, 0.8685714285714285],
[1637501400.0, 0.8528571428571429],
[1637587800.0, 0.8600000000000001],
[1637674200.0, 0.8714285714285713],
[1637760600.0, 0.8371428571428572],
[1637847000.0, 0.8042857142857143],
[1637933400.0, 0.7728571428571429],
[1638019800.0, 0.7814285714285715],
[1638106200.0, 0.7914285714285716],
[1638192600.0, 0.7900000000000001],
[1638279000.0, 0.7571428571428571],
[1638365400.0, 0.7771428571428572],
[1638451800.0, 0.7928571428571428],
[1638538200.0, 0.8271428571428573],
[1638624600.0, 0.8457142857142858],
[1638711000.0, 0.8542857142857142],
[1638797400.0, 0.835714285714286],
[1638883800.0, 0.8685714285714287],
[1638970200.0, 0.8414285714285714],
[1639056600.0, 0.8728571428571429],
[1639143000.0, 0.8842857142857142],
[1639229400.0, 0.9],
[1639315800.0, 0.8857142857142856],
[1639402200.0, 0.8971428571428571],
[1639488600.0, 0.8871428571428571],
[1639575000.0, 0.8685714285714284],
[1639661400.0, 0.8671428571428572],
[1639747800.0, 0.8614285714285714],
[1639834200.0, 0.8585714285714285],
[1639920600.0, 0.8871428571428571],
[1640007000.0, 0.8499999999999999],
[1640093400.0, 0.8714285714285713],
[1640179800.0, 0.86],
[1640266200.0, 0.8357142857142856],
[1640352600.0, 0.8414285714285715],
[1640439000.0, 0.8442857142857142],
[1640525400.0, 0.8571428571428571],
[1640611800.0, 0.8428571428571427],
[1640698200.0, 0.8842857142857142],
[1640784600.0, 0.8914285714285715],
[1640871000.0, 0.9042857142857145],
[1640957400.0, 0.9157142857142858],
[1641043800.0, 0.9242857142857144],
[1641130200.0, 0.9228571428571428],
[1641216600.0, 0.9199999999999998],
[1641303000.0, 0.9271428571428572],
[1641389400.0, 0.9442857142857143],
[1641475800.0, 0.9614285714285715],
[1641562200.0, 0.9957142857142858],
[1641648600.0, 1.012857142857143],
[1641735000.0, 1.0242857142857142],
[1641821400.0, 1.0342857142857145],
[1641907800.0, 1.0614285714285716],
[1641994200.0, 1.0928571428571427],
[1642080600.0, 1.0714285714285714],
[1642167000.0, 1.0757142857142858],
[1642253400.0, 1.06],
[1642339800.0, 1.07],
[1642426200.0, 1.0671428571428572],
[1642512600.0, 1.0714285714285714],
[1642599000.0, 1.06],
[1642685400.0, 1.0571428571428572],
[1642771800.0, 1.0642857142857143],
[1642858200.0, 1.0842857142857143],
[1642944600.0, 1.06],
[1643031000.0, 1.072857142857143],
[1643117400.0, 1.0685714285714283],
[1643203800.0, 1.0557142857142856],
[1643290200.0, 1.0542857142857143],
[1643376600.0, 1.0271428571428571],
[1643463000.0, 1.0385714285714287],
[1643549400.0, 1.0314285714285714],
[1643635800.0, 1.0314285714285714],
[1643722200.0, 1.0314285714285714],
[1643808600.0, 1.0657142857142856],
[1643895000.0, 1.0885714285714287],
[1643981400.0, 1.1171428571428572],
[1644067800.0, 1.1642857142857144],
[1644154200.0, 1.1585714285714286],
[1644240600.0, 1.1628571428571426],
[1644327000.0, 1.1657142857142857],
[1644413400.0, 1.1600000000000001],
[1644499800.0, 1.1971428571428573],
[1644586200.0, 1.217142857142857],
[1644672600.0, 1.2228571428571429],
[1644759000.0, 1.202857142857143],
[1644845400.0, 1.2342857142857144],
[1644931800.0, 1.258571428571429],
[1645018200.0, 1.2471428571428569],
[1645104600.0, 1.262857142857143],
[1645191000.0, 1.2542857142857142],
[1645277400.0, 1.2857142857142858],
[1645363800.0, 1.2828571428571431],
[1645450200.0, 1.2771428571428574],
[1645536600.0, 1.272857142857143],
[1645623000.0, 1.2642857142857145],
[1645709400.0, 1.2314285714285715],
[1645795800.0, 1.2542857142857144],
[1645882200.0, 1.2442857142857144],
[1645968600.0, 1.2571428571428573],
[1646055000.0, 1.2728571428571431],
[1646141400.0, 1.262857142857143],
[1646227800.0, 1.27],
[1646314200.0, 1.2357142857142858],
[1646400600.0, 1.2557142857142856],
[1646487000.0, 1.2642857142857142],
[1646573400.0, 1.2785714285714287],
[1646659800.0, 1.2742857142857145],
[1646746200.0, 1.2357142857142855],
[1646832600.0, 1.207142857142857],
[1646919000.0, 1.207142857142857],
[1647005400.0, 1.222857142857143],
[1647091800.0, 1.237142857142857],
[1647178200.0, 1.2457142857142858],
[1647264600.0, 1.25],
[1647351000.0, 1.3071428571428572],
[1647437400.0, 1.3071428571428572],
[1647523800.0, 1.3071428571428572],
[1647610200.0, 1.3057142857142856],
[1647696600.0, 1.31],
[1647783000.0, 1.3185714285714287],
[1647869400.0, 1.3171428571428572],
[1647955800.0, 1.3142857142857143],
[1648042200.0, 1.3042857142857145],
[1648128600.0, 1.2957142857142858],
[1648215000.0, 1.2971428571428572],
[1648301400.0, 1.308571428571429],
[1648387800.0, 1.3114285714285716],
[1648474200.0, 1.3071428571428574],
[1648560600.0, 1.3071428571428572],
[1648647000.0, 1.3628571428571428],
[1648733400.0, 1.3657142857142854],
[1648819800.0, 1.367142857142857],
[1648906200.0, 1.4257142857142857],
[1648996200.0, 1.417142857142857],
[1649082600.0, 1.4271428571428573],
[1649169000.0, 1.4714285714285713],
[1649255400.0, 1.4514285714285715],
[1649341800.0, 1.47],
[1649428200.0, 1.4442857142857142],
[1649514600.0, 1.465714285714286],
[1649601000.0, 1.49],
[1649687400.0, 1.4914285714285713],
[1649773800.0, 1.4542857142857142],
[1649860200.0, 1.4442857142857142],
[1649946600.0, 1.4614285714285713],
[1650033000.0, 1.4828571428571429],
[1650119400.0, 1.47],
[1650205800.0, 1.4914285714285715],
[1650292200.0, 1.5085714285714287],
[1650378600.0, 1.487142857142857],
[1650465000.0, 1.5314285714285716],
[1650551400.0, 1.5314285714285716],
[1650637800.0, 1.5314285714285716],
[1650724200.0, 1.5300000000000005],
[1650810600.0, 1.5314285714285716],
[1650897000.0, 1.5328571428571431],
[1650983400.0, 1.5185714285714287],
[1651069800.0, 1.5185714285714287],
[1651156200.0, 1.5142857142857145],
[1651242600.0, 1.5028571428571433],
[1651329000.0, 1.508571428571429],
[1651415400.0, 1.5242857142857145],
[1651501800.0, 1.5028571428571431],
[1651588200.0, 1.4957142857142858],
[1651674600.0, 1.395714285714286],
[1651761000.0, 1.3857142857142857],
[1651847400.0, 1.365714285714286],
[1651933800.0, 1.3900000000000001],
[1652020200.0, 1.4114285714285715],
[1652106600.0, 1.4157142857142857],
[1652193000.0, 1.4185714285714284],
[1652279400.0, 1.3985714285714284],
[1652365800.0, 1.4314285714285713],
[1652452200.0, 1.4114285714285713],
[1652538600.0, 1.4157142857142855],
[1652625000.0, 1.4171428571428568],
[1652711400.0, 1.4142857142857141],
[1652797800.0, 1.4128571428571426],
[1652884200.0, 1.4314285714285713],
[1652970600.0, 1.4014285714285715],
[1653057000.0, 1.4142857142857144],
[1653143400.0, 1.4057142857142855],
[1653229800.0, 1.4057142857142855],
[1653316200.0, 1.4028571428571426],
[1653402600.0, 1.4157142857142855],
[1653489000.0, 1.4157142857142853],
[1653575400.0, 1.387142857142857],
[1653661800.0, 1.3957142857142857],
[1653748200.0, 1.3785714285714286],
[1653834600.0, 1.407142857142857],
[1653921000.0, 1.4157142857142857],
[1654007400.0, 1.412857142857143],
[1654093800.0, 1.4528571428571426],
[1654180200.0, 1.4657142857142857],
[1654266600.0, 1.372857142857143],
[1654353000.0, 1.42],
[1654439400.0, 1.417142857142857],
[1654525800.0, 1.4457142857142855],
[1654612200.0, 1.4542857142857144],
[1654698600.0, 1.4271428571428575],
[1654785000.0, 1.4371428571428575],
[1654871400.0, 1.4600000000000002],
[1654957800.0, 1.467142857142857],
[1655044200.0, 1.4499999999999997],
[1655130600.0, 1.447142857142857],
[1655217000.0, 1.417142857142857],
[1655303400.0, 1.4214285714285715],
[1655389800.0, 1.36],
[1655476200.0, 1.3642857142857143],
[1655562600.0, 1.3871428571428572],
[1655649000.0, 1.3842857142857146],
[1655735400.0, 1.3528571428571432],
[1655821800.0, 1.3585714285714288],
[1655908200.0, 1.3357142857142854],
[1655994600.0, 1.3214285714285712],
[1656081000.0, 1.2342857142857144],
[1656167400.0, 1.23],
[1656253800.0, 1.2085714285714286],
[1656340200.0, 1.215714285714286],
[1656426600.0, 1.2300000000000002],
[1656513000.0, 1.2685714285714287],
[1656599400.0, 1.2957142857142858],
[1656685800.0, 1.3214285714285714],
[1656772200.0, 1.357142857142857],
[1656858600.0, 1.3742857142857143],
[1656945000.0, 1.3871428571428572],
[1657031400.0, 1.385714285714286],
[1657117800.0, 1.33],
[1657204200.0, 1.3614285714285717],
[1657290600.0, 1.3900000000000001],
[1657377000.0, 1.407142857142857],
[1657463400.0, 1.4214285714285713],
[1657549800.0, 1.4228571428571428],
[1657636200.0, 1.4457142857142855],
[1657722600.0, 1.49],
[1657809000.0, 1.4642857142857142],
[1657895400.0, 1.4942857142857144],
[1657981800.0, 1.5157142857142858],
[1658068200.0, 1.5142857142857145],
[1658154600.0, 1.51],
[1658241000.0, 1.5271428571428574],
[1658327400.0, 1.5971428571428574],
[1658413800.0, 1.552857142857143],
[1658500200.0, 1.532857142857143],
[1658586600.0, 1.5357142857142858],
[1658673000.0, 1.542857142857143],
[1658759400.0, 1.554285714285714],
[1658845800.0, 1.5999999999999999],
[1658932200.0, 1.6014285714285712],
[1659018600.0, 1.6185714285714288],
[1659105000.0, 1.6328571428571428],
[1659191400.0, 1.6228571428571428],
[1659277800.0, 1.6585714285714286],
[1659364200.0, 1.6428571428571428],
[1659450600.0, 1.6514285714285712],
[1659537000.0, 1.6642857142857141],
[1659623400.0, 1.6757142857142855],
[1659709800.0, 1.681428571428572],
[1659796200.0, 1.7071428571428575],
[1659882600.0, 1.7242857142857144],
[1659969000.0, 1.7485714285714287],
[1660055400.0, 1.7885714285714287],
[1660141800.0, 1.718571428571429],
[1660228200.0, 1.7842857142857143],
[1660314600.0, 1.8100000000000003],
[1660401000.0, 1.8100000000000003],
[1660487400.0, 1.8100000000000003],
[1660573800.0, 1.8100000000000003],
[1660660200.0, 1.8185714285714283],
[1660746600.0, 1.752857142857143],
[1660833000.0, 1.8014285714285716],
[1660919400.0, 1.8414285714285714],
[1661005800.0, 1.8585714285714288],
[1661092200.0, 1.8142857142857147],
[1661178600.0, 1.8471428571428572],
[1661265000.0, 1.855714285714286],
[1661351400.0, 1.8357142857142854],
[1661437800.0, 1.918571428571428],
[1661524200.0, 1.8428571428571427],
[1661610600.0, 1.8442857142857143],
[1661697000.0, 1.8342857142857143],
[1661783400.0, 1.8228571428571425],
[1661869800.0, 1.8314285714285716],
[1661956200.0, 1.7942857142857143],
[1662042600.0, 1.81],
[1662129000.0, 1.695714285714286],
[1662215400.0, 1.73],
[1662301800.0, 1.78],
[1662388200.0, 1.7657142857142856],
[1662474600.0, 1.7571428571428573],
[1662561000.0, 1.794285714285714],
[1662647400.0, 1.7985714285714287],
[1662733800.0, 1.8142857142857147],
[1662820200.0, 1.828571428571429],
[1662906600.0, 1.8385714285714287],
[1662993000.0, 1.8671428571428574],
[1663079400.0, 2.0128571428571433],
[1663165800.0, 2.051428571428571],
[1663252200.0, 2.0214285714285714],
[1663338600.0, 1.9771428571428575],
[1663425000.0, 1.9871428571428573],
[1663511400.0, 1.9971428571428576],
[1663597800.0, 2.0000000000000004],
[1663684200.0, 1.9485714285714286],
[1663770600.0, 1.91],
[1663857000.0, 1.8699999999999999],
[1663943400.0, 1.9071428571428577],
[1664029800.0, 1.9071428571428573],
[1664116200.0, 1.9028571428571428],
[1664202600.0, 1.8900000000000001],
[1664289000.0, 1.8500000000000003],
[1664375400.0, 1.8714285714285717],
[1664461800.0, 1.8742857142857143],
[1664548200.0, 1.9000000000000001],
[1664634600.0, 1.8714285714285712],
[1664717400.0, 1.8857142857142857],
[1664803800.0, 1.9142857142857144],
[1664890200.0, 1.9357142857142857],
[1664976600.0, 1.9814285714285713],
[1665063000.0, 1.9957142857142856],
[1665149400.0, 1.998571428571429],
[1665235800.0, 2.0085714285714285],
[1665322200.0, 1.9985714285714284],
[1665408600.0, 1.9985714285714287],
[1665495000.0, 1.9785714285714289],
[1665581400.0, 1.955714285714286],
[1665667800.0, 1.9500000000000004],
[1665754200.0, 1.9414285714285715],
[1665840600.0, 1.9914285714285713],
[1665927000.0, 2.015714285714286],
[1666013400.0, 2.021428571428572],
[1666099800.0, 2.007142857142857],
[1666186200.0, 1.8900000000000001],
[1666272600.0, 1.967142857142857],
[1666359000.0, 1.932857142857143],
[1666445400.0, 1.8285714285714287],
[1666531800.0, 1.8185714285714287],
[1666618200.0, 1.8242857142857143],
[1666704600.0, 1.8228571428571427],
[1666791000.0, 1.8471428571428572],
[1666877400.0, 1.818571428571429],
[1666963800.0, 1.8185714285714287],
[1667050200.0, 1.8371428571428576],
[1667136600.0, 1.8542857142857143],
[1667223000.0, 1.84],
[1667309400.0, 1.8642857142857143],
[1667395800.0, 1.8800000000000003],
[1667482200.0, 1.9028571428571428],
[1667568600.0, 1.9057142857142857],
[1667655000.0, 1.9514285714285717],
[1667741400.0, 1.977142857142857],
[1667827800.0, 2.031428571428571],
[1667914200.0, 2.0642857142857145],
[1668000600.0, 2.05],
[1668087000.0, 2.0599999999999996],
[1668173400.0, 2.051428571428571],
[1668259800.0, 2.072857142857143],
[1668346200.0, 2.0571428571428574],
[1668432600.0, 2.02],
[1668519000.0, 2.0471428571428576],
[1668605400.0, 2.0200000000000005],
[1668691800.0, 1.9928571428571427],
[1668778200.0, 2.004285714285714],
[1668864600.0, 1.9771428571428573],
[1668951000.0, 1.9514285714285715],
[1669037400.0, 1.9257142857142857],
[1669123800.0, 1.8871428571428572],
[1669210200.0, 1.7985714285714287],
[1669296600.0, 1.77],
[1669383000.0, 1.7542857142857142],
[1669469400.0, 1.782857142857143],
[1669555800.0, 1.8200000000000003],
[1669642200.0, 1.8285714285714287],
[1669728600.0, 1.8614285714285717],
[1669815000.0, 1.9585714285714286],
[1669901400.0, 1.9885714285714282],
[1669987800.0, 2.0142857142857142],
[1670074200.0, 2.064285714285714],
[1670160600.0, 2.0685714285714285],
[1670247000.0, 2.0714285714285716],
[1670333400.0, 2.06],
[1670419800.0, 2.0585714285714287],
[1670506200.0, 2.0400000000000005],
[1670592600.0, 2.045714285714286],
[1670679000.0, 2.0028571428571427],
[1670765400.0, 2.0042857142857144],
[1670851800.0, 2.0071428571428576],
[1670938200.0, 1.992857142857143],
[1671024600.0, 1.9571428571428573],
[1671111000.0, 1.9357142857142857],
[1671197400.0, 1.9499999999999997],
[1671283800.0, 1.9585714285714286],
[1671370200.0, 1.9485714285714286],
[1671456600.0, 1.9685714285714284],
[1671543000.0, 1.9685714285714286],
[1671629400.0, 1.967142857142857],
[1671715800.0, 1.94],
[1671802200.0, 1.8800000000000001],
[1671888600.0, 1.9100000000000001],
[1671975000.0, 1.9128571428571433],
[1672061400.0, 1.9342857142857144],
[1672147800.0, 1.9028571428571426],
[1672234200.0, 1.9600000000000004],
[1672320600.0, 1.98],
[1672407000.0, 2.0228571428571427],
[1672493400.0, 2.025714285714286],
[1672579800.0, 2.045714285714286],
[1672666200.0, 2.035714285714286],
[1672752600.0, 2.0414285714285714],
[1672839000.0, 2.0685714285714285],
[1672925400.0, 2.042857142857143],
[1673011800.0, 2.1242857142857146],
[1673098200.0, 2.1714285714285713],
[1673184600.0, 2.197142857142857],
[1673271000.0, 2.217142857142857],
[1673357400.0, 2.2485714285714287],
[1673443800.0, 2.301428571428572],
[1673530200.0, 2.3057142857142856],
[1673616600.0, 2.238571428571429],
[1673703000.0, 2.3528571428571428],
[1673789400.0, 2.385714285714286],
[1673875800.0, 2.454285714285714],
[1673962200.0, 2.4657142857142853],
[1674048600.0, 2.4899999999999998],
[1674135000.0, 2.4685714285714284],
[1674221400.0, 2.4314285714285715],
[1674307800.0, 2.482857142857143],
[1674394200.0, 2.5114285714285716],
[1674480600.0, 2.5085714285714285],
[1674567000.0, 2.5014285714285713],
[1674653400.0, 2.5614285714285714],
[1674739800.0, 2.507142857142857],
[1674826200.0, 2.642857142857143],
[1674912600.0, 2.5557142857142856],
[1674999000.0, 2.5628571428571427],
[1675085400.0, 2.6599999999999997],
[1675171800.0, 2.6371428571428575],
[1675258200.0, 2.6528571428571426],
[1675344600.0, 2.6942857142857144],
[1675431000.0, 2.6828571428571424],
[1675517400.0, 2.62],
[1675603800.0, 2.6314285714285717],
[1675690200.0, 2.64],
[1675776600.0, 2.584285714285714],
[1675863000.0, 2.584285714285714],
[1675949400.0, 2.584285714285714],
