[[1633098600, 5.89],
[1633185000, 5.94],
[1633267800, 6.4],
[1633354200, 6.46],
[1633440600, 5.63],
[1633527000, 5.37],
[1633613400, 6.08],
[1633699800, 5.99],
[1633786200, 6.42],
[1633872600, 5.52],
[1633959000, 6.42],
[1634045400, 6.17],
[1634477400, 5.75],
[1634563800, 6.96],
[1634650200, 6.17],
[1634736600, 6.24],
[1634823000, 6.2],
[1634909400, 6.09],
[1634995800, 5.57],
[1635082200, 5.7],
[1635168600, 5.85],
[1635255000, 5.86],
[1635341400, 5.81],
[1635427800, 6.81],
[1635514200, 6.04],
[1635600600, 6.06],
[1635687000, 6.32],
[1635859800, 6.0],
[1636637400, 5.83],
[1636983000, 5.96],
[1637242200, 5.9],
[1637328600, 5.95],
[1637415000, 5.92],
[1637501400, 5.92],
[1637587800, 6.14],
[1637674200, 5.97],
[1637760600, 5.78],
[1637847000, 5.69],
[1637933400, 5.36],
[1638019800, 5.42],
[1638106200, 5.67],
[1638192600, 5.57],
[1638279000, 5.49],
[1638365400, 5.46],
[1638451800, 5.6],
[1638538200, 5.61],
[1638624600, 5.76],
[1638711000, 5.79],
[1638797400, 5.79],
[1638883800, 5.66],
[1638970200, 5.77],
[1639056600, 5.72],
[1639143000, 5.75],
[1639229400, 5.75],
[1639315800, 5.81],
[1639402200, 5.94],
[1639488600, 5.92],
[1642167000, 6.15],
[1642253400, 6.23],
[1642339800, 6.17],
[1642426200, 6.15],
[1642512600, 6.13],
[1642599000, 5.99],
[1642685400, 6.14],
[1643808600, 5.61],
[1643895000, 5.39],
[1643981400, 5.3],
[1644067800, 5.15],
[1644154200, 5.72],
[1644240600, 5.68],
[1644327000, 5.59],
[1645968600, 5.9],
[1646055000, 5.88],
[1646141400, 5.97],
[1646400600, 5.91],
[1646487000, 6.08],
[1646659800, 5.82],
[1646746200, 6.02],
[1646832600, 5.7],
[1647005400, 5.93],
[1647091800, 5.97],
[1647178200, 5.94],
[1647437400, 5.98],
[1647523800, 6.04],
[1647696600, 6.11],
[1647783000, 5.77],
[1647869400, 5.92],
[1648042200, 5.92],
[1648128600, 5.87],
[1648301400, 6.01],
[1648474200, 5.94],
[1648733400, 6.18],
[1648906200, 6.55],
[1649169000, 6.34],
[1649255400, 6.35],
[1649341800, 6.49],
[1649514600, 6.39],
[1649601000, 6.37],
[1649687400, 6.64],
[1649773800, 6.48],
[1649860200, 6.52],
[1649946600, 6.59],
[1650033000, 6.6],
[1650119400, 6.65],
[1650205800, 6.58],
[1650292200, 6.65],
[1650378600, 6.74],
[1650465000, 6.76],
[1650551400, 6.76],
[1650637800, 6.76],
[1650724200, 7.0],
[1650810600, 6.88],
[1650897000, 6.87],
[1650983400, 6.81],
[1651069800, 6.7],
[1651156200, 6.75],
[1651242600, 6.76],
[1651329000, 6.78],
[1651415400, 6.89],
[1651501800, 6.91],
[1651588200, 7.05],
[1651674600, 6.69],
[1652106600, 6.52],
[1652193000, 6.48],
[1652279400, 6.32],
[1652365800, 6.38],
[1652970600, 6.71],
[1653057000, 6.44],
[1653143400, 6.44],
[1653229800, 6.51],
[1653316200, 6.54],
[1653402600, 6.32],
[1653489000, 6.67],
[1653575400, 6.62],
[1653661800, 6.54],
[1653748200, 6.48],
[1653834600, 7.01],
[1653921000, 6.78],
[1654007400, 6.73],
[1654093800, 6.7],
[1654180200, 6.92],
[1654957800, 6.59],
[1655044200, 7.09],
[1655130600, 6.57],
[1655217000, 6.58],
[1655303400, 6.57],
[1655389800, 6.52],
[1655476200, 6.21],
[1655821800, 5.98],
[1655908200, 6.2],
[1655994600, 6.22],
[1656081000, 6.22],
[1656167400, 6.19],
[1656253800, 5.9],
[1656340200, 6.12],
[1656426600, 6.2],
[1656513000, 5.8],
[1656599400, 6.02],
[1656685800, 5.7],
[1656772200, 5.98],
[1656858600, 6.04],
[1656945000, 6.26],
[1657031400, 6.05],
[1657290600, 6.15],
[1657377000, 6.27],
[1657463400, 6.25],
[1657549800, 6.28],
[1657636200, 6.19],
[1657722600, 6.3],
[1657809000, 6.11],
[1657895400, 6.11],
[1657981800, 5.79],
[1658241000, 5.9],
[1658327400, 6.09],
[1658413800, 5.95],
[1658673000, 6.33],
[1658759400, 6.2],
[1658845800, 6.26],
[1658932200, 6.2],
[1659018600, 6.25],
[1659105000, 6.48],
[1659364200, 6.62],
[1659450600, 6.61],
[1659537000, 6.67],
[1659623400, 6.41],
[1659709800, 6.24],
[1659796200, 6.43],
[1659882600, 6.6],
[1660228200, 6.4],
[1660314600, 6.35],
[1660401000, 6.35],
[1660487400, 6.35],
[1660573800, 6.35],
[1660660200, 6.44],
[1660746600, 5.96],
[1660833000, 6.04],
[1661351400, 6.24],
[1661437800, 6.18],
[1661524200, 6.17],
[1661610600, 6.62],
[1661697000, 6.63],
[1661783400, 6.06],
[1661869800, 6.26],
[1661956200, 6.19],
[1662042600, 6.19],
[1662129000, 6.11],
[1662215400, 6.24],
[1662301800, 6.28],
[1662561000, 6.4],
[1662906600, 6.89],
[1662993000, 6.71],
[1663079400, 6.73],
[1663165800, 6.48],
[1663252200, 6.58],
[1663338600, 6.62],
[1663425000, 6.63],
[1663597800, 6.8],
[1663684200, 6.69],
[1663770600, 6.71],
[1663857000, 6.68],
[1663943400, 6.66],
[1664029800, 6.59],
[1664116200, 6.13],
[1665581400, 5.97],
[1665667800, 5.99],
[1665754200, 6.02],
[1665840600, 6.14],
[1665927000, 6.12],
[1666013400, 6.32],
[1666099800, 6.38],
[1667223000, 6.4],
[1667309400, 6.18],
[1667395800, 6.25],
[1667482200, 6.37],
[1667568600, 6.4],
[1667655000, 6.42],
[1667741400, 6.48],
[1667914200, 6.59],
[1668000600, 6.45],
[1668087000, 6.56],
[1668173400, 6.62],
[1668259800, 6.65],
[1668346200, 6.43],
[1668432600, 6.62],
[1671975000, 6.24],
[1672061400, 6.28],
[1672147800, 6.25],
[1672234200, 6.24],
[1672320600, 6.23],
[1672407000, 6.23],
[1672493400, 6.2],
[1672839000, 5.63],
[1672925400, 6.02],
[1673011800, 6.17],
[1673098200, 6.24],
[1673184600, 6.07],
[1673271000, 6.26],
[1673357400, 6.35],
[1673789400, 6.67],
[1673875800, 6.69],
[1673962200, 6.5],
[1674048600, 6.65],
[1674135000, 6.5],
[1674221400, 6.47],
[1674307800, 6.49],
[1674999000, 6.7],
[1675085400, 6.76],
[1675171800, 6.81],
[1675258200, 6.82],
[1675344600, 6.84],
[1675431000, 6.68],
[1675517400, 6.92],
[1675603800, 6.87],
[1675690200, 6.81],
[1675776600, 6.85],
[1675863000, 6.43],
[1675949400, 6.6],
[1676035800, 6.55],
[1676122200, 6.56],
[1676208600, 7.31],
[1676295000, 6.74],
[1676381400, 6.73],
[1676467800, 6.71],
[1676554200, 6.5],
[1676640600, 6.59],
[1676727000, 7.2],
[1676813400, 6.92],
[1676899800, 6.72],
[1677072600, 6.57],
[1677159000, 6.64],
[1677245400, 6.62],
[1677331800, 6.63],
[1677418200, 6.5],
[1678541400, 7.5],
[1678627800, 5.96],
[1678714200, 6.08],
[1678800600, 6.36],
[1678887000, 5.95],
[1678973400, 5.97],
[1679059800, 5.41],
[1679146200, 5.84],
[1679232600, 6.03],
[1679319000, 5.6],
[1679405400, 5.43],
[1679491800, 5.85],
[1679578200, 6.22],
[1679664600, 6.31],
[1679751000, 5.91],
[1679837400, 6.78],
[1679923800, 6.81],
[1680010200, 6.84],
[1680096600, 5.66],
[1680183000, 6.71],
[1680269400, 6.5],
[1680355800, 6.67],
[1680445800, 6.47],
[1680532200, 6.27],
[1680618600, 6.51],
[1680705000, 6.51]]
