[1635773400.0, 0.025628367433930096],
[1635859800.0, 0.026618490196078433],
[1635946200.0, 0.026618490196078433],
[1636032600.0, 0.026447987212276217],
[1636119000.0, 0.026618490196078433],
[1636205400.0, 0.026618490196078433],
[1636291800.0, 0.026618490196078433],
[1636378200.0, 0.026618490196078433],
[1636464600.0, 0.026448593350383635],
[1636551000.0, 0.02545786445012788],
[1636637400.0, 0.026448593350383635],
[1636723800.0, 0.026448593350383635],
[1636810200.0, 0.026448593350383635],
[1636896600.0, 0.026232246376811597],
[1636983000.0, 0.02606165814151748],
[1637069400.0, 0.026363341858482527],
[1637155800.0, 0.02648791560102302],
[1637242200.0, 0.026317412617220804],
[1637328600.0, 0.026317412617220804],
[1637415000.0, 0.02648791560102302],
[1637501400.0, 0.024118137254901962],
[1637587800.0, 0.02661909633418585],
[1637674200.0, 0.02661909633418585],
[1637760600.0, 0.02717632139812447],
[1637847000.0, 0.02557817561807332],
[1637933400.0, 0.02532966751918159],
[1638019800.0, 0.026437723785166244],
[1638106200.0, 0.02446351236146633],
[1638192600.0, 0.026317412617220804],
[1638279000.0, 0.02588390878090367],
[1638365400.0, 0.02531815856777494],
[1638451800.0, 0.025061797953964196],
[1638538200.0, 0.025223775788576302],
[1638624600.0, 0.026601439897698212],
[1638711000.0, 0.027414419437340156],
[1638797400.0, 0.027414419437340156],
[1638883800.0, 0.026430936913895996],
[1638970200.0, 0.026345685421994888],
[1639056600.0, 0.026601439897698212],
[1639143000.0, 0.026430936913895996],
[1639229400.0, 0.027414419437340156],
[1639315800.0, 0.02715866496163683],
[1639402200.0, 0.027414419437340156],
[1639488600.0, 0.026601439897698212],
[1639575000.0, 0.027414419437340156],
[1639661400.0, 0.026601439897698212],
[1639747800.0, 0.026601439897698212],
[1639834200.0, 0.026601439897698212],
[1639920600.0, 0.026601439897698212],
[1640007000.0, 0.0265929147485081],
[1640093400.0, 0.026345685421994888],
[1640179800.0, 0.026601439897698212],
[1640266200.0, 0.026601439897698212],
[1640352600.0, 0.026601439897698212],
[1640439000.0, 0.026600833759590794],
[1640525400.0, 0.026469653026427963],
[1640611800.0, 0.026600833759590794],
[1640698200.0, 0.02634507928388747],
[1640784600.0, 0.026430330775788578],
[1640871000.0, 0.026430330775788578],
[1640957400.0, 0.026600833759590794],
[1641043800.0, 0.026174576300085253],
[1641130200.0, 0.026600833759590794],
[1641216600.0, 0.027415025575447574],
[1641303000.0, 0.027415025575447574],
[1641389400.0, 0.027415025575447574],
[1641475800.0, 0.02660204603580563],
[1641562200.0, 0.026346291560102306],
[1641648600.0, 0.02660204603580563],
[1641735000.0, 0.02660204603580563],
[1641821400.0, 0.027415025575447574],
[1641907800.0, 0.02660204603580563],
[1641994200.0, 0.026689535379369144],
[1642080600.0, 0.02686003836317136],
[1642167000.0, 0.027673017902813304],
[1642253400.0, 0.02686003836317136],
[1642339800.0, 0.027673017902813304],
[1642426200.0, 0.02686003836317136],
[1642512600.0, 0.02643378090366582],
[1642599000.0, 0.026689535379369144],
[1642685400.0, 0.02598834185848253],
[1642771800.0, 0.02685151321398125],
[1642858200.0, 0.02685151321398125],
[1642944600.0, 0.02659352088661552],
[1643031000.0, 0.02659352088661552],
[1643117400.0, 0.02659352088661552],
[1643203800.0, 0.02660204603580563],
[1643290200.0, 0.026601730605285593],
[1643376600.0, 0.026601730605285593],
[1643463000.0, 0.026431227621483377],
[1643549400.0, 0.026601730605285593],
[1643635800.0, 0.026601730605285593],
[1643722200.0, 0.026601730605285593],
[1643808600.0, 0.026439146632566073],
[1643895000.0, 0.02660964961636829],
[1643981400.0, 0.02660964961636829],
[1644067800.0, 0.02660964961636829],
[1644154200.0, 0.026609334185848255],
[1644240600.0, 0.026609334185848255],
[1644327000.0, 0.026609334185848255],
[1644413400.0, 0.026609334185848255],
[1644499800.0, 0.02643883120204604],
[1644586200.0, 0.026609334185848255],
[1644672600.0, 0.026490244245524302],
[1644759000.0, 0.02660904347826087],
[1644845400.0, 0.02660904347826087],
[1644931800.0, 0.02574587212276215],
[1645018200.0, 0.02660904347826087],
[1645104600.0, 0.02660904347826087],
[1645191000.0, 0.02660904347826087],
[1645277400.0, 0.027422023017902815],
[1645363800.0, 0.026590299232736574],
[1645450200.0, 0.026558851662404095],
[1645536600.0, 0.0272515200341006],
[1645623000.0, 0.027422629156010233],
[1645709400.0, 0.0274223137254902],
[1645795800.0, 0.026609334185848255],
[1645882200.0, 0.026507462915601028],
[1645968600.0, 0.025622585677749363],
[1646055000.0, 0.0266172284739983],
[1646141400.0, 0.026446410059676045],
[1646227800.0, 0.02661691304347826],
[1646314200.0, 0.02661691304347826],
[1646400600.0, 0.026616597612958228],
[1646487000.0, 0.02661691304347826],
[1646573400.0, 0.02661691304347826],
[1646659800.0, 0.02661691304347826],
[1646746200.0, 0.02661691304347826],
[1646832600.0, 0.02661691304347826],
[1646919000.0, 0.026446410059676045],
[1647005400.0, 0.02725938959931799],
[1647091800.0, 0.02661691304347826],
[1647178200.0, 0.026531746803069058],
[1647264600.0, 0.02579881841432225],
[1647351000.0, 0.02661691304347826],
[1647437400.0, 0.02661751918158568],
[1647523800.0, 0.02661751918158568],
[1647610200.0, 0.02661751918158568],
[1647696600.0, 0.02661751918158568],
[1647783000.0, 0.02661751918158568],
[1647869400.0, 0.02661751918158568],
[1647955800.0, 0.02661751918158568],
[1648042200.0, 0.02661751918158568],
[1648128600.0, 0.02585057118499574],
[1648215000.0, 0.026617834612105713],
[1648301400.0, 0.026617834612105713],
[1648387800.0, 0.026617834612105713],
[1648474200.0, 0.026617834612105713],
[1648560600.0, 0.026618150042625747],
[1648647000.0, 0.026618150042625747],
[1648733400.0, 0.026362395566922422],
