[1635773400.0, 3.656666666666667],
[1635859800.0, 3.6200000000000006],
[1635946200.0, 3.393333333333333],
[1636032600.0, 3.315555555555555],
[1636119000.0, 2.8477777777777775],
[1636205400.0, 2.1055555555555556],
[1636291800.0, 1.8500000000000003],
[1636378200.0, 1.8588888888888886],
[1636464600.0, 1.9866666666666666],
[1636551000.0, 1.9733333333333338],
[1636637400.0, 2.158888888888889],
[1636723800.0, 2.6477777777777773],
[1636810200.0, 2.5922222222222224],
[1636896600.0, 2.5533333333333332],
[1636983000.0, 2.6400000000000006],
[1637069400.0, 3.3144444444444443],
[1637155800.0, 3.1733333333333333],
[1637242200.0, 3.261111111111111],
[1637328600.0, 4.814444444444444],
[1637415000.0, 4.808888888888889],
[1637501400.0, 4.9366666666666665],
[1637587800.0, 4.09],
[1637674200.0, 3.6877777777777783],
[1637760600.0, 4.102222222222223],
[1637847000.0, 3.8577777777777778],
[1637933400.0, 4.105555555555556],
[1638019800.0, 3.658888888888888],
[1638106200.0, 3.4688888888888894],
[1638192600.0, 2.08],
[1638279000.0, 2.4155555555555557],
[1638365400.0, 2.3633333333333333],
[1638451800.0, 2.5477777777777777],
[1638538200.0, 2.673333333333334],
[1638624600.0, 2.8855555555555554],
[1638711000.0, 2.5344444444444445],
[1638797400.0, 1.8755555555555554],
[1638883800.0, 1.3666666666666663],
[1638970200.0, 1.2866666666666668],
[1639056600.0, 1.3866666666666667],
[1639143000.0, 1.5277777777777777],
[1639229400.0, 1.33],
[1639315800.0, 1.3966666666666667],
[1639402200.0, 1.4011111111111112],
[1639488600.0, 1.6733333333333336],
[1639575000.0, 1.6333333333333333],
[1639661400.0, 1.6688888888888886],
[1639747800.0, 1.485555555555556],
[1639834200.0, 1.3922222222222225],
[1639920600.0, 1.3855555555555554],
[1640007000.0, 1.3355555555555556],
[1640093400.0, 1.2200000000000002],
[1640179800.0, 1.1666666666666667],
[1640266200.0, 1.1633333333333333],
[1640352600.0, 1.0566666666666666],
[1640439000.0, 1.0922222222222222],
[1640525400.0, 1.0499999999999998],
[1640611800.0, 0.9488888888888888],
[1640698200.0, 0.9522222222222223],
[1640784600.0, 0.9622222222222221],
[1640871000.0, 0.9455555555555554],
[1640957400.0, 0.9077777777777778],
[1641043800.0, 0.9233333333333333],
[1641130200.0, 0.9444444444444446],
[1641216600.0, 0.9922222222222222],
[1641303000.0, 0.9700000000000001],
[1641389400.0, 0.9666666666666666],
[1641475800.0, 0.9733333333333333],
[1641562200.0, 0.9366666666666669],
[1641648600.0, 0.9344444444444444],
[1641735000.0, 0.9466666666666667],
[1641821400.0, 0.9311111111111112],
[1641907800.0, 0.9277777777777777],
[1641994200.0, 0.928888888888889],
[1642080600.0, 0.9333333333333331],
[1642167000.0, 0.931111111111111],
[1642253400.0, 0.9199999999999999],
[1642339800.0, 0.9266666666666666],
[1642426200.0, 1.0744444444444445],
[1642512600.0, 1.028888888888889],
[1642599000.0, 1.0166666666666666],
[1642685400.0, 0.9822222222222222],
[1642771800.0, 0.9877777777777781],
[1642858200.0, 0.9722222222222224],
[1642944600.0, 1.0055555555555558],
[1643031000.0, 1.018888888888889],
[1643117400.0, 1.1133333333333333],
[1643203800.0, 1.1566666666666667],
[1643290200.0, 1.2933333333333337],
[1643376600.0, 1.1944444444444444],
[1643463000.0, 1.308888888888889],
[1643549400.0, 1.2744444444444445],
[1643635800.0, 1.2744444444444445],
[1643722200.0, 1.2744444444444445],
[1643808600.0, 1.2966666666666666],
[1643895000.0, 1.2844444444444443],
[1643981400.0, 1.2822222222222222],
[1644067800.0, 1.3066666666666666],
[1644154200.0, 1.3244444444444445],
[1644240600.0, 1.267777777777778],
[1644327000.0, 1.2522222222222221],
[1644413400.0, 1.1966666666666665],
[1644499800.0, 1.2022222222222223],
[1644586200.0, 1.2533333333333332],
[1644672600.0, 1.2422222222222221],
[1644759000.0, 1.2355555555555557],
[1644845400.0, 1.3299999999999998],
[1644931800.0, 1.412222222222222],
[1645018200.0, 1.4088888888888889],
[1645104600.0, 1.411111111111111],
[1645191000.0, 1.4800000000000004],
[1645277400.0, 1.5322222222222224],
[1645363800.0, 1.5122222222222226],
[1645450200.0, 1.5200000000000002],
[1645536600.0, 1.7311111111111113],
[1645623000.0, 1.718888888888889],
[1645709400.0, 1.8333333333333337],
[1645795800.0, 1.8655555555555554],
[1645882200.0, 1.8133333333333337],
[1645968600.0, 1.587777777777778],
[1646055000.0, 1.7266666666666666],
[1646141400.0, 1.7477777777777777],
[1646227800.0, 1.927777777777778],
[1646314200.0, 1.8922222222222222],
[1646400600.0, 1.916666666666667],
[1646487000.0, 1.9577777777777774],
[1646573400.0, 1.8077777777777777],
[1646659800.0, 1.8088888888888894],
[1646746200.0, 1.8044444444444439],
[1646832600.0, 1.79],
[1646919000.0, 1.7999999999999998],
[1647005400.0, 1.8411111111111107],
[1647091800.0, 1.8433333333333328],
[1647178200.0, 1.8555555555555554],
[1647264600.0, 1.891111111111111],
[1647351000.0, 2.1622222222222223],
[1647437400.0, 2.2744444444444443],
[1647523800.0, 2.2444444444444445],
[1647610200.0, 2.356666666666666],
[1647696600.0, 2.427777777777778],
[1647783000.0, 2.7011111111111115],
[1647869400.0, 2.776666666666667],
[1647955800.0, 2.8855555555555554],
[1648042200.0, 2.4144444444444444],
[1648128600.0, 2.3755555555555548],
[1648215000.0, 2.251111111111111],
[1648301400.0, 2.364444444444444],
[1648387800.0, 2.2677777777777774],
[1648474200.0, 2.2744444444444443],
[1648560600.0, 2.2811111111111106],
[1648647000.0, 2.3533333333333335],
[1648733400.0, 2.28],
[1648819800.0, 2.278888888888889],
[1648906200.0, 2.2911111111111118],
[1648996200.0, 2.285555555555556],
[1649082600.0, 2.2944444444444443],
[1649169000.0, 2.3066666666666666],
[1649255400.0, 2.3444444444444446],
[1649341800.0, 2.315555555555556],
[1649428200.0, 2.4499999999999997],
[1649514600.0, 2.497777777777777],
[1649601000.0, 2.497777777777777],
[1649687400.0, 2.497777777777777],
[1649773800.0, 2.497777777777777],
[1649860200.0, 2.497777777777777],
[1649946600.0, 2.4555555555555557],
[1650033000.0, 2.6288888888888895],
[1650119400.0, 2.6522222222222225],
[1650205800.0, 2.5277777777777777],
[1650292200.0, 2.541111111111111],
[1650378600.0, 2.541111111111111],
[1650465000.0, 2.5788888888888892],
[1650551400.0, 2.5788888888888892],
[1650637800.0, 2.5788888888888892],
[1650724200.0, 2.9199999999999995],
[1650810600.0, 2.8911111111111105],
[1650897000.0, 2.752222222222222],
[1650983400.0, 2.6555555555555554],
[1651069800.0, 2.688888888888889],
[1651156200.0, 2.56],
[1651242600.0, 2.4622222222222216],
[1651329000.0, 2.471111111111112],
[1651415400.0, 2.4822222222222226],
[1651501800.0, 2.491111111111111],
[1651588200.0, 2.457777777777778],
[1651674600.0, 2.626666666666667],
[1651761000.0, 2.766666666666667],
[1651847400.0, 2.5766666666666667],
[1651933800.0, 2.625555555555555],
[1652020200.0, 2.545555555555555],
[1652106600.0, 2.5444444444444447],
[1652193000.0, 2.391111111111111],
[1652279400.0, 2.2133333333333334],
[1652365800.0, 2.172222222222222],
[1652452200.0, 2.1388888888888893],
[1652538600.0, 2.1144444444444446],
[1652625000.0, 1.9833333333333334],
[1652711400.0, 1.9666666666666666],
[1652797800.0, 1.7922222222222222],
[1652884200.0, 1.887777777777777],
[1652970600.0, 1.7999999999999998],
[1653057000.0, 1.7244444444444447],
[1653143400.0, 1.897777777777778],
[1653229800.0, 1.8088888888888885],
[1653316200.0, 1.7877777777777777],
[1653402600.0, 1.7700000000000002],
[1653489000.0, 1.8244444444444445],
[1653575400.0, 1.7766666666666668],
[1653661800.0, 1.8522222222222224],
[1653748200.0, 1.7877777777777777],
[1653834600.0, 1.7544444444444445],
[1653921000.0, 1.728888888888889],
[1654007400.0, 1.7277777777777776],
[1654093800.0, 1.7444444444444445],
[1654180200.0, 1.7600000000000002],
[1654266600.0, 1.778888888888889],
[1654353000.0, 1.7911111111111113],
[1654439400.0, 1.778888888888889],
[1654525800.0, 1.7633333333333334],
[1654612200.0, 1.7344444444444447],
[1654698600.0, 1.771111111111111],
[1654785000.0, 1.7544444444444445],
[1654871400.0, 1.7555555555555555],
[1654957800.0, 1.71],
[1655044200.0, 1.6833333333333336],
[1655130600.0, 1.6511111111111112],
[1655217000.0, 1.6633333333333333],
[1655303400.0, 1.7133333333333334],
[1655389800.0, 1.758888888888889],
[1655476200.0, 1.7322222222222223],
[1655562600.0, 1.7422222222222221],
[1655649000.0, 1.7499999999999996],
[1655735400.0, 1.6966666666666665],
[1655821800.0, 1.7588888888888892],
[1655908200.0, 1.732222222222222],
[1655994600.0, 1.7133333333333338],
[1656081000.0, 1.702222222222222],
[1656167400.0, 1.7033333333333336],
[1656253800.0, 1.6811111111111112],
[1656340200.0, 1.7022222222222223],
[1656426600.0, 1.7011111111111112],
[1656513000.0, 1.6811111111111112],
[1656599400.0, 1.6577777777777778],
[1656685800.0, 1.6366666666666672],
[1656772200.0, 1.6688888888888889],
[1656858600.0, 1.6588888888888889],
[1656945000.0, 1.6555555555555557],
[1657031400.0, 1.63],
[1657117800.0, 1.6400000000000001],
[1657204200.0, 1.6233333333333335],
[1657290600.0, 1.6077777777777778],
[1657377000.0, 1.6022222222222222],
[1657463400.0, 1.7077777777777778],
[1657549800.0, 1.6655555555555557],
[1657636200.0, 1.6944444444444444],
[1657722600.0, 1.6711111111111112],
[1657809000.0, 1.6144444444444443],
[1657895400.0, 1.5922222222222224],
[1657981800.0, 1.554444444444445],
[1658068200.0, 1.5422222222222226],
[1658154600.0, 1.5311111111111113],
[1658241000.0, 1.5944444444444446],
[1658327400.0, 1.5533333333333337],
[1658413800.0, 1.5933333333333335],
[1658500200.0, 1.5466666666666669],
[1658586600.0, 1.6044444444444446],
[1658673000.0, 1.5755555555555558],
[1658759400.0, 1.5755555555555558],
[1658845800.0, 1.6233333333333335],
[1658932200.0, 1.6333333333333337],
[1659018600.0, 1.648888888888889],
[1659105000.0, 1.6277777777777778],
[1659191400.0, 1.6544444444444446],
[1659277800.0, 1.6177777777777778],
[1659364200.0, 1.6155555555555554],
[1659450600.0, 1.6144444444444446],
[1659537000.0, 1.6166666666666665],
[1659623400.0, 1.6288888888888886],
[1659709800.0, 1.633333333333333],
[1659796200.0, 1.6566666666666667],
[1659882600.0, 1.6355555555555557],
[1659969000.0, 1.6300000000000001],
[1660055400.0, 1.6211111111111112],
[1660141800.0, 1.6477777777777778],
[1660228200.0, 1.6233333333333333],
[1660314600.0, 1.6111111111111112],
[1660401000.0, 1.6111111111111112],
[1660487400.0, 1.6111111111111112],
[1660573800.0, 1.6111111111111112],
[1660660200.0, 1.5722222222222222],
[1660746600.0, 1.6155555555555556],
[1660833000.0, 1.6211111111111114],
[1660919400.0, 1.6022222222222227],
[1661005800.0, 1.5733333333333333],
[1661092200.0, 1.62],
[1661178600.0, 1.6255555555555559],
[1661265000.0, 1.6044444444444446],
[1661351400.0, 1.5922222222222226],
[1661437800.0, 1.587777777777778],
[1661524200.0, 1.5955555555555558],
[1661610600.0, 1.5833333333333335],
[1661697000.0, 1.592222222222222],
[1661783400.0, 1.6055555555555556],
[1661869800.0, 1.5944444444444443],
[1661956200.0, 1.647777777777778],
[1662042600.0, 1.6433333333333335],
[1662129000.0, 1.6311111111111112],
[1662215400.0, 1.6211111111111114],
[1662301800.0, 1.6155555555555559],
[1662388200.0, 1.6155555555555554],
[1662474600.0, 1.5955555555555556],
[1662561000.0, 1.5677777777777782],
[1662647400.0, 1.5800000000000003],
[1662733800.0, 1.5833333333333337],
[1662820200.0, 1.5622222222222222],
[1662906600.0, 1.5311111111111109],
[1662993000.0, 1.498888888888889],
[1663079400.0, 1.5100000000000002],
[1663165800.0, 1.5233333333333334],
[1663252200.0, 1.5000000000000002],
[1663338600.0, 1.4922222222222223],
[1663425000.0, 1.5],
[1663511400.0, 1.5488888888888888],
[1663597800.0, 1.5544444444444445],
[1663684200.0, 1.5555555555555556],
[1663770600.0, 1.5166666666666666],
[1663857000.0, 1.5344444444444445],
[1663943400.0, 1.5766666666666664],
[1664029800.0, 1.571111111111111],
[1664116200.0, 1.5344444444444445],
[1664202600.0, 1.4955555555555557],
[1664289000.0, 1.51],
[1664375400.0, 1.4922222222222226],
[1664461800.0, 1.482222222222222],
[1664548200.0, 1.566666666666667],
[1664634600.0, 1.5533333333333337],
[1664717400.0, 1.5577777777777781],
[1664803800.0, 1.6022222222222224],
[1664890200.0, 1.8199999999999998],
[1664976600.0, 1.8400000000000003],
[1665063000.0, 1.7944444444444447],
[1665149400.0, 1.8155555555555556],
[1665235800.0, 1.7666666666666668],
[1665322200.0, 1.7811111111111113],
[1665408600.0, 1.7533333333333334],
[1665495000.0, 1.801111111111111],
[1665581400.0, 1.7888888888888888],
[1665667800.0, 1.9022222222222223],
[1665754200.0, 1.8655555555555554],
[1665840600.0, 1.865555555555555],
[1665927000.0, 1.941111111111111],
[1666013400.0, 2.0199999999999996],
[1666099800.0, 2.0144444444444445],
[1666186200.0, 1.9455555555555561],
[1666272600.0, 2.088888888888889],
[1666359000.0, 2.3000000000000003],
[1666445400.0, 2.2344444444444442],
[1666531800.0, 2.2744444444444443],
[1666618200.0, 2.211111111111111],
[1666704600.0, 2.27],
[1666791000.0, 2.4966666666666666],
[1666877400.0, 2.5166666666666666],
[1666963800.0, 2.537777777777778],
[1667050200.0, 2.514444444444444],
[1667136600.0, 2.4266666666666667],
[1667223000.0, 2.385555555555556],
[1667309400.0, 2.3555555555555556],
[1667395800.0, 2.3633333333333333],
[1667482200.0, 2.3744444444444444],
[1667568600.0, 2.3111111111111113],
[1667655000.0, 2.2900000000000005],
[1667741400.0, 2.3066666666666666],
[1667827800.0, 2.2433333333333336],
[1667914200.0, 2.24],
[1668000600.0, 2.3433333333333333],
[1668087000.0, 2.4477777777777785],
[1668173400.0, 2.916666666666666],
[1668259800.0, 2.7188888888888894],
[1668346200.0, 2.648888888888889],
[1668432600.0, 2.6066666666666665],
[1668519000.0, 2.692222222222222],
[1668605400.0, 2.676666666666667],
[1668691800.0, 2.592222222222222],
[1668778200.0, 2.563333333333333],
[1668864600.0, 2.5022222222222217],
[1668951000.0, 2.495555555555555],
[1669037400.0, 2.517777777777778],
[1669123800.0, 2.535555555555556],
[1669210200.0, 2.517777777777778],
[1669296600.0, 2.4744444444444444],
[1669383000.0, 2.492222222222222],
[1669469400.0, 2.451111111111111],
[1669555800.0, 2.341111111111111],
[1669642200.0, 2.402222222222222],
[1669728600.0, 2.4],
[1669815000.0, 2.4077777777777776],
[1669901400.0, 2.4288888888888893],
[1669987800.0, 2.4488888888888893],
[1670074200.0, 2.444444444444444],
[1670160600.0, 2.458888888888888],
[1670247000.0, 2.44],
[1670333400.0, 2.4300000000000006],
[1670419800.0, 2.4011111111111116],
[1670506200.0, 2.4055555555555554],
[1670592600.0, 2.386666666666667],
[1670679000.0, 2.402222222222223],
[1670765400.0, 2.364444444444444],
[1670851800.0, 2.4000000000000004],
[1670938200.0, 2.3822222222222225],
[1671024600.0, 2.401111111111111],
[1671111000.0, 2.445555555555556],
[1671197400.0, 2.4322222222222223],
[1671283800.0, 2.4722222222222228],
[1671370200.0, 2.5133333333333328],
[1671456600.0, 2.525555555555555],
[1671543000.0, 2.5022222222222217],
[1671629400.0, 2.478888888888889],
[1671715800.0, 2.458888888888889],
[1671802200.0, 2.441111111111111],
[1671888600.0, 2.4411111111111112],
[1671975000.0, 2.374444444444445],
[1672061400.0, 2.3211111111111116],
[1672147800.0, 2.3744444444444444],
[1672234200.0, 2.517777777777778],
[1672320600.0, 2.528888888888888],
[1672407000.0, 2.501111111111111],
[1672493400.0, 2.427777777777778],
[1672579800.0, 2.393333333333333],
[1672666200.0, 2.493333333333334],
[1672752600.0, 2.4788888888888887],
[1672839000.0, 2.4655555555555555],
[1672925400.0, 2.5666666666666664],
[1673011800.0, 2.58],
[1673098200.0, 2.697777777777778],
[1673184600.0, 2.928888888888889],
[1673271000.0, 2.76],
[1673357400.0, 2.68],
[1673443800.0, 2.657777777777777],
[1673530200.0, 2.695555555555556],
[1673616600.0, 2.646666666666667],
[1673703000.0, 2.677777777777778],
[1673789400.0, 2.7666666666666666],
[1673875800.0, 2.7799999999999994],
[1673962200.0, 2.8855555555555554],
[1674048600.0, 2.873333333333334],
[1674135000.0, 2.9744444444444444],
[1674221400.0, 3.082222222222222],
[1674307800.0, 3.253333333333333],
[1674394200.0, 3.6855555555555557],
[1674480600.0, 3.508888888888889],
[1674567000.0, 3.4855555555555555],
[1674653400.0, 3.483333333333333],
[1674739800.0, 3.361380524731734],
[1674826200.0, 3.2801979220852564],
[1674912600.0, 3.265522286799299],
[1674999000.0, 3.268258597862522],
[1675085400.0, 3.2715999460381977],
[1675171800.0, 3.3088888888888888],
[1675258200.0, 3.295555555555555],
[1675344600.0, 3.2300000000000004],
[1675431000.0, 3.2344444444444447],
[1675517400.0, 3.3866666666666667],
[1675603800.0, 3.336666666666666],
[1675690200.0, 3.3000000000000003],
[1675776600.0, 3.0633333333333335],
[1675863000.0, 3.0888888888888886],
[1675949400.0, 3.0888888888888886],
