[1635773400.0, 1.314253647586981],
[1635859800.0, 1.1588211171544505],
[1635946200.0, 0.998455118173428],
[1636032600.0, 1.063767387296799],
[1636119000.0, 0.8539228577690117],
[1636205400.0, 0.6343209876543209],
[1636291800.0, 0.5563894100479466],
[1636378200.0, 0.5179909253983328],
[1636464600.0, 0.5105342759663748],
[1636551000.0, 0.4323972323972325],
[1636637400.0, 0.4932122507122507],
[1636723800.0, 0.5730244414454941],
[1636810200.0, 0.5580408559131963],
[1636896600.0, 0.5614622003510893],
[1636983000.0, 0.5264578269165425],
[1637069400.0, 0.5941380422512498],
[1637155800.0, 0.6138719305385972],
[1637242200.0, 0.6604627632665017],
[1637328600.0, 0.7330758775712902],
[1637415000.0, 0.7544054025535508],
[1637501400.0, 0.7209823783897861],
[1637587800.0, 0.8430007362591633],
[1637674200.0, 0.7536446020488574],
[1637760600.0, 0.6091033009136456],
[1637847000.0, 0.682363315696649],
[1637933400.0, 0.8009768009768009],
[1638019800.0, 0.7409781576448243],
[1638106200.0, 0.68310147299509],
[1638192600.0, 0.7274252740354435],
[1638279000.0, 0.6810478464890231],
[1638365400.0, 0.5721854092640609],
[1638451800.0, 0.8642017704517704],
[1638538200.0, 0.9473482358097745],
[1638624600.0, 1.1116707366707366],
[1638711000.0, 0.9119425547996978],
[1638797400.0, 1.2146140896140896],
[1638883800.0, 1.0868589743589743],
[1638970200.0, 1.0610042735042735],
[1639056600.0, 1.0736844452702032],
[1639143000.0, 1.12243825858467],
[1639229400.0, 1.083200244957606],
[1639315800.0, 1.1903186344842644],
[1639402200.0, 1.0287987610503897],
[1639488600.0, 0.9537037037037038],
[1639575000.0, 0.9765982066256619],
[1639661400.0, 0.9648919753086419],
[1639747800.0, 0.9990216600186613],
[1639834200.0, 0.8775871047703797],
[1639920600.0, 0.9459702097827482],
[1640007000.0, 0.9220484249436732],
[1640093400.0, 0.9989308662726049],
[1640179800.0, 0.9921854585782004],
[1640266200.0, 0.9645744677603421],
[1640352600.0, 0.8784917339763177],
[1640439000.0, 0.8380990697810115],
[1640525400.0, 0.8690928074384836],
[1640611800.0, 0.8566941725075062],
[1640698200.0, 0.864197358384034],
[1640784600.0, 0.909627275556926],
[1640871000.0, 0.9210731808470374],
[1640957400.0, 0.9204182048660553],
[1641043800.0, 0.9417426781011553],
[1641130200.0, 0.8867661278237724],
[1641216600.0, 0.9373439019109905],
[1641303000.0, 0.9473303093282669],
[1641389400.0, 0.967222421362423],
[1641475800.0, 0.9520023759006745],
[1641562200.0, 0.8860498569781567],
[1641648600.0, 0.8691253753155438],
[1641735000.0, 0.8642878362293405],
[1641821400.0, 0.8547563226093281],
[1641907800.0, 0.865677114818567],
[1641994200.0, 0.8700252296006102],
[1642080600.0, 0.9332325612289943],
[1642167000.0, 0.8851172010058661],
[1642253400.0, 0.8878035349588534],
[1642339800.0, 0.8901177337994687],
[1642426200.0, 0.830751327273176],
[1642512600.0, 0.8681545070881568],
[1642599000.0, 0.8353289907688254],
[1642685400.0, 0.8805917083856798],
[1642771800.0, 0.8314758865265044],
[1642858200.0, 0.8150659068811945],
[1642944600.0, 0.7846353748309528],
[1643031000.0, 0.6724551849530286],
[1643117400.0, 0.7735696336310234],
[1643203800.0, 0.7903405984470382],
[1643290200.0, 0.8347877798197273],
[1643376600.0, 0.8114478114478114],
[1643463000.0, 0.8389342139342141],
[1643549400.0, 0.8613410208723987],
[1643635800.0, 0.8613410208723987],
[1643722200.0, 0.8613410208723987],
[1643808600.0, 0.9538436715923662],
[1643895000.0, 0.9322683489350156],
[1643981400.0, 0.9176163342830009],
[1644067800.0, 0.8630193302585122],
[1644154200.0, 0.8409175263828595],
[1644240600.0, 0.8632139465472797],
[1644327000.0, 0.8474056847842633],
[1644413400.0, 0.8353190838659419],
[1644499800.0, 0.8172844219528448],
[1644586200.0, 0.8014763014763016],
[1644672600.0, 0.7155471981375267],
[1644759000.0, 0.729245512428094],
[1644845400.0, 0.701231556981835],
[1644931800.0, 0.7944775668316525],
[1645018200.0, 0.7911070367990992],
[1645104600.0, 0.7600097563176069],
[1645191000.0, 0.7916921041921042],
[1645277400.0, 0.7118837952171286],
[1645363800.0, 0.7365104031770698],
[1645450200.0, 0.7231934363686715],
[1645536600.0, 0.6345830095830097],
[1645623000.0, 0.6320148413171669],
[1645709400.0, 0.6368154479265591],
[1645795800.0, 0.6447262479871174],
[1645882200.0, 0.7934107677697422],
[1645968600.0, 0.708531180753403],
[1646055000.0, 0.6814230403973994],
[1646141400.0, 0.7202315727956754],
[1646227800.0, 0.7047141058768964],
[1646314200.0, 0.6946225071225072],
[1646400600.0, 0.6892212725546059],
[1646487000.0, 0.7245080500894454],
[1646573400.0, 0.7002442002442003],
[1646659800.0, 0.6606705095077188],
[1646746200.0, 0.7016711833785003],
[1646832600.0, 0.6637348439674021],
[1646919000.0, 0.6941222357889025],
[1647005400.0, 0.689221272554606],
[1647091800.0, 0.6786755449546146],
[1647178200.0, 0.7229171009658812],
[1647264600.0, 0.7313655336911151],
[1647351000.0, 0.7433226495726495],
[1647437400.0, 0.781724833808167],
[1647523800.0, 0.7856997499854642],
[1647610200.0, 0.8411244839816266],
[1647696600.0, 0.7775187775187774],
[1647783000.0, 0.7072224348343752],
[1647869400.0, 0.74498371998372],
[1647955800.0, 0.750844525844526],
[1648042200.0, 0.6655079304333036],
[1648128600.0, 0.7295412122998328],
[1648215000.0, 0.6510750534188035],
[1648301400.0, 0.6301152551152551],
[1648387800.0, 0.6488717044272599],
[1648474200.0, 0.6584068559875013],
[1648560600.0, 0.6475622644977485],
[1648647000.0, 0.6391828336272781],
[1648733400.0, 0.6510905609266265],
[1648819800.0, 0.6446919807575545],
[1648906200.0, 0.6305792972459638],
[1648996200.0, 0.6297992131325465],
[1649082600.0, 0.6270858770858772],
[1649169000.0, 0.6554967666078777],
[1649255400.0, 0.6577691855469633],
[1649341800.0, 0.6571360738027405],
[1649428200.0, 0.6778026500248722],
[1649514600.0, 0.717659366096866],
[1649601000.0, 0.717659366096866],
[1649687400.0, 0.717659366096866],
[1649773800.0, 0.717659366096866],
[1649860200.0, 0.717648237179487],
[1649946600.0, 0.7179918846585513],
[1650033000.0, 0.7507122507122508],
[1650119400.0, 0.7703993055555557],
[1650205800.0, 0.7348783694937541],
[1650292200.0, 0.729078964153591],
[1650378600.0, 0.7222641193229428],
[1650465000.0, 0.781744466359851],
[1650551400.0, 0.781744466359851],
[1650637800.0, 0.781744466359851],
[1650724200.0, 0.8184398520219415],
[1650810600.0, 0.7735147477794536],
[1650897000.0, 0.7389286911345735],
[1650983400.0, 0.7247512283744167],
[1651069800.0, 0.7210805262275851],
[1651156200.0, 0.7134377967711301],
[1651242600.0, 0.6979950673980524],
[1651329000.0, 0.6461172711172711],
[1651415400.0, 0.719724029425522],
[1651501800.0, 0.7093698175787728],
[1651588200.0, 0.711067457035199],
[1651674600.0, 0.7828249336870026],
[1651761000.0, 0.7882953466286801],
[1651847400.0, 0.7642683667273833],
[1651933800.0, 0.7664662707035589],
[1652020200.0, 0.7682606346399449],
[1652106600.0, 0.7775705775705776],
[1652193000.0, 0.7126262626262625],
[1652279400.0, 0.7092236467236469],
[1652365800.0, 0.7325571254142682],
[1652452200.0, 0.7431827431827432],
[1652538600.0, 0.7178033606605035],
[1652625000.0, 0.7625291375291373],
[1652711400.0, 0.7669074752408086],
[1652797800.0, 0.7645924536168437],
[1652884200.0, 0.791969373219373],
[1652970600.0, 0.7568910256410256],
[1653057000.0, 0.6612762237762239],
[1653143400.0, 0.7105040021706689],
[1653229800.0, 0.6487632737632737],
[1653316200.0, 0.5920584045584045],
[1653402600.0, 0.5908046979475551],
[1653489000.0, 0.6089288961629388],
[1653575400.0, 0.6075808249721293],
[1653661800.0, 0.6432398117180724],
[1653748200.0, 0.6487632737632738],
[1653834600.0, 0.6329692940804053],
[1653921000.0, 0.6214466603355493],
[1654007400.0, 0.6319879708768598],
[1654093800.0, 0.6409932659932661],
[1654180200.0, 0.6337818997393467],
[1654266600.0, 0.5876906318082789],
[1654353000.0, 0.6006508016311939],
[1654439400.0, 0.5988771577006872],
[1654525800.0, 0.596014189151444],
[1654612200.0, 0.6002971782964347],
[1654698600.0, 0.6318535961393104],
[1654785000.0, 0.6272748415605558],
[1654871400.0, 0.6259520902378046],
[1654957800.0, 0.5194987833817919],
[1655044200.0, 0.5944301994301994],
[1655130600.0, 0.596670739591183],
[1655217000.0, 0.5910189166743857],
[1655303400.0, 0.6242385000659392],
[1655389800.0, 0.6306328445163917],
[1655476200.0, 0.6346010962232537],
[1655562600.0, 0.5892033409562286],
[1655649000.0, 0.6061220632246465],
[1655735400.0, 0.601198955365622],
[1655821800.0, 0.5770410118209217],
[1655908200.0, 0.6052918712493182],
[1655994600.0, 0.5892493749636606],
[1656081000.0, 0.5976939748409555],
[1656167400.0, 0.6076862459841182],
[1656253800.0, 0.5968889334276384],
[1656340200.0, 0.611228942150985],
[1656426600.0, 0.5934119460699983],
[1656513000.0, 0.6119039318985734],
[1656599400.0, 0.579653371320038],
[1656685800.0, 0.5973131252139959],
[1656772200.0, 0.5670846727104294],
[1656858600.0, 0.5957210946354007],
[1656945000.0, 0.5917527785975307],
[1657031400.0, 0.6265397913505212],
[1657117800.0, 0.6159163864815077],
[1657204200.0, 0.6108895220006332],
[1657290600.0, 0.6250731380028687],
[1657377000.0, 0.6318556631898148],
[1657463400.0, 0.6417413606060931],
[1657549800.0, 0.6230798886202646],
[1657636200.0, 0.6384695749139908],
[1657722600.0, 0.6176812316801242],
[1657809000.0, 0.6219081844081845],
[1657895400.0, 0.6245586166018717],
[1657981800.0, 0.6240600692133197],
[1658068200.0, 0.588855544785311],
[1658154600.0, 0.6098765432098766],
[1658241000.0, 0.6117313695069742],
[1658327400.0, 0.6175394463768356],
[1658413800.0, 0.6349370624206375],
[1658500200.0, 0.628949753949754],
[1658586600.0, 0.633088810809153],
[1658673000.0, 0.6101456157011713],
[1658759400.0, 0.623799439090858],
[1658845800.0, 0.6542602530974624],
[1658932200.0, 0.6279360557138336],
[1659018600.0, 0.6570501200613376],
[1659105000.0, 0.6766551349884683],
[1659191400.0, 0.6866524786429898],
[1659277800.0, 0.6725003391670059],
[1659364200.0, 0.6428632727405569],
[1659450600.0, 0.6658550321341018],
[1659537000.0, 0.6331592276036722],
[1659623400.0, 0.6377492877492876],
[1659709800.0, 0.6386831275720165],
[1659796200.0, 0.6478282721290308],
[1659882600.0, 0.6602128590641518],
[1659969000.0, 0.6423738928264452],
[1660055400.0, 0.6362139917695473],
[1660141800.0, 0.6484253119731158],
[1660228200.0, 0.6341563786008231],
[1660314600.0, 0.6213200379867047],
[1660401000.0, 0.6213200379867047],
[1660487400.0, 0.6213200379867047],
[1660573800.0, 0.6213200379867047],
[1660660200.0, 0.6294358725477734],
[1660746600.0, 0.6342331679203479],
[1660833000.0, 0.6235359155585424],
[1660919400.0, 0.6357817374155919],
[1661005800.0, 0.6267971907506791],
[1661092200.0, 0.6286908524839777],
[1661178600.0, 0.6246039523137565],
[1661265000.0, 0.6263110814368623],
[1661351400.0, 0.6219981914808826],
[1661437800.0, 0.6307997557997559],
[1661524200.0, 0.6427723511056845],
[1661610600.0, 0.6285032796660703],
[1661697000.0, 0.6405636106776165],
[1661783400.0, 0.6357515940849274],
[1661869800.0, 0.6335597211156293],
[1661956200.0, 0.6517314093085367],
[1662042600.0, 0.6545151438106428],
[1662129000.0, 0.6484087276770204],
[1662215400.0, 0.6482194473183192],
[1662301800.0, 0.6667378917378917],
[1662388200.0, 0.6596025107274626],
[1662474600.0, 0.6716938786259755],
[1662561000.0, 0.6461879220712353],
[1662647400.0, 0.6584919604198266],
[1662733800.0, 0.6776107944180431],
[1662820200.0, 0.6582510630125217],
[1662906600.0, 0.6532229344729346],
[1662993000.0, 0.6654613193074733],
[1663079400.0, 0.6661146723646724],
[1663165800.0, 0.6628656616524633],
[1663252200.0, 0.6607412752217511],
[1663338600.0, 0.6485376331305036],
[1663425000.0, 0.638291596760289],
[1663511400.0, 0.6442915711208395],
[1663597800.0, 0.6308282954624418],
[1663684200.0, 0.6714613299979154],
[1663770600.0, 0.6572684316586755],
[1663857000.0, 0.6761350594250914],
[1663943400.0, 0.6696021046605258],
[1664029800.0, 0.6026682263529252],
[1664116200.0, 0.5776986388097498],
[1664202600.0, 0.5761475150364039],
[1664289000.0, 0.6035106051042063],
[1664375400.0, 0.5770496992719214],
[1664461800.0, 0.565889417837332],
[1664548200.0, 0.6142323917451996],
[1664634600.0, 0.626982485474669],
[1664717400.0, 0.6299648762503838],
[1664803800.0, 0.6069436867309208],
[1664890200.0, 0.5859135623286568],
[1664976600.0, 0.6120063673411684],
[1665063000.0, 0.6004131054131056],
[1665149400.0, 0.6195272980987268],
[1665235800.0, 0.6059962357750065],
[1665322200.0, 0.6156171870457585],
[1665408600.0, 0.623771730914588],
[1665495000.0, 0.651085815095895],
[1665581400.0, 0.6533157543795842],
[1665667800.0, 0.6781464445771186],
[1665754200.0, 0.6548588768130428],
[1665840600.0, 0.6200523382631966],
[1665927000.0, 0.5588143110372896],
[1666013400.0, 0.5915637860082306],
[1666099800.0, 0.5893550893550894],
[1666186200.0, 0.5594512846193013],
[1666272600.0, 0.563494679500486],
[1666359000.0, 0.5327157238620301],
[1666445400.0, 0.5553061078360342],
[1666531800.0, 0.5710867055896771],
[1666618200.0, 0.5699212717405394],
[1666704600.0, 0.49981162819986347],
[1666791000.0, 0.4836863139685911],
[1666877400.0, 0.45526162977173895],
[1666963800.0, 0.47444772219204523],
[1667050200.0, 0.4590859260555313],
[1667136600.0, 0.4730856453563426],
[1667223000.0, 0.4867451458146899],
[1667309400.0, 0.503911590612647],
[1667395800.0, 0.5118740974905358],
[1667482200.0, 0.5216382588748293],
[1667568600.0, 0.5198552082113728],
[1667655000.0, 0.5076326326326327],
[1667741400.0, 0.5169866916442258],
[1667827800.0, 0.4754493334740249],
[1667914200.0, 0.46596831352928925],
[1668000600.0, 0.47888748197390174],
[1668087000.0, 0.5031339031339032],
[1668173400.0, 0.46210535496249777],
[1668259800.0, 0.4945295118609441],
[1668346200.0, 0.503787497905145],
[1668432600.0, 0.5083668005354752],
[1668519000.0, 0.5284188034188034],
[1668605400.0, 0.5038101122438472],
[1668691800.0, 0.5253472222222222],
[1668778200.0, 0.49485119967047686],
[1668864600.0, 0.5042387603363213],
[1668951000.0, 0.5146456552706552],
[1669037400.0, 0.5317176962746584],
[1669123800.0, 0.53987678987679],
[1669210200.0, 0.5400828460038987],
[1669296600.0, 0.5271302771302772],
[1669383000.0, 0.5293147398410556],
[1669469400.0, 0.5279839556155346],
[1669555800.0, 0.5236087369420703],
[1669642200.0, 0.5186665186665187],
[1669728600.0, 0.5079148860398861],
[1669815000.0, 0.4951687090241308],
[1669901400.0, 0.48670186023127204],
[1669987800.0, 0.509467722882357],
[1670074200.0, 0.5143241532130421],
[1670160600.0, 0.5195561183215504],
[1670247000.0, 0.5095853499467958],
[1670333400.0, 0.5189354457647141],
[1670419800.0, 0.5189528177333056],
[1670506200.0, 0.5138588542203001],
[1670592600.0, 0.4934455976122643],
[1670679000.0, 0.4923178673178675],
[1670765400.0, 0.49021503188169857],
[1670851800.0, 0.5099280800500313],
[1670938200.0, 0.5204641790007644],
[1671024600.0, 0.5190547072569545],
[1671111000.0, 0.5006885090218425],
[1671197400.0, 0.4866587017124651],
[1671283800.0, 0.45335117557339777],
[1671370200.0, 0.3951866846603689],
[1671456600.0, 0.362965137774298],
[1671543000.0, 0.392839186956834],
[1671629400.0, 0.33660654432713255],
[1671715800.0, 0.36479672590783707],
[1671802200.0, 0.39286766872973766],
[1671888600.0, 0.3963859416445623],
[1671975000.0, 0.3825624266800738],
[1672061400.0, 0.3618007506896397],
[1672147800.0, 0.33356227106227104],
[1672234200.0, 0.3541023662551441],
[1672320600.0, 0.34539347039347035],
[1672407000.0, 0.32840849452691556],
[1672493400.0, 0.35659849409849403],
[1672579800.0, 0.38021586675432834],
[1672666200.0, 0.4048972980424594],
[1672752600.0, 0.3876701487812598],
[1672839000.0, 0.36736198274659815],
[1672925400.0, 0.3769887519887521],
[1673011800.0, 0.3547898860398861],
[1673098200.0, 0.3374636337599301],
[1673184600.0, 0.3645425068077002],
[1673271000.0, 0.3922035941266711],
[1673357400.0, 0.3925460223537148],
[1673443800.0, 0.3816882639463285],
[1673530200.0, 0.38626360581488783],
[1673616600.0, 0.36186084870295393],
[1673703000.0, 0.38887975746950104],
[1673789400.0, 0.3722411011567639],
[1673875800.0, 0.3787223578890246],
[1673962200.0, 0.3982151835093012],
[1674048600.0, 0.4005046805046805],
[1674135000.0, 0.39771922368607443],
[1674221400.0, 0.4252374169040836],
[1674307800.0, 0.44225764225764225],
[1674394200.0, 0.4172805589472256],
[1674480600.0, 0.3871529848274034],
[1674567000.0, 0.3754242833190203],
[1674653400.0, 0.3805468695712598],
[1674739800.0, 0.3803948215005966],
[1674826200.0, 0.37904557221542373],
[1674912600.0, 0.389678221962482],
[1674999000.0, 0.38194354860769064],
[1675085400.0, 0.39670502446007044],
[1675171800.0, 0.4012878655735798],
[1675258200.0, 0.40798748788439504],
[1675344600.0, 0.3924324247707333],
[1675431000.0, 0.39507971452415896],
[1675517400.0, 0.39815899460569515],
[1675603800.0, 0.40560648332669064],
[1675690200.0, 0.41544621544621546],
[1675776600.0, 0.4069167458056347],
[1675863000.0, 0.41302538493549734],
[1675949400.0, 0.41302538493549734],
