[1635773400.0, 0.594644],
[1635859800.0, 0.607427],
[1635946200.0, 0.612875],
[1636032600.0, 0.589873],
[1636119000.0, 0.6194310000000001],
[1636205400.0, 0.639065],
[1636291800.0, 0.595249],
[1636378200.0, 0.627141],
[1636464600.0, 0.595875],
[1636551000.0, 0.6370620000000001],
[1636637400.0, 0.6133620000000001],
[1636723800.0, 0.60921],
[1636810200.0, 0.5928000000000001],
[1636896600.0, 0.559242],
[1636983000.0, 0.5986560000000001],
[1637069400.0, 0.588654],
[1637155800.0, 0.612504],
[1637242200.0, 0.590652],
[1637328600.0, 0.625287],
[1637415000.0, 0.626139],
[1637501400.0, 0.61836],
[1637587800.0, 0.62421],
[1637674200.0, 0.626141],
[1637760600.0, 0.588719],
[1637847000.0, 0.631989],
[1637933400.0, 0.6433949999999999],
[1638019800.0, 0.637839],
[1638106200.0, 0.632058],
[1638192600.0, 0.6072810000000001],
[1638279000.0, 0.564309],
[1638365400.0, 0.55509],
[1638451800.0, 0.617358],
[1638538200.0, 0.62436],
[1638624600.0, 0.6055830000000001],
[1638711000.0, 0.6163620000000001],
[1638797400.0, 0.608652],
[1638883800.0, 0.624583],
[1638970200.0, 0.687555],
[1639056600.0, 0.686322],
[1639143000.0, 0.6733220000000001],
[1639229400.0, 0.633914],
[1639315800.0, 0.635141],
[1639402200.0, 0.670397],
[1639488600.0, 0.651139],
[1639575000.0, 0.6805450000000001],
[1639661400.0, 0.6616120000000001],
[1639747800.0, 0.6489910000000002],
[1639834200.0, 0.625508],
[1639920600.0, 0.64266],
[1640007000.0, 0.689432],
[1640093400.0, 0.677582],
[1640179800.0, 0.6735800000000001],
[1640266200.0, 0.673505],
[1640352600.0, 0.681434],
[1640439000.0, 0.646874],
[1640525400.0, 0.6508759999999999],
[1640611800.0, 0.6705050000000001],
[1640698200.0, 0.643103],
[1640784600.0, 0.6440239999999999],
[1640871000.0, 0.6839050000000001],
[1640957400.0, 0.6703570000000002],
[1641043800.0, 0.6832840000000001],
[1641130200.0, 0.638803],
[1641216600.0, 0.6881390000000001],
[1641303000.0, 0.67151],
[1641389400.0, 0.649727],
[1641475800.0, 0.6931360000000001],
[1641562200.0, 0.6712840000000001],
[1641648600.0, 0.672286],
[1641735000.0, 0.6734340000000001],
[1641821400.0, 0.643653],
[1641907800.0, 0.656505],
[1641994200.0, 0.64173],
[1642080600.0, 0.662355],
[1642167000.0, 0.661871],
[1642253400.0, 0.6860950000000001],
[1642339800.0, 0.6970930000000001],
[1642426200.0, 0.7118740000000001],
[1642512600.0, 0.652912],
[1642599000.0, 0.682243],
[1642685400.0, 0.6940970000000001],
[1642771800.0, 0.7191679999999999],
[1642858200.0, 0.7192750000000001],
[1642944600.0, 0.6998020000000001],
[1643031000.0, 0.740093],
[1643117400.0, 0.681355],
[1643203800.0, 0.682755],
[1643290200.0, 0.660195],
[1643376600.0, 0.7598809999999999],
[1643463000.0, 0.7725080000000001],
[1643549400.0, 0.792362],
[1643635800.0, 0.792362],
[1643722200.0, 0.792362],
[1643808600.0, 0.85762],
[1643895000.0, 0.8221450000000001],
[1643981400.0, 0.8416180000000001],
[1644067800.0, 0.777652],
[1644154200.0, 0.852691],
[1644240600.0, 0.8300620000000002],
[1644327000.0, 0.8526160000000002],
[1644413400.0, 0.8161390000000001],
[1644499800.0, 0.786512],
[1644586200.0, 0.7676599999999999],
[1644672600.0, 0.7646540000000001],
[1644759000.0, 0.7332439999999999],
[1644845400.0, 0.728021],
[1644931800.0, 0.74195],
[1645018200.0, 0.738023],
[1645104600.0, 0.734948],
[1645191000.0, 0.791285],
[1645277400.0, 0.7308730000000001],
[1645363800.0, 0.787837],
[1645450200.0, 0.7643560000000001],
[1645536600.0, 0.773279],
[1645623000.0, 0.836107],
[1645709400.0, 0.810472],
[1645795800.0, 0.8115490000000002],
[1645882200.0, 0.8842840000000002],
[1645968600.0, 0.9488590000000002],
[1646055000.0, 0.98602],
[1646141400.0, 1.327924],
[1646227800.0, 1.0021050000000002],
[1646314200.0, 0.9804740000000001],
[1646400600.0, 0.9883540000000001],
[1646487000.0, 0.9553590000000001],
[1646573400.0, 0.8858010000000001],
[1646659800.0, 0.8504580000000002],
[1646746200.0, 0.8036500000000001],
[1646832600.0, 0.821096],
[1646919000.0, 0.7963150000000001],
[1647005400.0, 0.7552009999999999],
[1647091800.0, 0.764761],
[1647178200.0, 0.7599760000000001],
[1647264600.0, 0.7980109999999999],
[1647351000.0, 0.796859],
[1647437400.0, 0.8149440000000001],
[1647523800.0, 0.751978],
[1647610200.0, 0.8270170000000001],
[1647696600.0, 0.7982380000000001],
[1647783000.0, 0.810608],
[1647869400.0, 0.8018569999999999],
[1647955800.0, 0.756603],
[1648042200.0, 0.7822009999999999],
[1648128600.0, 0.768676],
[1648215000.0, 0.7725709999999999],
[1648301400.0, 0.7562730000000001],
[1648387800.0, 0.7487539999999999],
[1648474200.0, 0.783316],
[1648560600.0, 0.7877609999999999],
[1648647000.0, 0.7865320000000001],
[1648733400.0, 0.77368],
[1648819800.0, 0.7880230000000001],
[1648906200.0, 0.78965],
[1648996200.0, 0.813133],
[1649082600.0, 0.779346],
[1649169000.0, 0.815764],
[1649255400.0, 0.79191],
[1649341800.0, 0.79491],
[1649428200.0, 0.738533],
[1649514600.0, 0.788783],
[1649601000.0, 0.788783],
[1649687400.0, 0.788783],
[1649773800.0, 0.788783],
[1649860200.0, 0.788783],
[1649946600.0, 0.8582810000000001],
[1650033000.0, 0.882541],
[1650119400.0, 0.8429850000000001],
[1650205800.0, 0.817731],
[1650292200.0, 0.821983],
[1650378600.0, 0.823764],
[1650465000.0, 0.805131],
[1650551400.0, 0.805131],
[1650637800.0, 0.805131],
[1650724200.0, 0.778346],
[1650810600.0, 0.791285],
[1650897000.0, 0.8184640000000001],
[1650983400.0, 0.8136850000000001],
[1651069800.0, 0.8213890000000001],
[1651156200.0, 0.8025430000000001],
[1651242600.0, 0.8473450000000001],
[1651329000.0, 0.859128],
[1651415400.0, 0.798087],
[1651501800.0, 0.8210909999999999],
[1651588200.0, 0.817722],
[1651674600.0, 0.869055],
[1651761000.0, 0.8513149999999999],
[1651847400.0, 0.8651770000000001],
[1651933800.0, 0.9200580000000002],
[1652020200.0, 0.835782],
[1652106600.0, 0.844017],
[1652193000.0, 0.845013],
[1652279400.0, 0.809382],
[1652365800.0, 0.82439],
[1652452200.0, 0.750578],
[1652538600.0, 0.7476119999999999],
[1652625000.0, 0.7438300000000001],
[1652711400.0, 0.714829],
[1652797800.0, 0.6964990000000002],
[1652884200.0, 0.7111930000000001],
[1652970600.0, 0.675718],
[1653057000.0, 0.6717190000000001],
[1653143400.0, 0.6725730000000001],
[1653229800.0, 0.683571],
[1653316200.0, 0.718497],
[1653402600.0, 0.73439],
[1653489000.0, 0.700984],
[1653575400.0, 0.708803],
[1653661800.0, 0.7372819999999999],
[1653748200.0, 0.735428],
[1653834600.0, 0.691949],
[1653921000.0, 0.698022],
[1654007400.0, 0.723801],
[1654093800.0, 0.734432],
[1654180200.0, 0.754061],
[1654266600.0, 0.7370239999999999],
[1654353000.0, 0.74642],
[1654439400.0, 0.805532],
[1654525800.0, 0.749201],
[1654612200.0, 0.776828],
[1654698600.0, 0.744499],
[1654785000.0, 0.7561990000000001],
[1654871400.0, 0.735195],
[1654957800.0, 0.762063],
[1655044200.0, 0.775842],
[1655130600.0, 0.733061],
[1655217000.0, 0.750134],
[1655303400.0, 0.748974],
[1655389800.0, 0.787536],
[1655476200.0, 0.782169],
[1655562600.0, 0.792948],
[1655649000.0, 0.7663169999999999],
[1655735400.0, 0.74784],
[1655821800.0, 0.723282],
[1655908200.0, 0.721688],
[1655994600.0, 0.74009],
[1656081000.0, 0.718134],
[1656167400.0, 0.68072],
[1656253800.0, 0.753536],
[1656340200.0, 0.736757],
[1656426600.0, 0.744686],
[1656513000.0, 0.762836],
[1656599400.0, 0.7564279999999999],
[1656685800.0, 0.7505029999999999],
[1656772200.0, 0.7604299999999999],
[1656858600.0, 0.786905],
[1656945000.0, 0.793832],
[1657031400.0, 0.782943],
[1657117800.0, 0.770243],
[1657204200.0, 0.7715410000000001],
[1657290600.0, 0.77969],
[1657377000.0, 0.817679],
[1657463400.0, 0.7841920000000001],
[1657549800.0, 0.766196],
[1657636200.0, 0.764786],
[1657722600.0, 0.775348],
[1657809000.0, 0.81042],
[1657895400.0, 0.8239360000000001],
[1657981800.0, 0.79516],
[1658068200.0, 0.795669],
[1658154600.0, 0.8038210000000001],
[1658241000.0, 0.804454],
[1658327400.0, 0.792529],
[1658413800.0, 0.8381190000000001],
[1658500200.0, 0.856188],
[1658586600.0, 0.836079],
[1658673000.0, 0.8051539999999999],
[1658759400.0, 0.834852],
[1658845800.0, 0.832266],
[1658932200.0, 0.801864],
[1659018600.0, 0.8153110000000001],
[1659105000.0, 0.8183110000000001],
[1659191400.0, 0.807855],
[1659277800.0, 0.775376],
[1659364200.0, 0.8020069999999999],
[1659450600.0, 0.813869],
[1659537000.0, 0.785534],
[1659623400.0, 0.816088],
[1659709800.0, 0.8307270000000001],
[1659796200.0, 0.7852810000000001],
[1659882600.0, 0.7899850000000002],
[1659969000.0, 0.767761],
[1660055400.0, 0.805017],
[1660141800.0, 0.805165],
[1660228200.0, 0.809092],
[1660314600.0, 0.816723],
[1660401000.0, 0.816723],
[1660487400.0, 0.816723],
[1660573800.0, 0.816723],
[1660660200.0, 0.79305],
[1660746600.0, 0.8172370000000001],
[1660833000.0, 0.829087],
[1660919400.0, 0.8393489999999999],
[1661005800.0, 0.8596900000000001],
[1661092200.0, 0.847647],
[1661178600.0, 0.8651340000000001],
[1661265000.0, 0.857128],
[1661351400.0, 0.835272],
[1661437800.0, 0.844319],
[1661524200.0, 0.867606],
[1661610600.0, 0.826472],
[1661697000.0, 0.814019],
[1661783400.0, 0.8319430000000001],
[1661869800.0, 0.8402740000000001],
[1661956200.0, 0.8209480000000001],
[1662042600.0, 0.8111370000000001],
[1662129000.0, 0.7453879999999999],
[1662215400.0, 0.777092],
[1662301800.0, 0.774315],
[1662388200.0, 0.7565340000000002],
[1662474600.0, 0.746609],
[1662561000.0, 0.7704650000000001],
[1662647400.0, 0.765346],
[1662733800.0, 0.77876],
[1662820200.0, 0.770425],
[1662906600.0, 0.7870560000000001],
[1662993000.0, 0.783606],
[1663079400.0, 0.794014],
[1663165800.0, 0.772611],
[1663252200.0, 0.782165],
[1663338600.0, 0.787095],
[1663425000.0, 0.7909430000000001],
[1663511400.0, 0.797418],
[1663597800.0, 0.8288340000000001],
[1663684200.0, 0.8043880000000001],
[1663770600.0, 0.80439],
[1663857000.0, 0.8183900000000001],
[1663943400.0, 0.7835380000000001],
[1664029800.0, 0.8551350000000001],
[1664116200.0, 0.7767270000000001],
[1664202600.0, 0.7638670000000001],
[1664289000.0, 0.766717],
[1664375400.0, 0.792764],
[1664461800.0, 0.771683],
[1664548200.0, 0.825058],
[1664634600.0, 0.807346],
[1664717400.0, 0.8485060000000001],
[1664803800.0, 0.815013],
[1664890200.0, 0.806307],
[1664976600.0, 0.8440620000000001],
[1665063000.0, 0.832362],
[1665149400.0, 0.8097270000000001],
[1665235800.0, 0.784875],
[1665322200.0, 0.754248],
[1665408600.0, 0.758094],
[1665495000.0, 0.742386],
[1665581400.0, 0.772019],
[1665667800.0, 0.788877],
[1665754200.0, 0.757242],
[1665840600.0, 0.751094],
[1665927000.0, 0.7460899999999999],
[1666013400.0, 0.7448600000000001],
[1666099800.0, 0.76086],
[1666186200.0, 0.767308],
[1666272600.0, 0.769231],
[1666359000.0, 0.7879430000000001],
[1666445400.0, 0.7660220000000001],
[1666531800.0, 0.779945],
[1666618200.0, 0.747691],
[1666704600.0, 0.773241],
[1666791000.0, 0.723599],
[1666877400.0, 0.6877110000000001],
[1666963800.0, 0.7325350000000002],
[1667050200.0, 0.7099060000000001],
[1667136600.0, 0.7188700000000001],
[1667223000.0, 0.7036840000000002],
[1667309400.0, 0.728461],
[1667395800.0, 0.7215340000000001],
[1667482200.0, 0.746316],
[1667568600.0, 0.7293890000000001],
[1667655000.0, 0.7608010000000001],
[1667741400.0, 0.762428],
[1667827800.0, 0.7382029999999999],
[1667914200.0, 0.74209],
[1668000600.0, 0.8108230000000001],
[1668087000.0, 0.810524],
[1668173400.0, 0.8045929999999999],
[1668259800.0, 0.78567],
[1668346200.0, 0.7803720000000001],
[1668432600.0, 0.801934],
[1668519000.0, 0.755372],
[1668605400.0, 0.7707799999999999],
[1668691800.0, 0.797565],
[1668778200.0, 0.8234440000000001],
[1668864600.0, 0.8137420000000001],
[1668951000.0, 0.821146],
[1669037400.0, 0.8759580000000001],
[1669123800.0, 0.850925],
[1669210200.0, 0.8245309999999999],
[1669296600.0, 0.813977],
[1669383000.0, 0.78757],
[1669469400.0, 0.8034220000000001],
[1669555800.0, 0.775563],
[1669642200.0, 0.8020129999999999],
[1669728600.0, 0.80735],
[1669815000.0, 0.7937879999999999],
[1669901400.0, 0.836127],
[1669987800.0, 0.8322730000000002],
[1670074200.0, 0.83505],
[1670160600.0, 0.840752],
[1670247000.0, 0.8898640000000001],
[1670333400.0, 0.8962330000000001],
[1670419800.0, 0.8853850000000001],
[1670506200.0, 0.890233],
[1670592600.0, 0.8623040000000001],
[1670679000.0, 0.8902720000000001],
[1670765400.0, 0.859716],
[1670851800.0, 0.834298],
[1670938200.0, 0.809999],
[1671024600.0, 0.813411],
[1671111000.0, 0.820407],
[1671197400.0, 0.8300029999999999],
[1671283800.0, 0.805293],
[1671370200.0, 0.802776],
[1671456600.0, 0.795475],
[1671543000.0, 0.7827040000000001],
[1671629400.0, 0.78871],
[1671715800.0, 0.7864849999999999],
[1671802200.0, 0.76271],
[1671888600.0, 0.752858],
[1671975000.0, 1.04668],
[1672061400.0, 1.055455],
[1672147800.0, 0.7700659999999999],
[1672234200.0, 0.755285],
[1672320600.0, 0.7380800000000001],
[1672407000.0, 0.766252],
[1672493400.0, 0.7335210000000001],
[1672579800.0, 0.70203],
[1672666200.0, 0.7211850000000002],
[1672752600.0, 0.706412],
[1672839000.0, 0.7289680000000002],
[1672925400.0, 0.7528159999999999],
[1673011800.0, 0.7715989999999999],
[1673098200.0, 0.822717],
[1673184600.0, 0.819902],
[1673271000.0, 0.8240430000000001],
[1673357400.0, 0.8645710000000001],
[1673443800.0, 0.8908350000000002],
[1673530200.0, 0.9032430000000001],
[1673616600.0, 0.89087],
[1673703000.0, 0.8865770000000001],
[1673789400.0, 0.8704930000000002],
[1673875800.0, 0.9130880000000001],
[1673962200.0, 0.9985750000000002],
[1674048600.0, 1.128438],
[1674135000.0, 1.210498],
[1674221400.0, 1.2153850000000002],
[1674307800.0, 1.2102410000000001],
[1674394200.0, 1.3216560000000002],
[1674480600.0, 1.191923],
[1674567000.0, 1.190949],
[1674653400.0, 1.136971],
[1674739800.0, 1.123957],
[1674826200.0, 1.0985610000000001],
[1674912600.0, 1.261303],
[1674999000.0, 1.183637],
[1675085400.0, 1.225678],
[1675171800.0, 1.351058],
[1675258200.0, 1.2630050000000002],
[1675344600.0, 1.3451680000000001],
[1675431000.0, 1.278677],
[1675517400.0, 1.23608],
[1675603800.0, 1.225932],
[1675690200.0, 1.2042990000000002],
[1675776600.0, 1.214782],
[1675863000.0, 1.2018570000000002],
[1675949400.0, 1.2018570000000002],
