[1676035800, 0.3855],
[1676122200, 0.392],
[1676208600, 0.525],
[1676295000, 0.5036],
[1676381400, 0.553],
[1676467800, 0.5411],
[1676554200, 0.9723],
[1676640600, 0.6593],
[1676727000, 0.7009],
[1676813400, 0.6555],
[1676899800, 0.6846],
[1677072600, 0.7305],
[1677159000, 0.7608],
[1677245400, 0.746],
[1677331800, 0.7417],
[1677418200, 0.7432],
[1677504600, 0.7507],
[1677591000, 0.797],
[1677677400, 0.7132],
[1677763800, 0.7237],
[1677850200, 0.7368],
[1677936600, 0.7525],
[1678023000, 0.762],
[1678109400, 0.7762],
[1678195800, 0.7673],
[1678282200, 0.7686],
[1678368600, 0.7555],
[1678455000, 0.7444],
[1678541400, 0.739],
[1678627800, 0.7342],
[1678714200, 0.7386],
[1678800600, 0.7465],
[1678887000, 0.7296],
[1678973400, 0.7144],
[1679059800, 0.6988],
[1679146200, 0.7168],
[1679232600, 0.7022],
[1679319000, 0.7084],
[1679405400, 0.7301],
[1679491800, 0.7435],
[1679578200, 0.7423],
[1679664600, 0.7138],
[1679751000, 0.7071],
[1679837400, 0.7026],
[1679923800, 0.696],
[1680010200, 0.6796],
[1680096600, 0.6794],
[1680183000, 0.6853],
[1680269400, 0.671],
[1680355800, 0.671],
