[1635773400.0, 23.805530850000004],
[1635859800.0, 24.48231475],
[1635946200.0, 24.86180975],
[1636032600.0, 24.50852835],
[1636119000.0, 24.904324199999998],
[1636205400.0, 24.902902650000005],
[1636291800.0, 24.49444185],
[1636378200.0, 24.576728800000005],
[1636464600.0, 23.911308549999998],
[1636551000.0, 23.052130050000002],
[1636637400.0, 24.224716200000003],
[1636723800.0, 24.08841285],
[1636810200.0, 23.824808400000002],
[1636896600.0, 24.256376850000006],
[1636983000.0, 24.012679499999997],
[1637069400.0, 23.927364700000002],
[1637155800.0, 24.436047300000002],
[1637242200.0, 23.9725399],
[1637328600.0, 24.751446299999998],
[1637415000.0, 24.835490649999997],
[1637501400.0, 24.893342500000003],
[1637587800.0, 25.16111975],
[1637674200.0, 25.118133999999998],
[1637760600.0, 24.36070195],
[1637847000.0, 24.071185149999998],
[1637933400.0, 23.7477143],
[1638019800.0, 23.6726891],
[1638106200.0, 23.08733235],
[1638192600.0, 24.91811595],
[1638279000.0, 24.592589950000004],
[1638365400.0, 25.16635665],
[1638451800.0, 26.16484065],
[1638538200.0, 26.668832150000004],
[1638624600.0, 27.06432135],
[1638711000.0, 27.72069145],
[1638797400.0, 27.969363799999996],
[1638883800.0, 27.657583000000002],
[1638970200.0, 27.413949749999997],
[1639056600.0, 27.73944725],
[1639143000.0, 28.09894875],
[1639229400.0, 27.758516050000004],
[1639315800.0, 26.992577849999996],
[1639402200.0, 26.9409819],
[1639488600.0, 26.379462350000004],
[1639575000.0, 26.063019349999994],
[1639661400.0, 26.48724495],
[1639747800.0, 26.6130345],
[1639834200.0, 26.851268100000002],
[1639920600.0, 26.873090500000004],
[1640007000.0, 26.3545914],
[1640093400.0, 26.515538399999997],
[1640179800.0, 26.519047900000004],
[1640266200.0, 26.540347250000003],
[1640352600.0, 27.1464492],
[1640439000.0, 27.306449000000004],
[1640525400.0, 27.366045749999998],
[1640611800.0, 27.470162500000004],
[1640698200.0, 27.300423600000002],
[1640784600.0, 28.112757100000003],
[1640871000.0, 28.393577949999997],
[1640957400.0, 28.595932500000004],
[1641043800.0, 28.47377855],
[1641130200.0, 28.61669195],
[1641216600.0, 27.693514449999995],
[1641303000.0, 28.820888100000005],
[1641389400.0, 28.880910300000004],
[1641475800.0, 29.17416855],
[1641562200.0, 29.55703345],
[1641648600.0, 29.325655599999997],
[1641735000.0, 29.22030385],
[1641821400.0, 29.500510849999998],
[1641907800.0, 29.991864199999995],
[1641994200.0, 29.5839446],
[1642080600.0, 29.671748349999994],
[1642167000.0, 29.983741600000002],
[1642253400.0, 29.57576385],
[1642339800.0, 29.369318399999997],
[1642426200.0, 29.748464849999998],
[1642512600.0, 29.297942400000007],
[1642599000.0, 29.571287249999997],
[1642685400.0, 29.501382400000004],
[1642771800.0, 29.112666849999997],
[1642858200.0, 28.455278850000003],
[1642944600.0, 28.2912568],
[1643031000.0, 27.88898515],
[1643117400.0, 28.03717115],
[1643203800.0, 27.932806300000003],
[1643290200.0, 27.747420199999997],
[1643376600.0, 27.681005],
[1643463000.0, 27.61712635],
[1643549400.0, 27.57300965],
[1643635800.0, 27.57300965],
[1643722200.0, 27.57300965],
[1643808600.0, 28.40878275],
[1643895000.0, 28.52145245],
[1643981400.0, 28.65491675],
[1644067800.0, 28.36446775],
[1644154200.0, 28.7661841],
[1644240600.0, 28.33492625],
[1644327000.0, 27.84012705],
[1644413400.0, 27.875436999999998],
[1644499800.0, 28.289887649999997],
[1644586200.0, 28.25375925],
[1644672600.0, 28.5734742],
[1644759000.0, 28.164187150000004],
[1644845400.0, 28.356281550000002],
[1644931800.0, 28.320239949999998],
[1645018200.0, 28.347493900000003],
[1645104600.0, 28.4560683],
[1645191000.0, 28.504599050000003],
[1645277400.0, 28.6360995],
[1645363800.0, 28.326483599999996],
[1645450200.0, 28.608632999999998],
[1645536600.0, 28.692861],
[1645623000.0, 28.533469549999996],
[1645709400.0, 28.280035],
[1645795800.0, 28.129209],
[1645882200.0, 28.3305292],
[1645968600.0, 28.31062885],
[1646055000.0, 28.330295650000004],
[1646141400.0, 28.507933100000002],
[1646227800.0, 28.8617594],
[1646314200.0, 28.67504675],
[1646400600.0, 28.86075285],
[1646487000.0, 29.477416500000004],
[1646573400.0, 29.395903200000003],
[1646659800.0, 28.86253775],
[1646746200.0, 29.130678250000003],
[1646832600.0, 28.961817600000003],
[1646919000.0, 28.97330955],
[1647005400.0, 28.99313735],
[1647091800.0, 29.10993655],
[1647178200.0, 29.10868635],
[1647264600.0, 29.1175789],
[1647351000.0, 29.2152794],
[1647437400.0, 29.2551915],
[1647523800.0, 29.08938065],
[1647610200.0, 29.332747050000002],
[1647696600.0, 29.4395424],
[1647783000.0, 29.320273699999994],
[1647869400.0, 29.447493],
[1647955800.0, 29.368299800000003],
[1648042200.0, 29.3549008],
[1648128600.0, 29.262505100000002],
[1648215000.0, 29.311987000000002],
[1648301400.0, 29.421007349999996],
[1648387800.0, 29.31034075],
[1648474200.0, 29.209619849999996],
[1648560600.0, 29.228723449999997],
[1648647000.0, 29.196685600000002],
[1648733400.0, 29.533926150000003],
[1648819800.0, 29.353471750000004],
[1648906200.0, 29.027164650000003],
[1648996200.0, 29.950637150000002],
[1649082600.0, 30.08775765],
[1649169000.0, 30.9951788],
[1649255400.0, 31.054877500000003],
[1649341800.0, 30.0207935],
[1649428200.0, 30.315612549999997],
[1649514600.0, 30.707590850000003],
[1649601000.0, 30.45443375],
[1649687400.0, 30.370854900000005],
[1649773800.0, 30.8481965],
[1649860200.0, 30.992929600000004],
[1649946600.0, 30.514861800000002],
[1650033000.0, 30.55689985],
[1650119400.0, 30.432564649999996],
[1650205800.0, 31.151588850000003],
[1650292200.0, 31.249646750000004],
[1650378600.0, 31.55707375],
[1650465000.0, 31.399030100000004],
[1650551400.0, 31.399030100000004],
[1650637800.0, 31.399030100000004],
[1650724200.0, 31.506659650000003],
[1650810600.0, 31.291273699999998],
[1650897000.0, 31.034123549999997],
[1650983400.0, 31.1253205],
[1651069800.0, 30.400256600000002],
[1651156200.0, 29.841984800000002],
[1651242600.0, 29.85384205],
[1651329000.0, 30.0323672],
[1651415400.0, 30.2923076],
[1651501800.0, 30.072479599999998],
[1651588200.0, 30.094866550000006],
[1651674600.0, 28.986902049999998],
[1651761000.0, 29.094264199999994],
[1651847400.0, 29.462885400000005],
[1651933800.0, 29.37708095],
[1652020200.0, 29.21988495],
[1652106600.0, 28.977393949999996],
[1652193000.0, 29.15491585],
[1652279400.0, 28.857786600000004],
[1652365800.0, 28.93164465],
[1652452200.0, 29.053495100000003],
[1652538600.0, 29.059042299999998],
[1652625000.0, 29.021978400000002],
[1652711400.0, 29.007390750000003],
[1652797800.0, 28.87602555],
[1652884200.0, 28.88692965],
[1652970600.0, 28.6139362],
[1653057000.0, 28.61779535],
[1653143400.0, 28.7305883],
[1653229800.0, 28.587413149999996],
[1653316200.0, 27.955325750000004],
[1653402600.0, 28.61513415],
[1653489000.0, 28.501866550000003],
[1653575400.0, 28.322163300000003],
[1653661800.0, 28.3018492],
[1653748200.0, 28.65669835],
[1653834600.0, 27.80879465],
[1653921000.0, 28.267353150000005],
[1654007400.0, 28.13632135],
[1654093800.0, 28.725668050000007],
[1654180200.0, 28.677778],
[1654266600.0, 28.139272749999996],
[1654353000.0, 28.35088365],
[1654439400.0, 28.28527885],
[1654525800.0, 28.125826550000003],
[1654612200.0, 28.2228519],
[1654698600.0, 28.2691929],
[1654785000.0, 28.126905599999997],
[1654871400.0, 28.245054550000003],
[1654957800.0, 28.242655649999996],
[1655044200.0, 27.7259753],
[1655130600.0, 27.743421650000002],
[1655217000.0, 27.521743700000002],
[1655303400.0, 27.623331800000003],
[1655389800.0, 24.892570899999996],
[1655476200.0, 24.01467955],
[1655562600.0, 24.29774875],
[1655649000.0, 24.463506050000007],
[1655735400.0, 24.0523478],
[1655821800.0, 23.619410200000004],
[1655908200.0, 23.136539400000004],
[1655994600.0, 22.76553485],
[1656081000.0, 21.8528147],
[1656167400.0, 21.885266200000004],
[1656253800.0, 21.83777375],
[1656340200.0, 21.562453650000002],
[1656426600.0, 21.85968245],
[1656513000.0, 21.99323405],
[1656599400.0, 22.33107375],
[1656685800.0, 22.4561884],
[1656772200.0, 22.634484850000003],
[1656858600.0, 22.969416050000003],
[1656945000.0, 22.954559950000004],
[1657031400.0, 22.907795],
[1657117800.0, 22.21303305],
[1657204200.0, 22.6542535],
[1657290600.0, 23.03329145],
[1657377000.0, 23.6058924],
[1657463400.0, 23.369710650000002],
[1657549800.0, 23.448855400000003],
[1657636200.0, 23.484242549999998],
[1657722600.0, 23.801266649999995],
[1657809000.0, 23.378416650000002],
[1657895400.0, 23.522823149999997],
[1657981800.0, 23.917689650000003],
[1658068200.0, 23.877971350000006],
[1658154600.0, 24.040538799999997],
[1658241000.0, 23.981899200000004],
[1658327400.0, 24.35575765],
[1658413800.0, 24.028663450000003],
[1658500200.0, 23.99079165],
[1658586600.0, 24.0304556],
[1658673000.0, 24.349673349999996],
[1658759400.0, 24.268266550000007],
[1658845800.0, 24.46854755],
[1658932200.0, 24.435707700000002],
[1659018600.0, 24.8234642],
[1659105000.0, 25.208843050000002],
[1659191400.0, 25.185005950000004],
[1659277800.0, 25.373086199999996],
[1659364200.0, 25.29527225],
[1659450600.0, 25.5952638],
[1659537000.0, 25.738612000000003],
[1659623400.0, 25.85531055],
[1659709800.0, 25.8121405],
[1659796200.0, 25.77344065],
[1659882600.0, 26.107627800000003],
[1659969000.0, 25.645259850000002],
[1660055400.0, 26.163322400000002],
[1660141800.0, 25.920499250000006],
[1660228200.0, 25.510561999999997],
[1660314600.0, 25.492636649999998],
[1660401000.0, 25.492636649999998],
[1660487400.0, 25.492636649999998],
[1660573800.0, 25.492636649999998],
[1660660200.0, 25.949085150000002],
[1660746600.0, 25.947234899999998],
[1660833000.0, 25.8776346],
[1660919400.0, 26.363934800000003],
[1661005800.0, 26.719833449999996],
[1661092200.0, 26.243050000000004],
[1661178600.0, 26.385016850000003],
[1661265000.0, 26.312517250000003],
[1661351400.0, 25.745614900000003],
[1661437800.0, 25.820817249999998],
[1661524200.0, 26.024435100000005],
[1661610600.0, 26.292140850000003],
[1661697000.0, 26.198130600000002],
[1661783400.0, 26.4122014],
[1661869800.0, 26.538597549999995],
[1661956200.0, 26.667363100000003],
[1662042600.0, 26.370477949999998],
[1662129000.0, 26.1156922],
[1662215400.0, 26.61048975],
[1662301800.0, 26.8208899],
[1662388200.0, 26.5479528],
[1662474600.0, 26.534282],
[1662561000.0, 27.044667250000003],
[1662647400.0, 26.645716549999996],
[1662733800.0, 26.962066250000003],
[1662820200.0, 26.7592553],
[1662906600.0, 26.48549595],
[1662993000.0, 26.216054500000002],
[1663079400.0, 26.160208450000003],
[1663165800.0, 26.0035843],
[1663252200.0, 25.908826500000004],
[1663338600.0, 25.779225350000004],
[1663425000.0, 26.0027289],
[1663511400.0, 25.8513783],
[1663597800.0, 25.796058200000004],
[1663684200.0, 25.587529199999995],
[1663770600.0, 25.197596849999996],
[1663857000.0, 25.03936105],
[1663943400.0, 25.33075065],
[1664029800.0, 25.403573249999997],
[1664116200.0, 25.34975125],
[1664202600.0, 25.761444349999998],
[1664289000.0, 25.288997850000005],
[1664375400.0, 25.4255905],
[1664461800.0, 25.577394950000002],
[1664548200.0, 26.141058700000002],
[1664634600.0, 26.360291900000004],
[1664717400.0, 26.2063876],
[1664803800.0, 26.366798999999997],
[1664890200.0, 26.62258085],
[1664976600.0, 26.985752849999997],
[1665063000.0, 27.081607149999996],
[1665149400.0, 27.56612985],
[1665235800.0, 27.680379600000002],
[1665322200.0, 27.7044256],
[1665408600.0, 27.3057316],
[1665495000.0, 27.9242208],
[1665581400.0, 27.519621750000002],
[1665667800.0, 26.7994871],
[1665754200.0, 26.8945639],
[1665840600.0, 27.234078000000004],
[1665927000.0, 27.588791099999998],
[1666013400.0, 27.13048565],
[1666099800.0, 27.236818200000002],
[1666186200.0, 26.846195400000003],
[1666272600.0, 26.685114400000007],
[1666359000.0, 26.70946455],
[1666445400.0, 25.91269415],
[1666531800.0, 26.04443345],
[1666618200.0, 26.142202800000003],
[1666704600.0, 26.185646049999995],
[1666791000.0, 26.5886839],
[1666877400.0, 26.354859750000003],
[1666963800.0, 26.297646199999996],
[1667050200.0, 26.360204000000003],
[1667136600.0, 26.175623850000004],
[1667223000.0, 26.394351150000002],
[1667309400.0, 26.361822099999998],
[1667395800.0, 26.510816750000004],
[1667482200.0, 26.953504100000004],
[1667568600.0, 27.0753132],
[1667655000.0, 27.19197115],
[1667741400.0, 27.310917200000002],
[1667827800.0, 27.20313925],
[1667914200.0, 27.149306250000002],
[1668000600.0, 27.016454500000002],
[1668087000.0, 26.876647350000002],
[1668173400.0, 26.83153155000001],
[1668259800.0, 26.99999785],
[1668346200.0, 26.8936548],
[1668432600.0, 26.5843142],
[1668519000.0, 26.658681950000002],
[1668605400.0, 26.317197549999996],
[1668691800.0, 26.43548565],
[1668778200.0, 25.0318623],
[1668864600.0, 24.66228075],
[1668951000.0, 23.731464599999995],
[1669037400.0, 23.539170849999998],
[1669123800.0, 22.90032485],
[1669210200.0, 21.0760444],
[1669296600.0, 21.4521017],
[1669383000.0, 21.5412633],
[1669469400.0, 21.51802095],
[1669555800.0, 21.2491791],
[1669642200.0, 20.528385650000004],
[1669728600.0, 21.6662539],
[1669815000.0, 22.3034132],
[1669901400.0, 22.821506050000004],
[1669987800.0, 23.671934899999997],
[1670074200.0, 23.881311250000003],
[1670160600.0, 23.957472000000003],
[1670247000.0, 23.940814349999997],
[1670333400.0, 23.5629839],
[1670419800.0, 23.309114700000002],
[1670506200.0, 23.4168051],
[1670592600.0, 23.424917899999997],
[1670679000.0, 23.039395550000002],
[1670765400.0, 23.2891239],
[1670851800.0, 23.105342300000004],
[1670938200.0, 22.4966025],
[1671024600.0, 23.04538],
[1671111000.0, 23.009702700000005],
[1671197400.0, 22.964930199999998],
[1671283800.0, 22.456946700000003],
[1671370200.0, 22.656622350000003],
[1671456600.0, 22.46418215],
[1671543000.0, 22.4772274],
[1671629400.0, 22.422560150000002],
[1671715800.0, 22.4843029],
[1671802200.0, 21.7298872],
[1671888600.0, 22.148],
[1671975000.0, 22.04016],
[1672061400.0, 21.9757027],
[1672147800.0, 21.95756975],
[1672234200.0, 21.9418586],
[1672320600.0, 21.85417175],
[1672407000.0, 21.9458154],
[1672493400.0, 22.0106222],
[1672579800.0, 21.6380309],
[1672666200.0, 22.103001099999993],
[1672752600.0, 21.8646247],
[1672839000.0, 22.040747850000002],
[1672925400.0, 22.263138499999997],
[1673011800.0, 22.724476499999998],
[1673098200.0, 22.894204849999998],
[1673184600.0, 22.6369628],
[1673271000.0, 22.760189750000002],
[1673357400.0, 23.18717235],
[1673443800.0, 23.5207626],
[1673530200.0, 23.283217800000003],
[1673616600.0, 23.0131377],
[1673703000.0, 24.103612400000003],
[1673789400.0, 24.30188985],
[1673875800.0, 24.3981716],
[1673962200.0, 24.42761805],
[1674048600.0, 24.594812050000005],
[1674135000.0, 24.0133326],
[1674221400.0, 23.6872299],
[1674307800.0, 24.0365125],
[1674394200.0, 23.798614349999998],
[1674480600.0, 23.812919],
[1674567000.0, 24.150356950000003],
[1674653400.0, 23.99529515],
[1674739800.0, 23.89455145],
[1674826200.0, 24.347156849999998],
[1674912600.0, 24.539403350000004],
[1674999000.0, 24.3490741],
[1675085400.0, 24.201160599999998],
[1675171800.0, 24.13320475],
[1675258200.0, 23.9692364],
[1675344600.0, 24.335432249999997],
[1675431000.0, 24.498652750000005],
[1675517400.0, 24.437434],
[1675603800.0, 24.258553149999997],
[1675690200.0, 24.263171749999998],
[1675776600.0, 24.19286865],
[1675863000.0, 24.19286865],
[1675949400.0, 24.19286865],
