[1635773400.0, 0.4170039269361565],
[1635859800.0, 0.4241391096013528],
[1635946200.0, 0.4202431265068225],
[1636032600.0, 0.42886160523191014],
[1636119000.0, 0.4293744951995359],
[1636205400.0, 0.43131157591042385],
[1636291800.0, 0.4257103717183868],
[1636378200.0, 0.42761360463799136],
[1636464600.0, 0.42226673788384544],
[1636551000.0, 0.4177030445612615],
[1636637400.0, 0.4247077897129626],
[1636723800.0, 0.42451194025704364],
[1636810200.0, 0.42266308982159334],
[1636896600.0, 0.4111994331383795],
[1636983000.0, 0.41472814410493936],
[1637069400.0, 0.4202595748756318],
[1637155800.0, 0.42130498176673536],
[1637242200.0, 0.41642723810296406],
[1637328600.0, 0.40884490262767686],
[1637415000.0, 0.41937409238958373],
[1637501400.0, 0.42075936698761224],
[1637587800.0, 0.42965599372387236],
[1637674200.0, 0.4239268147254729],
[1637760600.0, 0.4186160380563611],
[1637847000.0, 0.4114783800376768],
[1637933400.0, 0.412243974954751],
[1638019800.0, 0.40971626623680923],
[1638106200.0, 0.409760087696143],
[1638192600.0, 0.41678318041241896],
[1638279000.0, 0.41373748233967567],
[1638365400.0, 0.4110340161488981],
[1638451800.0, 0.4199761825670653],
[1638538200.0, 0.4286740456953427],
[1638624600.0, 0.43175489597911715],
[1638711000.0, 0.44257231869848895],
[1638797400.0, 0.448681614405581],
[1638883800.0, 0.44854486208673977],
[1638970200.0, 0.4537781340679565],
[1639056600.0, 0.4480053863319989],
[1639143000.0, 0.4560269606005895],
[1639229400.0, 0.45494280089636085],
[1639315800.0, 0.452883131730111],
[1639402200.0, 0.44642760829286987],
[1639488600.0, 0.4456981627204031],
[1639575000.0, 0.44751878481011154],
[1639661400.0, 0.43953383778241095],
[1639747800.0, 0.4357219062744494],
[1639834200.0, 0.4439041858038189],
[1639920600.0, 0.4403758309416407],
[1640007000.0, 0.43510856422370653],
[1640093400.0, 0.4420893472109477],
[1640179800.0, 0.4397633860268542],
[1640266200.0, 0.4448738625460546],
[1640352600.0, 0.44298958240639186],
[1640439000.0, 0.4535975415712422],
[1640525400.0, 0.45143782212017775],
[1640611800.0, 0.45056819912111873],
[1640698200.0, 0.4554503047361416],
[1640784600.0, 0.46346096351837446],
[1640871000.0, 0.4647001866544309],
[1640957400.0, 0.469299649148243],
[1641043800.0, 0.47036241414770674],
[1641130200.0, 0.4725147676756467],
[1641216600.0, 0.4674568378602572],
[1641303000.0, 0.47645006076705176],
[1641389400.0, 0.48093679324838956],
[1641475800.0, 0.48301454816875034],
[1641562200.0, 0.4871698349547964],
[1641648600.0, 0.4832658547619753],
[1641735000.0, 0.4863566845731482],
[1641821400.0, 0.4876278438472346],
[1641907800.0, 0.48737228555006307],
[1641994200.0, 0.48822346622711105],
[1642080600.0, 0.4903042030635783],
[1642167000.0, 0.4892675874398121],
[1642253400.0, 0.4860399798337095],
[1642339800.0, 0.4862163980411394],
[1642426200.0, 0.48652647102717106],
[1642512600.0, 0.4848125140868039],
[1642599000.0, 0.4850953234522459],
[1642685400.0, 0.49192156900325534],
[1642771800.0, 0.4804453767629663],
[1642858200.0, 0.4837483158867855],
[1642944600.0, 0.4749574638941486],
[1643031000.0, 0.4777171333775962],
[1643117400.0, 0.4737673735237492],
[1643203800.0, 0.4785050127038012],
[1643290200.0, 0.4724804766516935],
[1643376600.0, 0.46439633180818135],
[1643463000.0, 0.4663307151812418],
[1643549400.0, 0.46882949191766643],
[1643635800.0, 0.46882949191766643],
[1643722200.0, 0.46882949191766643],
[1643808600.0, 0.47163433721269893],
[1643895000.0, 0.4708401634255505],
[1643981400.0, 0.47731801410212354],
[1644067800.0, 0.47365691641193025],
[1644154200.0, 0.47881247686645423],
[1644240600.0, 0.47951520966899386],
[1644327000.0, 0.4747480029527792],
[1644413400.0, 0.4741001967299971],
[1644499800.0, 0.47404435955928614],
[1644586200.0, 0.4779274070067197],
[1644672600.0, 0.4853986362727872],
[1644759000.0, 0.48081300540009897],
[1644845400.0, 0.47954103845562324],
[1644931800.0, 0.4814898197267861],
[1645018200.0, 0.48506014176737766],
[1645104600.0, 0.4814390160218896],
[1645191000.0, 0.48320090103727725],
[1645277400.0, 0.48289577159057595],
[1645363800.0, 0.48198032981648775],
[1645450200.0, 0.484687948417269],
[1645536600.0, 0.4841692392417215],
[1645623000.0, 0.48501469403890324],
[1645709400.0, 0.4807762714471039],
[1645795800.0, 0.48073106680120903],
[1645882200.0, 0.48347490066329607],
[1645968600.0, 0.48323801151193263],
[1646055000.0, 0.4825309135292867],
[1646141400.0, 0.4822519276005298],
[1646227800.0, 0.4898201369222165],
[1646314200.0, 0.4874795272891034],
[1646400600.0, 0.48639354859469214],
[1646487000.0, 0.5005516407876229],
[1646573400.0, 0.4984009846113186],
[1646659800.0, 0.49062947755314323],
[1646746200.0, 0.48969974119691334],
[1646832600.0, 0.48836580894922804],
[1646919000.0, 0.489742054749964],
[1647005400.0, 0.4942693874055019],
[1647091800.0, 0.5000492816919645],
[1647178200.0, 0.4966399925720443],
[1647264600.0, 0.4967382532415901],
[1647351000.0, 0.49965752549261266],
[1647437400.0, 0.5005582347560847],
[1647523800.0, 0.4937995508028539],
[1647610200.0, 0.507088081927175],
[1647696600.0, 0.5094748942544631],
[1647783000.0, 0.510589301276849],
[1647869400.0, 0.5114798228211205],
[1647955800.0, 0.5054294653931105],
[1648042200.0, 0.5168406906649926],
[1648128600.0, 0.5124430723226046],
[1648215000.0, 0.5142439247708694],
[1648301400.0, 0.5146640991951112],
[1648387800.0, 0.5146403333420909],
[1648474200.0, 0.5131949065150077],
[1648560600.0, 0.5116997296725779],
[1648647000.0, 0.511592593547417],
[1648733400.0, 0.506219114537092],
[1648819800.0, 0.5151894086433231],
[1648906200.0, 0.5221699181800767],
[1648996200.0, 0.5278325444326781],
[1649082600.0, 0.5269218910879832],
[1649169000.0, 0.531506807847851],
[1649255400.0, 0.5358662593391158],
[1649341800.0, 0.5305300349642103],
[1649428200.0, 0.523670597611785],
[1649514600.0, 0.5312390786242047],
[1649601000.0, 0.5304899017459209],
[1649687400.0, 0.5247082778365723],
[1649773800.0, 0.5374266027609067],
[1649860200.0, 0.5313168722534851],
[1649946600.0, 0.5365124695586336],
[1650033000.0, 0.535648795232768],
[1650119400.0, 0.5376293962488441],
[1650205800.0, 0.5394997432650364],
[1650292200.0, 0.5388763327331186],
[1650378600.0, 0.5398039535100659],
[1650465000.0, 0.5423435428165291],
[1650551400.0, 0.5423435428165291],
[1650637800.0, 0.5423435428165291],
[1650724200.0, 0.5444271764846371],
[1650810600.0, 0.5403292106723511],
[1650897000.0, 0.542072580961672],
[1650983400.0, 0.5435556513668142],
[1651069800.0, 0.5335799938774171],
[1651156200.0, 0.5323844991599347],
[1651242600.0, 0.5266568688540672],
[1651329000.0, 0.5267427010161359],
[1651415400.0, 0.5306962318967944],
[1651501800.0, 0.5006433053084395],
[1651588200.0, 0.5042301663964244],
[1651674600.0, 0.5159069002574078],
[1651761000.0, 0.5062342415008314],
[1651847400.0, 0.5136971470701279],
[1651933800.0, 0.5139420357653675],
[1652020200.0, 0.50374192533598],
[1652106600.0, 0.5119754388665958],
[1652193000.0, 0.5070183186441174],
[1652279400.0, 0.5049776420712281],
[1652365800.0, 0.49748238870481376],
[1652452200.0, 0.49399130162101434],
[1652538600.0, 0.4931580822853561],
[1652625000.0, 0.4940648437069886],
[1652711400.0, 0.492767696885839],
[1652797800.0, 0.4923305955943676],
[1652884200.0, 0.4973965443239509],
[1652970600.0, 0.49812763905282464],
[1653057000.0, 0.49795279300670886],
[1653143400.0, 0.4974518890674413],
[1653229800.0, 0.4939127349952936],
[1653316200.0, 0.49309167211330385],
[1653402600.0, 0.49971537378963354],
[1653489000.0, 0.4990948458543564],
[1653575400.0, 0.49385849901076523],
[1653661800.0, 0.48205437895915487],
[1653748200.0, 0.487509486858286],
[1653834600.0, 0.49229116353825064],
[1653921000.0, 0.4877120892752135],
[1654007400.0, 0.48324589359049447],
[1654093800.0, 0.4867552954468131],
[1654180200.0, 0.4860884000287191],
[1654266600.0, 0.4868823450317847],
[1654353000.0, 0.49355537531482957],
[1654439400.0, 0.488783634835971],
[1654525800.0, 0.48755204211607783],
[1654612200.0, 0.49609875948409016],
[1654698600.0, 0.4959412593803696],
[1654785000.0, 0.4958455976465195],
[1654871400.0, 0.49381738778867246],
[1654957800.0, 0.4939399490950241],
[1655044200.0, 0.4874470363758802],
[1655130600.0, 0.4845557470932755],
[1655217000.0, 0.47979828729221885],
[1655303400.0, 0.4830393601879923],
[1655389800.0, 0.46621717905701915],
[1655476200.0, 0.46614511516969154],
[1655562600.0, 0.4670290605579817],
[1655649000.0, 0.4603390627782194],
[1655735400.0, 0.456391218242139],
[1655821800.0, 0.45271461479771485],
[1655908200.0, 0.4466927297660342],
[1655994600.0, 0.44953869033793603],
[1656081000.0, 0.4449346797792455],
[1656167400.0, 0.44315736651942655],
[1656253800.0, 0.4449683268686525],
[1656340200.0, 0.4279532392527935],
[1656426600.0, 0.441642237055383],
[1656513000.0, 0.4457037314624015],
[1656599400.0, 0.4438696740302274],
[1656685800.0, 0.45165340761269474],
[1656772200.0, 0.44703172088655824],
[1656858600.0, 0.45404234593426346],
[1656945000.0, 0.4520223675743556],
[1657031400.0, 0.46404845440355647],
[1657117800.0, 0.4516920004271392],
[1657204200.0, 0.4513883862519089],
[1657290600.0, 0.45802744443076976],
[1657377000.0, 0.458324722715467],
[1657463400.0, 0.4591767175370316],
[1657549800.0, 0.4604854059260357],
[1657636200.0, 0.46083898818340796],
[1657722600.0, 0.44940611369793115],
[1657809000.0, 0.4599380144451637],
[1657895400.0, 0.46349513057128705],
[1657981800.0, 0.4669945665141886],
[1658068200.0, 0.47043968282410176],
[1658154600.0, 0.47000307348431825],
[1658241000.0, 0.4700323978444198],
[1658327400.0, 0.4786018443962737],
[1658413800.0, 0.4771118225176812],
[1658500200.0, 0.4713446262594708],
[1658586600.0, 0.47269962577134644],
[1658673000.0, 0.4730696542143916],
[1658759400.0, 0.47027712964085233],
[1658845800.0, 0.46483779083095844],
[1658932200.0, 0.46959375506245454],
[1659018600.0, 0.46846745668720696],
[1659105000.0, 0.4766757787148255],
[1659191400.0, 0.4709854980212092],
[1659277800.0, 0.4763389423263912],
[1659364200.0, 0.4736993802092463],
[1659450600.0, 0.4821582959422812],
[1659537000.0, 0.4859838847566641],
[1659623400.0, 0.48551450213310876],
[1659709800.0, 0.48587856630344656],
[1659796200.0, 0.4871662379949287],
[1659882600.0, 0.48910172168531985],
[1659969000.0, 0.4862764126942908],
[1660055400.0, 0.49020479266596034],
[1660141800.0, 0.48455954836488013],
[1660228200.0, 0.4844475419291347],
[1660314600.0, 0.4848743930691941],
[1660401000.0, 0.4848743930691941],
[1660487400.0, 0.4848743930691941],
[1660573800.0, 0.4848743930691941],
[1660660200.0, 0.4880745188389151],
[1660746600.0, 0.48579719995770004],
[1660833000.0, 0.48699718205920856],
[1660919400.0, 0.4898096106510948],
[1661005800.0, 0.48927589259242926],
[1661092200.0, 0.4848135935302788],
[1661178600.0, 0.48796469256334796],
[1661265000.0, 0.4867270214839551],
[1661351400.0, 0.4841302507271676],
[1661437800.0, 0.48883825476048776],
[1661524200.0, 0.48341235667786264],
[1661610600.0, 0.4862471294189492],
[1661697000.0, 0.48467346782408177],
[1661783400.0, 0.4867384550312649],
[1661869800.0, 0.486823470564873],
[1661956200.0, 0.48927678452612133],
[1662042600.0, 0.48945338654096177],
[1662129000.0, 0.487075170828181],
[1662215400.0, 0.48162345748428254],
[1662301800.0, 0.4917782017216041],
[1662388200.0, 0.48918836655971704],
[1662474600.0, 0.49032682433084873],
[1662561000.0, 0.4997321835744951],
[1662647400.0, 0.49598658791789013],
[1662733800.0, 0.4956430580569867],
[1662820200.0, 0.5040959756984996],
[1662906600.0, 0.4961869554477808],
[1662993000.0, 0.49705864592210836],
[1663079400.0, 0.48813972637257513],
[1663165800.0, 0.4848935611826523],
[1663252200.0, 0.4823427864067769],
[1663338600.0, 0.4802287695798816],
[1663425000.0, 0.47494301384048015],
[1663511400.0, 0.47840734074276103],
[1663597800.0, 0.4739193221397134],
[1663684200.0, 0.4706906944067066],
[1663770600.0, 0.4613579928542339],
[1663857000.0, 0.46470717478293044],
[1663943400.0, 0.4557773663395878],
[1664029800.0, 0.4565316462767059],
[1664116200.0, 0.45420120677563747],
[1664202600.0, 0.45890218274613176],
[1664289000.0, 0.4517820070440993],
[1664375400.0, 0.45217328169180515],
[1664461800.0, 0.4532630549805789],
[1664548200.0, 0.45526005143029113],
[1664634600.0, 0.46532041796356516],
[1664717400.0, 0.4729445214015668],
[1664803800.0, 0.46994185677652867],
[1664890200.0, 0.4747340780742737],
[1664976600.0, 0.4780571253738879],
[1665063000.0, 0.486132703613415],
[1665149400.0, 0.49415706274748544],
[1665235800.0, 0.49633231467951777],
[1665322200.0, 0.5002132051855818],
[1665408600.0, 0.4966468057095052],
[1665495000.0, 0.5019178752908396],
[1665581400.0, 0.4981126813249681],
[1665667800.0, 0.5006106707046105],
[1665754200.0, 0.5005904826564802],
[1665840600.0, 0.5036263905861027],
[1665927000.0, 0.5037575362880656],
[1666013400.0, 0.5043756240553448],
[1666099800.0, 0.49988363165353017],
[1666186200.0, 0.5012143247718867],
[1666272600.0, 0.5003891212758305],
[1666359000.0, 0.4984220619018366],
[1666445400.0, 0.49569200603427144],
[1666531800.0, 0.49517990980824256],
[1666618200.0, 0.4863148299877268],
[1666704600.0, 0.4867703493717297],
[1666791000.0, 0.47887006780035696],
[1666877400.0, 0.48259156330549907],
[1666963800.0, 0.4798952921141432],
[1667050200.0, 0.4849896577374227],
[1667136600.0, 0.48247928519248573],
[1667223000.0, 0.47941322692822386],
[1667309400.0, 0.4841076344640836],
[1667395800.0, 0.48758031148624187],
[1667482200.0, 0.49072422905960444],
[1667568600.0, 0.4929290873206346],
[1667655000.0, 0.4916045910330595],
[1667741400.0, 0.49236646187921784],
[1667827800.0, 0.49896449913750573],
[1667914200.0, 0.5017875155445787],
[1668000600.0, 0.4998121090543959],
[1668087000.0, 0.49911707472645395],
[1668173400.0, 0.5017944351849974],
[1668259800.0, 0.5014539550134213],
[1668346200.0, 0.500582444688272],
[1668432600.0, 0.4970935559792579],
[1668519000.0, 0.5039368366315009],
[1668605400.0, 0.5003212185134873],
[1668691800.0, 0.5009285732714501],
[1668778200.0, 0.49161274721716525],
[1668864600.0, 0.4804833734983543],
[1668951000.0, 0.4821659866456775],
[1669037400.0, 0.4849650259204014],
[1669123800.0, 0.47174905511545245],
[1669210200.0, 0.4610848711727861],
[1669296600.0, 0.4649403767948059],
[1669383000.0, 0.4569262849191176],
[1669469400.0, 0.4543670252427708],
[1669555800.0, 0.45390334466014215],
[1669642200.0, 0.466207550240935],
[1669728600.0, 0.4631054930601971],
[1669815000.0, 0.47469524409946023],
[1669901400.0, 0.4809363727917985],
[1669987800.0, 0.49053765750578016],
[1670074200.0, 0.4883577505614288],
[1670160600.0, 0.5007758837319921],
[1670247000.0, 0.49849037155202985],
[1670333400.0, 0.5100132037244506],
[1670419800.0, 0.506668641981639],
[1670506200.0, 0.5040454065739097],
[1670592600.0, 0.5089803996160621],
[1670679000.0, 0.5082921479346669],
[1670765400.0, 0.5115426703693364],
[1670851800.0, 0.5162450497463201],
[1670938200.0, 0.5014223315698665],
[1671024600.0, 0.5024529128341834],
[1671111000.0, 0.501100164662224],
[1671197400.0, 0.4985961290071425],
[1671283800.0, 0.4991118338077563],
[1671370200.0, 0.4997469589432685],
[1671456600.0, 0.5040699356001277],
[1671543000.0, 0.5010841311409001],
[1671629400.0, 0.5085912382409649],
[1671715800.0, 0.5071946588342184],
[1671802200.0, 0.5011503548478619],
[1671888600.0, 0.5081923174025197],
[1671975000.0, 0.5064271305028226],
[1672061400.0, 0.5024718887552148],
[1672147800.0, 0.5035679837313943],
[1672234200.0, 0.5112865907310121],
[1672320600.0, 0.5089260233026729],
[1672407000.0, 0.5074661693375916],
[1672493400.0, 0.5034822003776016],
[1672579800.0, 0.503741685978408],
[1672666200.0, 0.4992764267652655],
[1672752600.0, 0.5021774650577446],
[1672839000.0, 0.5093033841723967],
[1672925400.0, 0.505669695784312],
[1673011800.0, 0.5135834232379283],
[1673098200.0, 0.511395752316203],
[1673184600.0, 0.5120508997108407],
[1673271000.0, 0.518850859067033],
[1673357400.0, 0.5252556808155585],
[1673443800.0, 0.5334783475828092],
[1673530200.0, 0.5309198687870614],
[1673616600.0, 0.5367125804774374],
[1673703000.0, 0.541176294055024],
[1673789400.0, 0.5404244441540802],
[1673875800.0, 0.5475580448888081],
[1673962200.0, 0.5422309221215162],
[1674048600.0, 0.5462282699246743],
[1674135000.0, 0.5428252550459723],
[1674221400.0, 0.5371234099147805],
[1674307800.0, 0.5434124113586062],
[1674394200.0, 0.5396643954543822],
[1674480600.0, 0.526116861316071],
[1674567000.0, 0.5403251056077004],
[1674653400.0, 0.5482059706976184],
[1674739800.0, 0.5405569284758579],
[1674826200.0, 0.5484522162054983],
[1674912600.0, 0.5530352697116838],
[1674999000.0, 0.5490349974223203],
[1675085400.0, 0.5559516446363318],
[1675171800.0, 0.554923007243185],
[1675258200.0, 0.5528421676717362],
[1675344600.0, 0.5448675005154219],
[1675431000.0, 0.5513074732795563],
[1675517400.0, 0.5518244359799692],
[1675603800.0, 0.5535383172392319],
[1675690200.0, 0.5618675094913201],
[1675776600.0, 0.5517803669062928],
[1675863000.0, 0.5517825340129665],
[1675949400.0, 0.5517825340129665],
