[1635773400.0, 100.31499999999998],
[1635859800.0, 100.1845],
[1635946200.0, 99.5705],
[1636032600.0, 100.88499999999999],
[1636119000.0, 101.67175],
[1636205400.0, 104.0865],
[1636291800.0, 102.4965],
[1636378200.0, 101.98449999999998],
[1636464600.0, 101.55175],
[1636551000.0, 101.19750000000002],
[1636637400.0, 102.27925],
[1636723800.0, 101.3525],
[1636810200.0, 101.8615],
[1636896600.0, 101.32374999999998],
[1636983000.0, 101.41475],
[1637069400.0, 100.70349999999999],
[1637155800.0, 100.16174999999996],
[1637242200.0, 100.79899999999999],
[1637328600.0, 101.1815],
[1637415000.0, 109.09100000000001],
[1637501400.0, 108.793],
[1637587800.0, 108.92750000000001],
[1637674200.0, 107.73425000000002],
[1637760600.0, 107.40324999999999],
[1637847000.0, 107.2565],
[1637933400.0, 98.29225000000001],
[1638019800.0, 100.039],
[1638106200.0, 99.82800000000002],
[1638192600.0, 100.67475000000002],
[1638279000.0, 100.33025],
[1638365400.0, 100.23124999999999],
[1638451800.0, 99.9725],
[1638538200.0, 99.6555],
[1638624600.0, 99.60475000000002],
[1638711000.0, 99.57699999999997],
[1638797400.0, 100.19125],
[1638883800.0, 100.378],
[1638970200.0, 100.49425],
[1639056600.0, 100.39325],
[1639143000.0, 99.8695],
[1639229400.0, 99.87974999999999],
[1639315800.0, 99.82075000000002],
[1639402200.0, 100.02799999999999],
[1639488600.0, 99.9955],
[1639575000.0, 100.076],
[1639661400.0, 100.19825],
[1639747800.0, 100.06900000000003],
[1639834200.0, 102.796],
[1639920600.0, 103.51275000000001],
[1640007000.0, 103.69424999999998],
[1640093400.0, 103.44125],
[1640179800.0, 103.47299999999998],
[1640266200.0, 103.56924999999998],
[1640352600.0, 103.57874999999999],
[1640439000.0, 103.19399999999999],
[1640525400.0, 103.14024999999997],
[1640611800.0, 103.07974999999999],
[1640698200.0, 102.85874999999999],
[1640784600.0, 102.2535],
[1640871000.0, 101.95525],
[1640957400.0, 104.28299999999999],
[1641043800.0, 101.20675000000001],
[1641130200.0, 103.45925000000003],
[1641216600.0, 103.51425000000002],
[1641303000.0, 103.30175],
[1641389400.0, 100.30425],
[1641475800.0, 100.2665],
[1641562200.0, 100.0345],
[1641648600.0, 99.5955],
[1641735000.0, 103.25474999999997],
[1641821400.0, 102.71375],
[1641907800.0, 103.25724999999997],
[1641994200.0, 102.60499999999999],
[1642080600.0, 102.48024999999998],
[1642167000.0, 102.37324999999998],
[1642253400.0, 102.37075000000002],
[1642339800.0, 102.19874999999998],
[1642426200.0, 102.803],
[1642512600.0, 102.20375000000001],
[1642599000.0, 102.23399999999998],
[1642685400.0, 102.44850000000001],
[1642771800.0, 102.81725000000003],
[1642858200.0, 102.70824999999999],
[1642944600.0, 102.39775],
[1643031000.0, 102.56875],
[1643117400.0, 102.152],
[1643203800.0, 102.81699999999998],
[1643290200.0, 102.34349999999999],
[1643376600.0, 101.65400000000001],
[1643463000.0, 102.41775],
[1643549400.0, 98.78699999999998],
[1643635800.0, 98.78699999999998],
[1643722200.0, 98.78699999999998],
[1643808600.0, 103.10431145578211],
[1643895000.0, 103.56637065566083],
[1643981400.0, 103.42119864234272],
[1644067800.0, 102.99000000000004],
[1644154200.0, 102.01300000000003],
[1644240600.0, 101.37199999999999],
[1644327000.0, 101.54150000000003],
[1644413400.0, 101.63125],
[1644499800.0, 101.618],
[1644586200.0, 101.30425000000001],
[1644672600.0, 101.08125],
[1644759000.0, 101.58125],
[1644845400.0, 101.50325],
[1644931800.0, 111.81799999999998],
[1645018200.0, 111.08574999999999],
[1645104600.0, 111.59349999999999],
[1645191000.0, 111.17549999999999],
[1645277400.0, 111.52424999999994],
[1645363800.0, 110.57674999999995],
[1645450200.0, 110.617],
[1645536600.0, 112.06825],
[1645623000.0, 112.11924999999997],
[1645709400.0, 111.92699999999998],
[1645795800.0, 111.09774999999999],
[1645882200.0, 112.76924999999999],
[1645968600.0, 113.36499999999994],
[1646055000.0, 113.45275000000004],
[1646141400.0, 113.21625000000006],
[1646227800.0, 126.57774999999997],
[1646314200.0, 126.54575],
[1646400600.0, 126.1375],
[1646487000.0, 125.19149999999999],
[1646573400.0, 125.7865],
[1646659800.0, 125.47399999999996],
[1646746200.0, 124.96124999999999],
[1646832600.0, 117.34975],
[1646919000.0, 116.73125],
[1647005400.0, 115.28099999999999],
[1647091800.0, 113.74575000000002],
[1647178200.0, 114.25899999999997],
[1647264600.0, 115.62049999999999],
[1647351000.0, 115.73449999999998],
[1647437400.0, 115.60024999999999],
[1647523800.0, 115.24575000000002],
[1647610200.0, 116.52424999999998],
[1647696600.0, 115.60325000000003],
[1647783000.0, 116.55525000000003],
[1647869400.0, 117.00925],
[1647955800.0, 117.01599999999999],
[1648042200.0, 120.20075],
[1648128600.0, 118.95549999999999],
[1648215000.0, 119.5675],
[1648301400.0, 115.09124999999999],
[1648387800.0, 114.40124999999998],
[1648474200.0, 122.76875],
[1648560600.0, 121.88225],
[1648647000.0, 122.06775],
[1648733400.0, 121.66650000000001],
[1648819800.0, 119.19624999999996],
[1648906200.0, 118.29775000000002],
[1648996200.0, 117.47274999999999],
[1649082600.0, 117.56899999999996],
[1649169000.0, 116.67675],
[1649255400.0, 115.92900000000004],
[1649341800.0, 115.723],
[1649428200.0, 115.75974999999998],
[1649514600.0, 115.78799999999998],
[1649601000.0, 115.78799999999998],
[1649687400.0, 115.78799999999998],
[1649773800.0, 115.78799999999998],
[1649860200.0, 115.77074999999998],
[1649946600.0, 106.1985],
[1650033000.0, 106.61975],
[1650119400.0, 106.36474999999999],
[1650205800.0, 115.15399999999997],
[1650292200.0, 114.78324999999998],
[1650378600.0, 114.61074999999998],
[1650465000.0, 113.91074999999996],
[1650551400.0, 113.91074999999996],
[1650637800.0, 113.91074999999996],
[1650724200.0, 115.42049999999999],
[1650810600.0, 108.04875],
[1650897000.0, 108.72449999999999],
[1650983400.0, 108.56775],
[1651069800.0, 108.07050000000001],
[1651156200.0, 103.94200000000001],
[1651242600.0, 104.45225],
[1651329000.0, 104.14374999999998],
[1651415400.0, 104.48599999999996],
[1651501800.0, 104.16524999999999],
[1651588200.0, 104.33200000000004],
[1651674600.0, 104.83975000000001],
[1651761000.0, 112.428],
[1651847400.0, 111.82999999999997],
[1651933800.0, 111.61450000000002],
[1652020200.0, 108.51975000000002],
[1652106600.0, 105.06074999999998],
[1652193000.0, 109.40574999999998],
[1652279400.0, 109.30324999999996],
[1652365800.0, 104.91499999999999],
[1652452200.0, 114.77974999999999],
[1652538600.0, 112.86250000000003],
[1652625000.0, 112.63175000000001],
[1652711400.0, 113.44849999999994],
[1652797800.0, 112.93724999999995],
[1652884200.0, 115.10475000000001],
[1652970600.0, 111.73275000000001],
[1653057000.0, 106.1365],
[1653143400.0, 105.88274999999999],
[1653229800.0, 106.86749999999998],
[1653316200.0, 106.17175],
[1653402600.0, 105.96874999999997],
[1653489000.0, 104.56649999999998],
[1653575400.0, 104.15199999999997],
[1653661800.0, 104.77374999999999],
[1653748200.0, 109.63024999999998],
[1653834600.0, 109.2375],
[1653921000.0, 108.91875000000002],
[1654007400.0, 107.90799999999999],
[1654093800.0, 106.25400000000002],
[1654180200.0, 105.58549999999995],
[1654266600.0, 105.97800000000002],
[1654353000.0, 105.58649999999997],
[1654439400.0, 105.33849999999998],
[1654525800.0, 105.33050000000006],
[1654612200.0, 105.10049999999997],
[1654698600.0, 110.80949999999999],
[1654785000.0, 111.46324999999999],
[1654871400.0, 111.11449999999999],
[1654957800.0, 111.09825000000001],
[1655044200.0, 110.57174999999998],
[1655130600.0, 110.47849999999998],
[1655217000.0, 99.03599999999999],
[1655303400.0, 99.51775],
[1655389800.0, 99.47925000000001],
[1655476200.0, 99.37125],
[1655562600.0, 98.36900000000001],
[1655649000.0, 98.06399999999998],
[1655735400.0, 98.15149999999997],
[1655821800.0, 98.65025],
[1655908200.0, 100.03674999999997],
[1655994600.0, 99.85225000000003],
[1656081000.0, 100.412],
[1656167400.0, 99.19199999999998],
[1656253800.0, 100.08125000000001],
[1656340200.0, 100.67850000000001],
[1656426600.0, 100.12124999999999],
[1656513000.0, 100.1145],
[1656599400.0, 100.412],
[1656685800.0, 100.81449999999998],
[1656772200.0, 100.53675],
[1656858600.0, 100.405],
[1656945000.0, 100.23424999999999],
[1657031400.0, 99.23799999999999],
[1657117800.0, 99.22274999999996],
[1657204200.0, 98.56474999999999],
[1657290600.0, 102.14124999999999],
[1657377000.0, 100.29775000000001],
[1657463400.0, 101.75625000000001],
[1657549800.0, 102.05550000000001],
[1657636200.0, 101.63374999999998],
[1657722600.0, 101.95200000000003],
[1657809000.0, 101.13799999999998],
[1657895400.0, 100.53125],
[1657981800.0, 101.245],
[1658068200.0, 98.48025000000003],
[1658154600.0, 100.99749999999997],
[1658241000.0, 102.8335],
[1658327400.0, 101.6745],
[1658413800.0, 102.42225],
[1658500200.0, 102.29875000000003],
[1658586600.0, 102.13675],
[1658673000.0, 102.19150000000002],
[1658759400.0, 102.5225],
[1658845800.0, 101.72725],
[1658932200.0, 101.70075],
[1659018600.0, 102.31974999999997],
[1659105000.0, 102.23124999999996],
[1659191400.0, 102.16275],
[1659277800.0, 101.8595],
[1659364200.0, 101.60549999999998],
[1659450600.0, 101.4225],
[1659537000.0, 100.48575000000001],
[1659623400.0, 100.44749999999999],
[1659709800.0, 105.2225],
[1659796200.0, 104.54775],
[1659882600.0, 104.42474999999999],
[1659969000.0, 104.51574999999998],
[1660055400.0, 105.56099999999999],
[1660141800.0, 105.49374999999998],
[1660228200.0, 105.56250000000003],
[1660314600.0, 104.01474999999998],
[1660401000.0, 104.01474999999998],
[1660487400.0, 104.01474999999998],
[1660573800.0, 104.01474999999998],
[1660660200.0, 104.68374999999999],
[1660746600.0, 106.44274999999998],
[1660833000.0, 101.95349999999998],
[1660919400.0, 101.49799999999999],
[1661005800.0, 100.59349999999999],
[1661092200.0, 101.66524999999999],
[1661178600.0, 101.56524999999996],
[1661265000.0, 101.31099999999998],
[1661351400.0, 101.13374999999999],
[1661437800.0, 101.13174999999998],
[1661524200.0, 100.47500000000005],
[1661610600.0, 100.24050000000001],
[1661697000.0, 100.31500000000003],
[1661783400.0, 99.74675],
[1661869800.0, 99.96124999999998],
[1661956200.0, 100.133],
[1662042600.0, 99.83099999999997],
[1662129000.0, 99.7225],
[1662215400.0, 101.02274999999997],
[1662301800.0, 99.44749999999998],
[1662388200.0, 98.77075],
[1662474600.0, 97.708],
[1662561000.0, 97.7885],
[1662647400.0, 98.3015],
[1662733800.0, 99.22449999999995],
[1662820200.0, 99.93150000000003],
[1662906600.0, 99.8015],
[1662993000.0, 99.91425],
[1663079400.0, 102.96875000000003],
[1663165800.0, 103.52849999999998],
[1663252200.0, 102.92200000000003],
[1663338600.0, 102.39224999999999],
[1663425000.0, 102.494],
[1663511400.0, 102.49550000000002],
[1663597800.0, 103.14825],
[1663684200.0, 103.422],
[1663770600.0, 103.74674999999999],
[1663857000.0, 103.505],
[1663943400.0, 103.386],
[1664029800.0, 103.10599999999997],
[1664116200.0, 103.03949999999998],
[1664202600.0, 103.59824999999998],
[1664289000.0, 104.38799999999999],
[1664375400.0, 104.08],
[1664461800.0, 104.5995],
[1664548200.0, 108.03324999999998],
[1664634600.0, 108.85899999999997],
[1664717400.0, 108.85674999999999],
[1664803800.0, 109.34625000000001],
[1664890200.0, 110.31599999999999],
[1664976600.0, 110.01025],
[1665063000.0, 109.35449999999999],
[1665149400.0, 110.04599999999998],
[1665235800.0, 110.33374999999998],
[1665322200.0, 109.96799999999996],
[1665408600.0, 109.96799999999996],
[1665495000.0, 111.14124999999997],
[1665581400.0, 110.86774999999996],
[1665667800.0, 111.37899999999995],
[1665754200.0, 111.01024999999996],
[1665840600.0, 111.24924999999996],
[1665927000.0, 111.18974999999998],
[1666013400.0, 110.92349999999999],
[1666099800.0, 110.05749999999998],
[1666186200.0, 112.1925],
[1666272600.0, 112.47275000000002],
[1666359000.0, 113.16075000000001],
[1666445400.0, 112.37675000000002],
[1666531800.0, 113.098],
[1666618200.0, 112.03150000000001],
[1666704600.0, 113.59724999999999],
[1666791000.0, 114.76099999999997],
[1666877400.0, 113.68549999999998],
[1666963800.0, 113.26974999999997],
[1667050200.0, 113.81124999999997],
[1667136600.0, 118.22874999999999],
[1667223000.0, 116.36499999999994],
[1667309400.0, 125.63624999999995],
[1667395800.0, 121.15624999999997],
[1667482200.0, 121.21225],
[1667568600.0, 120.61025000000004],
[1667655000.0, 120.44275000000002],
[1667741400.0, 120.10349999999994],
[1667827800.0, 117.13724999999997],
[1667914200.0, 116.5375],
[1668000600.0, 118.55625],
[1668087000.0, 118.31975],
[1668173400.0, 118.10175000000001],
[1668259800.0, 118.00875000000003],
[1668346200.0, 119.88250000000001],
[1668432600.0, 120.691],
[1668519000.0, 120.26525],
[1668605400.0, 120.58225000000004],
[1668691800.0, 121.05250000000005],
[1668778200.0, 120.25325000000005],
[1668864600.0, 121.03775000000003],
[1668951000.0, 118.75174999999999],
[1669037400.0, 116.98899999999999],
[1669123800.0, 116.99175],
[1669210200.0, 116.24524999999997],
[1669296600.0, 116.00349999999999],
[1669383000.0, 116.40899999999996],
[1669469400.0, 115.99224999999998],
[1669555800.0, 115.04049999999995],
[1669642200.0, 115.74299999999998],
[1669728600.0, 116.94500000000001],
[1669815000.0, 117.65975000000003],
[1669901400.0, 121.30324999999996],
[1669987800.0, 120.74624999999996],
[1670074200.0, 123.31599999999995],
[1670160600.0, 124.295],
[1670247000.0, 123.73999999999998],
[1670333400.0, 124.38624999999998],
[1670419800.0, 124.40625],
[1670506200.0, 124.35199999999998],
[1670592600.0, 121.92949999999999],
[1670679000.0, 124.29974999999999],
[1670765400.0, 123.28099999999999],
[1670851800.0, 124.49025000000002],
[1670938200.0, 124.06925000000004],
[1671024600.0, 123.55899999999994],
[1671111000.0, 123.59400000000002],
[1671197400.0, 123.523],
[1671283800.0, 126.00974999999998],
[1671370200.0, 122.51074999999999],
[1671456600.0, 124.13774999999998],
[1671543000.0, 125.56099999999999],
[1671629400.0, 124.44250000000007],
[1671715800.0, 128.30849999999995],
[1671802200.0, 127.71999999999994],
[1671888600.0, 127.71099999999994],
[1671975000.0, 128.54825],
[1672061400.0, 128.12774999999996],
[1672147800.0, 124.95525],
[1672234200.0, 125.19699999999996],
[1672320600.0, 126.30700000000002],
[1672407000.0, 125.03450000000001],
[1672493400.0, 125.11749999999999],
[1672579800.0, 125.29625000000001],
[1672666200.0, 124.82625000000003],
[1672752600.0, 125.81824999999999],
[1672839000.0, 126.03824999999995],
[1672925400.0, 127.18599999999996],
[1673011800.0, 126.66775],
[1673098200.0, 127.20075],
[1673184600.0, 127.7705],
[1673271000.0, 127.117],
[1673357400.0, 127.28325],
[1673443800.0, 128.19824999999994],
[1673530200.0, 128.74525000000003],
[1673616600.0, 125.81375000000003],
[1673703000.0, 125.21125000000002],
[1673789400.0, 123.99475000000002],
[1673875800.0, 123.25700000000002],
[1673962200.0, 123.65425],
[1674048600.0, 123.02999999999997],
[1674135000.0, 122.6165],
[1674221400.0, 122.6315],
[1674307800.0, 123.97524999999999],
[1674394200.0, 123.94174999999998],
[1674480600.0, 123.07574999999997],
[1674567000.0, 123.74249999999998],
[1674653400.0, 123.21024999999995],
[1674739800.0, 122.38624999999998],
[1674826200.0, 122.33399999999999],
[1674912600.0, 121.55549999999998],
[1674999000.0, 122.14050000000002],
[1675085400.0, 120.98175],
[1675171800.0, 121.15849999999996],
[1675258200.0, 120.63025000000002],
[1675344600.0, 120.29999999999995],
[1675431000.0, 119.00599999999994],
[1675517400.0, 118.47774999999994],
[1675603800.0, 117.53050000000003],
[1675690200.0, 117.429],
[1675776600.0, 117.40974999999999],
[1675863000.0, 117.4215],
[1675949400.0, 117.4215],
