[1635773400.0, 7.760000000000001],
[1635859800.0, 7.74],
[1635946200.0, 7.69],
[1636032600.0, 7.66],
[1636119000.0, 7.66],
[1636205400.0, 7.04],
[1636291800.0, 7.63],
[1636378200.0, 7.63],
[1636464600.0, 7.63],
[1636551000.0, 7.66],
[1636637400.0, 7.63],
[1636723800.0, 7.6],
[1636810200.0, 7.65],
[1636896600.0, 7.65],
[1636983000.0, 7.65],
[1637069400.0, 7.6],
[1637155800.0, 7.58],
[1637242200.0, 7.5600000000000005],
[1637328600.0, 7.510000000000001],
[1637415000.0, 7.5600000000000005],
[1637501400.0, 7.5600000000000005],
[1637587800.0, 7.62],
[1637674200.0, 7.6],
[1637760600.0, 7.6],
[1637847000.0, 7.6],
[1637933400.0, 8.12],
[1638019800.0, 8.11],
[1638106200.0, 8.11],
[1638192600.0, 7.640000000000001],
[1638279000.0, 7.6],
[1638365400.0, 7.57],
[1638451800.0, 7.5],
[1638538200.0, 7.5],
[1638624600.0, 7.48],
[1638711000.0, 7.460000000000001],
[1638797400.0, 8.11],
[1638883800.0, 7.83],
[1638970200.0, 7.840000000000001],
[1639056600.0, 7.840000000000001],
[1639143000.0, 8.12],
[1639229400.0, 7.840000000000001],
[1639315800.0, 8.14],
[1639402200.0, 8.26],
[1639488600.0, 8.16],
[1639575000.0, 8],
[1639661400.0, 7.99],
[1639747800.0, 7.9399999999999995],
[1639834200.0, 7.91],
[1639920600.0, 7.840000000000001],
[1640007000.0, 7.8100000000000005],
[1640093400.0, 7.73],
[1640179800.0, 7.65],
[1640266200.0, 7.85],
[1640352600.0, 7.840000000000001],
[1640439000.0, 7.85],
[1640525400.0, 7.86],
[1640611800.0, 7.86],
[1640698200.0, 7.86],
[1640784600.0, 7.86],
[1640871000.0, 7.86],
[1640957400.0, 7.86],
[1641043800.0, 7.85],
[1641130200.0, 7.67],
[1641216600.0, 7.67],
[1641303000.0, 7.85],
[1641389400.0, 7.840000000000001],
[1641475800.0, 7.85],
[1641562200.0, 7.85],
[1641648600.0, 7.83],
[1641735000.0, 7.83],
[1641821400.0, 7.83],
[1641907800.0, 7.83],
[1641994200.0, 7.83],
[1642080600.0, 7.840000000000001],
[1642167000.0, 7.840000000000001],
[1642253400.0, 7.85],
[1642339800.0, 7.83],
[1642426200.0, 8.19],
[1642512600.0, 8.18],
[1642599000.0, 8.28],
[1642685400.0, 8.27],
[1642771800.0, 8.27],
[1642858200.0, 8.26],
[1642944600.0, 8.26],
[1643031000.0, 7.890000000000001],
[1643117400.0, 7.820000000000001],
[1643203800.0, 8.29],
[1643290200.0, 8.25],
[1643376600.0, 8.21],
[1643463000.0, 8.18],
[1643549400.0, 8.229999999999999],
[1643635800.0, 8.229999999999999],
[1643722200.0, 8.229999999999999],
[1643808600.0, 8.24],
[1643895000.0, 8.26],
[1643981400.0, 8.25],
[1644067800.0, 8.25],
[1644154200.0, 8.24],
[1644240600.0, 8.25],
[1644327000.0, 8.25],
[1644413400.0, 8.27],
[1644499800.0, 8.27],
[1644586200.0, 8.24],
[1644672600.0, 8.24],
[1644759000.0, 8.25],
[1644845400.0, 8.26],
[1644931800.0, 8.200000000000001],
[1645018200.0, 8.29],
[1645104600.0, 8.299999999999999],
[1645191000.0, 8.28],
[1645277400.0, 8.27],
[1645363800.0, 8.29],
[1645450200.0, 8.26],
[1645536600.0, 8.21],
[1645623000.0, 8.200000000000001],
[1645709400.0, 8.16],
[1645795800.0, 8.14],
[1645882200.0, 8.1],
[1645968600.0, 8.24],
[1646055000.0, 8.28],
[1646141400.0, 8.28],
[1646227800.0, 8.27],
[1646314200.0, 8.27],
[1646400600.0, 8.26],
[1646487000.0, 8.25],
[1646573400.0, 8.28],
[1646659800.0, 8.29],
[1646746200.0, 8.24],
[1646832600.0, 8.24],
[1646919000.0, 8.200000000000001],
[1647005400.0, 8.17],
[1647091800.0, 8.29],
[1647178200.0, 8.229999999999999],
[1647264600.0, 8.19],
[1647351000.0, 8.09],
[1647437400.0, 8.08],
[1647523800.0, 10.350000000000001],
[1647610200.0, 10.61],
[1647696600.0, 10.43],
[1647783000.0, 10.44],
[1647869400.0, 10.45],
[1647955800.0, 10.21],
[1648042200.0, 10.120000000000001],
[1648128600.0, 10.040000000000001],
[1648215000.0, 9.94],
[1648301400.0, 9.55],
[1648387800.0, 9.459999999999999],
[1648474200.0, 9.459999999999999],
[1648560600.0, 9.41],
[1648647000.0, 8.5],
[1648733400.0, 8.89],
[1648819800.0, 8.83],
[1648906200.0, 8.78],
[1648996200.0, 8.75],
[1649082600.0, 9.78],
[1649169000.0, 8.74],
[1649255400.0, 8.75],
[1649341800.0, 9.76],
[1649428200.0, 9.56],
[1649514600.0, 9.55],
[1649601000.0, 9.55],
[1649687400.0, 9.55],
[1649773800.0, 9.55],
[1649860200.0, 9.54],
[1649946600.0, 9.45],
[1650033000.0, 9.31],
[1650119400.0, 9.23],
[1650205800.0, 9.17],
[1650292200.0, 9.14],
[1650378600.0, 9.42],
[1650465000.0, 9.32],
[1650551400.0, 9.32],
[1650637800.0, 9.32],
[1650724200.0, 9.27],
[1650810600.0, 9.33],
[1650897000.0, 9.33],
[1650983400.0, 9.33],
[1651069800.0, 9.459999999999999],
[1651156200.0, 9.17],
[1651242600.0, 9.18],
[1651329000.0, 9.149999999999999],
[1651415400.0, 9.38],
[1651501800.0, 9.49],
[1651588200.0, 9.05],
[1651674600.0, 9.52],
[1651761000.0, 9.399999999999999],
[1651847400.0, 8.969999999999999],
[1651933800.0, 8.94],
[1652020200.0, 8.65],
[1652106600.0, 8.9],
[1652193000.0, 8.85],
[1652279400.0, 8.85],
[1652365800.0, 8.46],
[1652452200.0, 8.46],
[1652538600.0, 8.42],
[1652625000.0, 8.36],
[1652711400.0, 8.35],
[1652797800.0, 8.33],
[1652884200.0, 8.29],
[1652970600.0, 8.299999999999999],
[1653057000.0, 8.31],
[1653143400.0, 8.27],
[1653229800.0, 8.29],
[1653316200.0, 8.32],
[1653402600.0, 8.26],
[1653489000.0, 8.07],
[1653575400.0, 8.22],
[1653661800.0, 8.229999999999999],
[1653748200.0, 8.16],
[1653834600.0, 8.229999999999999],
[1653921000.0, 8.29],
[1654007400.0, 8.22],
[1654093800.0, 8.39],
[1654180200.0, 8.34],
[1654266600.0, 8.34],
[1654353000.0, 8.34],
[1654439400.0, 8.35],
[1654525800.0, 8.36],
[1654612200.0, 8.35],
[1654698600.0, 8.32],
[1654785000.0, 8.94],
[1654871400.0, 8.91],
[1654957800.0, 8.89],
[1655044200.0, 10.540000000000001],
[1655130600.0, 10.37],
[1655217000.0, 10.329999999999998],
[1655303400.0, 10.26],
[1655389800.0, 10.270000000000001],
[1655476200.0, 10.13],
[1655562600.0, 10.09],
[1655649000.0, 10.049999999999999],
[1655735400.0, 10.049999999999999],
[1655821800.0, 9.85],
[1655908200.0, 9.69],
[1655994600.0, 9.7],
[1656081000.0, 9.49],
[1656167400.0, 9.399999999999999],
[1656253800.0, 9.16],
[1656340200.0, 8.969999999999999],
[1656426600.0, 8.66],
[1656513000.0, 8.94],
[1656599400.0, 9.76],
[1656685800.0, 10.13],
[1656772200.0, 10.42],
[1656858600.0, 11.15],
[1656945000.0, 11.2],
[1657031400.0, 11.17],
[1657117800.0, 12.52],
[1657204200.0, 12.45],
[1657290600.0, 12.47],
[1657377000.0, 12.55],
[1657463400.0, 12.52],
[1657549800.0, 12.49],
[1657636200.0, 12.47],
[1657722600.0, 12.42],
[1657809000.0, 12.34],
[1657895400.0, 12.29],
[1657981800.0, 12.249999999999998],
[1658068200.0, 12.22],
[1658154600.0, 12.24],
[1658241000.0, 12.24],
[1658327400.0, 12.22],
[1658413800.0, 15.52],
[1658500200.0, 15.52],
[1658586600.0, 15.49],
[1658673000.0, 15.49],
[1658759400.0, 15.54],
[1658845800.0, 15.52],
[1658932200.0, 15.54],
[1659018600.0, 15.52],
[1659105000.0, 15.370000000000001],
[1659191400.0, 14.94],
[1659277800.0, 14.93],
[1659364200.0, 14.879999999999999],
[1659450600.0, 14.74],
[1659537000.0, 14.629999999999999],
[1659623400.0, 13.229999999999999],
[1659709800.0, 12.58],
[1659796200.0, 12.499999999999998],
[1659882600.0, 11.82],
[1659969000.0, 12.499999999999998],
[1660055400.0, 12.51],
[1660141800.0, 12.55],
[1660228200.0, 13.190000000000001],
[1660314600.0, 14.959999999999999],
[1660401000.0, 14.959999999999999],
[1660487400.0, 14.959999999999999],
[1660573800.0, 14.959999999999999],
[1660660200.0, 12.309999999999999],
[1660746600.0, 12.05],
[1660833000.0, 12.32],
[1660919400.0, 12.26],
[1661005800.0, 12.22],
[1661092200.0, 12.17],
[1661178600.0, 12.12],
[1661265000.0, 12.13],
[1661351400.0, 12.09],
[1661437800.0, 12.07],
[1661524200.0, 11.78],
[1661610600.0, 11.78],
[1661697000.0, 11.76],
[1661783400.0, 11.7],
[1661869800.0, 11.67],
[1661956200.0, 11.67],
[1662042600.0, 11.63],
[1662129000.0, 12.28],
[1662215400.0, 11.63],
[1662301800.0, 12.28],
[1662388200.0, 12.2],
[1662474600.0, 12.13],
[1662561000.0, 12.11],
[1662647400.0, 12.12],
[1662733800.0, 12.13],
[1662820200.0, 12.11],
[1662906600.0, 12.13],
[1662993000.0, 12.15],
[1663079400.0, 12.11],
[1663165800.0, 12.09],
[1663252200.0, 12.03],
[1663338600.0, 11.78],
[1663425000.0, 11.83],
[1663511400.0, 13.37],
[1663597800.0, 13.37],
[1663684200.0, 13.34],
[1663770600.0, 13.27],
[1663857000.0, 14.149999999999999],
[1663943400.0, 14.459999999999999],
[1664029800.0, 14.01],
[1664116200.0, 14.01],
[1664202600.0, 13.99],
[1664289000.0, 14.149999999999999],
[1664375400.0, 13.99],
[1664461800.0, 13.979999999999999],
[1664548200.0, 13.87],
[1664634600.0, 13.74],
[1664717400.0, 13.7],
[1664803800.0, 13.7],
[1664890200.0, 13.7],
[1664976600.0, 13.69],
[1665063000.0, 13.62],
[1665149400.0, 13.6],
[1665235800.0, 13.559999999999999],
[1665322200.0, 13.559999999999999],
[1665408600.0, 13.59],
[1665495000.0, 13.559999999999999],
[1665581400.0, 13.57],
[1665667800.0, 13.559999999999999],
[1665754200.0, 13.49],
[1665840600.0, 13.479999999999999],
[1665927000.0, 12.93],
[1666013400.0, 13.34],
[1666099800.0, 13.38],
[1666186200.0, 13.309999999999999],
[1666272600.0, 13.18],
[1666359000.0, 13.18],
[1666445400.0, 13.18],
[1666531800.0, 13.34],
[1666618200.0, 13.22],
[1666704600.0, 13.43],
[1666791000.0, 13.34],
[1666877400.0, 13.03],
[1666963800.0, 14.26],
[1667050200.0, 14.12],
[1667136600.0, 14.01],
[1667223000.0, 17.26],
[1667309400.0, 15.78],
[1667395800.0, 15.620000000000001],
[1667482200.0, 17.189999999999998],
[1667568600.0, 17.39],
[1667655000.0, 17.46],
[1667741400.0, 17.2],
[1667827800.0, 16.87],
[1667914200.0, 16.209999999999997],
[1668000600.0, 16.14],
[1668087000.0, 16.16],
[1668173400.0, 15.61],
[1668259800.0, 16.18],
[1668346200.0, 15.98],
[1668432600.0, 15.899999999999999],
[1668519000.0, 15.450000000000001],
[1668605400.0, 15.23],
[1668691800.0, 15.030000000000001],
[1668778200.0, 15.24],
[1668864600.0, 15.1],
[1668951000.0, 14.86],
[1669037400.0, 14.569999999999999],
[1669123800.0, 14.18],
[1669210200.0, 13.99],
[1669296600.0, 13.82],
[1669383000.0, 13.75],
[1669469400.0, 13.610000000000001],
[1669555800.0, 13.24],
[1669642200.0, 13.149999999999999],
[1669728600.0, 13.149999999999999],
[1669815000.0, 13.110000000000001],
[1669901400.0, 13.12],
[1669987800.0, 13.08],
[1670074200.0, 12.11],
[1670160600.0, 12.84],
[1670247000.0, 13.54],
[1670333400.0, 13.559999999999999],
[1670419800.0, 14.209999999999999],
[1670506200.0, 13.66],
[1670592600.0, 13.66],
[1670679000.0, 13.79],
[1670765400.0, 14.19],
[1670851800.0, 14.24],
[1670938200.0, 14.229999999999999],
[1671024600.0, 14.19],
[1671111000.0, 14.17],
[1671197400.0, 14.17],
[1671283800.0, 14.19],
[1671370200.0, 14.16],
[1671456600.0, 14.18],
[1671543000.0, 13.610000000000001],
[1671629400.0, 14.18],
[1671715800.0, 14.149999999999999],
[1671802200.0, 14.14],
[1671888600.0, 14.14],
[1671975000.0, 14.19],
[1672061400.0, 14.19],
[1672147800.0, 14.129999999999999],
[1672234200.0, 14.16],
[1672320600.0, 14.29],
[1672407000.0, 14.29],
[1672493400.0, 14.32],
[1672579800.0, 14.339999999999998],
[1672666200.0, 14.459999999999999],
[1672752600.0, 14.459999999999999],
[1672839000.0, 14.1],
[1672925400.0, 14.55],
[1673011800.0, 14.129999999999999],
[1673098200.0, 14.17],
[1673184600.0, 14.280000000000001],
[1673271000.0, 14.24],
[1673357400.0, 14.18],
[1673443800.0, 14.19],
[1673530200.0, 14.25],
[1673616600.0, 14.25],
[1673703000.0, 15.66],
[1673789400.0, 14.39],
[1673875800.0, 14.31],
[1673962200.0, 15.569999999999999],
[1674048600.0, 15.43],
[1674135000.0, 15.399999999999999],
[1674221400.0, 15.33],
[1674307800.0, 16.07],
[1674394200.0, 16.78],
[1674480600.0, 16.51],
[1674567000.0, 16.66],
[1674653400.0, 16.07],
[1674739800.0, 16.932851580299076],
[1674826200.0, 16.858207403127967],
[1674912600.0, 17.81728004600345],
[1674999000.0, 17.538125],
[1675085400.0, 17.769314218509205],
[1675171800.0, 16.88],
[1675258200.0, 16.93],
[1675344600.0, 16.67],
[1675431000.0, 16.82],
[1675517400.0, 16.82],
[1675603800.0, 16.7],
[1675690200.0, 16.55],
[1675776600.0, 16.689999999999998],
[1675863000.0, 16.209999999999997],
[1675949400.0, 16.209999999999997],
