[1635773400.0, 45.94521833333334],
[1635859800.0, 45.52396733333333],
[1635946200.0, 45.455188333333325],
[1636032600.0, 45.12769566666666],
[1636119000.0, 45.53933333333333],
[1636205400.0, 44.35851366666666],
[1636291800.0, 44.149657999999995],
[1636378200.0, 43.92995366666667],
[1636464600.0, 43.73721633333333],
[1636551000.0, 44.025889666666664],
[1636637400.0, 46.333177666666664],
[1636723800.0, 46.45974966666666],
[1636810200.0, 46.73164766666667],
[1636896600.0, 49.51415566666666],
[1636983000.0, 45.75936833333333],
[1637069400.0, 46.580185666666665],
[1637155800.0, 48.079825666666665],
[1637242200.0, 48.84637566666667],
[1637328600.0, 48.85719733333334],
[1637415000.0, 48.134668],
[1637501400.0, 47.72953699999999],
[1637587800.0, 46.950710333333326],
[1637674200.0, 47.318882333333335],
[1637760600.0, 48.354634999999995],
[1637847000.0, 47.889669999999995],
[1637933400.0, 47.30122],
[1638019800.0, 47.56831466666666],
[1638106200.0, 47.188213999999995],
[1638192600.0, 49.078599999999994],
[1638279000.0, 48.99844099999999],
[1638365400.0, 48.79812033333334],
[1638451800.0, 54.54939033333333],
[1638538200.0, 57.919564666666666],
[1638624600.0, 59.91274866666666],
[1638711000.0, 59.26833666666667],
[1638797400.0, 57.87354666666667],
[1638883800.0, 59.34633566666667],
[1638970200.0, 59.047213],
[1639056600.0, 58.678135],
[1639143000.0, 55.956572333333334],
[1639229400.0, 53.36191433333334],
[1639315800.0, 53.878645000000006],
[1639402200.0, 52.66444266666667],
[1639488600.0, 53.093403333333335],
[1639575000.0, 52.955251999999994],
[1639661400.0, 53.95848566666666],
[1639747800.0, 54.123116333333336],
[1639834200.0, 55.32768866666666],
[1639920600.0, 55.64164333333334],
[1640007000.0, 54.49392366666667],
[1640093400.0, 54.61700866666666],
[1640179800.0, 54.87379933333333],
[1640266200.0, 54.30414166666666],
[1640352600.0, 54.551565333333336],
[1640439000.0, 54.748998],
[1640525400.0, 54.49438633333333],
[1640611800.0, 54.18068333333334],
[1640698200.0, 53.914170333333324],
[1640784600.0, 53.506387999999994],
[1640871000.0, 53.555377666666665],
[1640957400.0, 53.75820000000001],
[1641043800.0, 53.894494333333334],
[1641130200.0, 54.843284000000004],
[1641216600.0, 54.08106899999999],
[1641303000.0, 54.15422699999999],
[1641389400.0, 54.01662699999999],
[1641475800.0, 54.37687033333333],
[1641562200.0, 54.46420366666666],
[1641648600.0, 53.61783833333333],
[1641735000.0, 54.142630999999994],
[1641821400.0, 54.46436766666667],
[1641907800.0, 52.71248433333333],
[1641994200.0, 52.43497633333333],
[1642080600.0, 52.62526966666667],
[1642167000.0, 53.86335333333333],
[1642253400.0, 54.01709466666667],
[1642339800.0, 53.41729133333333],
[1642426200.0, 52.937136],
[1642512600.0, 52.94319766666666],
[1642599000.0, 52.876096],
[1642685400.0, 52.627159666666664],
[1642771800.0, 53.491650333333325],
[1642858200.0, 51.446641666666665],
[1642944600.0, 51.70671866666667],
[1643031000.0, 52.239711666666665],
[1643117400.0, 52.258728999999995],
[1643203800.0, 51.814146333333326],
[1643290200.0, 51.716520333333335],
[1643376600.0, 51.74544366666667],
[1643463000.0, 51.81732566666667],
[1643549400.0, 51.361004333333334],
[1643635800.0, 51.361004333333334],
[1643722200.0, 51.361004333333334],
[1643808600.0, 51.87664066666667],
[1643895000.0, 51.07638],
[1643981400.0, 52.08323599999999],
[1644067800.0, 52.26147766666666],
[1644154200.0, 52.83795833333334],
[1644240600.0, 52.812579],
[1644327000.0, 53.667290333333334],
[1644413400.0, 53.476211666666664],
[1644499800.0, 52.344332666666666],
[1644586200.0, 52.34264466666667],
[1644672600.0, 52.18150033333334],
[1644759000.0, 53.466557],
[1644845400.0, 53.66397166666667],
[1644931800.0, 53.80477033333333],
[1645018200.0, 53.81426066666666],
[1645104600.0, 54.264376999999996],
[1645191000.0, 53.95657333333333],
[1645277400.0, 53.81840566666667],
[1645363800.0, 52.324067333333325],
[1645450200.0, 51.784924999999994],
[1645536600.0, 52.03570933333334],
[1645623000.0, 51.99439633333333],
[1645709400.0, 52.045647333333335],
[1645795800.0, 51.84257333333333],
[1645882200.0, 51.772158999999995],
[1645968600.0, 51.37147433333333],
[1646055000.0, 51.461852666666665],
[1646141400.0, 50.94857433333334],
[1646227800.0, 50.90047633333334],
[1646314200.0, 50.77614299999999],
[1646400600.0, 50.37077300000001],
[1646487000.0, 50.11946866666667],
[1646573400.0, 50.11087666666666],
[1646659800.0, 50.11551233333333],
[1646746200.0, 49.82593333333333],
[1646832600.0, 49.86853766666666],
[1646919000.0, 49.46703233333333],
[1647005400.0, 49.638411999999995],
[1647091800.0, 49.762863333333335],
[1647178200.0, 49.971488],
[1647264600.0, 49.745138999999995],
[1647351000.0, 49.935348],
[1647437400.0, 50.18367633333333],
[1647523800.0, 50.360493999999996],
[1647610200.0, 50.72012566666666],
[1647696600.0, 51.38571266666667],
[1647783000.0, 55.237266],
[1647869400.0, 56.05108233333334],
[1647955800.0, 55.350045],
[1648042200.0, 54.94196233333332],
[1648128600.0, 58.04251233333334],
[1648215000.0, 57.33446899999999],
[1648301400.0, 57.23681466666667],
[1648387800.0, 58.557584],
[1648474200.0, 57.05187933333334],
[1648560600.0, 56.897816],
[1648647000.0, 57.645628666666674],
[1648733400.0, 56.247952999999995],
[1648819800.0, 55.526421],
[1648906200.0, 55.292842],
[1648996200.0, 54.01604066666666],
[1649082600.0, 53.84837666666667],
[1649169000.0, 53.35784566666666],
[1649255400.0, 53.24846300000001],
[1649341800.0, 53.241925333333334],
[1649428200.0, 53.31590766666667],
[1649514600.0, 53.263160666666664],
[1649601000.0, 53.263160666666664],
[1649687400.0, 53.263160666666664],
[1649773800.0, 53.263160666666664],
[1649860200.0, 53.25302233333334],
[1649946600.0, 53.72860666666667],
[1650033000.0, 53.64724866666666],
[1650119400.0, 54.92470033333333],
[1650205800.0, 56.071073000000005],
[1650292200.0, 56.15757966666666],
[1650378600.0, 56.188220666666666],
[1650465000.0, 60.47404833333332],
[1650551400.0, 60.47404833333332],
[1650637800.0, 60.47404833333332],
[1650724200.0, 61.846730666666666],
[1650810600.0, 62.468904666666674],
[1650897000.0, 61.88816466666666],
[1650983400.0, 61.64917033333334],
[1651069800.0, 61.386123000000005],
[1651156200.0, 59.112143],
[1651242600.0, 58.90738033333334],
[1651329000.0, 59.07805966666666],
[1651415400.0, 57.70686233333333],
[1651501800.0, 57.46314033333334],
[1651588200.0, 57.775119],
[1651674600.0, 57.171834],
[1651761000.0, 55.922171666666664],
[1651847400.0, 55.89464133333333],
[1651933800.0, 54.61407666666667],
[1652020200.0, 54.322295999999994],
[1652106600.0, 53.65651333333333],
[1652193000.0, 53.862582666666675],
[1652279400.0, 53.41367533333334],
[1652365800.0, 52.04334033333333],
[1652452200.0, 51.31793766666667],
[1652538600.0, 51.37285966666666],
[1652625000.0, 51.53217766666666],
[1652711400.0, 50.71515733333334],
[1652797800.0, 51.63616],
[1652884200.0, 51.24405166666666],
[1652970600.0, 50.883710666666666],
[1653057000.0, 50.577762],
[1653143400.0, 49.87255433333333],
[1653229800.0, 49.717051999999995],
[1653316200.0, 50.33952766666666],
[1653402600.0, 49.786752],
[1653489000.0, 49.48608633333333],
[1653575400.0, 48.782585000000005],
[1653661800.0, 48.86444233333333],
[1653748200.0, 49.61291833333333],
[1653834600.0, 49.584271666666666],
[1653921000.0, 50.10306433333333],
[1654007400.0, 49.63750099999999],
[1654093800.0, 49.422808],
[1654180200.0, 49.998523666666664],
[1654266600.0, 50.22310066666666],
[1654353000.0, 49.93871133333334],
[1654439400.0, 50.06751666666668],
[1654525800.0, 50.18466133333334],
[1654612200.0, 49.401293666666675],
[1654698600.0, 51.20529466666667],
[1654785000.0, 51.22466633333334],
[1654871400.0, 50.953785],
[1654957800.0, 50.819358666666666],
[1655044200.0, 50.59655333333333],
[1655130600.0, 50.393695666666666],
[1655217000.0, 50.486366000000004],
[1655303400.0, 50.822341],
[1655389800.0, 49.49015966666666],
[1655476200.0, 49.40008399999999],
[1655562600.0, 48.909995333333335],
[1655649000.0, 47.96227],
[1655735400.0, 48.14278833333333],
[1655821800.0, 48.443386000000004],
[1655908200.0, 48.55416733333333],
[1655994600.0, 48.45111966666667],
[1656081000.0, 48.402480000000004],
[1656167400.0, 48.20997933333333],
[1656253800.0, 46.704134],
[1656340200.0, 46.571422000000005],
[1656426600.0, 46.360534],
[1656513000.0, 46.05226566666666],
[1656599400.0, 46.01384433333333],
[1656685800.0, 47.09804766666667],
[1656772200.0, 47.073955000000005],
[1656858600.0, 46.91196366666667],
[1656945000.0, 46.93035466666666],
[1657031400.0, 47.10699566666667],
[1657117800.0, 47.03500499999999],
[1657204200.0, 46.73764833333333],
[1657290600.0, 46.873826],
[1657377000.0, 46.36246966666666],
[1657463400.0, 46.27934399999999],
[1657549800.0, 45.495912],
[1657636200.0, 45.82027333333334],
[1657722600.0, 45.825949],
[1657809000.0, 46.075088333333326],
[1657895400.0, 45.78079633333334],
[1657981800.0, 45.52704266666667],
[1658068200.0, 45.42990766666666],
[1658154600.0, 45.74784866666667],
[1658241000.0, 45.723628999999995],
[1658327400.0, 44.08081066666667],
[1658413800.0, 43.709888666666664],
[1658500200.0, 44.480796],
[1658586600.0, 44.380158333333334],
[1658673000.0, 45.11886466666666],
[1658759400.0, 45.305749666666664],
[1658845800.0, 44.970856000000005],
[1658932200.0, 44.808337333333334],
[1659018600.0, 44.822210000000005],
[1659105000.0, 44.20717233333334],
[1659191400.0, 44.345627],
[1659277800.0, 43.51772766666667],
[1659364200.0, 43.69780600000001],
[1659450600.0, 43.90223966666667],
[1659537000.0, 43.717107],
[1659623400.0, 43.74807933333333],
[1659709800.0, 44.812595666666674],
[1659796200.0, 44.556148666666665],
[1659882600.0, 45.330875333333346],
[1659969000.0, 45.353989333333324],
[1660055400.0, 45.38024866666667],
[1660141800.0, 45.185348999999995],
[1660228200.0, 45.45479266666666],
[1660314600.0, 45.297160999999996],
[1660401000.0, 45.297160999999996],
[1660487400.0, 45.297160999999996],
[1660573800.0, 45.297160999999996],
[1660660200.0, 44.405458333333335],
[1660746600.0, 44.316418999999996],
[1660833000.0, 44.40286166666667],
[1660919400.0, 44.570737666666666],
[1661005800.0, 45.42435533333333],
[1661092200.0, 45.31793166666666],
[1661178600.0, 45.6732],
[1661265000.0, 45.918437000000004],
[1661351400.0, 45.912626666666675],
[1661437800.0, 45.997569999999996],
[1661524200.0, 45.933331666666675],
[1661610600.0, 46.21586299999999],
[1661697000.0, 46.224480666666665],
[1661783400.0, 46.32168033333334],
[1661869800.0, 51.55311633333333],
[1661956200.0, 51.48564366666667],
[1662042600.0, 51.376921333333335],
[1662129000.0, 47.36387933333334],
[1662215400.0, 47.518067333333335],
[1662301800.0, 47.82822866666667],
[1662388200.0, 47.79103466666666],
[1662474600.0, 45.359656],
[1662561000.0, 45.66221266666667],
[1662647400.0, 45.58296633333333],
[1662733800.0, 45.590226666666666],
[1662820200.0, 45.58845066666666],
[1662906600.0, 45.83025233333334],
[1662993000.0, 45.638284666666664],
[1663079400.0, 45.729634000000004],
[1663165800.0, 45.79143233333334],
[1663252200.0, 46.27325400000001],
[1663338600.0, 46.16110666666666],
[1663425000.0, 46.05567200000001],
[1663511400.0, 46.018788],
[1663597800.0, 45.86774366666666],
[1663684200.0, 45.773667666666675],
[1663770600.0, 45.820906666666666],
[1663857000.0, 45.876659],
[1663943400.0, 45.708790666666665],
[1664029800.0, 45.224842333333335],
[1664116200.0, 45.022658],
[1664202600.0, 44.822449],
[1664289000.0, 44.74003233333334],
[1664375400.0, 44.92512766666667],
[1664461800.0, 44.776033000000005],
[1664548200.0, 44.97044733333333],
[1664634600.0, 45.121368999999994],
[1664717400.0, 44.24501833333333],
[1664803800.0, 44.46826466666666],
[1664890200.0, 44.86440966666666],
[1664976600.0, 47.083033],
[1665063000.0, 47.24854966666667],
[1665149400.0, 47.00282966666666],
[1665235800.0, 47.066088666666666],
[1665322200.0, 48.065021333333334],
[1665408600.0, 47.330556],
[1665495000.0, 47.56916699999999],
[1665581400.0, 48.515967999999994],
[1665667800.0, 48.47374633333334],
[1665754200.0, 47.761099],
[1665840600.0, 48.115283],
[1665927000.0, 48.420555],
[1666013400.0, 47.61212633333333],
[1666099800.0, 47.310296333333326],
[1666186200.0, 47.496615],
[1666272600.0, 48.09932633333333],
[1666359000.0, 48.68904133333333],
[1666445400.0, 49.37667833333333],
[1666531800.0, 50.233984666666665],
[1666618200.0, 50.16996733333334],
[1666704600.0, 50.98016766666666],
[1666791000.0, 50.56945166666667],
[1666877400.0, 50.41486666666666],
[1666963800.0, 50.05948466666666],
[1667050200.0, 49.859754333333335],
[1667136600.0, 49.49155866666666],
[1667223000.0, 49.738776333333334],
[1667309400.0, 49.37762066666667],
[1667395800.0, 49.38484400000001],
[1667482200.0, 49.97596433333333],
[1667568600.0, 50.337675999999995],
[1667655000.0, 50.305283],
[1667741400.0, 50.16932133333333],
[1667827800.0, 49.893171],
[1667914200.0, 50.18896866666666],
[1668000600.0, 50.772802000000006],
[1668087000.0, 51.59494133333334],
[1668173400.0, 52.43440733333333],
[1668259800.0, 51.791235666666665],
[1668346200.0, 51.61516433333335],
[1668432600.0, 52.44591499999999],
[1668519000.0, 52.12618366666667],
[1668605400.0, 52.16262699999999],
[1668691800.0, 52.56249666666667],
[1668778200.0, 52.601064],
[1668864600.0, 53.255821],
[1668951000.0, 53.70568233333333],
[1669037400.0, 54.768744999999996],
[1669123800.0, 54.496412333333325],
[1669210200.0, 54.367991999999994],
[1669296600.0, 53.917598999999996],
[1669383000.0, 52.70192599999999],
[1669469400.0, 52.07812933333333],
[1669555800.0, 52.19915799999999],
[1669642200.0, 52.65607533333333],
[1669728600.0, 53.191187333333325],
[1669815000.0, 53.302271999999995],
[1669901400.0, 53.532371666666656],
[1669987800.0, 53.37884333333333],
[1670074200.0, 53.133272],
[1670160600.0, 53.781249],
[1670247000.0, 54.10187766666667],
[1670333400.0, 53.78416566666667],
[1670419800.0, 53.54433766666667],
[1670506200.0, 53.80430233333333],
[1670592600.0, 54.72017400000001],
[1670679000.0, 54.43953966666666],
[1670765400.0, 54.29408166666667],
[1670851800.0, 54.49736733333333],
[1670938200.0, 54.374114999999996],
[1671024600.0, 53.951572666666664],
[1671111000.0, 59.398136666666666],
[1671197400.0, 58.47040933333333],
[1671283800.0, 58.527166],
[1671370200.0, 58.3143],
[1671456600.0, 58.744638],
[1671543000.0, 58.528769000000004],
[1671629400.0, 58.44220066666667],
[1671715800.0, 58.36632866666667],
[1671802200.0, 57.745849333333325],
[1671888600.0, 57.654711999999996],
[1671975000.0, 57.878401000000004],
[1672061400.0, 57.882328666666666],
[1672147800.0, 57.67331866666667],
[1672234200.0, 57.57803766666667],
[1672320600.0, 57.577088999999994],
[1672407000.0, 57.85045733333333],
[1672493400.0, 58.025613666666665],
[1672579800.0, 58.39456066666667],
[1672666200.0, 58.173076],
[1672752600.0, 58.57679466666667],
[1672839000.0, 58.144425333333324],
[1672925400.0, 58.489869999999996],
[1673011800.0, 58.80103600000001],
[1673098200.0, 58.548592000000006],
[1673184600.0, 59.80178633333333],
[1673271000.0, 59.043665000000004],
[1673357400.0, 56.344073],
[1673443800.0, 57.643606],
[1673530200.0, 58.23217566666667],
[1673616600.0, 57.952187333333335],
[1673703000.0, 57.94315099999999],
[1673789400.0, 57.765621],
[1673875800.0, 57.500982666666665],
[1673962200.0, 58.155105],
[1674048600.0, 56.794505333333326],
[1674135000.0, 56.40541066666666],
[1674221400.0, 55.976835333333334],
[1674307800.0, 56.391967],
[1674394200.0, 55.05372],
[1674480600.0, 56.458986333333335],
[1674567000.0, 56.588109333333335],
[1674653400.0, 56.23382766666666],
[1674739800.0, 56.71319266666666],
[1674826200.0, 56.640206666666664],
[1674912600.0, 56.382078],
[1674999000.0, 56.73298466666666],
[1675085400.0, 56.809730333333334],
[1675171800.0, 56.568229333333335],
[1675258200.0, 56.92127766666667],
[1675344600.0, 56.463372666666665],
[1675431000.0, 56.989427],
[1675517400.0, 57.311196],
[1675603800.0, 57.916257],
[1675690200.0, 56.77209766666667],
[1675776600.0, 56.972461],
[1675863000.0, 56.975824666666675],
[1675949400.0, 56.975824666666675],
