[1635773400.0, 4.940000000000001],
[1635859800.0, 4.927777777777778],
[1635946200.0, 5.042222222222223],
[1636032600.0, 5.221111111111111],
[1636119000.0, 5.27],
[1636205400.0, 5.167777777777777],
[1636291800.0, 5.044444444444445],
[1636378200.0, 4.9188888888888895],
[1636464600.0, 4.937777777777779],
[1636551000.0, 4.876666666666669],
[1636637400.0, 4.83],
[1636723800.0, 4.782222222222223],
[1636810200.0, 4.765555555555556],
[1636896600.0, 4.72111111111111],
[1636983000.0, 4.705555555555556],
[1637069400.0, 4.687777777777779],
[1637155800.0, 4.644444444444444],
[1637242200.0, 4.606666666666666],
[1637328600.0, 4.543333333333334],
[1637415000.0, 4.464444444444443],
[1637501400.0, 4.506666666666668],
[1637587800.0, 4.506666666666667],
[1637674200.0, 4.622222222222223],
[1637760600.0, 4.652222222222222],
[1637847000.0, 4.638888888888889],
[1637933400.0, 4.688888888888888],
[1638019800.0, 4.701111111111111],
[1638106200.0, 4.61],
[1638192600.0, 4.547777777777778],
[1638279000.0, 4.546666666666667],
[1638365400.0, 4.540000000000001],
[1638451800.0, 4.543333333333333],
[1638538200.0, 4.58],
[1638624600.0, 4.576666666666667],
[1638711000.0, 4.604444444444444],
[1638797400.0, 4.584444444444445],
[1638883800.0, 4.634444444444444],
[1638970200.0, 4.858888888888889],
[1639056600.0, 4.847777777777777],
[1639143000.0, 4.7700000000000005],
[1639229400.0, 4.720000000000001],
[1639315800.0, 4.844444444444445],
[1639402200.0, 4.862222222222223],
[1639488600.0, 4.859999999999999],
[1639575000.0, 4.725555555555555],
[1639661400.0, 4.707777777777778],
[1639747800.0, 4.695555555555556],
[1639834200.0, 4.774444444444445],
[1639920600.0, 4.717777777777779],
[1640007000.0, 4.692222222222223],
[1640093400.0, 4.745555555555557],
[1640179800.0, 4.79],
[1640266200.0, 4.783333333333333],
[1640352600.0, 4.823333333333334],
[1640439000.0, 4.815555555555555],
[1640525400.0, 4.847777777777778],
[1640611800.0, 4.902222222222222],
[1640698200.0, 4.9],
[1640784600.0, 4.892222222222222],
[1640871000.0, 4.891111111111112],
[1640957400.0, 4.8500000000000005],
[1641043800.0, 4.912222222222223],
[1641130200.0, 4.876666666666668],
[1641216600.0, 4.881111111111111],
[1641303000.0, 4.858888888888888],
[1641389400.0, 5.306666666666666],
[1641475800.0, 5.169999999999999],
[1641562200.0, 4.975555555555555],
[1641648600.0, 4.961111111111111],
[1641735000.0, 4.905555555555556],
[1641821400.0, 4.983333333333333],
[1641907800.0, 4.952222222222222],
[1641994200.0, 4.847777777777779],
[1642080600.0, 4.925555555555556],
[1642167000.0, 4.972222222222223],
[1642253400.0, 4.970000000000001],
[1642339800.0, 4.926666666666667],
[1642426200.0, 5.031111111111111],
[1642512600.0, 5.005555555555556],
[1642599000.0, 5.006666666666666],
[1642685400.0, 5.077777777777778],
[1642771800.0, 5.145555555555555],
[1642858200.0, 5.09],
[1642944600.0, 5.045555555555556],
[1643031000.0, 5.231111111111111],
[1643117400.0, 5.083333333333332],
[1643203800.0, 5.2],
[1643290200.0, 5.174444444444443],
[1643376600.0, 5.169999999999999],
[1643463000.0, 5.147777777777779],
[1643549400.0, 5.136666666666667],
[1643635800.0, 5.136666666666667],
[1643722200.0, 5.136666666666667],
[1643808600.0, 5.3933333333333335],
[1643895000.0, 5.384444444444445],
[1643981400.0, 5.325555555555557],
[1644067800.0, 5.2377777777777785],
[1644154200.0, 5.284444444444445],
[1644240600.0, 5.335555555555556],
[1644327000.0, 5.257777777777779],
[1644413400.0, 5.242222222222223],
[1644499800.0, 5.232222222222223],
[1644586200.0, 5.2122222222222225],
[1644672600.0, 5.161111111111112],
[1644759000.0, 5.064444444444445],
[1644845400.0, 5.16],
[1644931800.0, 5.180000000000001],
[1645018200.0, 5.182222222222222],
[1645104600.0, 5.133333333333334],
[1645191000.0, 5.125555555555556],
[1645277400.0, 5.207777777777777],
[1645363800.0, 5.164444444444445],
[1645450200.0, 5.20888888888889],
[1645536600.0, 5.2266666666666675],
[1645623000.0, 5.185555555555556],
[1645709400.0, 5.17],
[1645795800.0, 5.135555555555556],
[1645882200.0, 5.355555555555556],
[1645968600.0, 5.132222222222223],
[1646055000.0, 5.0888888888888895],
[1646141400.0, 5.221111111111111],
[1646227800.0, 5.178888888888889],
[1646314200.0, 5.134444444444444],
[1646400600.0, 5.064444444444444],
[1646487000.0, 5.213333333333335],
[1646573400.0, 5.186666666666667],
[1646659800.0, 5.15],
[1646746200.0, 5.2666666666666675],
[1646832600.0, 5.166666666666667],
[1646919000.0, 5.241111111111112],
[1647005400.0, 5.190000000000001],
[1647091800.0, 5.067777777777779],
[1647178200.0, 5.045555555555556],
[1647264600.0, 5.372222222222222],
[1647351000.0, 5.4688888888888885],
[1647437400.0, 5.44],
[1647523800.0, 5.552222222222222],
[1647610200.0, 5.572222222222222],
[1647696600.0, 5.424444444444444],
[1647783000.0, 5.466666666666667],
[1647869400.0, 5.38],
[1647955800.0, 5.488888888888888],
[1648042200.0, 5.536666666666666],
[1648128600.0, 5.565555555555556],
[1648215000.0, 5.517777777777778],
[1648301400.0, 5.54],
[1648387800.0, 5.442222222222223],
[1648474200.0, 5.438888888888889],
[1648560600.0, 5.441111111111111],
[1648647000.0, 5.334444444444445],
[1648733400.0, 5.618888888888889],
[1648819800.0, 5.383333333333334],
[1648906200.0, 5.365555555555556],
[1648996200.0, 5.3566666666666665],
[1649082600.0, 5.324444444444444],
[1649169000.0, 5.475555555555555],
[1649255400.0, 5.586666666666666],
[1649341800.0, 5.506666666666667],
[1649428200.0, 5.503333333333334],
[1649514600.0, 5.6066666666666665],
[1649601000.0, 5.6066666666666665],
[1649687400.0, 5.6066666666666665],
[1649773800.0, 5.6066666666666665],
[1649860200.0, 5.605555555555556],
[1649946600.0, 5.463333333333334],
[1650033000.0, 5.48888888888889],
[1650119400.0, 5.426666666666666],
[1650205800.0, 5.4],
[1650292200.0, 5.457777777777777],
[1650378600.0, 5.45888888888889],
[1650465000.0, 5.415555555555557],
[1650551400.0, 5.415555555555557],
[1650637800.0, 5.415555555555557],
[1650724200.0, 6.275555555555556],
[1650810600.0, 6.144444444444444],
[1650897000.0, 6.05111111111111],
[1650983400.0, 5.9911111111111115],
[1651069800.0, 5.88],
[1651156200.0, 5.6033333333333335],
[1651242600.0, 5.508888888888888],
[1651329000.0, 5.552222222222223],
[1651415400.0, 5.428888888888888],
[1651501800.0, 5.411111111111111],
[1651588200.0, 5.3966666666666665],
[1651674600.0, 5.3644444444444455],
[1651761000.0, 5.474444444444444],
[1651847400.0, 5.464444444444444],
[1651933800.0, 5.432222222222222],
[1652020200.0, 5.398888888888889],
[1652106600.0, 5.343333333333334],
[1652193000.0, 5.3244444444444445],
[1652279400.0, 5.525555555555555],
[1652365800.0, 5.252222222222223],
[1652452200.0, 5.24888888888889],
[1652538600.0, 5.347777777777778],
[1652625000.0, 5.28],
[1652711400.0, 5.267777777777779],
[1652797800.0, 5.217777777777777],
[1652884200.0, 5.118888888888888],
[1652970600.0, 5.1544444444444455],
[1653057000.0, 5.090000000000001],
[1653143400.0, 4.901111111111111],
[1653229800.0, 4.805555555555555],
[1653316200.0, 4.907777777777778],
[1653402600.0, 4.891111111111112],
[1653489000.0, 4.804444444444445],
[1653575400.0, 4.681111111111111],
[1653661800.0, 4.798888888888889],
[1653748200.0, 4.894444444444445],
[1653834600.0, 4.767777777777777],
[1653921000.0, 4.874444444444445],
[1654007400.0, 4.819999999999999],
[1654093800.0, 4.791111111111111],
[1654180200.0, 4.7266666666666675],
[1654266600.0, 4.711111111111111],
[1654353000.0, 4.685555555555556],
[1654439400.0, 4.676666666666667],
[1654525800.0, 4.67],
[1654612200.0, 4.586666666666668],
[1654698600.0, 4.684444444444444],
[1654785000.0, 4.735555555555556],
[1654871400.0, 4.703333333333333],
[1654957800.0, 4.693333333333333],
[1655044200.0, 4.674444444444444],
[1655130600.0, 4.653333333333332],
[1655217000.0, 4.631111111111111],
[1655303400.0, 4.585555555555556],
[1655389800.0, 4.583333333333334],
[1655476200.0, 4.524444444444446],
[1655562600.0, 4.546666666666668],
[1655649000.0, 4.554444444444445],
[1655735400.0, 4.6077777777777795],
[1655821800.0, 4.601111111111113],
[1655908200.0, 4.592222222222222],
[1655994600.0, 4.572222222222222],
[1656081000.0, 4.6144444444444455],
[1656167400.0, 4.620000000000001],
[1656253800.0, 4.66],
[1656340200.0, 4.691111111111112],
[1656426600.0, 4.695555555555554],
[1656513000.0, 4.785555555555556],
[1656599400.0, 4.803333333333334],
[1656685800.0, 4.779999999999999],
[1656772200.0, 4.834444444444445],
[1656858600.0, 5.03],
[1656945000.0, 4.995555555555556],
[1657031400.0, 5.036666666666667],
[1657117800.0, 5.0088888888888885],
[1657204200.0, 5.220000000000001],
[1657290600.0, 5.054444444444444],
[1657377000.0, 5.141111111111111],
[1657463400.0, 5.078888888888888],
[1657549800.0, 5.06],
[1657636200.0, 5.055555555555555],
[1657722600.0, 5.035555555555556],
[1657809000.0, 5.0311111111111115],
[1657895400.0, 4.997777777777778],
[1657981800.0, 4.962222222222222],
[1658068200.0, 4.9444444444444455],
[1658154600.0, 4.955555555555556],
[1658241000.0, 4.936666666666667],
[1658327400.0, 4.923333333333334],
[1658413800.0, 4.955555555555557],
[1658500200.0, 4.964444444444444],
[1658586600.0, 4.93888888888889],
[1658673000.0, 4.955555555555556],
[1658759400.0, 4.98888888888889],
[1658845800.0, 4.965555555555556],
[1658932200.0, 5.044444444444445],
[1659018600.0, 5.140000000000001],
[1659105000.0, 5.078888888888889],
[1659191400.0, 5.066666666666666],
[1659277800.0, 5.029999999999999],
[1659364200.0, 5.131111111111112],
[1659450600.0, 4.974444444444444],
[1659537000.0, 4.99],
[1659623400.0, 4.928888888888888],
[1659709800.0, 4.923333333333334],
[1659796200.0, 5.034444444444445],
[1659882600.0, 5.167777777777777],
[1659969000.0, 5.2122222222222225],
[1660055400.0, 5.254444444444444],
[1660141800.0, 5.203333333333333],
[1660228200.0, 5.133333333333334],
[1660314600.0, 5.183333333333334],
[1660401000.0, 5.183333333333334],
[1660487400.0, 5.183333333333334],
[1660573800.0, 5.183333333333334],
[1660660200.0, 5.083333333333332],
[1660746600.0, 5.01111111111111],
[1660833000.0, 5.131111111111111],
[1660919400.0, 5.052222222222223],
[1661005800.0, 4.9877777777777785],
[1661092200.0, 4.98],
[1661178600.0, 4.961111111111111],
[1661265000.0, 4.95888888888889],
[1661351400.0, 4.915555555555556],
[1661437800.0, 4.8933333333333335],
[1661524200.0, 4.82888888888889],
[1661610600.0, 4.801111111111111],
[1661697000.0, 4.7988888888888885],
[1661783400.0, 4.78],
[1661869800.0, 4.793333333333333],
[1661956200.0, 4.883333333333333],
[1662042600.0, 4.819999999999999],
[1662129000.0, 4.874444444444444],
[1662215400.0, 4.795555555555556],
[1662301800.0, 4.832222222222223],
[1662388200.0, 4.780000000000001],
[1662474600.0, 4.815555555555556],
[1662561000.0, 4.786666666666666],
[1662647400.0, 4.785555555555556],
[1662733800.0, 4.785555555555555],
[1662820200.0, 4.766666666666667],
[1662906600.0, 4.885555555555555],
[1662993000.0, 4.914444444444445],
[1663079400.0, 4.884444444444444],
[1663165800.0, 4.874444444444445],
[1663252200.0, 4.833333333333334],
[1663338600.0, 4.812222222222222],
[1663425000.0, 4.7522222222222235],
[1663511400.0, 4.740000000000001],
[1663597800.0, 4.744444444444445],
[1663684200.0, 4.72888888888889],
[1663770600.0, 5.279999999999999],
[1663857000.0, 5.232222222222222],
[1663943400.0, 5.202222222222222],
[1664029800.0, 5.174444444444445],
[1664116200.0, 5.050000000000001],
[1664202600.0, 4.99888888888889],
[1664289000.0, 4.825555555555556],
[1664375400.0, 4.891111111111112],
[1664461800.0, 5.036666666666667],
[1664548200.0, 5.136666666666667],
[1664634600.0, 5.03],
[1664717400.0, 4.846666666666668],
[1664803800.0, 4.812222222222221],
[1664890200.0, 4.756666666666667],
[1664976600.0, 4.714444444444444],
[1665063000.0, 4.625555555555556],
[1665149400.0, 4.6033333333333335],
[1665235800.0, 4.525555555555555],
[1665322200.0, 4.553333333333333],
[1665408600.0, 4.522222222222222],
[1665495000.0, 4.543333333333333],
[1665581400.0, 4.583333333333334],
[1665667800.0, 4.591111111111112],
[1665754200.0, 4.518888888888889],
[1665840600.0, 4.5455555555555565],
[1665927000.0, 4.523333333333333],
[1666013400.0, 4.592222222222222],
[1666099800.0, 4.95],
[1666186200.0, 5.140000000000001],
[1666272600.0, 5.097777777777778],
[1666359000.0, 5.097777777777779],
[1666445400.0, 5.152222222222222],
[1666531800.0, 5.264444444444445],
[1666618200.0, 5.214444444444445],
[1666704600.0, 5.139999999999999],
[1666791000.0, 5.358888888888888],
[1666877400.0, 5.5088888888888885],
[1666963800.0, 5.367777777777778],
[1667050200.0, 5.3199999999999985],
[1667136600.0, 5.301111111111111],
[1667223000.0, 5.18],
[1667309400.0, 5.206666666666667],
[1667395800.0, 5.330000000000001],
[1667482200.0, 5.343333333333334],
[1667568600.0, 5.3677777777777775],
[1667655000.0, 5.286666666666667],
[1667741400.0, 5.274444444444445],
[1667827800.0, 5.213333333333334],
[1667914200.0, 5.130000000000002],
[1668000600.0, 5.2188888888888885],
[1668087000.0, 5.268888888888889],
[1668173400.0, 5.142222222222223],
[1668259800.0, 5.114444444444445],
[1668346200.0, 5.371111111111111],
[1668432600.0, 5.277777777777777],
[1668519000.0, 5.245555555555556],
[1668605400.0, 5.115555555555556],
[1668691800.0, 5.09888888888889],
[1668778200.0, 5.104444444444444],
[1668864600.0, 5.046666666666667],
[1668951000.0, 5.105555555555556],
[1669037400.0, 5.112222222222222],
[1669123800.0, 5.173333333333333],
[1669210200.0, 5.211111111111112],
[1669296600.0, 5.29111111111111],
[1669383000.0, 5.342222222222222],
[1669469400.0, 5.352222222222221],
[1669555800.0, 5.208888888888889],
[1669642200.0, 5.357777777777777],
[1669728600.0, 5.354444444444445],
[1669815000.0, 5.385555555555555],
[1669901400.0, 5.2955555555555565],
[1669987800.0, 5.344444444444445],
[1670074200.0, 5.34888888888889],
[1670160600.0, 5.33],
[1670247000.0, 5.382222222222222],
[1670333400.0, 5.3244444444444445],
[1670419800.0, 5.500000000000001],
[1670506200.0, 5.5122222222222215],
[1670592600.0, 5.457777777777779],
[1670679000.0, 5.258888888888889],
[1670765400.0, 5.044444444444444],
[1670851800.0, 4.935555555555556],
[1670938200.0, 4.745555555555557],
[1671024600.0, 4.66],
[1671111000.0, 4.70888888888889],
[1671197400.0, 4.688888888888888],
[1671283800.0, 4.608888888888888],
[1671370200.0, 4.6033333333333335],
[1671456600.0, 4.576666666666666],
[1671543000.0, 4.6544444444444455],
[1671629400.0, 4.569999999999999],
[1671715800.0, 4.551111111111111],
[1671802200.0, 4.72888888888889],
[1671888600.0, 4.747777777777778],
[1671975000.0, 4.771111111111112],
[1672061400.0, 4.755555555555556],
[1672147800.0, 4.744444444444444],
[1672234200.0, 4.732222222222222],
[1672320600.0, 4.767777777777778],
[1672407000.0, 4.8566666666666665],
[1672493400.0, 4.849999999999999],
[1672579800.0, 4.835555555555556],
[1672666200.0, 4.795555555555556],
[1672752600.0, 4.854444444444444],
[1672839000.0, 4.832222222222223],
[1672925400.0, 4.862222222222222],
[1673011800.0, 4.933333333333333],
[1673098200.0, 4.955555555555555],
[1673184600.0, 5.0200000000000005],
[1673271000.0, 5.094444444444445],
[1673357400.0, 5.073333333333333],
[1673443800.0, 5.274444444444445],
[1673530200.0, 5.371111111111111],
[1673616600.0, 5.526666666666667],
[1673703000.0, 5.60888888888889],
[1673789400.0, 5.635555555555555],
[1673875800.0, 5.572222222222223],
[1673962200.0, 5.6033333333333335],
[1674048600.0, 5.574444444444443],
[1674135000.0, 5.538888888888889],
[1674221400.0, 5.554444444444444],
[1674307800.0, 5.691111111111112],
[1674394200.0, 5.7377777777777785],
[1674480600.0, 5.6577777777777785],
[1674567000.0, 5.708888888888889],
[1674653400.0, 5.685555555555556],
[1674739800.0, 5.666666666666668],
[1674826200.0, 5.672222222222222],
[1674912600.0, 5.694444444444444],
[1674999000.0, 5.768888888888889],
[1675085400.0, 5.681111111111111],
[1675171800.0, 5.697777777777778],
[1675258200.0, 5.843333333333334],
[1675344600.0, 5.7811111111111115],
[1675431000.0, 5.7555555555555555],
[1675517400.0, 5.78],
[1675603800.0, 5.822222222222223],
[1675690200.0, 5.786666666666666],
[1675776600.0, 5.7844444444444445],
[1675863000.0, 5.782222222222222],
[1675949400.0, 5.782222222222222],
