[1635773400.0, 3.973333333333334],
[1635859800.0, 4.1466666666666665],
[1635946200.0, 4.033333333333334],
[1636032600.0, 4.216666666666668],
[1636119000.0, 3.9933333333333327],
[1636205400.0, 3.9566666666666666],
[1636291800.0, 4.0666666666666655],
[1636378200.0, 4.09],
[1636464600.0, 4.096666666666667],
[1636551000.0, 3.8466666666666662],
[1636637400.0, 4.04],
[1636723800.0, 4.043333333333334],
[1636810200.0, 4.046666666666667],
[1636896600.0, 3.6366666666666667],
[1636983000.0, 3.733333333333334],
[1637069400.0, 3.793333333333333],
[1637155800.0, 3.8566666666666656],
[1637242200.0, 3.74],
[1637328600.0, 3.673333333333334],
[1637415000.0, 3.9566666666666657],
[1637501400.0, 3.94],
[1637587800.0, 4.0233333333333325],
[1637674200.0, 4.009999999999999],
[1637760600.0, 3.8533333333333335],
[1637847000.0, 3.916666666666666],
[1637933400.0, 4.066666666666667],
[1638019800.0, 3.8866666666666663],
[1638106200.0, 3.8200000000000003],
[1638192600.0, 4.033333333333334],
[1638279000.0, 3.716666666666667],
[1638365400.0, 3.796666666666667],
[1638451800.0, 4.036666666666666],
[1638538200.0, 3.89],
[1638624600.0, 3.9966666666666666],
[1638711000.0, 3.83],
[1638797400.0, 4.036666666666666],
[1638883800.0, 3.770000000000001],
[1638970200.0, 3.6966666666666668],
[1639056600.0, 3.7566666666666664],
[1639143000.0, 4.096666666666667],
[1639229400.0, 3.516666666666667],
[1639315800.0, 3.6633333333333327],
[1639402200.0, 4.173333333333333],
[1639488600.0, 4.233333333333333],
[1639575000.0, 4.286666666666667],
[1639661400.0, 3.9099999999999997],
[1639747800.0, 3.856666666666666],
[1639834200.0, 3.813333333333333],
[1639920600.0, 3.6233333333333335],
[1640007000.0, 3.9566666666666674],
[1640093400.0, 3.956666666666667],
[1640179800.0, 3.81],
[1640266200.0, 3.8766666666666665],
[1640352600.0, 3.903333333333333],
[1640439000.0, 4.146666666666667],
[1640525400.0, 4.1066666666666665],
[1640611800.0, 4.363333333333333],
[1640698200.0, 4.416666666666666],
[1640784600.0, 4.573333333333333],
[1640871000.0, 4.7299999999999995],
[1640957400.0, 4.556666666666666],
[1641043800.0, 4.483333333333333],
[1641130200.0, 4.663333333333333],
[1641216600.0, 4.3933333333333335],
[1641303000.0, 4.706666666666666],
[1641389400.0, 4.753333333333333],
[1641475800.0, 4.943333333333334],
[1641562200.0, 5.056666666666667],
[1641648600.0, 4.983333333333333],
[1641735000.0, 5.243333333333333],
[1641821400.0, 5.3133333333333335],
[1641907800.0, 5.203333333333333],
[1641994200.0, 5.086666666666666],
[1642080600.0, 4.783333333333333],
[1642167000.0, 4.9366666666666665],
[1642253400.0, 5.180000000000001],
[1642339800.0, 5.283333333333333],
[1642426200.0, 5.273333333333333],
[1642512600.0, 5.093333333333334],
[1642599000.0, 5.176666666666666],
[1642685400.0, 5.376666666666668],
[1642771800.0, 4.846666666666667],
[1642858200.0, 5.05],
[1642944600.0, 4.986666666666666],
[1643031000.0, 5.04],
[1643117400.0, 4.933333333333334],
[1643203800.0, 4.593333333333333],
[1643290200.0, 5.053333333333333],
[1643376600.0, 4.896666666666667],
[1643463000.0, 5.056666666666666],
[1643549400.0, 5.093333333333334],
[1643635800.0, 5.093333333333334],
[1643722200.0, 5.093333333333334],
[1643808600.0, 4.786666666666666],
[1643895000.0, 4.73],
[1643981400.0, 4.759999999999999],
[1644067800.0, 4.983333333333333],
[1644154200.0, 4.793333333333334],
[1644240600.0, 5.273333333333333],
[1644327000.0, 5.3566666666666665],
[1644413400.0, 5.1499999999999995],
[1644499800.0, 5.016666666666667],
[1644586200.0, 5.04],
[1644672600.0, 4.946666666666666],
[1644759000.0, 5.156666666666667],
[1644845400.0, 4.72],
[1644931800.0, 5.22],
[1645018200.0, 4.839999999999999],
[1645104600.0, 4.95],
[1645191000.0, 5.1899999999999995],
[1645277400.0, 5.206666666666666],
[1645363800.0, 5.013333333333334],
[1645450200.0, 4.763333333333334],
[1645536600.0, 4.876666666666667],
[1645623000.0, 4.53],
[1645709400.0, 4.703333333333333],
[1645795800.0, 4.68],
[1645882200.0, 4.836666666666667],
[1645968600.0, 4.9799999999999995],
[1646055000.0, 5.0233333333333325],
[1646141400.0, 4.953333333333333],
[1646227800.0, 4.8133333333333335],
[1646314200.0, 5.226666666666666],
[1646400600.0, 5.3999999999999995],
[1646487000.0, 4.746666666666667],
[1646573400.0, 4.71],
[1646659800.0, 4.47],
[1646746200.0, 4.843333333333334],
[1646832600.0, 4.743333333333333],
[1646919000.0, 4.78],
[1647005400.0, 4.67],
[1647091800.0, 4.710000000000001],
[1647178200.0, 4.716666666666667],
[1647264600.0, 4.71],
[1647351000.0, 4.973333333333333],
[1647437400.0, 4.87],
[1647523800.0, 4.59],
[1647610200.0, 4.576666666666667],
[1647696600.0, 4.566666666666666],
[1647783000.0, 4.55],
[1647869400.0, 4.563333333333333],
[1647955800.0, 4.506666666666666],
[1648042200.0, 5.04],
[1648128600.0, 4.823333333333333],
[1648215000.0, 5.066666666666666],
[1648301400.0, 4.996666666666666],
[1648387800.0, 4.98],
[1648474200.0, 4.9399999999999995],
[1648560600.0, 4.989999999999999],
[1648647000.0, 4.836666666666667],
[1648733400.0, 4.896666666666666],
[1648819800.0, 5.043333333333333],
[1648906200.0, 5.196666666666666],
[1648996200.0, 5.166666666666667],
[1649082600.0, 5.096666666666667],
[1649169000.0, 5.34],
[1649255400.0, 5.006666666666667],
[1649341800.0, 5.133333333333334],
[1649428200.0, 5.156666666666666],
[1649514600.0, 5.21],
[1649601000.0, 5.3933333333333335],
[1649687400.0, 5.19],
[1649773800.0, 5.136666666666667],
[1649860200.0, 4.989999999999999],
[1649946600.0, 4.873333333333333],
[1650033000.0, 5.256666666666666],
[1650119400.0, 5.166666666666667],
[1650205800.0, 5.069999999999999],
[1650292200.0, 5.116666666666666],
[1650378600.0, 5.1033333333333335],
[1650465000.0, 5.17],
[1650551400.0, 5.17],
[1650637800.0, 5.17],
[1650724200.0, 5.193333333333333],
[1650810600.0, 5.036666666666666],
[1650897000.0, 4.996666666666666],
[1650983400.0, 5.176666666666666],
[1651069800.0, 4.796666666666666],
[1651156200.0, 5.156666666666666],
[1651242600.0, 5.053333333333334],
[1651329000.0, 5.033333333333332],
[1651415400.0, 5.276666666666666],
[1651501800.0, 5.090000000000001],
[1651588200.0, 5.086666666666667],
[1651674600.0, 4.593333333333334],
[1651761000.0, 4.236666666666666],
[1651847400.0, 4.873333333333333],
[1651933800.0, 4.626666666666667],
[1652020200.0, 5.086666666666667],
[1652106600.0, 4.636666666666667],
[1652193000.0, 4.863333333333333],
[1652279400.0, 4.8],
[1652365800.0, 4.816666666666667],
[1652452200.0, 4.693333333333334],
[1652538600.0, 4.763333333333334],
[1652625000.0, 4.676666666666667],
[1652711400.0, 4.806666666666666],
[1652797800.0, 4.843333333333334],
[1652884200.0, 4.873333333333333],
[1652970600.0, 4.53],
[1653057000.0, 4.72],
[1653143400.0, 4.986666666666666],
[1653229800.0, 4.806666666666666],
[1653316200.0, 4.473333333333334],
[1653402600.0, 4.706666666666666],
[1653489000.0, 4.493333333333333],
[1653575400.0, 4.5200000000000005],
[1653661800.0, 4.416666666666666],
[1653748200.0, 4.8066666666666675],
[1653834600.0, 4.509999999999999],
[1653921000.0, 4.3566666666666665],
[1654007400.0, 4.506666666666667],
[1654093800.0, 4.576666666666666],
[1654180200.0, 4.609999999999999],
[1654266600.0, 4.61],
[1654353000.0, 4.726666666666666],
[1654439400.0, 4.516666666666667],
[1654525800.0, 4.783333333333333],
[1654612200.0, 4.883333333333333],
[1654698600.0, 4.95],
[1654785000.0, 4.616666666666666],
[1654871400.0, 4.89],
[1654957800.0, 4.953333333333333],
[1655044200.0, 4.63],
[1655130600.0, 4.7299999999999995],
[1655217000.0, 4.516666666666667],
[1655303400.0, 4.873333333333332],
[1655389800.0, 4.7],
[1655476200.0, 4.6066666666666665],
[1655562600.0, 4.843333333333334],
[1655649000.0, 4.896666666666667],
[1655735400.0, 4.916666666666667],
[1655821800.0, 5.016666666666667],
[1655908200.0, 4.706666666666666],
[1655994600.0, 4.81],
[1656081000.0, 4.930000000000001],
[1656167400.0, 4.7],
[1656253800.0, 4.633333333333334],
[1656340200.0, 4.666666666666666],
[1656426600.0, 4.736666666666666],
[1656513000.0, 4.496666666666667],
[1656599400.0, 4.75],
[1656685800.0, 4.930000000000001],
[1656772200.0, 4.876666666666666],
[1656858600.0, 4.683333333333333],
[1656945000.0, 4.946666666666666],
[1657031400.0, 4.71],
[1657117800.0, 4.663333333333333],
[1657204200.0, 4.78],
[1657290600.0, 4.836666666666667],
[1657377000.0, 4.653333333333333],
[1657463400.0, 4.733333333333333],
[1657549800.0, 4.93],
[1657636200.0, 4.716666666666667],
[1657722600.0, 4.840000000000001],
[1657809000.0, 4.883333333333333],
[1657895400.0, 4.886666666666667],
[1657981800.0, 5.033333333333332],
[1658068200.0, 5.023333333333334],
[1658154600.0, 4.986666666666666],
[1658241000.0, 5.126666666666667],
[1658327400.0, 5.3500000000000005],
[1658413800.0, 4.996666666666667],
[1658500200.0, 5.093333333333334],
[1658586600.0, 5.106666666666667],
[1658673000.0, 5.133333333333334],
[1658759400.0, 5.166666666666667],
[1658845800.0, 5.586666666666667],
[1658932200.0, 5.359999999999999],
[1659018600.0, 5.663333333333334],
[1659105000.0, 5.423333333333333],
[1659191400.0, 5.506666666666667],
[1659277800.0, 5.303333333333334],
[1659364200.0, 5.316666666666666],
[1659450600.0, 5.5],
[1659537000.0, 5.793333333333333],
[1659623400.0, 5.28],
[1659709800.0, 5.79],
[1659796200.0, 5.966666666666666],
[1659882600.0, 5.886666666666666],
[1659969000.0, 5.546666666666666],
[1660055400.0, 5.783333333333334],
[1660141800.0, 5.75],
[1660228200.0, 5.593333333333333],
[1660314600.0, 5.63],
[1660401000.0, 5.63],
[1660487400.0, 5.63],
[1660573800.0, 5.63],
[1660660200.0, 5.513333333333333],
[1660746600.0, 5.223333333333333],
[1660833000.0, 5.486666666666667],
[1660919400.0, 5.336666666666666],
[1661005800.0, 5.336666666666666],
[1661092200.0, 5.359999999999999],
[1661178600.0, 5.346666666666667],
[1661265000.0, 5.31],
[1661351400.0, 5.06],
[1661437800.0, 5.28],
[1661524200.0, 5.206666666666667],
[1661610600.0, 5.423333333333333],
[1661697000.0, 5.510000000000001],
[1661783400.0, 5.456666666666667],
[1661869800.0, 5.329999999999999],
[1661956200.0, 5.223333333333333],
[1662042600.0, 5.353333333333334],
[1662129000.0, 5.263333333333333],
[1662215400.0, 5.38],
[1662301800.0, 5.0200000000000005],
[1662388200.0, 5.233333333333333],
[1662474600.0, 5.22],
[1662561000.0, 4.87],
[1662647400.0, 4.596666666666667],
[1662733800.0, 4.61],
[1662820200.0, 4.466666666666667],
[1662906600.0, 4.56],
[1662993000.0, 4.583333333333333],
[1663079400.0, 4.87],
[1663165800.0, 4.69],
[1663252200.0, 4.773333333333333],
[1663338600.0, 4.753333333333333],
[1663425000.0, 4.566666666666666],
[1663511400.0, 4.573333333333333],
[1663597800.0, 4.423333333333334],
[1663684200.0, 4.583333333333333],
[1663770600.0, 4.653333333333333],
[1663857000.0, 4.260000000000001],
[1663943400.0, 4.1833333333333345],
[1664029800.0, 4.386666666666667],
[1664116200.0, 4.39],
[1664202600.0, 4.463333333333333],
[1664289000.0, 4.35],
[1664375400.0, 4.180000000000001],
[1664461800.0, 4.24],
[1664548200.0, 4.3133333333333335],
[1664634600.0, 4.14],
[1664717400.0, 4.256666666666667],
[1664803800.0, 4.153333333333333],
[1664890200.0, 4.243333333333333],
[1664976600.0, 4.23],
[1665063000.0, 4.246666666666667],
[1665149400.0, 4.63],
[1665235800.0, 4.909999999999999],
[1665322200.0, 4.883333333333334],
[1665408600.0, 4.846666666666667],
[1665495000.0, 4.716666666666667],
[1665581400.0, 4.666666666666667],
[1665667800.0, 4.666666666666666],
[1665754200.0, 4.516666666666667],
[1665840600.0, 4.46],
[1665927000.0, 4.493333333333333],
[1666013400.0, 4.63],
[1666099800.0, 4.533333333333333],
[1666186200.0, 4.74],
[1666272600.0, 4.406666666666665],
[1666359000.0, 4.423333333333333],
[1666445400.0, 4.16],
[1666531800.0, 4.283333333333333],
[1666618200.0, 4.38],
[1666704600.0, 4.476666666666667],
[1666791000.0, 4.506666666666667],
[1666877400.0, 4.383333333333334],
[1666963800.0, 4.386666666666667],
[1667050200.0, 4.3933333333333335],
[1667136600.0, 4.303333333333334],
[1667223000.0, 4.296666666666667],
[1667309400.0, 4.359999999999999],
[1667395800.0, 4.8100000000000005],
[1667482200.0, 4.47],
[1667568600.0, 4.3533333333333335],
[1667655000.0, 4.586666666666667],
[1667741400.0, 4.6],
[1667827800.0, 4.660000000000001],
[1667914200.0, 4.96],
[1668000600.0, 4.97],
[1668087000.0, 5.31],
[1668173400.0, 5.8133333333333335],
[1668259800.0, 5.72],
[1668346200.0, 5.473333333333334],
[1668432600.0, 5.386666666666667],
[1668519000.0, 5.546666666666667],
[1668605400.0, 5.446666666666666],
[1668691800.0, 5.186666666666667],
[1668778200.0, 4.956666666666666],
[1668864600.0, 4.716666666666668],
[1668951000.0, 4.713333333333334],
[1669037400.0, 4.596666666666667],
[1669123800.0, 4.713333333333333],
[1669210200.0, 4.8],
[1669296600.0, 4.836666666666667],
[1669383000.0, 4.723333333333334],
[1669469400.0, 4.726666666666667],
[1669555800.0, 4.7],
[1669642200.0, 4.826666666666666],
[1669728600.0, 5],
[1669815000.0, 5.156666666666667],
[1669901400.0, 4.946666666666666],
[1669987800.0, 5.44],
[1670074200.0, 5.5],
[1670160600.0, 5.336666666666667],
[1670247000.0, 4.833333333333334],
[1670333400.0, 5.1066666666666665],
[1670419800.0, 5.1433333333333335],
[1670506200.0, 4.993333333333333],
[1670592600.0, 5.1033333333333335],
[1670679000.0, 5.263333333333333],
[1670765400.0, 5.216666666666667],
[1670851800.0, 5.306666666666666],
[1670938200.0, 4.96],
[1671024600.0, 5.0200000000000005],
[1671111000.0, 4.2299999999999995],
[1671197400.0, 4.933333333333334],
[1671283800.0, 5.170000000000001],
[1671370200.0, 5.066666666666666],
[1671456600.0, 5.273333333333333],
[1671543000.0, 4.989999999999999],
[1671629400.0, 4.646666666666667],
[1671715800.0, 4.68],
[1671802200.0, 4.733333333333333],
[1671888600.0, 4.88],
[1671975000.0, 4.953333333333333],
[1672061400.0, 5.076666666666666],
[1672147800.0, 5.036666666666667],
[1672234200.0, 4.646666666666667],
[1672320600.0, 4.5],
[1672407000.0, 4.743333333333333],
[1672493400.0, 4.756666666666667],
[1672579800.0, 4.916666666666667],
[1672666200.0, 4.976666666666667],
[1672752600.0, 5.383333333333333],
[1672839000.0, 4.84],
[1672925400.0, 4.94],
[1673011800.0, 5.1033333333333335],
[1673098200.0, 5.196666666666667],
[1673184600.0, 4.96],
[1673271000.0, 5.41],
[1673357400.0, 5.680000000000001],
[1673443800.0, 5.283333333333333],
[1673530200.0, 5.319999999999999],
[1673616600.0, 5.406666666666666],
[1673703000.0, 5.420000000000001],
[1673789400.0, 5.63],
[1673875800.0, 5.166666666666667],
[1673962200.0, 5.433333333333334],
[1674048600.0, 5.463333333333334],
[1674135000.0, 5.5566666666666675],
[1674221400.0, 5.473333333333334],
[1674307800.0, 5.663333333333333],
[1674394200.0, 5.496666666666667],
[1674480600.0, 5.173333333333333],
[1674567000.0, 5.55],
[1674653400.0, 5.5633333333333335],
[1674739800.0, 5.493333333333333],
[1674826200.0, 5.496666666666666],
[1674912600.0, 5.486666666666667],
[1674999000.0, 5.490000000000001],
[1675085400.0, 5.56],
[1675171800.0, 5.5633333333333335],
[1675258200.0, 5.346666666666667],
[1675344600.0, 6.233333333333334],
[1675431000.0, 5.993333333333333],
[1675517400.0, 6.156666666666666],
[1675603800.0, 6.243333333333332],
[1675690200.0, 6.183333333333334],
[1675776600.0, 5.906666666666666],
[1675863000.0, 5.906666666666666],
[1675949400.0, 5.906666666666666],
