[1635773400.0, 0.8908366666666666],
[1635859800.0, 0.9018916666666668],
[1635946200.0, 0.9167316666666667],
[1636032600.0, 0.9693489999999999],
[1636119000.0, 0.8847703333333335],
[1636205400.0, 0.8552796666666668],
[1636291800.0, 0.8367763333333335],
[1636378200.0, 0.8662826666666668],
[1636464600.0, 0.9579526666666668],
[1636551000.0, 0.9330103333333334],
[1636637400.0, 0.917029],
[1636723800.0, 0.9157943333333334],
[1636810200.0, 0.9240983333333334],
[1636896600.0, 0.9219546666666668],
[1636983000.0, 0.9722130000000001],
[1637069400.0, 0.948208],
[1637155800.0, 0.901747],
[1637242200.0, 0.91122],
[1637328600.0, 0.9349383333333333],
[1637415000.0, 0.942492],
[1637501400.0, 0.9849826666666667],
[1637587800.0, 0.9764290000000001],
[1637674200.0, 0.975496],
[1637760600.0, 0.9845623333333334],
[1637847000.0, 0.944606],
[1637933400.0, 0.8480650000000001],
[1638019800.0, 0.8996546666666667],
[1638106200.0, 0.8740903333333333],
[1638192600.0, 0.8375333333333334],
[1638279000.0, 0.8377106666666667],
[1638365400.0, 0.8615939999999999],
[1638451800.0, 0.8663500000000001],
[1638538200.0, 0.8718366666666668],
[1638624600.0, 0.956276666666667],
[1638711000.0, 0.9283433333333334],
[1638797400.0, 0.8893083333333335],
[1638883800.0, 0.92562],
[1638970200.0, 0.8535663333333333],
[1639056600.0, 0.8709863333333333],
[1639143000.0, 0.8835093333333335],
[1639229400.0, 0.9151950000000001],
[1639315800.0, 0.9074810000000001],
[1639402200.0, 0.9234763333333333],
[1639488600.0, 0.9169160000000001],
[1639575000.0, 0.9154736666666666],
[1639661400.0, 0.9172196666666667],
[1639747800.0, 0.9162736666666668],
[1639834200.0, 0.8920233333333334],
[1639920600.0, 0.9157326666666666],
[1640007000.0, 0.9200633333333333],
[1640093400.0, 0.9012540000000001],
[1640179800.0, 0.8730256666666666],
[1640266200.0, 0.858083],
[1640352600.0, 0.9332036666666665],
[1640439000.0, 0.9038660000000002],
[1640525400.0, 0.8554473333333333],
[1640611800.0, 0.8706836666666667],
[1640698200.0, 0.8182090000000001],
[1640784600.0, 0.8733843333333334],
[1640871000.0, 0.8530196666666666],
[1640957400.0, 0.8731500000000002],
[1641043800.0, 0.8788316666666667],
[1641130200.0, 0.8631673333333333],
[1641216600.0, 0.8661710000000001],
[1641303000.0, 0.8730886666666667],
[1641389400.0, 0.884665],
[1641475800.0, 0.8965553333333335],
[1641562200.0, 0.9143296666666667],
[1641648600.0, 0.9560603333333333],
[1641735000.0, 0.956659],
[1641821400.0, 0.8851736666666667],
[1641907800.0, 0.9415573333333335],
[1641994200.0, 0.9636336666666668],
[1642080600.0, 0.9594786666666667],
[1642167000.0, 0.9382003333333335],
[1642253400.0, 0.9534633333333336],
[1642339800.0, 0.9415396666666666],
[1642426200.0, 0.9324493333333334],
[1642512600.0, 0.9182103333333332],
[1642599000.0, 0.8976830000000001],
[1642685400.0, 0.976703],
[1642771800.0, 0.9850720000000001],
[1642858200.0, 0.9489033333333333],
[1642944600.0, 0.9974966666666667],
[1643031000.0, 0.9927783333333333],
[1643117400.0, 0.9990936666666667],
[1643203800.0, 0.9848089999999999],
[1643290200.0, 0.9834616666666668],
[1643376600.0, 0.9466076666666668],
[1643463000.0, 0.9076876666666668],
[1643549400.0, 0.9205763333333334],
[1643635800.0, 0.9205763333333334],
[1643722200.0, 0.9205763333333334],
[1643808600.0, 0.9877210000000002],
[1643895000.0, 0.9272320000000001],
[1643981400.0, 0.8834226666666668],
[1644067800.0, 0.9481113333333333],
[1644154200.0, 1.053425],
[1644240600.0, 0.9783933333333334],
[1644327000.0, 0.9912520000000001],
[1644413400.0, 0.9794666666666667],
[1644499800.0, 0.9871796666666667],
[1644586200.0, 1.0045990000000002],
[1644672600.0, 1.0064553333333335],
[1644759000.0, 0.9877743333333333],
[1644845400.0, 0.9282810000000001],
[1644931800.0, 0.965944],
[1645018200.0, 1.0166130000000002],
[1645104600.0, 1.0046986666666669],
[1645191000.0, 0.9833543333333333],
[1645277400.0, 0.9568283333333335],
[1645363800.0, 0.9948826666666667],
[1645450200.0, 0.9986553333333333],
[1645536600.0, 0.9855493333333333],
[1645623000.0, 0.9753863333333334],
[1645709400.0, 0.9684563333333335],
[1645795800.0, 0.9754606666666669],
[1645882200.0, 0.9863216666666669],
[1645968600.0, 0.98588],
[1646055000.0, 1.0067123333333332],
[1646141400.0, 0.9742463333333334],
[1646227800.0, 0.9536130000000002],
[1646314200.0, 0.9758806666666667],
[1646400600.0, 0.953926],
[1646487000.0, 0.9976690000000001],
[1646573400.0, 1.0139806666666666],
[1646659800.0, 0.9690046666666667],
[1646746200.0, 1.0493210000000002],
[1646832600.0, 1.083216],
[1646919000.0, 1.0239083333333334],
[1647005400.0, 1.0981603333333334],
[1647091800.0, 1.0108476666666668],
[1647178200.0, 1.0229333333333333],
[1647264600.0, 1.0873116666666667],
[1647351000.0, 1.1424073333333336],
[1647437400.0, 1.1896913333333334],
[1647523800.0, 1.07806],
[1647610200.0, 1.1357443333333335],
[1647696600.0, 1.1180256666666668],
[1647783000.0, 1.087936],
[1647869400.0, 1.1620516666666667],
[1647955800.0, 1.1546926666666668],
[1648042200.0, 1.182472],
[1648128600.0, 1.218739666666667],
[1648215000.0, 1.2164743333333334],
[1648301400.0, 1.1580300000000001],
[1648387800.0, 1.2240656666666667],
[1648474200.0, 1.252704],
[1648560600.0, 1.1836543333333334],
[1648647000.0, 1.2066666666666668],
[1648733400.0, 1.1673193333333334],
[1648819800.0, 1.1449293333333335],
[1648906200.0, 1.1120353333333333],
[1648996200.0, 1.1991576666666666],
[1649082600.0, 1.277033],
[1649169000.0, 1.173945],
[1649255400.0, 1.2140873333333333],
[1649341800.0, 1.2226303333333335],
[1649428200.0, 1.2048156666666667],
[1649514600.0, 1.196443666666667],
[1649601000.0, 1.2653096666666668],
[1649687400.0, 1.2442853333333332],
[1649773800.0, 1.2041396666666666],
[1649860200.0, 1.23203],
[1649946600.0, 1.187593],
[1650033000.0, 1.283318],
[1650119400.0, 1.243791],
[1650205800.0, 1.256373],
[1650292200.0, 1.1664986666666666],
[1650378600.0, 1.1678056666666667],
[1650465000.0, 1.2657526666666667],
[1650551400.0, 1.2657526666666667],
[1650637800.0, 1.2657526666666667],
[1650724200.0, 1.303002],
[1650810600.0, 1.2530553333333334],
[1650897000.0, 1.2773366666666668],
[1650983400.0, 1.2391800000000002],
[1651069800.0, 1.2738246666666668],
[1651156200.0, 1.3268743333333333],
[1651242600.0, 1.2346283333333334],
[1651329000.0, 1.2821223333333334],
[1651415400.0, 1.3109843333333335],
[1651501800.0, 1.245644666666667],
[1651588200.0, 1.3157683333333334],
[1651674600.0, 1.2655736666666666],
[1651761000.0, 1.2429440000000003],
[1651847400.0, 1.2431783333333335],
[1651933800.0, 1.2952643333333336],
[1652020200.0, 1.2653823333333334],
[1652106600.0, 1.3179013333333336],
[1652193000.0, 1.253744],
[1652279400.0, 1.2634396666666667],
[1652365800.0, 1.2992066666666668],
[1652452200.0, 1.2941056666666668],
[1652538600.0, 1.297846],
[1652625000.0, 1.2739113333333334],
[1652711400.0, 1.26068],
[1652797800.0, 1.2760036666666668],
[1652884200.0, 1.302465666666667],
[1652970600.0, 1.185581],
[1653057000.0, 1.3010346666666668],
[1653143400.0, 1.288988],
[1653229800.0, 1.2787006666666667],
[1653316200.0, 1.2747533333333334],
[1653402600.0, 1.3018243333333335],
[1653489000.0, 1.3509890000000002],
[1653575400.0, 1.2839606666666665],
[1653661800.0, 1.3029659999999998],
[1653748200.0, 1.298507],
[1653834600.0, 1.2966803333333332],
[1653921000.0, 1.1870550000000002],
[1654007400.0, 1.289448],
[1654093800.0, 1.2918560000000001],
[1654180200.0, 1.2660770000000001],
[1654266600.0, 1.331684],
[1654353000.0, 1.2949506666666668],
[1654439400.0, 1.2788389999999998],
[1654525800.0, 1.393674],
[1654612200.0, 1.3129516666666667],
[1654698600.0, 1.418584],
[1654785000.0, 1.3150076666666666],
[1654871400.0, 1.3442493333333336],
[1654957800.0, 1.3398896666666669],
[1655044200.0, 1.17223],
[1655130600.0, 1.3584406666666666],
[1655217000.0, 1.3618753333333335],
[1655303400.0, 1.3343073333333333],
[1655389800.0, 1.3048263333333334],
[1655476200.0, 1.4656863333333334],
[1655562600.0, 1.243992666666667],
[1655649000.0, 1.4920440000000001],
[1655735400.0, 1.2672283333333334],
[1655821800.0, 1.2988080000000002],
[1655908200.0, 1.3136863333333333],
[1655994600.0, 1.3532380000000002],
[1656081000.0, 1.3132420000000002],
[1656167400.0, 1.342587],
[1656253800.0, 1.2747183333333334],
[1656340200.0, 1.2579366666666667],
[1656426600.0, 1.2491390000000002],
[1656513000.0, 1.4024919999999998],
[1656599400.0, 1.2530493333333332],
[1656685800.0, 1.2098820000000001],
[1656772200.0, 1.1759303333333335],
[1656858600.0, 1.210598],
[1656945000.0, 1.1944633333333334],
[1657031400.0, 1.2151003333333337],
[1657117800.0, 1.2686033333333333],
[1657204200.0, 1.1950793333333334],
[1657290600.0, 1.2877133333333333],
[1657377000.0, 1.1852673333333337],
[1657463400.0, 1.201672],
[1657549800.0, 1.1961113333333333],
[1657636200.0, 1.1970573333333334],
[1657722600.0, 1.1753873333333333],
[1657809000.0, 1.2693910000000002],
[1657895400.0, 1.260744],
[1657981800.0, 1.2917836666666667],
[1658068200.0, 1.161866],
[1658154600.0, 1.1635066666666667],
[1658241000.0, 1.1813463333333336],
[1658327400.0, 1.1863043333333334],
[1658413800.0, 1.1504976666666666],
[1658500200.0, 1.172108],
[1658586600.0, 1.1735983333333333],
[1658673000.0, 1.1751280000000002],
[1658759400.0, 1.1989193333333334],
[1658845800.0, 1.2090166666666666],
[1658932200.0, 1.2120593333333334],
[1659018600.0, 1.1078243333333335],
[1659105000.0, 1.1896543333333336],
[1659191400.0, 1.1782443333333334],
[1659277800.0, 1.1945966666666668],
[1659364200.0, 1.2013933333333333],
[1659450600.0, 1.1891770000000002],
[1659537000.0, 1.173700666666667],
[1659623400.0, 1.1406313333333336],
[1659709800.0, 1.2001316666666666],
[1659796200.0, 1.1917330000000002],
[1659882600.0, 1.2801293333333335],
[1659969000.0, 1.196113666666667],
[1660055400.0, 1.2405140000000001],
[1660141800.0, 1.201586],
[1660228200.0, 1.2421],
[1660314600.0, 1.224713],
[1660401000.0, 1.224713],
[1660487400.0, 1.224713],
[1660573800.0, 1.224713],
[1660660200.0, 1.2294646666666667],
[1660746600.0, 1.177309],
[1660833000.0, 1.1899126666666666],
[1660919400.0, 1.2811736666666669],
[1661005800.0, 1.2368953333333332],
[1661092200.0, 1.2437443333333336],
[1661178600.0, 1.2437876666666667],
[1661265000.0, 1.254598],
[1661351400.0, 1.2288713333333332],
[1661437800.0, 1.2444503333333334],
[1661524200.0, 1.2356853333333335],
[1661610600.0, 1.2160883333333332],
[1661697000.0, 1.2546976666666667],
[1661783400.0, 1.3375373333333336],
[1661869800.0, 1.2189940000000001],
[1661956200.0, 1.2030343333333333],
[1662042600.0, 1.1864183333333334],
[1662129000.0, 1.2625753333333334],
[1662215400.0, 1.265723666666667],
[1662301800.0, 1.3638696666666668],
[1662388200.0, 1.2740206666666667],
[1662474600.0, 1.2878006666666668],
[1662561000.0, 1.3144326666666668],
[1662647400.0, 1.3021766666666668],
[1662733800.0, 1.263217],
[1662820200.0, 1.2370616666666667],
[1662906600.0, 1.250837],
[1662993000.0, 1.3199290000000001],
[1663079400.0, 1.3455473333333334],
[1663165800.0, 1.2957226666666668],
[1663252200.0, 1.355901],
[1663338600.0, 1.3447603333333333],
[1663425000.0, 1.3317166666666669],
[1663511400.0, 1.2909956666666669],
[1663597800.0, 1.2473326666666669],
[1663684200.0, 1.2374163333333335],
[1663770600.0, 1.221055],
[1663857000.0, 1.2728936666666668],
[1663943400.0, 1.2369526666666668],
[1664029800.0, 1.2076780000000003],
[1664116200.0, 1.188012],
[1664202600.0, 1.2644950000000001],
[1664289000.0, 1.2643563333333334],
[1664375400.0, 1.334078],
[1664461800.0, 1.2389133333333333],
[1664548200.0, 1.2613450000000002],
[1664634600.0, 1.2996906666666668],
[1664717400.0, 1.2745350000000002],
[1664803800.0, 1.270473],
[1664890200.0, 1.3697123333333332],
[1664976600.0, 1.3913090000000004],
[1665063000.0, 1.295874666666667],
[1665149400.0, 1.3341330000000002],
[1665235800.0, 1.2688620000000002],
[1665322200.0, 1.3579476666666668],
[1665408600.0, 1.3609026666666668],
[1665495000.0, 1.3650710000000001],
[1665581400.0, 1.3949430000000003],
[1665667800.0, 1.3583763333333334],
[1665754200.0, 1.3516760000000003],
[1665840600.0, 1.34508],
[1665927000.0, 1.3915203333333335],
[1666013400.0, 1.265604],
[1666099800.0, 1.4016050000000002],
[1666186200.0, 1.333205],
[1666272600.0, 1.3105503333333333],
[1666359000.0, 1.3114843333333335],
[1666445400.0, 1.2113656666666668],
[1666531800.0, 1.1840886666666668],
[1666618200.0, 1.2619386666666665],
[1666704600.0, 1.279242],
[1666791000.0, 1.2964996666666668],
[1666877400.0, 1.3291860000000002],
[1666963800.0, 1.3726910000000003],
[1667050200.0, 1.294801],
[1667136600.0, 1.3442286666666667],
[1667223000.0, 1.357788],
[1667309400.0, 1.3326516666666668],
[1667395800.0, 1.3345190000000002],
[1667482200.0, 1.3327366666666671],
[1667568600.0, 1.3209553333333335],
[1667655000.0, 1.349284666666667],
[1667741400.0, 1.3387143333333336],
[1667827800.0, 1.3552426666666666],
[1667914200.0, 1.332134],
[1668000600.0, 1.3858113333333335],
[1668087000.0, 1.3866380000000003],
[1668173400.0, 1.4064573333333332],
[1668259800.0, 1.3791910000000003],
[1668346200.0, 1.386296],
[1668432600.0, 1.3495526666666668],
[1668519000.0, 1.4219323333333336],
[1668605400.0, 1.3579990000000002],
[1668691800.0, 1.3468043333333333],
[1668778200.0, 1.3312516666666667],
[1668864600.0, 1.3400526666666668],
[1668951000.0, 1.4045560000000004],
[1669037400.0, 1.3548756666666668],
[1669123800.0, 1.2891670000000002],
[1669210200.0, 1.2881743333333333],
[1669296600.0, 1.3109236666666668],
[1669383000.0, 1.1678223333333333],
[1669469400.0, 1.2072463333333332],
[1669555800.0, 1.1947630000000002],
[1669642200.0, 1.2468373333333336],
[1669728600.0, 1.2372993333333333],
[1669815000.0, 1.1804660000000002],
[1669901400.0, 1.3059123333333336],
[1669987800.0, 1.1759976666666667],
[1670074200.0, 1.2379240000000002],
[1670160600.0, 1.4428753333333333],
[1670247000.0, 1.3570863333333334],
[1670333400.0, 1.2558660000000001],
[1670419800.0, 1.213905],
[1670506200.0, 1.2912443333333334],
[1670592600.0, 1.3234526666666668],
[1670679000.0, 1.3130833333333334],
[1670765400.0, 1.4018453333333334],
[1670851800.0, 1.420432666666667],
[1670938200.0, 1.3561776666666667],
[1671024600.0, 1.5288313333333334],
[1671111000.0, 1.3313740000000003],
[1671197400.0, 1.3834653333333333],
[1671283800.0, 1.3603810000000003],
[1671370200.0, 1.3659293333333336],
[1671456600.0, 1.2585636666666666],
[1671543000.0, 1.45561],
[1671629400.0, 1.2658773333333333],
[1671715800.0, 1.3279053333333337],
[1671802200.0, 1.292529],
[1671888600.0, 1.2820536666666669],
[1671975000.0, 1.3038983333333334],
[1672061400.0, 1.2815623333333335],
[1672147800.0, 1.256619],
[1672234200.0, 1.2572066666666668],
[1672320600.0, 1.2733050000000004],
[1672407000.0, 1.2629620000000001],
[1672493400.0, 1.2226176666666666],
[1672579800.0, 1.3196830000000002],
[1672666200.0, 1.2876883333333333],
[1672752600.0, 1.3221916666666667],
[1672839000.0, 1.24313],
[1672925400.0, 1.347868],
[1673011800.0, 1.3404383333333334],
[1673098200.0, 1.2965943333333334],
[1673184600.0, 1.3060336666666668],
[1673271000.0, 1.3403160000000003],
[1673357400.0, 1.3127873333333335],
[1673443800.0, 1.3702146666666668],
[1673530200.0, 1.3714100000000002],
[1673616600.0, 1.3108386666666667],
[1673703000.0, 1.4348539999999999],
[1673789400.0, 1.3824143333333334],
[1673875800.0, 1.4310380000000003],
[1673962200.0, 1.3776003333333335],
[1674048600.0, 1.4312976666666668],
[1674135000.0, 1.4551423333333335],
[1674221400.0, 1.4137700000000002],
[1674307800.0, 1.371694],
[1674394200.0, 1.3813640000000003],
[1674480600.0, 1.2900503333333335],
[1674567000.0, 1.329911],
[1674653400.0, 1.3361790000000002],
[1674739800.0, 1.2417943333333332],
[1674826200.0, 1.373081],
[1674912600.0, 1.471541],
[1674999000.0, 1.4693923333333334],
[1675085400.0, 1.5123856666666669],
[1675171800.0, 1.349721],
[1675258200.0, 1.4071346666666669],
[1675344600.0, 1.5087403333333331],
[1675431000.0, 1.5402613333333335],
[1675517400.0, 1.5887776666666669],
[1675603800.0, 1.6492216666666668],
[1675690200.0, 1.6045086666666668],
[1675776600.0, 1.5886356666666668],
[1675863000.0, 1.5886356666666668],
[1675949400.0, 1.5886356666666668],
