[1635773400.0, 2.0517678],
[1635859800.0, 2.0423914],
[1635946200.0, 2.0073448000000003],
[1636032600.0, 1.9965290000000002],
[1636119000.0, 1.9957462],
[1636205400.0, 1.9979631999999996],
[1636291800.0, 2.0060111999999997],
[1636378200.0, 1.9963374000000003],
[1636464600.0, 2.0342704000000005],
[1636551000.0, 2.0410557999999996],
[1636637400.0, 1.9760151999999997],
[1636723800.0, 1.9651766000000002],
[1636810200.0, 1.9602434],
[1636896600.0, 1.9483968],
[1636983000.0, 1.9724688000000001],
[1637069400.0, 1.9673038000000005],
[1637155800.0, 1.9686956000000002],
[1637242200.0, 1.9532248000000003],
[1637328600.0, 1.9516578000000002],
[1637415000.0, 1.9443110000000001],
[1637501400.0, 1.9453986],
[1637587800.0, 1.9359007999999995],
[1637674200.0, 1.875791],
[1637760600.0, 1.9091156000000002],
[1637847000.0, 1.9307180000000002],
[1637933400.0, 1.9233800000000003],
[1638019800.0, 1.9188656000000002],
[1638106200.0, 1.9034802000000002],
[1638192600.0, 1.8484658000000003],
[1638279000.0, 1.9088404],
[1638365400.0, 1.9046380000000003],
[1638451800.0, 1.8793976000000001],
[1638538200.0, 1.8703968000000004],
[1638624600.0, 1.8983236],
[1638711000.0, 1.9177472000000002],
[1638797400.0, 1.9255992000000002],
[1638883800.0, 1.9241636],
[1638970200.0, 1.9142512],
[1639056600.0, 1.9297054000000002],
[1639143000.0, 1.9616517999999998],
[1639229400.0, 1.9487248000000004],
[1639315800.0, 1.9430262000000003],
[1639402200.0, 1.9286634],
[1639488600.0, 1.8925746000000003],
[1639575000.0, 1.9036576000000003],
[1639661400.0, 1.8963904],
[1639747800.0, 1.893271],
[1639834200.0, 1.8891292],
[1639920600.0, 1.8826524000000002],
[1640007000.0, 1.8633332000000002],
[1640093400.0, 1.8621962000000003],
[1640179800.0, 1.9797222],
[1640266200.0, 1.9940222000000003],
[1640352600.0, 1.9898880000000005],
[1640439000.0, 1.9950098],
[1640525400.0, 1.9520791999999996],
[1640611800.0, 1.917779],
[1640698200.0, 1.9199026],
[1640784600.0, 1.9571948000000003],
[1640871000.0, 1.9532882],
[1640957400.0, 1.8942067999999999],
[1641043800.0, 1.8856084000000002],
[1641130200.0, 1.9303112000000002],
[1641216600.0, 1.9324195999999998],
[1641303000.0, 1.9231406],
[1641389400.0, 1.9246586],
[1641475800.0, 1.8921502000000001],
[1641562200.0, 1.8843358000000001],
[1641648600.0, 1.8900280000000003],
[1641735000.0, 1.8766910000000003],
[1641821400.0, 1.8665413999999998],
[1641907800.0, 1.8338828000000003],
[1641994200.0, 1.8523042],
[1642080600.0, 1.8555155999999997],
[1642167000.0, 1.8446218],
[1642253400.0, 1.8398912000000003],
[1642339800.0, 1.8772237999999999],
[1642426200.0, 1.8799446000000004],
[1642512600.0, 1.8715432],
[1642599000.0, 1.9417768000000002],
[1642685400.0, 1.9192784000000003],
[1642771800.0, 1.9184002],
[1642858200.0, 1.9586560000000002],
[1642944600.0, 1.947169],
[1643031000.0, 1.9562472],
[1643117400.0, 1.9614098000000002],
[1643203800.0, 1.9458814000000004],
[1643290200.0, 1.9607706],
[1643376600.0, 1.9323422000000001],
[1643463000.0, 1.9234612000000002],
[1643549400.0, 1.9664256000000004],
[1643635800.0, 1.9664256000000004],
[1643722200.0, 1.9664256000000004],
[1643808600.0, 2.1168864000000007],
[1643895000.0, 2.1032522],
[1643981400.0, 2.1199644000000006],
[1644067800.0, 2.1018462],
[1644154200.0, 2.0671436],
[1644240600.0, 2.0409394],
[1644327000.0, 2.0572698000000003],
[1644413400.0, 2.0289746],
[1644499800.0, 2.0132312000000003],
[1644586200.0, 1.9619454],
[1644672600.0, 1.9582004000000002],
[1644759000.0, 2.0155858],
[1644845400.0, 2.0175094000000002],
[1644931800.0, 2.0034077999999997],
[1645018200.0, 2.0134],
[1645104600.0, 1.961806],
[1645191000.0, 2.0172498],
[1645277400.0, 2.0542574],
[1645363800.0, 2.0094377999999997],
[1645450200.0, 1.9947210000000002],
[1645536600.0, 1.9802366],
[1645623000.0, 2.02822],
[1645709400.0, 1.9750692],
[1645795800.0, 2.0329190000000006],
[1645882200.0, 2.0424303999999998],
[1645968600.0, 2.0659358],
[1646055000.0, 2.0662756],
[1646141400.0, 2.0654382],
[1646227800.0, 2.0985852],
[1646314200.0, 2.09255],
[1646400600.0, 2.0781228],
[1646487000.0, 2.067504],
[1646573400.0, 2.074707],
[1646659800.0, 2.0406978],
[1646746200.0, 2.0184922000000003],
[1646832600.0, 2.031505],
[1646919000.0, 2.0328481999999997],
[1647005400.0, 2.070393],
[1647091800.0, 2.0615176],
[1647178200.0, 2.0448572],
[1647264600.0, 2.0236486000000005],
[1647351000.0, 2.0337082000000004],
[1647437400.0, 2.0244748],
[1647523800.0, 2.0395268],
[1647610200.0, 2.0264146000000003],
[1647696600.0, 2.065934000000001],
[1647783000.0, 2.0376312],
[1647869400.0, 2.0293406000000003],
[1647955800.0, 2.0487446],
[1648042200.0, 2.0516058],
[1648128600.0, 2.0028024],
[1648215000.0, 2.081102],
[1648301400.0, 2.0595082000000002],
[1648387800.0, 2.0746702000000004],
[1648474200.0, 2.0726590000000003],
[1648560600.0, 2.0647296000000006],
[1648647000.0, 2.0844532000000005],
[1648733400.0, 2.0693756000000003],
[1648819800.0, 2.0954936],
[1648906200.0, 2.068255],
[1648996200.0, 2.0687758],
[1649082600.0, 2.0588316000000004],
[1649169000.0, 2.0650030000000004],
[1649255400.0, 2.0949616],
[1649341800.0, 2.1079752000000003],
[1649428200.0, 2.145037],
[1649514600.0, 2.1428314],
[1649601000.0, 2.1428314],
[1649687400.0, 2.1428314],
[1649773800.0, 2.1428314],
[1649860200.0, 2.1428081999999997],
[1649946600.0, 2.1872099999999994],
[1650033000.0, 2.1622703999999997],
[1650119400.0, 2.1520878000000003],
[1650205800.0, 2.1439132],
[1650292200.0, 2.1567036000000006],
[1650378600.0, 2.1870288],
[1650465000.0, 2.1962578],
[1650551400.0, 2.1962578],
[1650637800.0, 2.1962578],
[1650724200.0, 2.1922296],
[1650810600.0, 2.2036295999999997],
[1650897000.0, 2.2238316],
[1650983400.0, 2.2228856],
[1651069800.0, 2.2677334],
[1651156200.0, 2.1805948000000006],
[1651242600.0, 2.1655892000000003],
[1651329000.0, 2.1685256],
[1651415400.0, 2.1568202000000003],
[1651501800.0, 2.168447],
[1651588200.0, 2.1630540000000003],
[1651674600.0, 2.1767332],
[1651761000.0, 2.1675612000000006],
[1651847400.0, 2.1535506],
[1651933800.0, 2.1211236],
[1652020200.0, 2.0945314],
[1652106600.0, 2.0917260000000004],
[1652193000.0, 2.1073524000000003],
[1652279400.0, 2.1038262],
[1652365800.0, 2.0497234000000004],
[1652452200.0, 2.0382202],
[1652538600.0, 2.0489702000000003],
[1652625000.0, 2.0731426],
[1652711400.0, 2.0526286],
[1652797800.0, 2.0554908000000003],
[1652884200.0, 2.0944438],
[1652970600.0, 2.1020364000000002],
[1653057000.0, 2.063301],
[1653143400.0, 2.0755874000000003],
[1653229800.0, 2.0131944000000006],
[1653316200.0, 1.9976288000000004],
[1653402600.0, 1.9895088],
[1653489000.0, 1.9895470000000004],
[1653575400.0, 1.976379],
[1653661800.0, 2.0225098000000004],
[1653748200.0, 2.0097078],
[1653834600.0, 2.0389402],
[1653921000.0, 2.0668254],
[1654007400.0, 2.0548674],
[1654093800.0, 2.0259722000000004],
[1654180200.0, 2.0554716],
[1654266600.0, 2.0404086],
[1654353000.0, 2.0292782000000003],
[1654439400.0, 2.0487234000000005],
[1654525800.0, 2.0877524000000007],
[1654612200.0, 2.1023806],
[1654698600.0, 2.0994844000000006],
[1654785000.0, 2.1149568000000003],
[1654871400.0, 2.1030468],
[1654957800.0, 2.0958112],
[1655044200.0, 2.1051262],
[1655130600.0, 2.1056564],
[1655217000.0, 2.0953516000000003],
[1655303400.0, 2.1208978000000003],
[1655389800.0, 2.0821788000000003],
[1655476200.0, 2.1316650000000004],
[1655562600.0, 2.1140754],
[1655649000.0, 2.0983798],
[1655735400.0, 2.1130876],
[1655821800.0, 2.1026742000000005],
[1655908200.0, 2.0537164],
[1655994600.0, 2.0740154000000004],
[1656081000.0, 2.0877352],
[1656167400.0, 2.0636016000000006],
[1656253800.0, 2.0922288],
[1656340200.0, 2.0956184],
[1656426600.0, 2.0932230000000005],
[1656513000.0, 2.0945139999999998],
[1656599400.0, 2.1135886],
[1656685800.0, 2.0791086],
[1656772200.0, 2.0782894],
[1656858600.0, 2.1145775999999996],
[1656945000.0, 2.1038696000000003],
[1657031400.0, 2.073989],
[1657117800.0, 2.0455211999999996],
[1657204200.0, 2.0421204000000004],
[1657290600.0, 1.9865617999999998],
[1657377000.0, 2.0270578000000006],
[1657463400.0, 2.0076127999999995],
[1657549800.0, 2.0306446],
[1657636200.0, 2.025957],
[1657722600.0, 2.0291684000000005],
[1657809000.0, 2.0062834],
[1657895400.0, 1.9541902000000004],
[1657981800.0, 1.9235508000000003],
[1658068200.0, 1.9293870000000002],
[1658154600.0, 1.9247611999999996],
[1658241000.0, 1.9874845999999997],
[1658327400.0, 1.9920432000000001],
[1658413800.0, 1.9901082000000003],
[1658500200.0, 2.0056914000000003],
[1658586600.0, 1.9598027999999998],
[1658673000.0, 1.9686472],
[1658759400.0, 1.9616016000000003],
[1658845800.0, 1.9936638000000002],
[1658932200.0, 2.0615496],
[1659018600.0, 2.0608632],
[1659105000.0, 2.0621932000000003],
[1659191400.0, 2.0502386],
[1659277800.0, 2.0311632000000004],
[1659364200.0, 2.0573995999999997],
[1659450600.0, 2.0172824],
[1659537000.0, 2.0188724000000002],
[1659623400.0, 2.0744036000000006],
[1659709800.0, 2.0737378000000004],
[1659796200.0, 2.0625356],
[1659882600.0, 2.0739172],
[1659969000.0, 2.0618814],
[1660055400.0, 2.056753],
[1660141800.0, 2.1281632],
[1660228200.0, 2.1312536],
[1660314600.0, 2.1753498000000002],
[1660401000.0, 2.1753498000000002],
[1660487400.0, 2.1753498000000002],
[1660573800.0, 2.1753498000000002],
[1660660200.0, 2.1600598],
[1660746600.0, 2.1558134000000004],
[1660833000.0, 2.1468651999999997],
[1660919400.0, 2.1448860000000005],
[1661005800.0, 2.1663542],
[1661092200.0, 2.1992514],
[1661178600.0, 2.1748350000000003],
[1661265000.0, 2.1671392000000003],
[1661351400.0, 2.1669530000000004],
[1661437800.0, 2.1562492],
[1661524200.0, 2.1109644000000007],
[1661610600.0, 2.1571728],
[1661697000.0, 2.148583000000001],
[1661783400.0, 2.1546502000000003],
[1661869800.0, 2.1893224000000004],
[1661956200.0, 2.1930856000000007],
[1662042600.0, 2.1903244],
[1662129000.0, 2.1963858000000003],
[1662215400.0, 2.2127582],
[1662301800.0, 2.1865428000000007],
[1662388200.0, 2.1507814],
[1662474600.0, 2.1372592],
[1662561000.0, 2.1255155999999995],
[1662647400.0, 2.1635946],
[1662733800.0, 2.1668254],
[1662820200.0, 2.165318],
[1662906600.0, 2.1642222],
[1662993000.0, 2.1686462000000004],
[1663079400.0, 2.1654457999999996],
[1663165800.0, 2.1699516],
[1663252200.0, 2.1969718],
[1663338600.0, 2.1434382],
[1663425000.0, 2.1820048],
[1663511400.0, 2.1866478000000003],
[1663597800.0, 2.1844964000000004],
[1663684200.0, 2.2070104],
[1663770600.0, 2.1928826],
[1663857000.0, 2.2225578],
[1663943400.0, 2.1851323999999996],
[1664029800.0, 2.1862936],
[1664116200.0, 2.1931612],
[1664202600.0, 2.2188372],
[1664289000.0, 2.2145618000000002],
[1664375400.0, 2.2914016000000004],
[1664461800.0, 2.2940840000000007],
[1664548200.0, 2.3017564],
[1664634600.0, 2.3156224],
[1664717400.0, 2.2903108000000003],
[1664803800.0, 2.229503400000001],
[1664890200.0, 2.3135442],
[1664976600.0, 2.2650664],
[1665063000.0, 2.2421480000000003],
[1665149400.0, 2.2288306000000007],
[1665235800.0, 2.2120306000000003],
[1665322200.0, 2.226239],
[1665408600.0, 2.2288498],
[1665495000.0, 2.230013],
[1665581400.0, 2.218545],
[1665667800.0, 2.2335431999999997],
[1665754200.0, 2.2206814],
[1665840600.0, 2.2326995999999997],
[1665927000.0, 2.268028],
[1666013400.0, 2.2528356],
[1666099800.0, 2.2666222],
[1666186200.0, 2.1856519999999997],
[1666272600.0, 2.2828784000000004],
[1666359000.0, 2.2879278000000003],
[1666445400.0, 2.2842132],
[1666531800.0, 2.3213754000000004],
[1666618200.0, 2.3092752],
[1666704600.0, 2.3640438],
[1666791000.0, 2.3458414000000003],
[1666877400.0, 2.3155824000000007],
[1666963800.0, 2.3414614000000005],
[1667050200.0, 2.3357441999999997],
[1667136600.0, 2.285989],
[1667223000.0, 2.3076682],
[1667309400.0, 2.2953402000000005],
[1667395800.0, 2.3165494000000004],
[1667482200.0, 2.3420002],
[1667568600.0, 2.3556566],
[1667655000.0, 2.3335046],
[1667741400.0, 2.3088628],
[1667827800.0, 2.2926886],
[1667914200.0, 2.2852517999999997],
[1668000600.0, 2.2654766000000004],
[1668087000.0, 2.2935282],
[1668173400.0, 2.2786798],
[1668259800.0, 2.2818578],
[1668346200.0, 2.2903278],
[1668432600.0, 2.2939704],
[1668519000.0, 2.2760331999999996],
[1668605400.0, 2.2552948000000006],
[1668691800.0, 2.3463060000000002],
[1668778200.0, 2.4503673999999998],
[1668864600.0, 2.5194913999999997],
[1668951000.0, 2.5128858000000003],
[1669037400.0, 2.5302996],
[1669123800.0, 2.5175916000000003],
[1669210200.0, 2.5340286000000005],
[1669296600.0, 2.5084728],
[1669383000.0, 2.4847598000000004],
[1669469400.0, 2.4719638],
[1669555800.0, 2.4564072],
[1669642200.0, 2.488072],
[1669728600.0, 2.5380866],
[1669815000.0, 2.5780844000000007],
[1669901400.0, 2.5807834000000005],
[1669987800.0, 2.5907042000000002],
[1670074200.0, 2.5886786000000006],
[1670160600.0, 2.620512],
[1670247000.0, 2.6009438],
[1670333400.0, 2.615708],
[1670419800.0, 2.6116608],
[1670506200.0, 2.5838718],
[1670592600.0, 2.556888400000001],
[1670679000.0, 2.5985664],
[1670765400.0, 2.6154094],
[1670851800.0, 2.6095905999999998],
[1670938200.0, 2.5927452000000004],
[1671024600.0, 2.5700544],
[1671111000.0, 2.5686869999999997],
[1671197400.0, 2.5545128000000004],
[1671283800.0, 2.546304],
[1671370200.0, 2.5200232000000002],
[1671456600.0, 2.5089016],
[1671543000.0, 2.5108178],
[1671629400.0, 2.4555379999999998],
[1671715800.0, 2.4819266000000004],
[1671802200.0, 2.4672972],
[1671888600.0, 2.4537861999999997],
[1671975000.0, 2.4298854000000003],
[1672061400.0, 2.4101448000000003],
[1672147800.0, 2.4389709999999996],
[1672234200.0, 2.4291118],
[1672320600.0, 2.457261],
[1672407000.0, 2.4531768],
[1672493400.0, 2.4528280000000007],
[1672579800.0, 2.4469022],
[1672666200.0, 2.4454798],
[1672752600.0, 2.4476842000000003],
[1672839000.0, 2.4280442],
[1672925400.0, 2.4316746],
[1673011800.0, 2.4058606],
[1673098200.0, 2.3998786],
[1673184600.0, 2.415648],
[1673271000.0, 2.4234051999999995],
[1673357400.0, 2.4508068],
[1673443800.0, 2.5097370000000003],
[1673530200.0, 2.5015464],
[1673616600.0, 2.458900200000001],
[1673703000.0, 2.4365344],
[1673789400.0, 2.4436204],
[1673875800.0, 2.433882],
[1673962200.0, 2.4510378000000004],
[1674048600.0, 2.4743032],
[1674135000.0, 2.4831992],
[1674221400.0, 2.5434672000000003],
[1674307800.0, 2.5514560000000004],
[1674394200.0, 2.5888822],
[1674480600.0, 2.6264096],
[1674567000.0, 2.6654582000000007],
[1674653400.0, 2.6536299999999997],
[1674739800.0, 2.6745784],
[1674826200.0, 2.7074474],
[1674912600.0, 2.6945162000000007],
[1674999000.0, 2.7145436],
[1675085400.0, 2.7060964000000003],
[1675171800.0, 2.7446412000000002],
[1675258200.0, 2.7392112000000006],
[1675344600.0, 2.7599576000000003],
[1675431000.0, 2.8123892],
[1675517400.0, 2.8396024],
[1675603800.0, 2.8327250000000004],
[1675690200.0, 2.8287696],
[1675776600.0, 2.8410962000000004],
[1675863000.0, 2.8345334],
[1675949400.0, 2.8345334],
