[1635773400.0, 7.3793016666666675],
[1635859800.0, 7.344604333333334],
[1635946200.0, 7.192133000000001],
[1636032600.0, 7.237419],
[1636119000.0, 7.171948333333333],
[1636205400.0, 7.364153000000001],
[1636291800.0, 7.430291666666666],
[1636378200.0, 7.313808333333334],
[1636464600.0, 7.385356333333333],
[1636551000.0, 7.805901333333334],
[1636637400.0, 7.801289333333334],
[1636723800.0, 7.629142333333334],
[1636810200.0, 7.721560333333333],
[1636896600.0, 7.6272366666666676],
[1636983000.0, 7.303014999999999],
[1637069400.0, 7.542570333333333],
[1637155800.0, 7.739695666666666],
[1637242200.0, 7.711639999999999],
[1637328600.0, 7.675055],
[1637415000.0, 7.6043296666666675],
[1637501400.0, 7.571158],
[1637587800.0, 7.519405999999999],
[1637674200.0, 7.440603333333333],
[1637760600.0, 7.480388333333333],
[1637847000.0, 7.820632333333333],
[1637933400.0, 7.942738666666668],
[1638019800.0, 7.939852000000001],
[1638106200.0, 7.945144333333334],
[1638192600.0, 7.787273333333334],
[1638279000.0, 7.739100999999999],
[1638365400.0, 7.850754333333334],
[1638451800.0, 7.852354333333333],
[1638538200.0, 7.839750333333334],
[1638624600.0, 7.786186666666666],
[1638711000.0, 7.706244999999999],
[1638797400.0, 7.687882999999999],
[1638883800.0, 7.661644333333332],
[1638970200.0, 7.511863333333334],
[1639056600.0, 7.497098333333334],
[1639143000.0, 7.433843666666665],
[1639229400.0, 7.491355666666666],
[1639315800.0, 7.5175253333333325],
[1639402200.0, 7.493214999999999],
[1639488600.0, 7.461743666666666],
[1639575000.0, 7.496401666666666],
[1639661400.0, 7.381614333333332],
[1639747800.0, 7.440298666666666],
[1639834200.0, 7.501075666666666],
[1639920600.0, 7.526185000000001],
[1640007000.0, 7.477087666666667],
[1640093400.0, 7.551554],
[1640179800.0, 7.535441],
[1640266200.0, 7.540240999999999],
[1640352600.0, 7.872796666666667],
[1640439000.0, 7.873596666666667],
[1640525400.0, 7.8697966666666685],
[1640611800.0, 7.812908666666668],
[1640698200.0, 7.674508],
[1640784600.0, 7.847730666666666],
[1640871000.0, 7.916238333333333],
[1640957400.0, 7.914083666666667],
[1641043800.0, 7.944661333333333],
[1641130200.0, 8.016517333333333],
[1641216600.0, 8.003587666666666],
[1641303000.0, 7.965969333333334],
[1641389400.0, 7.896439999999999],
[1641475800.0, 7.997268000000001],
[1641562200.0, 7.889142666666667],
[1641648600.0, 7.853790666666668],
[1641735000.0, 7.938122333333333],
[1641821400.0, 7.5937410000000005],
[1641907800.0, 7.884579000000001],
[1641994200.0, 7.921269333333334],
[1642080600.0, 7.864336666666667],
[1642167000.0, 7.876248333333334],
[1642253400.0, 7.832694333333332],
[1642339800.0, 7.959335],
[1642426200.0, 7.924308333333333],
[1642512600.0, 8.008165],
[1642599000.0, 8.054629999999998],
[1642685400.0, 8.014577333333335],
[1642771800.0, 7.898727000000001],
[1642858200.0, 8.050491999999998],
[1642944600.0, 8.099266333333333],
[1643031000.0, 8.091611666666667],
[1643117400.0, 8.109749666666666],
[1643203800.0, 8.111597999999999],
[1643290200.0, 8.053957],
[1643376600.0, 8.078135333333334],
[1643463000.0, 8.340428000000001],
[1643549400.0, 8.167778],
[1643635800.0, 8.167778],
[1643722200.0, 8.167778],
[1643808600.0, 8.464283333333332],
[1643895000.0, 8.514541],
[1643981400.0, 8.507719333333332],
[1644067800.0, 8.497880666666667],
[1644154200.0, 8.438598333333333],
[1644240600.0, 8.442741666666667],
[1644327000.0, 8.658306333333334],
[1644413400.0, 8.631319],
[1644499800.0, 8.587047],
[1644586200.0, 8.585712000000001],
[1644672600.0, 8.682903000000001],
[1644759000.0, 8.750894333333333],
[1644845400.0, 8.809889666666669],
[1644931800.0, 8.814478999999999],
[1645018200.0, 8.828503],
[1645104600.0, 8.676352999999999],
[1645191000.0, 8.777186333333333],
[1645277400.0, 9.039503666666667],
[1645363800.0, 8.983638333333333],
[1645450200.0, 9.028593999999998],
[1645536600.0, 8.720881333333333],
[1645623000.0, 8.927366333333334],
[1645709400.0, 8.932825],
[1645795800.0, 8.881703],
[1645882200.0, 8.859829],
[1645968600.0, 8.873731333333334],
[1646055000.0, 8.853032666666667],
[1646141400.0, 8.910845666666667],
[1646227800.0, 8.965908666666666],
[1646314200.0, 8.855238333333332],
[1646400600.0, 8.921524333333332],
[1646487000.0, 8.768277666666668],
[1646573400.0, 8.705258666666666],
[1646659800.0, 8.778700666666666],
[1646746200.0, 8.588633333333332],
[1646832600.0, 8.604170666666665],
[1646919000.0, 8.797773],
[1647005400.0, 8.741933],
[1647091800.0, 8.685369999999999],
[1647178200.0, 8.723283333333333],
[1647264600.0, 8.641581],
[1647351000.0, 8.634881666666667],
[1647437400.0, 8.624993666666667],
[1647523800.0, 8.673409666666666],
[1647610200.0, 8.656156999999999],
[1647696600.0, 8.693271],
[1647783000.0, 8.803579],
[1647869400.0, 8.923511333333332],
[1647955800.0, 9.138455333333333],
[1648042200.0, 9.195719],
[1648128600.0, 9.157193666666666],
[1648215000.0, 9.176263],
[1648301400.0, 9.173703666666666],
[1648387800.0, 9.101758333333333],
[1648474200.0, 9.149239333333334],
[1648560600.0, 9.105049000000001],
[1648647000.0, 9.087512666666667],
[1648733400.0, 9.328231333333333],
[1648819800.0, 9.436688],
[1648906200.0, 9.278898666666668],
[1648996200.0, 9.26388],
[1649082600.0, 9.125324],
[1649169000.0, 9.131637666666666],
[1649255400.0, 9.214889666666666],
[1649341800.0, 9.190262333333331],
[1649428200.0, 9.129485666666666],
[1649514600.0, 9.067151],
[1649601000.0, 9.067151],
[1649687400.0, 9.067151],
[1649773800.0, 9.067151],
[1649860200.0, 9.066835666666668],
[1649946600.0, 8.834709000000002],
[1650033000.0, 8.972963666666667],
[1650119400.0, 8.942649666666666],
[1650205800.0, 8.915169666666666],
[1650292200.0, 9.125069666666667],
[1650378600.0, 9.090969666666666],
[1650465000.0, 8.960675],
[1650551400.0, 8.960675],
[1650637800.0, 8.960675],
[1650724200.0, 9.177408666666667],
[1650810600.0, 9.066795666666666],
[1650897000.0, 9.039000999999999],
[1650983400.0, 9.003303333333333],
[1651069800.0, 9.016413666666669],
[1651156200.0, 8.758860666666667],
[1651242600.0, 8.777687000000002],
[1651329000.0, 8.752353999999999],
[1651415400.0, 8.763693666666667],
[1651501800.0, 8.749561333333334],
[1651588200.0, 8.796562],
[1651674600.0, 8.781038666666666],
[1651761000.0, 8.859867666666666],
[1651847400.0, 8.853315333333335],
[1651933800.0, 8.812301333333334],
[1652020200.0, 8.767287],
[1652106600.0, 8.759577],
[1652193000.0, 8.729870999999997],
[1652279400.0, 8.689321666666666],
[1652365800.0, 8.714604666666666],
[1652452200.0, 8.690706999999998],
[1652538600.0, 8.645227666666667],
[1652625000.0, 8.775093333333334],
[1652711400.0, 8.722158666666667],
[1652797800.0, 8.749686],
[1652884200.0, 8.624164333333333],
[1652970600.0, 8.680115333333333],
[1653057000.0, 8.490069333333333],
[1653143400.0, 8.600529666666667],
[1653229800.0, 8.764458000000001],
[1653316200.0, 8.845320666666666],
[1653402600.0, 8.832045333333335],
[1653489000.0, 8.793306333333332],
[1653575400.0, 8.674117333333333],
[1653661800.0, 8.599555333333335],
[1653748200.0, 8.484717333333334],
[1653834600.0, 8.516274000000001],
[1653921000.0, 8.527480333333335],
[1654007400.0, 8.556760333333335],
[1654093800.0, 8.508958333333332],
[1654180200.0, 8.4276],
[1654266600.0, 8.554610666666667],
[1654353000.0, 8.543886666666666],
[1654439400.0, 8.598766666666666],
[1654525800.0, 8.533965666666667],
[1654612200.0, 8.518138000000002],
[1654698600.0, 8.513206333333335],
[1654785000.0, 8.477536666666667],
[1654871400.0, 8.359379333333333],
[1654957800.0, 8.397907666666667],
[1655044200.0, 8.405705000000001],
[1655130600.0, 8.454634666666665],
[1655217000.0, 8.538894666666666],
[1655303400.0, 8.477131333333334],
[1655389800.0, 8.448222000000001],
[1655476200.0, 8.428676000000001],
[1655562600.0, 8.298414666666668],
[1655649000.0, 8.277769666666666],
[1655735400.0, 8.239165999999999],
[1655821800.0, 8.310611333333334],
[1655908200.0, 8.406386333333334],
[1655994600.0, 8.197574333333334],
[1656081000.0, 8.392653333333334],
[1656167400.0, 8.402218],
[1656253800.0, 8.361251000000001],
[1656340200.0, 8.327010333333336],
[1656426600.0, 8.382340666666666],
[1656513000.0, 8.388247666666665],
[1656599400.0, 8.395406333333334],
[1656685800.0, 8.287736],
[1656772200.0, 8.363500333333333],
[1656858600.0, 8.378991666666666],
[1656945000.0, 8.286671],
[1657031400.0, 8.425166666666668],
[1657117800.0, 8.321477666666667],
[1657204200.0, 8.415152],
[1657290600.0, 8.393518666666667],
[1657377000.0, 8.395738666666666],
[1657463400.0, 8.252734333333335],
[1657549800.0, 8.286203333333333],
[1657636200.0, 8.284265666666666],
[1657722600.0, 8.342972333333332],
[1657809000.0, 8.294043],
[1657895400.0, 8.264783666666666],
[1657981800.0, 8.200863],
[1658068200.0, 8.076508666666667],
[1658154600.0, 8.198347666666667],
[1658241000.0, 8.219959333333334],
[1658327400.0, 8.247254333333332],
[1658413800.0, 8.222449333333333],
[1658500200.0, 8.194424333333332],
[1658586600.0, 8.081892000000002],
[1658673000.0, 8.205767999999999],
[1658759400.0, 8.166723],
[1658845800.0, 8.233110666666667],
[1658932200.0, 8.219764666666666],
[1659018600.0, 8.298451],
[1659105000.0, 8.379236],
[1659191400.0, 8.266572333333334],
[1659277800.0, 8.392656666666667],
[1659364200.0, 8.352337666666669],
[1659450600.0, 8.344033666666666],
[1659537000.0, 8.298878666666667],
[1659623400.0, 8.318213333333334],
[1659709800.0, 8.438725000000002],
[1659796200.0, 8.167017],
[1659882600.0, 8.463102666666666],
[1659969000.0, 8.416419666666668],
[1660055400.0, 8.319872333333334],
[1660141800.0, 8.33499],
[1660228200.0, 8.305167333333335],
[1660314600.0, 8.262034],
[1660401000.0, 8.262034],
[1660487400.0, 8.262034],
[1660573800.0, 8.262034],
[1660660200.0, 8.333482333333334],
[1660746600.0, 8.517536],
[1660833000.0, 8.471769333333334],
[1660919400.0, 8.354932],
[1661005800.0, 8.393355333333334],
[1661092200.0, 8.326172333333334],
[1661178600.0, 8.494104666666667],
[1661265000.0, 8.575974333333333],
[1661351400.0, 8.495489666666666],
[1661437800.0, 8.632063],
[1661524200.0, 8.597914333333334],
[1661610600.0, 8.796365],
[1661697000.0, 8.691915666666667],
[1661783400.0, 8.627093],
[1661869800.0, 8.675483666666665],
[1661956200.0, 8.688290666666667],
[1662042600.0, 8.628529666666667],
[1662129000.0, 8.842613666666667],
[1662215400.0, 8.789514666666667],
[1662301800.0, 8.781213666666666],
[1662388200.0, 8.761892666666668],
[1662474600.0, 8.698707],
[1662561000.0, 8.638277666666667],
[1662647400.0, 8.672249666666668],
[1662733800.0, 8.691705333333333],
[1662820200.0, 8.711133333333333],
[1662906600.0, 8.709922],
[1662993000.0, 8.735429],
[1663079400.0, 8.709464666666667],
[1663165800.0, 8.678211000000001],
[1663252200.0, 8.640066],
[1663338600.0, 8.644578000000001],
[1663425000.0, 8.760936666666668],
[1663511400.0, 8.921935],
[1663597800.0, 8.870278999999998],
[1663684200.0, 9.071134666666667],
[1663770600.0, 9.176418333333332],
[1663857000.0, 9.153404666666667],
[1663943400.0, 9.019691666666667],
[1664029800.0, 8.909076],
[1664116200.0, 8.885848000000001],
[1664202600.0, 8.880196666666668],
[1664289000.0, 8.800534333333333],
[1664375400.0, 8.898760666666666],
[1664461800.0, 8.826856666666666],
[1664548200.0, 8.850990666666666],
[1664634600.0, 8.962491333333334],
[1664717400.0, 8.984225],
[1664803800.0, 8.961370666666667],
[1664890200.0, 8.961097333333333],
[1664976600.0, 9.057069333333333],
[1665063000.0, 9.067578333333334],
[1665149400.0, 9.208034666666666],
[1665235800.0, 9.236027666666667],
[1665322200.0, 9.192554333333332],
[1665408600.0, 9.224751],
[1665495000.0, 9.298231333333334],
[1665581400.0, 9.274301666666668],
[1665667800.0, 9.149963333333332],
[1665754200.0, 9.10356],
[1665840600.0, 9.209449666666666],
[1665927000.0, 9.500090666666667],
[1666013400.0, 9.382177999999998],
[1666099800.0, 9.612053333333332],
[1666186200.0, 9.644550333333333],
[1666272600.0, 9.508118666666666],
[1666359000.0, 9.801407666666668],
[1666445400.0, 10.161178333333334],
[1666531800.0, 10.190255666666667],
[1666618200.0, 10.249352333333333],
[1666704600.0, 10.258901333333334],
[1666791000.0, 10.256523666666666],
[1666877400.0, 9.860539000000001],
[1666963800.0, 9.766578],
[1667050200.0, 9.880791666666667],
[1667136600.0, 9.890778],
[1667223000.0, 9.915392666666667],
[1667309400.0, 9.881607333333335],
[1667395800.0, 9.953418666666666],
[1667482200.0, 10.296106333333332],
[1667568600.0, 10.302587666666666],
[1667655000.0, 10.269599999999999],
[1667741400.0, 10.166229],
[1667827800.0, 10.185863],
[1667914200.0, 10.169536333333333],
[1668000600.0, 10.117238666666665],
[1668087000.0, 10.250394333333334],
[1668173400.0, 10.28602133333333],
[1668259800.0, 10.174330666666666],
[1668346200.0, 10.234625333333332],
[1668432600.0, 10.319762333333331],
[1668519000.0, 10.307859666666667],
[1668605400.0, 10.174450333333333],
[1668691800.0, 10.162944999999999],
[1668778200.0, 10.408888],
[1668864600.0, 10.594935999999999],
[1668951000.0, 10.857683666666665],
[1669037400.0, 10.713534000000001],
[1669123800.0, 10.624283333333333],
[1669210200.0, 10.719171333333335],
[1669296600.0, 10.411786333333334],
[1669383000.0, 10.441045333333332],
[1669469400.0, 10.36501],
[1669555800.0, 10.205291999999998],
[1669642200.0, 10.283289666666667],
[1669728600.0, 10.252721666666666],
[1669815000.0, 10.371238333333332],
[1669901400.0, 10.487417333333333],
[1669987800.0, 10.393652666666666],
[1670074200.0, 10.381092666666667],
[1670160600.0, 10.457420333333333],
[1670247000.0, 10.344865666666665],
[1670333400.0, 10.357546666666666],
[1670419800.0, 10.330853999999999],
[1670506200.0, 10.552929999999998],
[1670592600.0, 10.609613333333334],
[1670679000.0, 10.591716666666667],
[1670765400.0, 10.664811],
[1670851800.0, 10.815643666666668],
[1670938200.0, 10.750408333333334],
[1671024600.0, 10.689299],
[1671111000.0, 10.566883],
[1671197400.0, 10.527738333333332],
[1671283800.0, 10.498328666666666],
[1671370200.0, 10.426738333333335],
[1671456600.0, 10.352126],
[1671543000.0, 10.202951666666667],
[1671629400.0, 10.389603],
[1671715800.0, 10.523131333333334],
[1671802200.0, 10.503915333333333],
[1671888600.0, 10.531223333333335],
[1671975000.0, 10.535646666666667],
[1672061400.0, 10.524151333333334],
[1672147800.0, 10.200694666666669],
[1672234200.0, 10.339274333333334],
[1672320600.0, 10.449328666666668],
[1672407000.0, 10.523953],
[1672493400.0, 10.474878],
[1672579800.0, 10.336754333333333],
[1672666200.0, 10.258708333333333],
[1672752600.0, 10.469622666666666],
[1672839000.0, 10.768016666666666],
[1672925400.0, 10.743688666666666],
[1673011800.0, 10.73792833333333],
[1673098200.0, 10.607344999999999],
[1673184600.0, 10.737539000000003],
[1673271000.0, 10.645230333333332],
[1673357400.0, 10.62246],
[1673443800.0, 10.648556666666666],
[1673530200.0, 10.780989666666668],
[1673616600.0, 10.727254],
[1673703000.0, 10.746297333333336],
[1673789400.0, 10.783022],
[1673875800.0, 10.731516999999998],
[1673962200.0, 10.728825],
[1674048600.0, 10.919704666666668],
[1674135000.0, 10.848818999999999],
[1674221400.0, 10.862684000000002],
[1674307800.0, 10.867664666666668],
[1674394200.0, 10.889235333333334],
[1674480600.0, 10.784622333333333],
[1674567000.0, 10.77566533333333],
[1674653400.0, 10.895945333333332],
[1674739800.0, 10.967090999999998],
[1674826200.0, 10.938962333333334],
[1674912600.0, 11.009429333333335],
[1674999000.0, 11.04449866666667],
[1675085400.0, 11.058627333333334],
[1675171800.0, 11.1577],
[1675258200.0, 11.195326666666668],
[1675344600.0, 11.129265000000002],
[1675431000.0, 11.19808],
[1675517400.0, 11.202301333333333],
[1675603800.0, 11.253720333333334],
[1675690200.0, 10.990980666666665],
[1675776600.0, 10.949143333333332],
[1675863000.0, 10.982552333333333],
[1675949400.0, 10.982552333333333],
