[1635773400.0, 414.9639429999999],
[1635859800.0, 419.443723],
[1635946200.0, 418.880778],
[1636032600.0, 417.9196019999999],
[1636119000.0, 418.56001449999997],
[1636205400.0, 418.6518434999999],
[1636291800.0, 417.95925150000005],
[1636378200.0, 415.3682859999999],
[1636464600.0, 416.113822],
[1636551000.0, 417.54673199999996],
[1636637400.0, 413.733642],
[1636723800.0, 412.20829150000003],
[1636810200.0, 414.0717629999999],
[1636896600.0, 430.06542649999994],
[1636983000.0, 423.892362],
[1637069400.0, 423.56872649999997],
[1637155800.0, 422.32929249999995],
[1637242200.0, 414.4456385],
[1637328600.0, 415.4412899999999],
[1637415000.0, 422.130375],
[1637501400.0, 422.3715455],
[1637587800.0, 421.69424349999997],
[1637674200.0, 420.78710799999993],
[1637760600.0, 415.71017049999995],
[1637847000.0, 418.453171],
[1637933400.0, 419.225706],
[1638019800.0, 420.14694499999996],
[1638106200.0, 423.2538564999999],
[1638192600.0, 418.70786799999996],
[1638279000.0, 415.592699],
[1638365400.0, 414.74724399999997],
[1638451800.0, 414.74724399999997],
[1638538200.0, 414.6813185],
[1638624600.0, 458.19447349999996],
[1638711000.0, 458.89558099999994],
[1638797400.0, 458.51823149999984],
[1638883800.0, 446.1321019999999],
[1638970200.0, 446.2290329999999],
[1639056600.0, 464.97417149999995],
[1639143000.0, 454.1072649999999],
[1639229400.0, 467.3119224999999],
[1639315800.0, 465.99862700000006],
[1639402200.0, 461.485916],
[1639488600.0, 453.78240099999994],
[1639575000.0, 453.6559405],
[1639661400.0, 449.67436699999996],
[1639747800.0, 453.8739344999999],
[1639834200.0, 453.91645600000004],
[1639920600.0, 453.55573849999996],
[1640007000.0, 462.4997074999999],
[1640093400.0, 461.628499],
[1640179800.0, 460.19336300000003],
[1640266200.0, 457.36476899999997],
[1640352600.0, 454.76676399999997],
[1640439000.0, 453.81362649999994],
[1640525400.0, 452.4016664999999],
[1640611800.0, 453.2786615],
[1640698200.0, 452.663713],
[1640784600.0, 451.9940674999999],
[1640871000.0, 451.100563],
[1640957400.0, 450.73524499999996],
[1641043800.0, 449.5354679999999],
[1641130200.0, 447.3749784999999],
[1641216600.0, 451.26025699999997],
[1641303000.0, 451.5254309999999],
[1641389400.0, 451.54007099999995],
[1641475800.0, 451.04165099999994],
[1641562200.0, 451.03208999999987],
[1641648600.0, 448.0085905],
[1641735000.0, 450.86404649999986],
[1641821400.0, 450.8155804999999],
[1641907800.0, 449.93065249999995],
[1641994200.0, 450.5946029999999],
[1642080600.0, 456.98498899999987],
[1642167000.0, 449.4300905],
[1642253400.0, 458.25206599999996],
[1642339800.0, 460.766774],
[1642426200.0, 461.523635],
[1642512600.0, 459.55184349999996],
[1642599000.0, 452.289639],
[1642685400.0, 457.1093155],
[1642771800.0, 456.9102299999999],
[1642858200.0, 458.1074255],
[1642944600.0, 456.1733964999999],
[1643031000.0, 450.919879],
[1643117400.0, 457.81100649999996],
[1643203800.0, 458.29603499999996],
[1643290200.0, 459.922486],
[1643376600.0, 462.20717099999985],
[1643463000.0, 459.34602949999993],
[1643549400.0, 459.3645115],
[1643635800.0, 459.3645115],
[1643722200.0, 459.3645115],
[1643808600.0, 460.43432849999994],
[1643895000.0, 460.4059059999999],
[1643981400.0, 459.2986245],
[1644067800.0, 457.0124969999999],
[1644154200.0, 452.62805050000003],
[1644240600.0, 453.033251],
[1644327000.0, 458.3164029999999],
[1644413400.0, 458.36019849999997],
[1644499800.0, 457.961961],
[1644586200.0, 457.5303699999999],
[1644672600.0, 459.10870349999993],
[1644759000.0, 456.89998149999997],
[1644845400.0, 458.29570999999993],
[1644931800.0, 459.80610699999994],
[1645018200.0, 460.01064099999996],
[1645104600.0, 462.5833785],
[1645191000.0, 462.1811024999999],
[1645277400.0, 461.51601149999993],
[1645363800.0, 461.13896],
[1645450200.0, 461.590603],
[1645536600.0, 460.768513],
[1645623000.0, 462.59365999999994],
[1645709400.0, 462.003363],
[1645795800.0, 462.56092400000006],
[1645882200.0, 462.2674999999999],
[1645968600.0, 454.5566995],
[1646055000.0, 459.1043024999999],
[1646141400.0, 466.521867],
[1646227800.0, 468.539083],
[1646314200.0, 468.083308],
[1646400600.0, 466.81249149999996],
[1646487000.0, 466.66487399999994],
[1646573400.0, 465.68534099999994],
[1646659800.0, 467.62793999999997],
[1646746200.0, 466.780647],
[1646832600.0, 465.73027499999995],
[1646919000.0, 466.77365599999996],
[1647005400.0, 462.0106105],
[1647091800.0, 462.0854205],
[1647178200.0, 460.4114359999999],
[1647264600.0, 455.18050500000004],
[1647351000.0, 456.5483354999999],
[1647437400.0, 460.8242375],
[1647523800.0, 461.81076199999995],
[1647610200.0, 460.7418584999999],
[1647696600.0, 460.1081264999999],
[1647783000.0, 468.9107394999999],
[1647869400.0, 474.82802799999996],
[1647955800.0, 471.993651],
[1648042200.0, 471.1341025],
[1648128600.0, 470.97125399999993],
[1648215000.0, 470.7605195],
[1648301400.0, 468.04734999999994],
[1648387800.0, 462.31881899999996],
[1648474200.0, 462.49251649999997],
[1648560600.0, 470.22867299999996],
[1648647000.0, 475.836589],
[1648733400.0, 477.12387249999995],
[1648819800.0, 479.27813099999986],
[1648906200.0, 485.01177399999995],
[1648996200.0, 484.324528],
[1649082600.0, 485.7725964999999],
[1649169000.0, 491.01616749999994],
[1649255400.0, 486.7237144999999],
[1649341800.0, 484.46909949999997],
[1649428200.0, 489.9028259999999],
[1649514600.0, 484.6184574999999],
[1649601000.0, 484.6184574999999],
[1649687400.0, 484.6184574999999],
[1649773800.0, 484.6184574999999],
[1649860200.0, 484.542449],
[1649946600.0, 484.7889469999999],
[1650033000.0, 493.3500124999999],
[1650119400.0, 493.3004314999999],
[1650205800.0, 492.93814349999997],
[1650292200.0, 497.53108399999996],
[1650378600.0, 497.680349],
[1650465000.0, 492.7337554999999],
[1650551400.0, 492.7337554999999],
[1650637800.0, 492.7337554999999],
[1650724200.0, 487.89211399999994],
[1650810600.0, 483.349006],
[1650897000.0, 488.22147],
[1650983400.0, 482.7222609999999],
[1651069800.0, 486.56450699999994],
[1651156200.0, 464.2721644999999],
[1651242600.0, 471.59826899999996],
[1651329000.0, 471.33155199999993],
[1651415400.0, 472.2276875],
[1651501800.0, 471.8822125],
[1651588200.0, 471.61340399999995],
[1651674600.0, 463.48860599999995],
[1651761000.0, 460.93599400000005],
[1651847400.0, 456.726977],
[1651933800.0, 455.62133449999993],
[1652020200.0, 453.0351784999999],
[1652106600.0, 454.95950749999986],
[1652193000.0, 454.2058575],
[1652279400.0, 444.240351],
[1652365800.0, 442.3970044999999],
[1652452200.0, 446.01600499999995],
[1652538600.0, 445.51303149999995],
[1652625000.0, 444.6131585],
[1652711400.0, 443.1012965],
[1652797800.0, 444.35966049999996],
[1652884200.0, 440.991947],
[1652970600.0, 439.0780144999999],
[1653057000.0, 444.3641089999999],
[1653143400.0, 443.97676499999994],
[1653229800.0, 443.7661094999999],
[1653316200.0, 445.25441449999994],
[1653402600.0, 436.68700899999993],
[1653489000.0, 425.53072549999996],
[1653575400.0, 425.9746149999999],
[1653661800.0, 437.7564059999999],
[1653748200.0, 431.5287814999999],
[1653834600.0, 438.66594649999996],
[1653921000.0, 439.9175725],
[1654007400.0, 443.561179],
[1654093800.0, 442.8838419999999],
[1654180200.0, 439.21766699999995],
[1654266600.0, 439.4903564999999],
[1654353000.0, 439.4911439999999],
[1654439400.0, 444.72071699999987],
[1654525800.0, 444.0920945],
[1654612200.0, 442.18662249999994],
[1654698600.0, 441.74566399999986],
[1654785000.0, 441.76814750000005],
[1654871400.0, 439.92157299999997],
[1654957800.0, 438.50072499999993],
[1655044200.0, 435.7156504999999],
[1655130600.0, 435.92779249999995],
[1655217000.0, 439.945793],
[1655303400.0, 440.51646550000004],
[1655389800.0, 440.5171414999999],
[1655476200.0, 437.7908005],
[1655562600.0, 437.9693874999999],
[1655649000.0, 437.8604784999999],
[1655735400.0, 443.47152399999993],
[1655821800.0, 448.839348],
[1655908200.0, 451.54585749999995],
[1655994600.0, 451.17158799999993],
[1656081000.0, 451.39818549999995],
[1656167400.0, 441.23491649999994],
[1656253800.0, 447.97182250000003],
[1656340200.0, 448.314273],
[1656426600.0, 447.5416854999999],
[1656513000.0, 446.9329585],
[1656599400.0, 445.63511349999993],
[1656685800.0, 446.91404099999994],
[1656772200.0, 445.5905354999999],
[1656858600.0, 446.84016349999996],
[1656945000.0, 449.9797469999999],
[1657031400.0, 446.54570799999993],
[1657117800.0, 448.72016649999995],
[1657204200.0, 449.86182599999995],
[1657290600.0, 449.99217999999996],
[1657377000.0, 448.2361009999999],
[1657463400.0, 447.474692],
[1657549800.0, 446.94468049999983],
[1657636200.0, 450.09810099999993],
[1657722600.0, 449.86155399999996],
[1657809000.0, 447.4486315],
[1657895400.0, 445.2694204999999],
[1657981800.0, 444.9038649999999],
[1658068200.0, 449.4948795],
[1658154600.0, 452.30339599999996],
[1658241000.0, 441.7806749999999],
[1658327400.0, 450.334247],
[1658413800.0, 449.9344794999999],
[1658500200.0, 450.11608249999995],
[1658586600.0, 447.2974625],
[1658673000.0, 447.8273654999999],
[1658759400.0, 448.58577899999995],
[1658845800.0, 448.55761449999994],
[1658932200.0, 451.85169499999995],
[1659018600.0, 447.76385999999997],
[1659105000.0, 451.96591149999995],
[1659191400.0, 451.1849429999999],
[1659277800.0, 451.615508],
[1659364200.0, 452.64238249999994],
[1659450600.0, 450.59991049999996],
[1659537000.0, 452.1762715],
[1659623400.0, 453.20415449999996],
[1659709800.0, 452.02019249999995],
[1659796200.0, 451.21896749999996],
[1659882600.0, 449.6661504999999],
[1659969000.0, 446.70089299999995],
[1660055400.0, 452.7108309999999],
[1660141800.0, 460.6844989999999],
[1660228200.0, 457.39941399999987],
[1660314600.0, 456.97216549999996],
[1660401000.0, 456.97216549999996],
[1660487400.0, 456.97216549999996],
[1660573800.0, 456.97216549999996],
[1660660200.0, 451.54085949999995],
[1660746600.0, 451.49737050000005],
[1660833000.0, 450.94744749999995],
[1660919400.0, 451.28210649999994],
[1661005800.0, 450.55374499999994],
[1661092200.0, 450.44467749999995],
[1661178600.0, 453.07906299999996],
[1661265000.0, 456.97802949999993],
[1661351400.0, 452.40066449999995],
[1661437800.0, 456.729695],
[1661524200.0, 453.4747765],
[1661610600.0, 451.17700950000005],
[1661697000.0, 450.6339394999999],
[1661783400.0, 449.584796],
[1661869800.0, 453.2222235],
[1661956200.0, 455.2398554999999],
[1662042600.0, 457.6438609999999],
[1662129000.0, 457.1902065],
[1662215400.0, 457.2380065],
[1662301800.0, 457.67270650000006],
[1662388200.0, 462.167547],
[1662474600.0, 457.07592049999994],
[1662561000.0, 458.17928449999994],
[1662647400.0, 453.43074049999996],
[1662733800.0, 451.9247874999999],
[1662820200.0, 448.49504349999995],
[1662906600.0, 454.1067255],
[1662993000.0, 455.26744199999996],
[1663079400.0, 453.93526999999995],
[1663165800.0, 452.06546349999996],
[1663252200.0, 454.3100974999999],
[1663338600.0, 452.43802049999994],
[1663425000.0, 451.8603074999999],
[1663511400.0, 447.90216399999986],
[1663597800.0, 449.5399674999999],
[1663684200.0, 450.4591784999999],
[1663770600.0, 448.7931489999999],
[1663857000.0, 442.40309649999995],
[1663943400.0, 444.4058335],
[1664029800.0, 442.23818349999993],
[1664116200.0, 442.854758],
[1664202600.0, 442.06339349999996],
[1664289000.0, 441.25520649999993],
[1664375400.0, 443.114966],
[1664461800.0, 443.06657349999995],
[1664548200.0, 444.8834084999999],
[1664634600.0, 444.97926349999994],
[1664717400.0, 444.89471349999997],
[1664803800.0, 446.83249649999993],
[1664890200.0, 448.23096749999985],
[1664976600.0, 449.57971999999995],
[1665063000.0, 451.2924815],
[1665149400.0, 450.8886729999999],
[1665235800.0, 448.07129199999997],
[1665322200.0, 447.6493695],
[1665408600.0, 450.7451915],
[1665495000.0, 448.19977299999994],
[1665581400.0, 446.32081000000005],
[1665667800.0, 447.12689099999994],
[1665754200.0, 450.59598349999993],
[1665840600.0, 450.58720399999993],
[1665927000.0, 450.6824494999999],
[1666013400.0, 446.374997],
[1666099800.0, 448.1376205],
[1666186200.0, 449.84306100000003],
[1666272600.0, 448.2127595],
[1666359000.0, 450.8886905],
[1666445400.0, 450.687392],
[1666531800.0, 454.311644],
[1666618200.0, 449.60522949999995],
[1666704600.0, 456.73193],
[1666791000.0, 466.05294649999996],
[1666877400.0, 464.26809049999997],
[1666963800.0, 460.98386049999993],
[1667050200.0, 455.88357549999995],
[1667136600.0, 454.8123994999999],
[1667223000.0, 460.93034449999993],
[1667309400.0, 459.26013399999994],
[1667395800.0, 457.98745149999996],
[1667482200.0, 464.98047199999996],
[1667568600.0, 464.69976649999995],
[1667655000.0, 464.04743449999995],
[1667741400.0, 461.1848994999999],
[1667827800.0, 461.3814689999999],
[1667914200.0, 461.53355149999993],
[1668000600.0, 463.7702539999999],
[1668087000.0, 468.11314949999996],
[1668173400.0, 468.6445045],
[1668259800.0, 471.258997],
[1668346200.0, 473.0381984999999],
[1668432600.0, 471.15939099999997],
[1668519000.0, 469.05828799999995],
[1668605400.0, 470.34059149999985],
[1668691800.0, 484.6525755],
[1668778200.0, 505.9255984999999],
[1668864600.0, 479.7871305],
[1668951000.0, 481.57245699999993],
[1669037400.0, 492.015181],
[1669123800.0, 490.6651209999999],
[1669210200.0, 492.3262389999999],
[1669296600.0, 484.7743289999999],
[1669383000.0, 484.6521754999999],
[1669469400.0, 487.3300139999999],
[1669555800.0, 477.32665999999995],
[1669642200.0, 479.4864974999999],
[1669728600.0, 488.35213799999997],
[1669815000.0, 489.40100099999995],
[1669901400.0, 490.81404799999996],
[1669987800.0, 493.55477849999994],
[1670074200.0, 501.84740049999994],
[1670160600.0, 509.13557049999986],
[1670247000.0, 507.65658699999994],
[1670333400.0, 518.091453],
[1670419800.0, 519.7993299999999],
[1670506200.0, 518.876134],
[1670592600.0, 518.441466],
[1670679000.0, 518.485498],
[1670765400.0, 507.4374314999999],
[1670851800.0, 517.6542449999998],
[1670938200.0, 514.9968194999999],
[1671024600.0, 509.61057349999993],
[1671111000.0, 506.2422679999999],
[1671197400.0, 508.6709824999999],
[1671283800.0, 508.6832614999999],
[1671370200.0, 508.18828949999994],
[1671456600.0, 506.0523609999999],
[1671543000.0, 500.422156],
[1671629400.0, 497.38832799999994],
[1671715800.0, 480.0595475],
[1671802200.0, 472.92860699999994],
[1671888600.0, 462.66691749999984],
[1671975000.0, 477.9143254999999],
[1672061400.0, 477.91386249999994],
[1672147800.0, 478.86541399999993],
[1672234200.0, 478.442107],
[1672320600.0, 482.7034729999999],
[1672407000.0, 480.64852899999994],
[1672493400.0, 480.3396375],
[1672579800.0, 474.31862599999994],
[1672666200.0, 471.5973545],
[1672752600.0, 468.7592184999999],
[1672839000.0, 473.2867129999999],
[1672925400.0, 475.6938434999999],
[1673011800.0, 474.69350649999996],
[1673098200.0, 472.15645349999994],
[1673184600.0, 475.04875649999997],
[1673271000.0, 475.55681399999986],
[1673357400.0, 479.38791849999984],
[1673443800.0, 483.275984],
[1673530200.0, 488.7215525],
[1673616600.0, 490.75668599999995],
[1673703000.0, 481.3377905],
[1673789400.0, 492.72257299999995],
[1673875800.0, 489.2569229999999],
[1673962200.0, 491.2342804999999],
[1674048600.0, 488.90399849999994],
[1674135000.0, 485.66292799999997],
[1674221400.0, 485.143198],
[1674307800.0, 481.5770549999999],
[1674394200.0, 488.9618054999999],
[1674480600.0, 488.864085],
[1674567000.0, 488.4161444999999],
[1674653400.0, 489.75904949999995],
[1674739800.0, 491.498871],
[1674826200.0, 492.485482],
[1674912600.0, 492.4291769999999],
[1674999000.0, 495.0429224999999],
[1675085400.0, 494.95093499999984],
[1675171800.0, 493.64746399999996],
[1675258200.0, 492.038361],
[1675344600.0, 491.4661805],
[1675431000.0, 487.17802299999994],
[1675517400.0, 486.7731869999999],
[1675603800.0, 484.87655599999994],
[1675690200.0, 485.12750049999994],
[1675776600.0, 490.7093155],
[1675863000.0, 488.97417349999995],
[1675949400.0, 488.97417349999995],
