[1633098600, 293.69],
[1633185000, 296.4],
[1633267800, 293.64],
[1633354200, 290.47],
[1633440600, 292.42],
[1633527000, 303.63],
[1633613400, 289.02],
[1633699800, 292.78],
[1633786200, 313.6],
[1633872600, 300.06],
[1633959000, 295.12],
[1634045400, 302.25],
[1634131800, 294.97],
[1634218200, 304.7],
[1634304600, 300.68],
[1634391000, 307.03],
[1634477400, 304.73],
[1634563800, 299.11],
[1634650200, 301.75],
[1634736600, 308.67],
[1634823000, 296.19],
[1634909400, 293.47],
[1634995800, 291.58],
[1635082200, 292.61],
[1635168600, 295.87],
[1635255000, 293.61],
[1635341400, 288.78],
[1635427800, 294.07],
[1635514200, 308.38],
[1635600600, 296.13],
[1635687000, 297.49],
[1635773400, 299.59],
[1635859800, 304.75],
[1635946200, 302.9],
[1636032600, 307.99],
[1636119000, 304.48],
[1636205400, 306.27],
[1636291800, 305.53],
[1636464600, 296.41],
[1636551000, 292.82],
[1636637400, 292.54],
[1636896600, 290.36],
[1636983000, 290.75],
[1637069400, 295.0],
[1637155800, 296.16],
[1637242200, 290.84],
[1637328600, 294.45],
[1637415000, 296.2],
[1637501400, 299.38],
[1637587800, 303.15],
[1637674200, 303.51],
[1637760600, 287.22],
[1637847000, 294.65],
[1637933400, 295.97],
[1638019800, 290.96],
[1638106200, 287.96],
[1638192600, 292.84],
[1638279000, 297.11],
[1638365400, 292.86],
[1638451800, 282.42],
[1638538200, 293.58],
[1638624600, 299.14],
[1638711000, 309.15],
[1638797400, 305.07],
[1638883800, 311.3],
[1638970200, 318.04],
[1639056600, 314.5],
[1639143000, 322.36],
[1639229400, 320.38],
[1639315800, 311.9],
[1639402200, 330.9],
[1639488600, 308.43],
[1639575000, 307.25],
[1639661400, 313.08],
[1639747800, 308.66],
[1639834200, 324.63],
[1639920600, 310.87],
[1640007000, 297.9],
[1640093400, 303.43],
[1640179800, 309.27],
[1640266200, 306.42],
[1640352600, 321.2],
[1640439000, 284.94],
[1640525400, 319.59],
[1640611800, 316.19],
[1640698200, 320.88],
[1640784600, 323.39],
[1640871000, 327.64],
[1640957400, 328.73],
[1641043800, 330.41],
[1641130200, 334.03],
[1641216600, 336.94],
[1641303000, 335.07],
[1641389400, 334.29],
[1641475800, 337.79],
[1641562200, 338.65],
[1641648600, 341.48],
[1641735000, 341.51],
[1641821400, 341.13],
[1641907800, 344.76],
[1641994200, 339.72],
[1642080600, 344.2],
[1642167000, 343.7],
[1642253400, 341.29],
[1642339800, 348.24],
[1642426200, 346.38],
[1642512600, 348.55],
[1642599000, 340.77],
[1642685400, 345.3],
[1642771800, 336.21],
[1642858200, 343.55],
[1642944600, 329.67],
[1643031000, 344.5],
[1643117400, 317.83],
[1643203800, 333.11],
[1643290200, 333.52],
[1643376600, 288.46],
[1643463000, 323.07],
[1643549400, 310.45],
[1643635800, 310.45],
[1643722200, 310.45],
[1643808600, 325.36],
[1643895000, 332.17],
[1643981400, 323.69],
[1644067800, 324.43],
[1644154200, 333.29],
[1644240600, 323.82],
[1644327000, 330.61],
[1644413400, 326.4],
[1644499800, 326.62],
[1644586200, 328.9],
[1644672600, 326.28],
[1644759000, 331.64],
[1644845400, 340.02],
[1644931800, 334.28],
[1645018200, 343.98],
[1645104600, 333.44],
[1645191000, 323.11],
[1645277400, 334.1],
[1645363800, 332.95],
[1645450200, 329.21],
[1645536600, 338.06],
[1645623000, 331.55],
[1645709400, 330.85],
[1645795800, 329.24],
[1645882200, 329.49],
[1645968600, 335.51],
[1646055000, 334.53],
[1646141400, 346.3],
[1646227800, 347.54],
[1646314200, 336.03],
[1646400600, 339.76],
[1646487000, 338.41],
[1646573400, 342.1],
[1646659800, 340.69],
[1646746200, 341.5],
[1646832600, 344.16],
[1646919000, 347.82],
[1647005400, 344.54],
[1647091800, 348.71],
[1647178200, 350.52],
[1647264600, 362.59],
[1647351000, 351.87],
[1647437400, 355.86],
[1647523800, 351.16],
[1647610200, 357.02],
[1647696600, 350.83],
[1647783000, 360.44],
[1647869400, 360.16],
[1647955800, 363.74],
[1648042200, 364.89],
[1648128600, 360.58],
[1648215000, 349.92],
[1648301400, 359.58],
[1648387800, 358.73],
[1648474200, 364.25],
[1648560600, 361.22],
[1648647000, 367.48],
[1648733400, 375.59],
[1648819800, 372.41],
[1648906200, 365.9],
[1648996200, 366.69],
[1649082600, 372.88],
[1649169000, 376.77],
[1649255400, 364.69],
[1649341800, 365.8],
[1649514600, 377.07],
[1649601000, 378.37],
[1649687400, 381.38],
[1649773800, 376.17],
[1649860200, 382.16],
[1649946600, 377.03],
[1650033000, 392.41],
[1650119400, 381.25],
[1650205800, 388.38],
[1650292200, 384.86],
[1650378600, 386.47],
[1650465000, 372.8],
[1650551400, 372.8],
[1650637800, 372.8],
[1650724200, 385.96],
[1650810600, 378.82],
[1650897000, 382.72],
[1650983400, 375.19],
[1651069800, 364.89],
[1651156200, 377.44],
[1651242600, 383.41],
[1651329000, 371.96],
[1651415400, 373.66],
[1651501800, 366.52],
[1651588200, 378.48],
[1651674600, 369.37],
[1651761000, 360.21],
[1651847400, 373.1],
[1651933800, 368.33],
[1652020200, 364.5],
[1652106600, 363.8],
[1652193000, 361.64],
[1652279400, 362.47],
[1652365800, 373.02],
[1652970600, 371.88],
[1653057000, 371.35],
[1653143400, 377.29],
[1653229800, 365.77],
[1653316200, 361.2],
[1653402600, 357.62],
[1653489000, 359.04],
[1653575400, 359.09],
[1653661800, 363.21],
[1653748200, 361.91],
[1653834600, 356.71],
[1653921000, 369.03],
[1654007400, 365.21],
[1654093800, 361.38],
[1654180200, 367.65],
[1654266600, 356.45],
[1654353000, 354.51],
[1654439400, 363.42],
[1654525800, 353.37],
[1654612200, 362.69],
[1654698600, 361.6],
[1654785000, 365.86],
[1654871400, 373.88],
[1654957800, 361.74],
[1655044200, 366.1],
[1655130600, 362.8],
[1655217000, 329.06],
[1655303400, 355.36],
[1655389800, 358.25],
[1655476200, 350.19],
[1655562600, 355.51],
[1655649000, 353.2],
[1655735400, 347.09],
[1655821800, 351.39],
[1655908200, 337.02],
[1655994600, 350.14],
[1656081000, 342.58],
[1656167400, 343.96],
[1656253800, 334.42],
[1656340200, 352.38],
[1656426600, 338.02],
[1656513000, 341.71],
[1656599400, 354.27],
[1656685800, 344.44],
[1656772200, 352.05],
[1656858600, 347.86],
[1656945000, 346.29],
[1657031400, 345.54],
[1657117800, 356.14],
[1657290600, 339.5],
[1657377000, 343.92],
[1657463400, 342.28],
[1657549800, 349.82],
[1657636200, 347.87],
[1657722600, 357.12],
[1657809000, 356.08],
[1657895400, 350.15],
[1657981800, 363.29],
[1658068200, 357.64],
[1658154600, 358.98],
[1658241000, 358.57],
[1658327400, 372.75],
[1658413800, 358.15],
[1658673000, 359.86],
[1658759400, 361.93],
[1658845800, 369.96],
[1658932200, 359.54],
[1659018600, 358.34],
[1659105000, 364.96],
[1659191400, 367.27],
[1659277800, 369.57],
[1659364200, 363.96],
[1659450600, 365.27],
[1659537000, 369.17],
[1659623400, 373.04],
[1659709800, 376.5],
[1659796200, 370.24],
[1659882600, 382.54],
[1659969000, 374.18],
[1660055400, 375.54],
[1660228200, 372.55],
[1660314600, 361.14],
[1660401000, 361.14],
[1660487400, 361.14],
[1660573800, 361.14],
[1660660200, 334.12],
[1660746600, 343.01],
[1660833000, 316.46],
[1660919400, 358.58],
[1661005800, 353.03],
[1661178600, 344.49],
[1661265000, 332.99],
[1661351400, 318.79],
[1661437800, 317.1],
[1661524200, 365.64],
[1661610600, 367.53],
[1661697000, 364.85],
[1661783400, 360.98],
[1661869800, 364.6],
[1661956200, 358.52],
[1662042600, 375.48],
[1662129000, 357.56],
[1662215400, 380.14],
[1662301800, 370.94],
[1662561000, 368.92],
[1662647400, 365.03],
[1662733800, 376.36],
[1662820200, 373.02],
[1662906600, 364.43],
[1662993000, 363.0],
[1663079400, 366.33],
[1663165800, 362.1],
[1663252200, 361.71],
[1663338600, 362.98],
[1663425000, 364.93],
[1663511400, 358.13],
[1663597800, 361.06],
[1663684200, 356.27],
[1663770600, 358.27],
[1663857000, 345.1],
[1663943400, 353.3],
[1664029800, 357.44],
[1664116200, 344.34],
[1664202600, 353.12],
[1664289000, 343.95],
[1664375400, 340.91],
[1664461800, 342.97],
[1664548200, 344.24],
[1664634600, 347.73],
[1664717400, 352.54],
[1664803800, 345.07],
[1664890200, 354.49],
[1664976600, 353.57],
[1665063000, 360.1],
[1665149400, 363.62],
[1665235800, 356.78],
[1665322200, 364.37],
[1665408600, 369.43],
[1665495000, 365.17],
[1665581400, 365.07],
[1665667800, 366.86],
[1665754200, 364.38],
[1665840600, 372.26],
[1665927000, 371.13],
[1666013400, 367.08],
[1666099800, 372.44],
[1666186200, 373.23],
[1666272600, 369.88],
[1666359000, 363.18],
[1666445400, 358.29],
[1666531800, 353.85],
[1666618200, 344.94],
[1666704600, 359.76],
[1666791000, 351.83],
[1666877400, 351.1],
[1666963800, 351.63],
[1667050200, 353.87],
[1667136600, 353.17],
[1667223000, 352.84],
[1667309400, 353.73],
[1667395800, 357.19],
[1667482200, 346.79],
[1667568600, 357.63],
[1667655000, 364.15],
[1667741400, 358.9],
[1667827800, 361.11],
[1667914200, 357.91],
[1668000600, 364.5],
[1668087000, 362.34],
[1668173400, 379.06],
[1668259800, 361.77],
[1668346200, 363.67],
[1668432600, 362.46],
[1668519000, 366.6],
[1668605400, 362.65],
[1668691800, 363.42],
[1668778200, 353.85],
[1668864600, 352.45],
[1668951000, 349.95],
[1669037400, 353.89],
[1669123800, 344.75],
[1669210200, 340.64],
[1669296600, 350.98],
[1669383000, 339.0],
[1669469400, 339.87],
[1669555800, 337.66],
[1669642200, 340.9],
[1669728600, 343.41],
[1669815000, 351.52],
[1669901400, 354.96],
[1669987800, 363.79],
[1670074200, 366.28],
[1670160600, 374.76],
[1670247000, 380.17],
[1670333400, 371.71],
[1670419800, 377.3],
[1670506200, 378.78],
[1670592600, 377.43],
[1670679000, 382.51],
[1670765400, 372.34],
[1670851800, 374.39],
[1670938200, 377.18],
[1671024600, 377.88],
[1671111000, 377.03],
[1671197400, 379.73],
[1671283800, 378.0],
[1671370200, 374.13],
[1671456600, 378.92],
[1671543000, 386.02],
[1671629400, 392.48],
[1671715800, 370.48],
[1671802200, 377.09],
[1671888600, 376.33],
[1671975000, 378.42],
[1672061400, 384.19],
[1672147800, 383.82],
[1672234200, 384.62],
[1672320600, 385.08],
[1672407000, 382.81],
[1672493400, 388.68],
[1672579800, 385.85],
[1672666200, 379.21],
[1672752600, 381.57],
[1672839000, 381.51],
[1672925400, 372.86],
[1673011800, 383.92],
[1673098200, 387.78],
[1673184600, 390.68],
[1673271000, 403.17],
[1673357400, 392.75],
[1673443800, 401.71],
[1673530200, 407.21],
[1673616600, 397.75],
[1673703000, 408.85],
[1673789400, 405.58],
[1673875800, 400.91],
[1673962200, 402.36],
[1674048600, 401.13],
[1674135000, 403.32],
[1674221400, 399.62],
[1674307800, 401.44],
[1674394200, 399.18],
[1674480600, 386.68],
[1674567000, 394.28],
[1674653400, 392.13],
[1674739800, 399.94],
[1674826200, 400.54],
[1674912600, 397.67],
[1674999000, 399.34],
[1675085400, 397.56],
[1675171800, 398.23],
[1675258200, 400.5],
[1675344600, 403.88],
[1675431000, 396.68],
[1675517400, 403.99],
[1675603800, 405.07],
[1675690200, 410.16],
[1675776600, 412.52],
[1675863000, 405.18],
[1675949400, 388.67],
[1676035800, 400.9],
[1676122200, 405.43],
[1676208600, 401.69],
[1676295000, 409.36],
[1676381400, 404.13],
[1676467800, 413.36],
[1676554200, 408.22],
[1676640600, 408.16],
[1676727000, 406.59],
[1676813400, 408.93],
[1676899800, 393.62],
[1677072600, 410.75],
[1677159000, 401.52],
[1677245400, 416.09],
[1677331800, 405.22],
[1677418200, 409.38],
[1677504600, 413.41],
[1677591000, 400.02],
[1677677400, 411.71],
[1677763800, 419.44],
[1677850200, 425.85],
[1677936600, 422.83],
[1678023000, 430.9],
[1678109400, 436.03],
[1678195800, 433.8],
[1678282200, 432.62],
[1678368600, 433.8],
[1678455000, 439.86],
[1678541400, 439.62],
[1678627800, 433.81],
[1678714200, 443.5],
[1678800600, 439.98],
[1678887000, 435.19],
[1678973400, 439.87],
[1679059800, 441.64],
[1679146200, 443.0],
[1679232600, 436.17],
[1679319000, 416.73],
[1679405400, 427.67],
[1679491800, 468.03],
[1679578200, 484.65],
[1679664600, 502.03],
[1679751000, 515.53],
[1679837400, 509.58],
[1679923800, 513.32],
[1680010200, 518.02],
[1680096600, 521.19],
[1680183000, 525.55],
[1680269400, 544.87],
[1680355800, 544.87],
