[1598970600.0, 43.33047165768877],
[1599057000.0, 43.33047165768877],
[1599143400.0, 43.33047165768877],
[1599229800.0, 43.33047165768877],
[1599316200.0, 43.33047165768877],
[1599402600.0, 43.33047165768877],
[1599489000.0, 43.33047165768877],
[1599575400.0, 43.33047165768877],
[1599661800.0, 43.33047165768877],
[1599748200.0, 43.33047165768877],
[1599834600.0, 43.33047165768877],
[1599921000.0, 43.33047165768877],
[1600007400.0, 43.33047165768877],
[1600093800.0, 43.33047165768877],
[1600180200.0, 43.33047165768877],
[1600266600.0, 43.33047165768877],
[1600353000.0, 43.33047165768877],
[1600439400.0, 43.33047165768877],
[1600525800.0, 43.33047165768877],
[1600612200.0, 43.33047165768877],
[1600698600.0, 43.33047165768877],
[1600785000.0, 43.33047165768877],
[1600871400.0, 43.33047165768877],
[1600957800.0, 43.33047165768877],
[1601044200.0, 43.33047165768877],
[1601130600.0, 43.33047165768877],
[1601217000.0, 43.33047165768877],
[1601303400.0, 43.33047165768877],
[1601389800.0, 43.33047165768877],
[1601476200.0, 43.33047165768877],
[1601562600.0, 43.33047165768877],
[1601649000.0, 43.33047165768877],
[1601735400.0, 43.33047165768877],
[1601818200.0, 43.33047165768877],
[1601904600.0, 43.33047165768877],
[1601991000.0, 43.33047165768877],
[1602077400.0, 43.33047165768877],
[1602163800.0, 43.33047165768877],
[1602250200.0, 43.33047165768877],
[1602336600.0, 43.33047165768877],
[1602423000.0, 43.33047165768877],
[1602509400.0, 43.33047165768877],
[1602595800.0, 43.33047165768877],
[1602682200.0, 43.33047165768877],
[1602768600.0, 43.33047165768877],
[1602855000.0, 43.33047165768877],
[1602941400.0, 43.33047165768877],
[1603027800.0, 43.33047165768877],
[1603114200.0, 43.33047165768877],
[1603200600.0, 43.33047165768877],
[1603287000.0, 43.33047165768877],
[1603373400.0, 43.33047165768877],
[1603459800.0, 43.33047165768877],
[1603546200.0, 43.33047165768877],
[1603632600.0, 43.33047165768877],
[1603719000.0, 43.33047165768877],
[1603805400.0, 43.33047165768877],
[1603891800.0, 43.33047165768877],
[1603978200.0, 43.33047165768877],
[1604064600.0, 43.33047165768877],
[1604151000.0, 43.33047165768877],
[1604237400.0, 43.33047165768877],
[1604323800.0, 43.33047165768877],
[1604410200.0, 43.33047165768877],
[1604496600.0, 43.33047165768877],
[1604583000.0, 43.33047165768877],
[1604669400.0, 43.33047165768877],
[1604755800.0, 43.33047165768877],
[1604842200.0, 43.33047165768877],
[1604928600.0, 43.33047165768877],
[1605015000.0, 43.33047165768877],
[1605101400.0, 43.33047165768877],
[1605187800.0, 43.33047165768877],
[1605274200.0, 43.33047165768877],
[1605360600.0, 43.33047165768877],
[1605447000.0, 43.33047165768877],
[1605533400.0, 43.33047165768877],
[1605619800.0, 43.33047165768877],
[1605706200.0, 43.33047165768877],
[1605792600.0, 43.33047165768877],
[1605879000.0, 43.33047165768877],
[1605965400.0, 43.33047165768877],
[1606051800.0, 43.33047165768877],
[1606138200.0, 43.33047165768877],
[1606224600.0, 43.33047165768877],
[1606311000.0, 43.33047165768877],
[1606397400.0, 43.33047165768877],
[1606483800.0, 43.33047165768877],
[1606570200.0, 43.33047165768877],
[1606656600.0, 43.33047165768877],
[1606743000.0, 43.33047165768877],
[1606829400.0, 43.33047165768877],
[1606915800.0, 43.33047165768877],
[1607002200.0, 43.33047165768877],
[1607088600.0, 43.33047165768877],
[1607175000.0, 43.33047165768877],
[1607261400.0, 43.33047165768877],
[1607347800.0, 43.33047165768877],
[1607434200.0, 43.33047165768877],
[1607520600.0, 43.33047165768877],
[1607607000.0, 43.33047165768877],
[1607693400.0, 43.33047165768877],
[1607779800.0, 43.33047165768877],
[1607866200.0, 43.33047165768877],
[1607952600.0, 43.33047165768877],
[1608039000.0, 43.33047165768877],
[1608125400.0, 43.33047165768877],
[1608211800.0, 43.33047165768877],
[1608298200.0, 43.33047165768877],
[1608384600.0, 43.33047165768877],
[1608471000.0, 43.33047165768877],
[1608557400.0, 43.33047165768877],
[1608643800.0, 43.33047165768877],
[1608730200.0, 43.33047165768877],
[1608816600.0, 43.33047165768877],
[1608903000.0, 43.33047165768877],
[1608989400.0, 43.33047165768877],
[1609075800.0, 43.33047165768877],
[1609162200.0, 43.33047165768877],
[1609248600.0, 43.33047165768877],
[1609335000.0, 43.33047165768877],
[1609421400.0, 43.33047165768877],
[1609507800.0, 43.33047165768877],
[1609594200.0, 43.33047165768877],
[1609680600.0, 43.33047165768877],
[1609767000.0, 43.33047165768877],
[1609853400.0, 43.33047165768877],
[1609939800.0, 43.33047165768877],
[1610026200.0, 43.33047165768877],
[1610112600.0, 43.33047165768877],
[1610199000.0, 43.33047165768877],
[1610285400.0, 43.33047165768877],
[1610371800.0, 43.33047165768877],
[1610458200.0, 43.33047165768877],
[1610544600.0, 43.33047165768877],
[1610631000.0, 43.33047165768877],
[1610717400.0, 43.33047165768877],
[1610803800.0, 43.33047165768877],
[1610890200.0, 43.33047165768877],
[1610976600.0, 43.33047165768877],
[1611063000.0, 43.33047165768877],
[1611149400.0, 43.33047165768877],
[1611235800.0, 43.33047165768877],
[1611322200.0, 43.33047165768877],
[1611408600.0, 43.33047165768877],
[1611495000.0, 43.33047165768877],
[1611581400.0, 43.33047165768877],
[1611667800.0, 43.33047165768877],
[1611754200.0, 43.33047165768877],
[1611840600.0, 43.33047165768877],
[1611927000.0, 43.33047165768877],
[1612013400.0, 43.33047165768877],
[1612099800.0, 43.33047165768877],
[1612186200.0, 43.33047165768877],
[1612272600.0, 43.33047165768877],
[1612359000.0, 43.33047165768877],
[1612445400.0, 43.33047165768877],
[1612531800.0, 43.33047165768877],
[1612618200.0, 43.33047165768877],
[1612704600.0, 43.33047165768877],
[1612791000.0, 43.33047165768877],
[1612877400.0, 43.33047165768877],
[1612963800.0, 43.33047165768877],
[1613050200.0, 43.33047165768877],
[1613136600.0, 43.33047165768877],
[1613223000.0, 43.33047165768877],
[1613309400.0, 43.33047165768877],
[1613395800.0, 43.33047165768877],
[1613482200.0, 43.33047165768877],
[1613568600.0, 43.33047165768877],
[1613655000.0, 43.33047165768877],
[1613741400.0, 43.33047165768877],
[1613827800.0, 43.33047165768877],
[1613914200.0, 43.33047165768877],
[1614000600.0, 43.33047165768877],
[1614087000.0, 43.33047165768877],
[1614173400.0, 43.33047165768877],
[1614259800.0, 43.33047165768877],
[1614346200.0, 43.33047165768877],
[1614432600.0, 43.33047165768877],
[1614519000.0, 43.33047165768877],
[1614605400.0, 43.33047165768877],
[1614691800.0, 43.33047165768877],
[1614778200.0, 43.33047165768877],
[1614864600.0, 43.33047165768877],
[1614951000.0, 43.33047165768877],
[1615037400.0, 43.33047165768877],
[1615123800.0, 43.33047165768877],
[1615210200.0, 43.33047165768877],
[1615296600.0, 43.33047165768877],
[1615383000.0, 43.33047165768877],
[1615469400.0, 43.33047165768877],
[1615555800.0, 43.33047165768877],
[1615642200.0, 43.33047165768877],
[1615728600.0, 43.33047165768877],
[1615815000.0, 43.33047165768877],
[1615901400.0, 43.33047165768877],
[1615987800.0, 43.33047165768877],
[1616074200.0, 43.33047165768877],
[1616160600.0, 43.33047165768877],
[1616247000.0, 43.33047165768877],
[1616333400.0, 43.33047165768877],
[1616419800.0, 43.33047165768877],
[1616506200.0, 43.33047165768877],
[1616592600.0, 43.33047165768877],
[1616679000.0, 43.33047165768877],
[1616765400.0, 43.33047165768877],
[1616851800.0, 43.33047165768877],
[1616938200.0, 43.33047165768877],
[1617024600.0, 43.33047165768877],
[1617111000.0, 43.33047165768877],
[1617197400.0, 43.33047165768877],
[1617283800.0, 43.33047165768877],
[1617370200.0, 43.33047165768877],
[1617456600.0, 43.33047165768877],
[1617546600.0, 43.33047165768877],
[1617633000.0, 43.33047165768877],
[1617719400.0, 43.33047165768877],
[1617805800.0, 43.33047165768877],
[1617892200.0, 43.33047165768877],
[1617978600.0, 43.33047165768877],
[1618065000.0, 43.33047165768877],
[1618151400.0, 43.33047165768877],
[1618237800.0, 43.33047165768877],
[1618324200.0, 43.33047165768877],
[1618410600.0, 43.33047165768877],
[1618497000.0, 43.33047165768877],
[1618583400.0, 43.33047165768877],
[1618669800.0, 43.33047165768877],
[1618756200.0, 43.33047165768877],
[1618842600.0, 43.33047165768877],
[1618929000.0, 43.33047165768877],
[1619015400.0, 43.33047165768877],
[1619101800.0, 43.33047165768877],
[1619188200.0, 43.33047165768877],
[1619274600.0, 43.33047165768877],
[1619361000.0, 43.33047165768877],
[1619447400.0, 43.33047165768877],
[1619533800.0, 43.33047165768877],
[1619620200.0, 43.33047165768877],
[1619706600.0, 43.33047165768877],
[1619793000.0, 43.33047165768877],
[1619879400.0, 43.33047165768877],
[1619965800.0, 43.33047165768877],
[1620052200.0, 43.33047165768877],
[1620138600.0, 43.33047165768877],
[1620225000.0, 43.33047165768877],
[1620311400.0, 43.33047165768877],
[1620397800.0, 43.33047165768877],
[1620484200.0, 43.33047165768877],
[1620570600.0, 43.33047165768877],
[1620657000.0, 43.33047165768877],
[1620743400.0, 43.33047165768877],
[1620829800.0, 43.33047165768877],
[1620916200.0, 43.33047165768877],
[1621002600.0, 43.33047165768877],
[1621089000.0, 43.33047165768877],
[1621175400.0, 43.33047165768877],
[1621261800.0, 43.33047165768877],
[1621348200.0, 43.33047165768877],
[1621434600.0, 43.33047165768877],
[1621521000.0, 43.33047165768877],
[1621607400.0, 43.33047165768877],
[1621693800.0, 43.33047165768877],
[1621780200.0, 43.33047165768877],
[1621866600.0, 43.33047165768877],
[1621953000.0, 43.33047165768877],
[1622039400.0, 43.33047165768877],
[1622125800.0, 43.33047165768877],
[1622212200.0, 43.33047165768877],
[1622298600.0, 43.33047165768877],
[1622385000.0, 43.33047165768877],
[1622471400.0, 43.33047165768877],
[1622557800.0, 43.33047165768877],
[1622644200.0, 43.33047165768877],
[1622730600.0, 43.33047165768877],
[1622817000.0, 43.33047165768877],
[1622903400.0, 43.33047165768877],
[1622989800.0, 43.33047165768877],
[1623076200.0, 43.33047165768877],
[1623162600.0, 43.33047165768877],
[1623249000.0, 43.33047165768877],
[1623335400.0, 43.33047165768877],
[1623421800.0, 43.33047165768877],
[1623508200.0, 43.33047165768877],
[1623594600.0, 43.33047165768877],
[1623681000.0, 43.33047165768877],
[1623767400.0, 43.33047165768877],
[1623853800.0, 43.33047165768877],
[1623940200.0, 43.33047165768877],
[1624026600.0, 43.33047165768877],
[1624113000.0, 43.33047165768877],
[1624199400.0, 43.33047165768877],
[1624285800.0, 43.33047165768877],
[1624372200.0, 43.33047165768877],
[1624458600.0, 43.33047165768877],
[1624545000.0, 43.33047165768877],
[1624631400.0, 43.33047165768877],
[1624717800.0, 43.33047165768877],
[1624804200.0, 43.33047165768877],
[1624890600.0, 43.33047165768877],
[1624977000.0, 43.33047165768877],
[1625063400.0, 43.33047165768877],
[1625149800.0, 43.33047165768877],
[1625236200.0, 43.33047165768877],
[1625322600.0, 43.33047165768877],
[1625409000.0, 43.33047165768877],
[1625495400.0, 43.33047165768877],
[1625581800.0, 43.33047165768877],
[1625668200.0, 43.33047165768877],
[1625754600.0, 43.33047165768877],
[1625841000.0, 43.33047165768877],
[1625927400.0, 43.33047165768877],
[1626013800.0, 43.33047165768877],
[1626100200.0, 43.33047165768877],
[1626186600.0, 43.33047165768877],
[1626273000.0, 43.33047165768877],
[1626359400.0, 43.33047165768877],
[1626445800.0, 43.33047165768877],
[1626532200.0, 43.33047165768877],
[1626618600.0, 43.33047165768877],
[1626705000.0, 43.33047165768877],
[1626791400.0, 43.33047165768877],
[1626877800.0, 43.33047165768877],
[1626964200.0, 43.33047165768877],
[1627050600.0, 43.33047165768877],
[1627137000.0, 43.33047165768877],
[1627223400.0, 43.33047165768877],
[1627309800.0, 43.33047165768877],
[1627396200.0, 43.33047165768877],
[1627482600.0, 43.33047165768877],
[1627569000.0, 43.33047165768877],
[1627655400.0, 43.33047165768877],
[1627741800.0, 43.33047165768877],
[1627828200.0, 43.33047165768877],
[1627914600.0, 43.33047165768877],
[1628001000.0, 43.33047165768877],
[1628087400.0, 43.33047165768877],
[1628173800.0, 43.33047165768877],
[1628260200.0, 43.33047165768877],
[1628346600.0, 43.33047165768877],
[1628433000.0, 43.33047165768877],
[1628519400.0, 43.33047165768877],
[1628605800.0, 43.33047165768877],
[1628692200.0, 43.33047165768877],
[1628778600.0, 43.33047165768877],
[1628865000.0, 43.33047165768877],
[1628951400.0, 43.33047165768877],
[1629037800.0, 43.33047165768877],
[1629124200.0, 43.33047165768877],
[1629210600.0, 43.33047165768877],
[1629297000.0, 25.00996385956595],
[1629383400.0, 23.17126537101829],
[1629469800.0, 22.84256507740377],
[1629556200.0, 22.84256507740377],
[1629642600.0, 22.84256507740377],
[1629729000.0, 22.84256507740377],
[1629815400.0, 22.84256507740377],
[1629901800.0, 22.84256507740377],
[1629988200.0, 22.84256507740377],
[1630074600.0, 22.84256507740377],
[1630161000.0, 22.84256507740377],
[1630247400.0, 22.84256507740377],
[1630333800.0, 22.84256507740377],
[1630420200.0, 22.84256507740377],
[1630506600.0, 22.84256507740377],
[1630593000.0, 22.84256507740377],
[1630679400.0, 22.84256507740377],
[1630765800.0, 22.84256507740377],
[1630852200.0, 22.84256507740377],
[1630938600.0, 22.84256507740377],
[1631025000.0, 22.84256507740377],
[1631111400.0, 22.84256507740377],
[1631197800.0, 22.84256507740377],
[1631284200.0, 22.84256507740377],
[1631370600.0, 22.84256507740377],
[1631457000.0, 22.84256507740377],
[1631543400.0, 22.84256507740377],
[1631629800.0, 22.84256507740377],
[1631716200.0, 22.84256507740377],
[1631802600.0, 22.84256507740377],
[1631889000.0, 22.84256507740377],
[1631975400.0, 22.84256507740377],
[1632061800.0, 22.84256507740377],
[1632148200.0, 22.84256507740377],
[1632234600.0, 24.637968880582825],
[1632321000.0, 24.11700397236021],
[1632407400.0, 26.788102035862128],
[1632493800.0, 28.19261346595026],
[1632580200.0, 28.78902304780177],
[1632666600.0, 29.65638392949365],
[1632753000.0, 30.58071501421125],
[1632839400.0, 28.546601708775192],
[1632925800.0, 28.57032522648382],
[1633012200.0, 28.787705235851643],
[1633098600.0, 29.649804718210426],
[1633185000.0, 28.312755556386556],
[1633267800.0, 27.988820032167254],
[1633354200.0, 26.342239410505407],
[1633440600.0, 26.32622043938042],
[1633527000.0, 26.45756081269168],
[1633613400.0, 26.441655920361946],
[1633699800.0, 30.402379519612975],
[1633786200.0, 27.84167155059473],
[1633872600.0, 27.571748230096723],
[1633959000.0, 27.54668284551123],
[1634045400.0, 27.800014743186544],
[1634131800.0, 27.826013435034728],
[1634218200.0, 27.825724728763067],
[1634304600.0, 27.323715346617025],
[1634391000.0, 26.764644480937122],
[1634477400.0, 25.41298930272405],
[1634563800.0, 24.819384729639268],
[1634650200.0, 25.728105478710653],
[1634736600.0, 25.704225372726476],
[1634823000.0, 24.26536866103478],
[1634909400.0, 25.06356993168255],
[1634995800.0, 24.919103324189592],
[1635082200.0, 24.11047535112432],
[1635168600.0, 24.07219611297432],
[1635255000.0, 23.943259373678835],
[1635341400.0, 23.930156248479115],
[1635427800.0, 24.466102418471458],
[1635514200.0, 25.065442322025106],
[1635600600.0, 30.015968855287948],
[1635687000.0, 29.758281733033204],
[1635773400.0, 29.545846202804356],
[1635859800.0, 30.3938609957497],
[1635946200.0, 29.950449038057002],
[1636032600.0, 30.564203149240186],
[1636119000.0, 30.7009016855707],
[1636205400.0, 31.619142648787637],
[1636291800.0, 31.14692442058096],
[1636378200.0, 30.09056125842129],
[1636464600.0, 30.050517390235214],
[1636551000.0, 29.648946876264944],
[1636637400.0, 31.705423756334906],
[1636723800.0, 30.998777999739573],
[1636810200.0, 31.85964812116424],
[1636896600.0, 31.294438746556054],
[1636983000.0, 31.791775246521745],
[1637069400.0, 32.08810084723424],
[1637155800.0, 32.11525882973986],
[1637242200.0, 32.983458990458516],
[1637328600.0, 33.018620895788175],
[1637415000.0, 30.127232545414003],
[1637501400.0, 30.260436648592897],
[1637587800.0, 30.35209223283445],
[1637674200.0, 33.39016031841163],
[1637760600.0, 33.00523367687908],
[1637847000.0, 33.093329388696304],
[1637933400.0, 32.48157941600404],
[1638019800.0, 31.052828862152708],
[1638106200.0, 29.57656302531558],
[1638192600.0, 29.55814922600139],
[1638279000.0, 29.71163412826483],
[1638365400.0, 28.91080456166156],
[1638451800.0, 28.958499193772006],
[1638538200.0, 28.831098340840512],
[1638624600.0, 30.139959601544973],
[1638711000.0, 30.07398630639073],
[1638797400.0, 29.44358493263296],
[1638883800.0, 29.985382604445004],
[1638970200.0, 29.838295179966813],
[1639056600.0, 30.06717182130982],
[1639143000.0, 30.146260474030946],
[1639229400.0, 29.647525178339148],
[1639315800.0, 31.022110555267126],
[1639402200.0, 31.026180707822974],
[1639488600.0, 31.55670501628991],
[1639575000.0, 31.394313858489816],
[1639661400.0, 31.26666420677938],
[1639747800.0, 31.422540206974496],
[1639834200.0, 31.657593239391637],
[1639920600.0, 31.972874153746094],
[1640007000.0, 30.962576991131847],
[1640093400.0, 30.930317398117225],
[1640179800.0, 29.461248315557448],
[1640266200.0, 29.811915134007812],
[1640352600.0, 31.56860882487384],
[1640439000.0, 31.57242695986321],
[1640525400.0, 31.58197615986733],
[1640611800.0, 31.384942968232696],
[1640698200.0, 31.95337293272332],
[1640784600.0, 31.982004151619055],
[1640871000.0, 30.772650294408415],
[1640957400.0, 31.12984388053298],
[1641043800.0, 31.154692445120823],
[1641130200.0, 31.20908729589433],
[1641216600.0, 31.249803456780793],
[1641303000.0, 31.33403823617408],
[1641389400.0, 31.91286335276743],
[1641475800.0, 31.74736925128274],
[1641562200.0, 31.982969327628197],
[1641648600.0, 31.914649683245713],
[1641735000.0, 31.851812528269882],
[1641821400.0, 31.682331986025694],
[1641907800.0, 31.775703963314758],
[1641994200.0, 33.40191652175804],
[1642080600.0, 33.56899065392587],
[1642167000.0, 33.5654113476896],
[1642253400.0, 34.19939217149943],
[1642339800.0, 34.41366753373109],
[1642426200.0, 34.57689296108601],
[1642512600.0, 33.517743321410094],
[1642599000.0, 33.654416314804244],
[1642685400.0, 35.969200819232455],
[1642771800.0, 34.768964457567286],
[1642858200.0, 36.27748896117336],
[1642944600.0, 32.58355604650993],
[1643031000.0, 32.6188226686471],
[1643117400.0, 32.62637323782244],
[1643203800.0, 32.69237201974947],
[1643290200.0, 32.78902418782503],
[1643376600.0, 32.92623559882911],
[1643463000.0, 32.901576030286165],
[1643549400.0, 33.10523086622264],
[1643635800.0, 33.10523086622264],
[1643722200.0, 33.10523086622264],
[1643808600.0, 33.45211672641463],
[1643895000.0, 33.411876703390156],
[1643981400.0, 32.91906000687776],
[1644067800.0, 33.72288418968636],
[1644154200.0, 35.874912296409406],
[1644240600.0, 35.777691717425874],
[1644327000.0, 34.10009000118423],
[1644413400.0, 33.56293119427527],
[1644499800.0, 33.08849405702355],
[1644586200.0, 33.739087907854625],
[1644672600.0, 32.48472574969131],
[1644759000.0, 31.84974694419381],
[1644845400.0, 32.776578895789434],
[1644931800.0, 31.97590865044431],
[1645018200.0, 34.06680751346374],
[1645104600.0, 33.87916375271576],
[1645191000.0, 34.17392800468092],
[1645277400.0, 34.258274304916625],
[1645363800.0, 33.11064623687718],
[1645450200.0, 33.92381572650233],
[1645536600.0, 34.07884056338068],
[1645623000.0, 33.89622589743061],
[1645709400.0, 33.921286751314945],
[1645795800.0, 32.65889855058817],
[1645882200.0, 33.251051774759716],
[1645968600.0, 34.67231918449549],
[1646055000.0, 33.26112314914014],
[1646141400.0, 32.65822000750724],
[1646227800.0, 32.11986369212785],
[1646314200.0, 34.45424002721133],
[1646400600.0, 34.49227672937929],
[1646487000.0, 34.119947835055235],
[1646573400.0, 35.79400452680959],
[1646659800.0, 35.54104016778],
[1646746200.0, 34.033369506323716],
[1646832600.0, 32.270623147570326],
[1646919000.0, 31.44021865405679],
[1647005400.0, 31.531952286671768],
[1647091800.0, 31.61685550095261],
[1647178200.0, 31.598647002399368],
[1647264600.0, 31.67081217631562],
[1647351000.0, 31.458130929995505],
[1647437400.0, 33.164551574950046],
[1647523800.0, 34.26092485304884],
[1647610200.0, 32.32942789682438],
[1647696600.0, 32.691109790914496],
[1647783000.0, 32.07963811383688],
[1647869400.0, 32.50549917156917],
[1647955800.0, 32.36428015597099],
[1648042200.0, 31.961869044010314],
[1648128600.0, 31.16517693800963],
[1648215000.0, 30.16505659308629],
[1648301400.0, 30.2865027426889],
[1648387800.0, 29.937684229483974],
[1648474200.0, 29.8738162882908],
[1648560600.0, 31.226386428606624],
[1648647000.0, 31.97877707813877],
[1648733400.0, 30.98558275956418],
[1648819800.0, 30.36585367241821],
[1648906200.0, 32.11060802767492],
[1648996200.0, 33.218434138862264],
[1649082600.0, 32.30643482590115],
[1649169000.0, 33.617833318186726],
[1649255400.0, 31.89054704501703],
[1649341800.0, 32.11010002887572],
[1649428200.0, 31.6515212157711],
[1649514600.0, 31.782169105164872],
[1649601000.0, 31.830970532216927],
[1649687400.0, 31.953075755162466],
[1649773800.0, 32.47977989492871],
[1649860200.0, 32.3728444227186],
[1649946600.0, 32.17278555083588],
[1650033000.0, 32.91238337649527],
[1650119400.0, 32.879503657995045],
[1650205800.0, 33.59149811196512],
[1650292200.0, 33.420077004071004],
[1650378600.0, 33.043215991294154],
[1650465000.0, 33.40476853337836],
[1650551400.0, 33.40476853337836],
[1650637800.0, 33.40476853337836],
[1650724200.0, 32.95573039334247],
[1650810600.0, 31.816120403296683],
[1650897000.0, 32.43529295680668],
[1650983400.0, 32.44408226292729],
[1651069800.0, 32.313610292588116],
[1651156200.0, 32.46893518669111],
[1651242600.0, 32.7362230730928],
[1651329000.0, 32.752328147567084],
[1651415400.0, 32.63342319196988],
[1651501800.0, 32.97313997326778],
[1651588200.0, 32.604621199177416],
[1651674600.0, 32.93433445056452],
[1651761000.0, 32.88331896937572],
[1651847400.0, 32.85112364738595],
[1651933800.0, 32.635232291023456],
[1652020200.0, 32.69340084592425],
[1652106600.0, 32.00243131848972],
[1652193000.0, 30.93833029939843],
[1652279400.0, 31.72833867055533],
[1652365800.0, 31.56927075442256],
[1652452200.0, 31.767933650944986],
[1652538600.0, 30.642903020088752],
[1652625000.0, 30.642903020088752],
[1652711400.0, 31.031990563806787],
[1652797800.0, 30.827256526198482],
[1652884200.0, 31.80123076674104],
[1652970600.0, 31.491396664967557],
[1653057000.0, 31.365376396884052],
[1653143400.0, 31.49569329585585],
[1653229800.0, 29.90693423503646],
[1653316200.0, 30.48447332002535],
[1653402600.0, 31.902247024040797],
[1653489000.0, 31.46062102797159],
[1653575400.0, 31.100550729769054],
[1653661800.0, 29.963901134182617],
[1653748200.0, 30.213475055399655],
[1653834600.0, 29.79307263763505],
[1653921000.0, 30.53851062958548],
[1654007400.0, 30.310792000542868],
[1654093800.0, 30.389680513057115],
[1654180200.0, 30.870452717252903],
[1654266600.0, 30.600519540890858],
[1654353000.0, 30.765374118093895],
[1654439400.0, 29.853091076010692],
[1654525800.0, 29.857169364893437],
[1654612200.0, 29.947507462329114],
[1654698600.0, 31.107267203436173],
[1654785000.0, 31.491667493020632],
[1654871400.0, 28.83906100124708],
[1654957800.0, 27.89485569609574],
[1655044200.0, 30.651729323454433],
[1655130600.0, 30.063752867166215],
[1655217000.0, 29.207757546965183],
[1655303400.0, 30.04085127048431],
[1655389800.0, 29.70763233328544],
[1655476200.0, 30.645208575488823],
[1655562600.0, 30.615257580963856],
[1655649000.0, 29.848596862942905],
[1655735400.0, 30.75245647881895],
[1655821800.0, 31.50278699827347],
[1655908200.0, 29.934411574666765],
[1655994600.0, 30.204550977371163],
[1656081000.0, 30.054847678441405],
[1656167400.0, 30.081154412043652],
[1656253800.0, 30.07100832994137],
[1656340200.0, 29.746415377787663],
[1656426600.0, 29.008648116449393],
[1656513000.0, 29.815396746948657],
[1656599400.0, 30.766912915555633],
[1656685800.0, 30.4193827016996],
[1656772200.0, 30.561187427474756],
[1656858600.0, 32.00506110800679],
[1656945000.0, 32.00315977136224],
[1657031400.0, 31.772191382227177],
[1657117800.0, 33.04673457337262],
[1657204200.0, 33.04673457337262],
[1657290600.0, 32.50830919995968],
[1657377000.0, 32.118962633721665],
[1657463400.0, 32.996085711070485],
[1657549800.0, 31.775562481111606],
[1657636200.0, 31.81171402842828],
[1657722600.0, 31.866061010748304],
[1657809000.0, 31.90870736431865],
[1657895400.0, 31.90181296450856],
[1657981800.0, 30.8538701383306],
[1658068200.0, 29.068249957058768],
[1658154600.0, 29.10939519241394],
[1658241000.0, 28.902647385823215],
[1658327400.0, 28.35928770245416],
[1658413800.0, 28.335431447488403],
[1658500200.0, 30.139035970691936],
[1658586600.0, 30.240386886513278],
[1658673000.0, 30.132871587171884],
[1658759400.0, 29.692778911079138],
[1658845800.0, 29.836153246922887],
[1658932200.0, 30.59395578537044],
[1659018600.0, 30.574346681853466],
[1659105000.0, 33.21636606833226],
[1659191400.0, 33.81104836209033],
[1659277800.0, 32.68450407406266],
[1659364200.0, 32.73044063109798],
[1659450600.0, 31.8464506494242],
[1659537000.0, 31.954506347967012],
[1659623400.0, 32.12215163920684],
[1659709800.0, 32.20750211715329],
[1659796200.0, 32.458771261196716],
[1659882600.0, 32.26825689237176],
[1659969000.0, 31.96270085144787],
[1660055400.0, 32.58442627737111],
[1660141800.0, 33.08214521467581],
[1660228200.0, 33.07408103533582],
[1660314600.0, 33.028706538259996],
[1660401000.0, 33.028706538259996],
[1660487400.0, 33.028706538259996],
[1660573800.0, 33.028706538259996],
[1660660200.0, 35.14707037195032],
[1660746600.0, 35.255207357914614],
[1660833000.0, 36.60534600276979],
[1660919400.0, 35.58157385387881],
[1661005800.0, 35.808371494424705],
[1661092200.0, 35.34983297024531],
[1661178600.0, 34.98827926272376],
[1661265000.0, 35.2090871881311],
[1661351400.0, 34.54584596177014],
[1661437800.0, 35.7386298281916],
[1661524200.0, 35.685223609681664],
[1661610600.0, 36.09307163483267],
[1661697000.0, 36.68648662054479],
[1661783400.0, 37.49709277734608],
[1661869800.0, 37.424400119880744],
[1661956200.0, 37.68156337712973],
[1662042600.0, 36.85495179336705],
[1662129000.0, 37.1008635621633],
[1662215400.0, 36.94550092210791],
[1662301800.0, 37.61011179201995],
[1662388200.0, 37.977435939703184],
[1662474600.0, 37.415984503882335],
[1662561000.0, 35.41493704321619],
[1662647400.0, 35.52863092462844],
[1662733800.0, 33.88223960615331],
[1662820200.0, 33.71599707303773],
[1662906600.0, 33.09299534328347],
[1662993000.0, 33.403092205699146],
[1663079400.0, 33.581622812154095],
[1663165800.0, 33.50338942311268],
[1663252200.0, 35.100358793843114],
[1663338600.0, 34.12205608875915],
[1663425000.0, 33.055533050315574],
[1663511400.0, 32.94943795796432],
[1663597800.0, 32.82024264965116],
[1663684200.0, 33.19543217180786],
[1663770600.0, 34.255104927889136],
[1663857000.0, 31.63143970332542],
[1663943400.0, 34.37734748535571],
[1664029800.0, 36.27107026561865],
[1664116200.0, 35.053528474284846],
[1664202600.0, 34.61929818347997],
[1664289000.0, 35.67109806858058],
[1664375400.0, 35.67368284111613],
[1664461800.0, 34.10779414248637],
[1664548200.0, 35.66347923991674],
[1664634600.0, 36.34825113536212],
[1664717400.0, 36.39414667182993],
[1664803800.0, 33.47094913972262],
[1664890200.0, 33.33220608029625],
[1664976600.0, 33.48775656779339],
[1665063000.0, 33.4581979216926],
[1665149400.0, 33.29579006290155],
[1665235800.0, 36.97983959832374],
[1665322200.0, 36.67315770023523],
[1665408600.0, 35.193746650897516],
[1665495000.0, 36.57480522856854],
[1665581400.0, 36.133755320668314],
[1665667800.0, 36.80731959940209],
[1665754200.0, 36.79826843009252],
[1665840600.0, 35.48005958945289],
[1665927000.0, 35.12517193752725],
[1666013400.0, 34.26345164486326],
[1666099800.0, 34.263013646786575],
[1666186200.0, 32.28407307836014],
[1666272600.0, 35.585511308560896],
[1666359000.0, 35.17127721493238],
[1666445400.0, 35.02781731485625],
[1666531800.0, 35.059773768989146],
[1666618200.0, 34.91856467958112],
[1666704600.0, 35.609875697050526],
[1666791000.0, 35.57113629671923],
[1666877400.0, 35.52792713419801],
[1666963800.0, 35.437366415024286],
[1667050200.0, 35.749331533736026],
[1667136600.0, 35.27113121448127],
[1667223000.0, 34.598082220734184],
[1667309400.0, 34.87868611966381],
[1667395800.0, 34.7852751689243],
[1667482200.0, 34.53999064768846],
[1667568600.0, 35.407633550130136],
[1667655000.0, 35.27106827755507],
[1667741400.0, 34.490059766863425],
[1667827800.0, 35.08846076372254],
[1667914200.0, 35.29412621571298],
[1668000600.0, 34.74297375708771],
[1668087000.0, 34.798711688885476],
[1668173400.0, 34.71123943954768],
[1668259800.0, 35.62992721182492],
[1668346200.0, 35.48480799171088],
[1668432600.0, 35.6354323518089],
[1668519000.0, 35.42895110815826],
[1668605400.0, 34.53040554705804],
[1668691800.0, 34.351068339385385],
[1668778200.0, 35.00444274601384],
[1668864600.0, 35.99425276612445],
[1668951000.0, 35.81714456729596],
[1669037400.0, 36.98909456151726],
[1669123800.0, 36.82138852963475],
[1669210200.0, 38.37440706120758],
[1669296600.0, 38.15115030882855],
[1669383000.0, 37.82183044081634],
[1669469400.0, 37.75041563532564],
[1669555800.0, 36.87259430362489],
[1669642200.0, 36.48824855069339],
[1669728600.0, 35.335974878057684],
[1669815000.0, 34.79566120376015],
[1669901400.0, 34.57795846715984],
[1669987800.0, 34.82155876236746],
[1670074200.0, 35.47229967508656],
[1670160600.0, 35.0062847336477],
[1670247000.0, 35.68169173612329],
[1670333400.0, 34.152117028875104],
[1670419800.0, 33.87922813903114],
[1670506200.0, 33.86715405647613],
[1670592600.0, 34.9955383460124],
[1670679000.0, 35.72145173666199],
[1670765400.0, 34.54482965592419],
[1670851800.0, 35.97033494856574],
[1670938200.0, 35.70865919097126],
[1671024600.0, 35.53710489525832],
[1671111000.0, 35.66633780882427],
[1671197400.0, 34.94918803629689],
[1671283800.0, 35.32423240472239],
[1671370200.0, 34.65865135335051],
[1671456600.0, 34.69387085457111],
[1671543000.0, 33.817370096757976],
[1671715800.0, 34.900705864740296],
[1671802200.0, 34.994026162954086],
[1671888600.0, 35.08897839950393],
[1671975000.0, 34.40455899265047],
[1672061400.0, 34.28898576874205],
[1672147800.0, 34.41616566036987],
[1672234200.0, 34.41845071584309],
[1672320600.0, 34.39211681340923],
[1672407000.0, 34.38167147287783],
[1672493400.0, 34.578124851992285],
[1672579800.0, 34.57248643112921],
[1672666200.0, 34.22938372116186],
[1672752600.0, 34.11560494274439],
[1672839000.0, 34.14302148331425],
[1672925400.0, 33.639365025864],
[1673011800.0, 32.76035421021855],
[1673098200.0, 33.52848362514359],
[1673184600.0, 33.790506480426345],
[1673271000.0, 32.7949686100725],
[1673357400.0, 32.67013118586574],
[1673443800.0, 32.64510266681703],
[1673530200.0, 33.710488435141244],
[1673616600.0, 33.629475707446176],
[1673703000.0, 33.81433165718265],
[1673789400.0, 33.30912252876463],
[1673875800.0, 33.64629620774414],
[1673962200.0, 33.5067968792818],
[1674048600.0, 32.97984850105582],
[1674135000.0, 33.42181545655058],
[1674221400.0, 33.42403617319341],
[1674307800.0, 33.59947399538527],
[1674394200.0, 33.76839876331077],
[1674480600.0, 33.609978778610724],
[1674567000.0, 33.42618127382001],
[1674653400.0, 33.49382424231714],
[1674739800.0, 34.58067349541396],
[1674826200.0, 33.86138895685279],
[1674912600.0, 33.945415359203984],
[1674999000.0, 33.668883979164136],
[1675085400.0, 33.25372104223416],
[1675171800.0, 33.33208562524308],
[1675258200.0, 33.67725475073689],
[1675344600.0, 33.67667231037174],
[1675431000.0, 32.862603138425584],
[1675517400.0, 32.71642073005293],
[1675603800.0, 33.7703241685313],
[1675690200.0, 34.519080776525854],
[1675776600.0, 33.7167864138091],
[1675863000.0, 33.89587600665335],
[1675949400.0, 33.568813089379496],
[1676035800.0, 33.503585271767705],
[1676122200.0, 33.52423519043184],
[1676208600.0, 33.67895808014425],
[1676295000.0, 33.39025899124915],
[1676381400.0, 33.480268843533956],
[1676467800.0, 33.769268838948854],
[1676554200.0, 34.78803921353847],
[1676640600.0, 34.964595874777146],
[1676727000.0, 34.92323025769461],
[1676813400.0, 35.06847993387336],
[1676899800.0, 35.11265360006586],
[1676986200.0, 35.126228106885236],
[1677072600.0, 35.3436183762597],
[1677159000.0, 35.257140190039756],
[1677245400.0, 35.311338714217605],
[1677331800.0, 35.27705926193007],
[1677418200.0, 34.602836409785674],
[1677504600.0, 33.193725960226644],
[1677591000.0, 34.13582490312579],
[1677677400.0, 33.16420753563587],
[1677763800.0, 32.85018780765053],
[1677850200.0, 33.1605397035032],
[1677936600.0, 33.027798568844155],
[1678023000.0, 34.56024295009845],
[1678109400.0, 35.0735762774995],
[1678195800.0, 35.87002629342108],
[1678282200.0, 36.405960577826264],
[1678368600.0, 36.150769367785806],
[1678455000.0, 36.449745852296054],
[1678541400.0, 36.55435820863188],
[1678627800.0, 36.2069176970829],
[1678714200.0, 39.74182842584287],
[1678800600.0, 37.443826162318594],
[1678887000.0, 38.23132028617708],
[1678973400.0, 38.34070266742522],
[1679059800.0, 37.644422695650036],
[1679146200.0, 38.37539393791721],
[1679232600.0, 38.297814539357496],
[1679319000.0, 37.42917695307146],
[1679405400.0, 38.424841626232535],
[1679491800.0, 38.38029431251216],
[1679578200.0, 38.69611270970621],
[1679664600.0, 38.93897767594985],
[1679751000.0, 38.977730115080256],
[1679837400.0, 38.730668887504464],
[1679923800.0, 38.42051839922222],
[1680010200.0, 38.68103942226317],
[1680096600.0, 38.56252091640662],
[1680183000.0, 38.54489000751983],
[1680269400.0, 38.08798058311632],
[1680355800.0, 39.824514207087105],
[1680445800.0, 39.76156924917629],
[1680532200.0, 40.01160117614283],
[1680618600.0, 38.839022703886826],
[1680705000.0, 39.19524759368409],
[1680791400.0, 39.3988146232505],
[1680877800.0, 40.623402788795644],
[1680964200.0, 40.383069672168034],
[1681050600.0, 40.378609436597166],
[1681137000.0, 40.85848987920431],
[1681223400.0, 39.39611811200661],
[1681309800.0, 41.16810739217085],
[1681396200.0, 42.87158818535356],
[1681482600.0, 44.83663101574027],
[1681569000.0, 44.34662736176571],
[1681655400.0, 44.78061929207744],
[1681741800.0, 44.733147115494745],
[1681828200.0, 45.9573683788869],
[1681914600.0, 45.86725341333974],
[1682001000.0, 45.39776188973181],
[1682087400.0, 45.76784585144928],
[1682173800.0, 45.19953003810582],
[1682260200.0, 45.8828036012582],
[1682346600.0, 44.792353203036654],
[1682433000.0, 48.464476394792534],
[1682519400.0, 46.7610172715824],
[1682605800.0, 47.47105374625215],
[1682692200.0, 47.427445487547544],
[1682778600.0, 47.90744912503547],
[1682865000.0, 44.37874539320585],
[1682951400.0, 44.37874539320585],
[1683037800.0, 44.37874539320585],
[1683124200.0, 45.75876264512162],
[1683210600.0, 46.72627546300936],
[1683297000.0, 45.63615720309872],
[1683383400.0, 42.82686075662822],
[1683469800.0, 46.27144748173993],
[1683556200.0, 45.06138336455582],
[1683642600.0, 44.66143675259084],
[1683729000.0, 44.93723348844182],
[1683815400.0, 44.767109552153435],
[1683901800.0, 44.35720404812892],
[1683988200.0, 42.48597320455312],
[1684074600.0, 41.28081877136623],
[1684161000.0, 42.91608680067172],
[1684247400.0, 43.10514730319825],
[1684333800.0, 44.78889464500542],
[1684420200.0, 45.3360453962128],
[1684506600.0, 45.47430987020122],
[1684593000.0, 44.55432766396853],
[1684679400.0, 45.46713417824385],
[1684765800.0, 45.23344130309596],
[1684852200.0, 45.2073718541637],
[1684938600.0, 45.01422668060788],
[1685025000.0, 44.036430503429315],
[1685111400.0, 43.666525706964165],
[1685197800.0, 43.965855182076425],
[1685284200.0, 46.65915758927427],
[1685370600.0, 44.318717127228794],
[1685457000.0, 45.61498482047021],
[1685543400.0, 47.59160859081545],
[1685629800.0, 46.85721398802795],
[1685716200.0, 46.86201735853346],
[1685802600.0, 48.29212333221939],
[1685889000.0, 48.30494115702723],
[1685975400.0, 48.174930218027654],
[1686061800.0, 49.123492882008506],
[1686148200.0, 47.54005654761252],
[1686234600.0, 47.109655294619586],
[1686321000.0, 50.488962184418284],
[1686407400.0, 47.74636347608896],
[1686493800.0, 47.300089448954935],
[1686580200.0, 46.178894335176324],
[1686666600.0, 43.67498174093532],
[1686753000.0, 43.38556009038171],
[1686839400.0, 45.10846542053676],
[1686925800.0, 45.54899079028214],
[1687012200.0, 44.89860785353895],
[1687098600.0, 45.053757015358116],
[1687185000.0, 44.686727767146664],
[1687271400.0, 45.1898971623852],
[1687357800.0, 45.24317174048953],
[1687444200.0, 44.63088877894353],
[1687530600.0, 42.46164448111077],
[1687617000.0, 42.51157032098027],
[1687703400.0, 41.79925964156748],
[1687789800.0, 41.66101426049691],
[1687876200.0, 41.7801108144195],
[1687962600.0, 40.44551849181845],
[1688049000.0, 38.49193939061787],
[1688135400.0, 40.10600785621608],
[1688221800.0, 40.6475278564287],
[1688308200.0, 38.156105940922956],
[1688394600.0, 41.65783881476611],
[1688481000.0, 41.5136801736013],
[1688567400.0, 40.827210380792266],
[1688653800.0, 39.76414358214108],
[1688740200.0, 39.855214647454105],
[1688826600.0, 40.93221174959082],
[1688913000.0, 39.34148995786653],
[1688999400.0, 38.989175763077],
[1689085800.0, 38.5579179367581],
[1689172200.0, 40.57644584664678],
[1689258600.0, 41.27152459083101],
[1689345000.0, 42.457251853144896],
[1689431400.0, 43.5869817289368],
[1689517800.0, 44.39217191658913],
[1689604200.0, 43.76271886732512],
[1689690600.0, 42.687421992158505],
[1689777000.0, 42.61684822969687],
[1689863400.0, 41.86694008310573],
[1689949800.0, 41.5927364662737],
[1690036200.0, 40.797915894599754],
[1690122600.0, 42.12835640247813],
[1690209000.0, 43.161543631054286],
[1690295400.0, 42.92204551115491],
[1690381800.0, 42.92073153522813],
[1690468200.0, 39.07946511442479],
[1690554600.0, 38.54737375904313],
[1690641000.0, 38.54737375904313],
[1690727400.0, 41.01201696775105],
[1690813800.0, 40.973401558523776],
[1690900200.0, 40.973401558523776],
[1690986600.0, 41.14777245872046],
[1691073000.0, 41.09293077865949],
[1691159400.0, 40.99872967637695],
[1691245800.0, 40.97287708597132],
[1691332200.0, 40.79849225716893],
[1691418600.0, 41.23612702102079],
[1691505000.0, 40.530773676920624],
[1691591400.0, 41.53548378281609],
[1691677800.0, 42.34154556551137],
[1691764200.0, 42.619562271810416],
[1691850600.0, 44.304130257413675],
[1691937000.0, 43.80189409804252],
[1692023400.0, 40.67370173212581],
[1692109800.0, 42.75620334383839],
[1692196200.0, 43.58149723045051],
[1692282600.0, 43.28768439516084],
[1692369000.0, 41.84641264502471],
[1692455400.0, 43.75067884305798],
[1692541800.0, 42.95292972443977],
[1692628200.0, 42.670540217761506],
[1692714600.0, 43.05709511563158],
[1692801000.0, 42.9723408965704],
[1692887400.0, 42.96786299388443],
[1692973800.0, 42.63842710117514],
[1693060200.0, 42.59880489728725],
[1693146600.0, 41.7368014944017],
[1693233000.0, 42.51040436758605],
[1693319400.0, 43.26587442227226],
[1693405800.0, 43.44416809586272],
[1693492200.0, 43.38420817621457],
[1693578600.0, 43.98178266019582],
[1693665000.0, 44.01698648206443],
[1693751400.0, 44.049264054388715],
[1693837800.0, 45.15261641114374],
[1693924200.0, 45.08486458245983],
[1694010600.0, 46.07108052042747],
[1694097000.0, 46.192528363511975],
[1694183400.0, 44.961947762415],
[1694269800.0, 44.15666986926526],
[1694356200.0, 43.41850852631877],
[1694442600.0, 45.88131739121911],
[1694529000.0, 46.68211517872754],
[1694615400.0, 46.45037301489605],
[1694701800.0, 45.35237028712008],
[1694788200.0, 44.975113636083705],
[1694874600.0, 45.60248712424319],
[1694961000.0, 44.9898870048635],
[1695047400.0, 45.1070664038439],
[1695133800.0, 45.59928567815848],
[1695220200.0, 45.000691677930874],
[1695306600.0, 45.59127589452852],
[1695393000.0, 46.69817231643292],
[1695479400.0, 46.59852848462974],
[1695565800.0, 45.96403326130137],
[1695652200.0, 45.5250319319014],
[1695738600.0, 46.7648994537129],
[1695825000.0, 47.99962662852158],
[1695911400.0, 48.01157327223005],
[1695997800.0, 46.494048274155915],
[1696084200.0, 45.89366780682256],
[1696167000.0, 44.10343576534491],
[1696253400.0, 44.54014688101886],
[1696339800.0, 42.415482142755494],
[1696426200.0, 45.0085799635292],
[1696512600.0, 42.83725141842096],
[1696599000.0, 43.53648409385933],
[1696685400.0, 44.46108136094253],
[1696771800.0, 43.86867322608608],
[1696858200.0, 44.42200119600108],
[1696944600.0, 43.35522416648652],
[1697117400.0, 42.29135187796115],
[1697203800.0, 42.69254883508126],
[1697290200.0, 41.646799037683785],
[1697376600.0, 42.62902404527243],
[1697463000.0, 40.86362833230856],
[1697549400.0, 40.77429952600375],
[1697635800.0, 41.59040154275323],
[1697722200.0, 41.08129438964339],
[1697808600.0, 43.78649247689603],
[1697895000.0, 43.80166057224753],
[1697981400.0, 43.179803664858824],
[1698067800.0, 43.01482710391362],
[1698154200.0, 42.22086647837979],
[1698240600.0, 41.891163693203524],
[1698327000.0, 42.32400709463646],
[1698413400.0, 39.225752049162],
[1698499800.0, 39.087503998193796],
[1698586200.0, 40.137909842949135],
[1698672600.0, 40.137909842949135],
[1698759000.0, 40.137909842949135],
[1698845400.0, 40.137909842949135],
[1698931800.0, 40.137909842949135],
[1699018200.0, 40.137909842949135],
[1699104600.0, 40.137909842949135],
[1699191000.0, 40.137909842949135],
[1699277400.0, 40.137909842949135],
[1699363800.0, 40.137909842949135],
[1699450200.0, 40.137909842949135],
[1699536600.0, 40.137909842949135],
[1699623000.0, 40.137909842949135],
[1699709400.0, 40.137909842949135],
[1699795800.0, 40.137909842949135],
[1699882200.0, 40.137909842949135],
[1699968600.0, 40.137909842949135],
[1700055000.0, 40.137909842949135],
[1700141400.0, 40.137909842949135],
[1700227800.0, 40.137909842949135],
[1700314200.0, 40.137909842949135],
[1700400600.0, 40.137909842949135],
[1700487000.0, 40.137909842949135],
[1700573400.0, 40.137909842949135],
[1700659800.0, 40.137909842949135],
[1700746200.0, 40.137909842949135],
[1700832600.0, 40.137909842949135],
[1700919000.0, 40.137909842949135],
[1701005400.0, 40.137909842949135],
[1701091800.0, 40.137909842949135],
[1701178200.0, 40.137909842949135],
[1701264600.0, 40.137909842949135],
[1701351000.0, 40.137909842949135],
[1701437400.0, 40.137909842949135],
[1701523800.0, 40.137909842949135],
