[1598970600.0, 0.06278313269722606],
[1599057000.0, 0.06278313269722606],
[1599143400.0, 0.06278313269722606],
[1599229800.0, 0.06278313269722606],
[1599316200.0, 0.06278313269722606],
[1599402600.0, 0.06278313269722606],
[1599489000.0, 0.06278313269722606],
[1599575400.0, 0.06278313269722606],
[1599661800.0, 0.06278313269722606],
[1599748200.0, 0.06278313269722606],
[1599834600.0, 0.06278313269722606],
[1599921000.0, 0.06278313269722606],
[1600007400.0, 0.06278313269722606],
[1600093800.0, 0.06278313269722606],
[1600180200.0, 0.06278313269722606],
[1600266600.0, 0.06278313269722606],
[1600353000.0, 0.06278313269722606],
[1600439400.0, 0.06278313269722606],
[1600525800.0, 0.06278313269722606],
[1600612200.0, 0.06278313269722606],
[1600698600.0, 0.06278313269722606],
[1600785000.0, 0.06278313269722606],
[1600871400.0, 0.06278313269722606],
[1600957800.0, 0.06278313269722606],
[1601044200.0, 0.06278313269722606],
[1601130600.0, 0.06278313269722606],
[1601217000.0, 0.06278313269722606],
[1601303400.0, 0.06278313269722606],
[1601389800.0, 0.06278313269722606],
[1601476200.0, 0.06278313269722606],
[1601562600.0, 0.06278313269722606],
[1601649000.0, 0.06278313269722606],
[1601735400.0, 0.06278313269722606],
[1601818200.0, 0.06278313269722606],
[1601904600.0, 0.06278313269722606],
[1601991000.0, 0.06278313269722606],
[1602077400.0, 0.06278313269722606],
[1602163800.0, 0.06278313269722606],
[1602250200.0, 0.06278313269722606],
[1602336600.0, 0.06278313269722606],
[1602423000.0, 0.06278313269722606],
[1602509400.0, 0.06278313269722606],
[1602595800.0, 0.06278313269722606],
[1602682200.0, 0.06278313269722606],
[1602768600.0, 0.06278313269722606],
[1602855000.0, 0.06278313269722606],
[1602941400.0, 0.06278313269722606],
[1603027800.0, 0.06278313269722606],
[1603114200.0, 0.06278313269722606],
[1603200600.0, 0.06278313269722606],
[1603287000.0, 0.06278313269722606],
[1603373400.0, 0.06278313269722606],
[1603459800.0, 0.06278313269722606],
[1603546200.0, 0.06278313269722606],
[1603632600.0, 0.06278313269722606],
[1603719000.0, 0.06278313269722606],
[1603805400.0, 0.06278313269722606],
[1603891800.0, 0.06278313269722606],
[1603978200.0, 0.06278313269722606],
[1604064600.0, 0.06278313269722606],
[1604151000.0, 0.06278313269722606],
[1604237400.0, 0.06278313269722606],
[1604323800.0, 0.06278313269722606],
[1604410200.0, 0.06278313269722606],
[1604496600.0, 0.06278313269722606],
[1604583000.0, 0.06278313269722606],
[1604669400.0, 0.06278313269722606],
[1604755800.0, 0.06278313269722606],
[1604842200.0, 0.06278313269722606],
[1604928600.0, 0.06278313269722606],
[1605015000.0, 0.06278313269722606],
[1605101400.0, 0.06278313269722606],
[1605187800.0, 0.06278313269722606],
[1605274200.0, 0.06278313269722606],
[1605360600.0, 0.06278313269722606],
[1605447000.0, 0.06278313269722606],
[1605533400.0, 0.06278313269722606],
[1605619800.0, 0.06278313269722606],
[1605706200.0, 0.06278313269722606],
[1605792600.0, 0.06278313269722606],
[1605879000.0, 0.06278313269722606],
[1605965400.0, 0.06278313269722606],
[1606051800.0, 0.06278313269722606],
[1606138200.0, 0.06278313269722606],
[1606224600.0, 0.06278313269722606],
[1606311000.0, 0.06278313269722606],
[1606397400.0, 0.06278313269722606],
[1606483800.0, 0.06278313269722606],
[1606570200.0, 0.06278313269722606],
[1606656600.0, 0.06278313269722606],
[1606743000.0, 0.06278313269722606],
[1606829400.0, 0.06278313269722606],
[1606915800.0, 0.06278313269722606],
[1607002200.0, 0.06278313269722606],
[1607088600.0, 0.06278313269722606],
[1607175000.0, 0.06278313269722606],
[1607261400.0, 0.06278313269722606],
[1607347800.0, 0.06278313269722606],
[1607434200.0, 0.06278313269722606],
[1607520600.0, 0.06278313269722606],
[1607607000.0, 0.06278313269722606],
[1607693400.0, 0.06278313269722606],
[1607779800.0, 0.06278313269722606],
[1607866200.0, 0.06278313269722606],
[1607952600.0, 0.06278313269722606],
[1608039000.0, 0.06278313269722606],
[1608125400.0, 0.06278313269722606],
[1608211800.0, 0.06278313269722606],
[1608298200.0, 0.06278313269722606],
[1608384600.0, 0.06278313269722606],
[1608471000.0, 0.06278313269722606],
[1608557400.0, 0.06278313269722606],
[1608643800.0, 0.06278313269722606],
[1608730200.0, 0.06278313269722606],
[1608816600.0, 0.06278313269722606],
[1608903000.0, 0.06278313269722606],
[1608989400.0, 0.06278313269722606],
[1609075800.0, 0.06278313269722606],
[1609162200.0, 0.06278313269722606],
[1609248600.0, 0.06278313269722606],
[1609335000.0, 0.06278313269722606],
[1609421400.0, 0.06278313269722606],
[1609507800.0, 0.06278313269722606],
[1609594200.0, 0.06278313269722606],
[1609680600.0, 0.06278313269722606],
[1609767000.0, 0.06278313269722606],
[1609853400.0, 0.06278313269722606],
[1609939800.0, 0.06278313269722606],
[1610026200.0, 0.06278313269722606],
[1610112600.0, 0.06278313269722606],
[1610199000.0, 0.06278313269722606],
[1610285400.0, 0.06278313269722606],
[1610371800.0, 0.06278313269722606],
[1610458200.0, 0.06278313269722606],
[1610544600.0, 0.06278313269722606],
[1610631000.0, 0.06278313269722606],
[1610717400.0, 0.06278313269722606],
[1610803800.0, 0.06278313269722606],
[1610890200.0, 0.06278313269722606],
[1610976600.0, 0.06278313269722606],
[1611063000.0, 0.06278313269722606],
[1611149400.0, 0.06278313269722606],
[1611235800.0, 0.06278313269722606],
[1611322200.0, 0.06278313269722606],
[1611408600.0, 0.06278313269722606],
[1611495000.0, 0.06278313269722606],
[1611581400.0, 0.06278313269722606],
[1611667800.0, 0.06278313269722606],
[1611754200.0, 0.06278313269722606],
[1611840600.0, 0.06278313269722606],
[1611927000.0, 0.06278313269722606],
[1612013400.0, 0.06278313269722606],
[1612099800.0, 0.06278313269722606],
[1612186200.0, 0.06278313269722606],
[1612272600.0, 0.06278313269722606],
[1612359000.0, 0.06278313269722606],
[1612445400.0, 0.06278313269722606],
[1612531800.0, 0.06278313269722606],
[1612618200.0, 0.06278313269722606],
[1612704600.0, 0.06278313269722606],
[1612791000.0, 0.06278313269722606],
[1612877400.0, 0.06278313269722606],
[1612963800.0, 0.06278313269722606],
[1613050200.0, 0.06278313269722606],
[1613136600.0, 0.06278313269722606],
[1613223000.0, 0.06278313269722606],
[1613309400.0, 0.06278313269722606],
[1613395800.0, 0.06278313269722606],
[1613482200.0, 0.06278313269722606],
[1613568600.0, 0.06278313269722606],
[1613655000.0, 0.06278313269722606],
[1613741400.0, 0.06278313269722606],
[1613827800.0, 0.06278313269722606],
[1613914200.0, 0.06278313269722606],
[1614000600.0, 0.06278313269722606],
[1614087000.0, 0.06278313269722606],
[1614173400.0, 0.06278313269722606],
[1614259800.0, 0.06278313269722606],
[1614346200.0, 0.06278313269722606],
[1614432600.0, 0.06278313269722606],
[1614519000.0, 0.06278313269722606],
[1614605400.0, 0.06278313269722606],
[1614691800.0, 0.06278313269722606],
[1614778200.0, 0.06278313269722606],
[1614864600.0, 0.06278313269722606],
[1614951000.0, 0.06278313269722606],
[1615037400.0, 0.06278313269722606],
[1615123800.0, 0.06278313269722606],
[1615210200.0, 0.06278313269722606],
[1615296600.0, 0.06278313269722606],
[1615383000.0, 0.06278313269722606],
[1615469400.0, 0.06278313269722606],
[1615555800.0, 0.06278313269722606],
[1615642200.0, 0.06278313269722606],
[1615728600.0, 0.06278313269722606],
[1615815000.0, 0.06278313269722606],
[1615901400.0, 0.06278313269722606],
[1615987800.0, 0.06278313269722606],
[1616074200.0, 0.06278313269722606],
[1616160600.0, 0.06278313269722606],
[1616247000.0, 0.06278313269722606],
[1616333400.0, 0.06278313269722606],
[1616419800.0, 0.06278313269722606],
[1616506200.0, 0.06278313269722606],
[1616592600.0, 0.06278313269722606],
[1616679000.0, 0.06278313269722606],
[1616765400.0, 0.06278313269722606],
[1616851800.0, 0.06278313269722606],
[1616938200.0, 0.06278313269722606],
[1617024600.0, 0.06278313269722606],
[1617111000.0, 0.06278313269722606],
[1617197400.0, 0.06278313269722606],
[1617283800.0, 0.06278313269722606],
[1617370200.0, 0.06278313269722606],
[1617456600.0, 0.06278313269722606],
[1617546600.0, 0.06278313269722606],
[1617633000.0, 0.06278313269722606],
[1617719400.0, 0.06278313269722606],
[1617805800.0, 0.06278313269722606],
[1617892200.0, 0.06278313269722606],
[1617978600.0, 0.06278313269722606],
[1618065000.0, 0.06278313269722606],
[1618151400.0, 0.06278313269722606],
[1618237800.0, 0.06278313269722606],
[1618324200.0, 0.06278313269722606],
[1618410600.0, 0.06278313269722606],
[1618497000.0, 0.06278313269722606],
[1618583400.0, 0.06278313269722606],
[1618669800.0, 0.06278313269722606],
[1618756200.0, 0.06278313269722606],
[1618842600.0, 0.06278313269722606],
[1618929000.0, 0.06278313269722606],
[1619015400.0, 0.06278313269722606],
[1619101800.0, 0.06278313269722606],
[1619188200.0, 0.06278313269722606],
[1619274600.0, 0.06278313269722606],
[1619361000.0, 0.06278313269722606],
[1619447400.0, 0.06278313269722606],
[1619533800.0, 0.06278313269722606],
[1619620200.0, 0.06278313269722606],
[1619706600.0, 0.06278313269722606],
[1619793000.0, 0.06278313269722606],
[1619879400.0, 0.06278313269722606],
[1619965800.0, 0.06278313269722606],
[1620052200.0, 0.06278313269722606],
[1620138600.0, 0.06278313269722606],
[1620225000.0, 0.06278313269722606],
[1620311400.0, 0.06278313269722606],
[1620397800.0, 0.06278313269722606],
[1620484200.0, 0.06278313269722606],
[1620570600.0, 0.06278313269722606],
[1620657000.0, 0.06278313269722606],
[1620743400.0, 0.06278313269722606],
[1620829800.0, 0.06278313269722606],
[1620916200.0, 0.06278313269722606],
[1621002600.0, 0.06278313269722606],
[1621089000.0, 0.06278313269722606],
[1621175400.0, 0.06278313269722606],
[1621261800.0, 0.06278313269722606],
[1621348200.0, 0.06278313269722606],
[1621434600.0, 0.06278313269722606],
[1621521000.0, 0.06278313269722606],
[1621607400.0, 0.06278313269722606],
[1621693800.0, 0.06278313269722606],
[1621780200.0, 0.06278313269722606],
[1621866600.0, 0.06278313269722606],
[1621953000.0, 0.06278313269722606],
[1622039400.0, 0.06278313269722606],
[1622125800.0, 0.06278313269722606],
[1622212200.0, 0.06278313269722606],
[1622298600.0, 0.06278313269722606],
[1622385000.0, 0.06278313269722606],
[1622471400.0, 0.06278313269722606],
[1622557800.0, 0.06278313269722606],
[1622644200.0, 0.06278313269722606],
[1622730600.0, 0.06278313269722606],
[1622817000.0, 0.06278313269722606],
[1622903400.0, 0.06278313269722606],
[1622989800.0, 0.06278313269722606],
[1623076200.0, 0.06278313269722606],
[1623162600.0, 0.06278313269722606],
[1623249000.0, 0.06278313269722606],
[1623335400.0, 0.06278313269722606],
[1623421800.0, 0.06278313269722606],
[1623508200.0, 0.06278313269722606],
[1623594600.0, 0.06278313269722606],
[1623681000.0, 0.06278313269722606],
[1623767400.0, 0.06278313269722606],
[1623853800.0, 0.06278313269722606],
[1623940200.0, 0.06278313269722606],
[1624026600.0, 0.06278313269722606],
[1624113000.0, 0.06278313269722606],
[1624199400.0, 0.06278313269722606],
[1624285800.0, 0.06278313269722606],
[1624372200.0, 0.06278313269722606],
[1624458600.0, 0.06278313269722606],
[1624545000.0, 0.06278313269722606],
[1624631400.0, 0.06278313269722606],
[1624717800.0, 0.06278313269722606],
[1624804200.0, 0.06278313269722606],
[1624890600.0, 0.06278313269722606],
[1624977000.0, 0.06278313269722606],
[1625063400.0, 0.06278313269722606],
[1625149800.0, 0.06278313269722606],
[1625236200.0, 0.06278313269722606],
[1625322600.0, 0.06278313269722606],
[1625409000.0, 0.06278313269722606],
[1625495400.0, 0.06278313269722606],
[1625581800.0, 0.06278313269722606],
[1625668200.0, 0.06278313269722606],
[1625754600.0, 0.06278313269722606],
[1625841000.0, 0.06278313269722606],
[1625927400.0, 0.06278313269722606],
[1626013800.0, 0.06278313269722606],
[1626100200.0, 0.06278313269722606],
[1626186600.0, 0.06278313269722606],
[1626273000.0, 0.06278313269722606],
[1626359400.0, 0.06278313269722606],
[1626445800.0, 0.06278313269722606],
[1626532200.0, 0.06278313269722606],
[1626618600.0, 0.06278313269722606],
[1626705000.0, 0.06278313269722606],
[1626791400.0, 0.06278313269722606],
[1626877800.0, 0.06278313269722606],
[1626964200.0, 0.06278313269722606],
[1627050600.0, 0.06278313269722606],
[1627137000.0, 0.06278313269722606],
[1627223400.0, 0.06278313269722606],
[1627309800.0, 0.06278313269722606],
[1627396200.0, 0.06278313269722606],
[1627482600.0, 0.06278313269722606],
[1627569000.0, 0.06278313269722606],
[1627655400.0, 0.06278313269722606],
[1627741800.0, 0.06278313269722606],
[1627828200.0, 0.06278313269722606],
[1627914600.0, 0.06278313269722606],
[1628001000.0, 0.06278313269722606],
[1628087400.0, 0.06278313269722606],
[1628173800.0, 0.06278313269722606],
[1628260200.0, 0.06278313269722606],
[1628346600.0, 0.06278313269722606],
[1628433000.0, 0.06278313269722606],
[1628519400.0, 0.06278313269722606],
[1628605800.0, 0.06278313269722606],
[1628692200.0, 0.06278313269722606],
[1628778600.0, 0.06278313269722606],
[1628865000.0, 0.06278313269722606],
[1628951400.0, 0.06278313269722606],
[1629037800.0, 0.06278313269722606],
[1629124200.0, 0.06278313269722606],
[1629210600.0, 0.06278313269722606],
[1629297000.0, 0.0799815697422782],
[1629383400.0, 0.07672109979342909],
[1629469800.0, 0.07672109979342909],
[1629556200.0, 0.07672109979342909],
[1629642600.0, 0.07672109979342909],
[1629729000.0, 0.07672109979342909],
[1629815400.0, 0.07672109979342909],
[1629901800.0, 0.07672109979342909],
[1629988200.0, 0.07672109979342909],
[1630074600.0, 0.07672109979342909],
[1630161000.0, 0.07672109979342909],
[1630247400.0, 0.07672109979342909],
[1630333800.0, 0.07672109979342909],
[1630420200.0, 0.07672109979342909],
[1630506600.0, 0.07672109979342909],
[1630593000.0, 0.07672109979342909],
[1630679400.0, 0.07672109979342909],
[1630765800.0, 0.07672109979342909],
[1630852200.0, 0.07672109979342909],
[1630938600.0, 0.07672109979342909],
[1631025000.0, 0.07672109979342909],
[1631111400.0, 0.07672109979342909],
[1631197800.0, 0.07672109979342909],
[1631284200.0, 0.07672109979342909],
[1631370600.0, 0.07672109979342909],
[1631457000.0, 0.07672109979342909],
[1631543400.0, 0.07672109979342909],
[1631629800.0, 0.07672109979342909],
[1631716200.0, 0.07672109979342909],
[1631802600.0, 0.07672109979342909],
[1631889000.0, 0.07672109979342909],
[1631975400.0, 0.07672109979342909],
[1632061800.0, 0.07672109979342909],
[1632148200.0, 0.07672109979342909],
[1632234600.0, 0.07717551898485148],
[1632321000.0, 0.07747175275427899],
[1632407400.0, 0.07785102065709229],
[1632493800.0, 0.11990342750344286],
[1632580200.0, 0.1398642650993508],
[1632666600.0, 0.1398642650993508],
[1632753000.0, 0.1349273725162306],
[1632839400.0, 0.13070942174896716],
[1632925800.0, 0.13292729259295694],
[1633012200.0, 0.13070771921109584],
[1633098600.0, 0.20329825870548895],
[1633185000.0, 0.16654019004524892],
[1633267800.0, 0.15320059605547906],
[1633354200.0, 0.14905018045445606],
[1633440600.0, 0.15320059605547912],
[1633527000.0, 0.14904999788510725],
[1633613400.0, 0.14904999788510725],
[1633699800.0, 0.1490503524001574],
[1633786200.0, 0.1490503524001574],
[1633872600.0, 0.1490503524001574],
[1633959000.0, 0.13986102488687785],
[1634045400.0, 0.14809668665158376],
[1634131800.0, 0.14513233243163487],
[1634218200.0, 0.14513253782215227],
[1634304600.0, 0.14556815163289397],
[1634391000.0, 0.14300178334644895],
[1634477400.0, 0.14182247034231754],
[1634563800.0, 0.13529513658272674],
[1634650200.0, 0.13440690743655326],
[1634736600.0, 0.1332209640960063],
[1634823000.0, 0.11408042086366321],
[1634909400.0, 0.1369037424749164],
[1634995800.0, 0.14905088122171947],
[1635082200.0, 0.1619548614007476],
[1635168600.0, 0.1623904752114893],
[1635255000.0, 0.16047268429077322],
[1635341400.0, 0.16090829810151486],
[1635427800.0, 0.16047268429077322],
[1635514200.0, 0.15276568301200083],
[1635600600.0, 0.1783978563840252],
[1635687000.0, 0.17810174065512493],
[1635773400.0, 0.23403503910092469],
[1635859800.0, 0.1875868293822546],
[1635946200.0, 0.22434354293724185],
[1636032600.0, 0.22582572004721627],
[1636119000.0, 0.1839745544953768],
[1636205400.0, 0.22700924119614405],
[1636291800.0, 0.18502111779460956],
[1636378200.0, 0.18566969516033843],
[1636464600.0, 0.17168164184536694],
[1636551000.0, 0.23120093532362784],
[1636637400.0, 0.16397499508164473],
[1636723800.0, 0.14915322398190048],
[1636810200.0, 0.17381275083612044],
[1636896600.0, 0.18650471178437936],
[1636983000.0, 0.2232605195750542],
[1637069400.0, 0.18650380602006694],
[1637155800.0, 0.1752949665060004],
[1637242200.0, 0.16397559354711788],
[1637328600.0, 0.16397559354711788],
[1637415000.0, 0.1773151875368877],
[1637501400.0, 0.1859864631123353],
[1637587800.0, 0.1848067955931537],
[1637674200.0, 0.1848067955931537],
[1637760600.0, 0.186937550068857],
[1637847000.0, 0.16227802321463705],
[1637933400.0, 0.1648440369860319],
[1638019800.0, 0.16187968276608303],
[1638106200.0, 0.11577074734408817],
[1638192600.0, 0.11938367892976591],
[1638279000.0, 0.14853369491442064],
[1638365400.0, 0.13572955188864844],
[1638451800.0, 0.13233562320480033],
[1638538200.0, 0.14573776436159752],
[1638624600.0, 0.128559525968916],
[1638711000.0, 0.1466831536986032],
[1638797400.0, 0.14189856005311827],
[1638883800.0, 0.15745828000196738],
[1638970200.0, 0.14322509467833958],
[1639056600.0, 0.1457329107318513],
[1639143000.0, 0.16974371109580957],
[1639229400.0, 0.17135565699390126],
[1639315800.0, 0.1544031314184537],
[1639402200.0, 0.16774307992327367],
[1639488600.0, 0.16068465601023021],
[1639575000.0, 0.16068477405075746],
[1639661400.0, 0.1694383386287626],
[1639747800.0, 0.14477881177454263],
[1639834200.0, 0.15960058287428688],
[1639920600.0, 0.15960113412354912],
[1640007000.0, 0.11360968591383044],
[1640093400.0, 0.1313526526657486],
[1640179800.0, 0.1335705235097384],
[1640266200.0, 0.16313813859925244],
[1640352600.0, 0.15907080060987605],
[1640439000.0, 0.14691087413928786],
[1640525400.0, 0.1602510193783199],
[1640611800.0, 0.1609891427798544],
[1640698200.0, 0.16180316132205394],
[1640784600.0, 0.14816745160338385],
[1640871000.0, 0.15937629111745033],
[1640957400.0, 0.16268671311233526],
[1641043800.0, 0.16268671311233526],
[1641130200.0, 0.14734703919929173],
[1641216600.0, 0.15610154810151486],
[1641303000.0, 0.15610154810151486],
[1641389400.0, 0.22212976101711593],
[1641475800.0, 0.1543324464391108],
[1641562200.0, 0.17055689548494984],
[1641648600.0, 0.1438777075054102],
[1641735000.0, 0.15810064789494396],
[1641821400.0, 0.15842273868778284],
[1641907800.0, 0.17055689548494984],
[1641994200.0, 0.18389648947471965],
[1642080600.0, 0.1847803957800512],
[1642167000.0, 0.16938942843793037],
[1642253400.0, 0.17857896134172735],
[1642339800.0, 0.18329922988392683],
[1642426200.0, 0.18478140699390128],
[1642512600.0, 0.18478140699390128],
[1642599000.0, 0.1827813270706276],
[1642685400.0, 0.18478140699390128],
[1642771800.0, 0.1847816123844187],
[1642858200.0, 0.1847816123844187],
[1642944600.0, 0.17092447009639977],
[1643031000.0, 0.17136008390714147],
[1643117400.0, 0.17136020194766874],
[1643203800.0, 0.1698780248376943],
[1643290200.0, 0.16987637620499704],
[1643376600.0, 0.17017234280936455],
[1643463000.0, 0.17017269732441473],
[1643549400.0, 0.170468813053315],
[1643635800.0, 0.170468813053315],
[1643722200.0, 0.170468813053315],
[1643808600.0, 0.17187496999803267],
[1643895000.0, 0.1733575016230573],
[1643981400.0, 0.17187532451308285],
[1644067800.0, 0.17809695175093454],
[1644154200.0, 0.19143710564627192],
[1644240600.0, 0.22513771675191815],
[1644327000.0, 0.18313033720243954],
[1644413400.0, 0.19706228069053713],
[1644499800.0, 0.216238874237655],
[1644586200.0, 0.18076109620302971],
[1644672600.0, 0.16771761794216017],
[1644759000.0, 0.20417821576824716],
[1644845400.0, 0.18105756644698015],
[1644931800.0, 0.18105658238245134],
[1645018200.0, 0.16817463520558731],
[1645104600.0, 0.18074287369663586],
[1645191000.0, 0.1712573560889239],
[1645277400.0, 0.1712583401534527],
[1645363800.0, 0.15600095524296675],
[1645450200.0, 0.17127569663584502],
[1645536600.0, 0.17394109271099745],
[1645623000.0, 0.17394109271099745],
[1645709400.0, 0.16060185323627782],
[1645795800.0, 0.17453402454259298],
[1645882200.0, 0.13309716633877636],
[1645968600.0, 0.1422861393370057],
[1646055000.0, 0.19637144943930754],
[1646141400.0, 0.2233551901927996],
[1646227800.0, 0.10236446414518986],
[1646314200.0, 0.15740402616565022],
[1646400600.0, 0.1440637231457801],
[1646487000.0, 0.1307235692504427],
[1646573400.0, 0.15740275722998232],
[1646659800.0, 0.12671946119417668],
[1646746200.0, 0.13859027080464295],
[1646832600.0, 0.11862955124926228],
[1646919000.0, 0.09513650457407044],
[1647005400.0, 0.11221215423962229],
[1647091800.0, 0.15376526883730082],
[1647178200.0, 0.15420052813299234],
[1647264600.0, 0.22382205946291567],
[1647351000.0, 0.21463288107416886],
[1647437400.0, 0.1942372928388747],
[1647523800.0, 0.16622060200668898],
[1647610200.0, 0.1555488919929176],
[1647696600.0, 0.18135451859138305],
[1647783000.0, 0.17799554879008464],
[1647869400.0, 0.1719070257721818],
[1647955800.0, 0.11060664214046824],
[1648042200.0, 0.13100309354711787],
[1648128600.0, 0.1175267828054299],
[1648215000.0, 0.07700974031084007],
[1648301400.0, 0.15187342317529023],
[1648387800.0, 0.11857299158961246],
[1648474200.0, 0.13853403457603783],
[1648560600.0, 0.0962267295888255],
[1648647000.0, 0.13637455567578208],
[1648733400.0, 0.1383742810840055],
[1648819800.0, 0.11857284246507971],
[1648906200.0, 0.12671545755459376],
[1648996200.0, 0.09904761867991345],
[1649082600.0, 0.11900810176077121],
[1649169000.0, 0.12708349891796186],
[1649255400.0, 0.10741812979539643],
[1649341800.0, 0.09793304106826678],
[1649428200.0, 0.07797161287625419],
[1649514600.0, 0.09793245047216212],
[1649601000.0, 0.09793245047216212],
[1649687400.0, 0.09372953349399961],
[1649773800.0, 0.09402466515837105],
[1649860200.0, 0.07406311853236279],
[1649946600.0, 0.07439366732244738],
[1650033000.0, 0.07439303777296873],
[1650119400.0, 0.07350085471178439],
[1650205800.0, 0.07350085471178439],
[1650292200.0, 0.11135194245524299],
[1650378600.0, 0.12469153644501282],
[1650465000.0, 0.1149079043379894],
[1650551400.0, 0.1149079043379894],
[1650637800.0, 0.1149079043379894],
[1650724200.0, 0.1229122292937242],
[1650810600.0, 0.11520570057052924],
[1650897000.0, 0.1378310284772772],
[1650983400.0, 0.09643037310643321],
[1651069800.0, 0.11639121070234115],
[1651156200.0, 0.09525168965178045],
[1651242600.0, 0.069606663732048],
[1651329000.0, 0.07025524109777691],
[1651415400.0, 0.07232705774149124],
[1651501800.0, 0.1156689563741885],
[1651588200.0, 0.07380862812315563],
[1651674600.0, 0.07380862812315563],
[1651761000.0, 0.09428736853236279],
[1651847400.0, 0.0937693476785363],
[1651933800.0, 0.13716688604170768],
[1652020200.0, 0.11490985279362584],
[1652106600.0, 0.11372983075939407],
[1652193000.0, 0.11372983075939407],
[1652279400.0, 0.07167775560692505],
[1652365800.0, 0.09341688604170766],
[1652452200.0, 0.09475586518788119],
[1652538600.0, 0.0718306733720244],
[1652625000.0, 0.0718306733720244],
[1652711400.0, 0.09276465674798348],
[1652797800.0, 0.13268633193979937],
[1652884200.0, 0.0906929274542593],
[1652970600.0, 0.11065282072594927],
[1653057000.0, 0.11931384974424554],
[1653143400.0, 0.13201762212276216],
[1653229800.0, 0.11153888171355501],
[1653316200.0, 0.11153888171355501],
[1653402600.0, 0.07161720652173914],
[1653489000.0, 0.07191261322053906],
[1653575400.0, 0.07193044225850878],
[1653661800.0, 0.0734126193684832],
[1653748200.0, 0.0734126193684832],
[1653834600.0, 0.07311670903010034],
[1653921000.0, 0.07282059330120008],
[1654007400.0, 0.09432275122958883],
[1654093800.0, 0.07133841619122566],
[1654180200.0, 0.07117967391304349],
[1654266600.0, 0.06910806265984655],
[1654353000.0, 0.06349253541215819],
[1654439400.0, 0.06719258336612238],
[1654525800.0, 0.07058984669486523],
[1654612200.0, 0.06719195381664372],
[1654698600.0, 0.06792848249065514],
[1654785000.0, 0.06999973922880189],
[1654871400.0, 0.06940941230572498],
[1654957800.0, 0.06792723519575056],
[1655044200.0, 0.06940941230572498],
[1655130600.0, 0.06940941230572498],
[1655217000.0, 0.06940941230572498],
[1655303400.0, 0.06940941230572498],
[1655389800.0, 0.06941013707456227],
[1655476200.0, 0.06970625280346253],
[1655562600.0, 0.07148139381270903],
[1655649000.0, 0.07621800152469016],
[1655735400.0, 0.07621737197521151],
[1655821800.0, 0.07058905700373795],
[1655908200.0, 0.07058905700373795],
[1655994600.0, 0.07088552724768837],
[1656081000.0, 0.07058941151878811],
[1656167400.0, 0.06970585972850679],
[1656253800.0, 0.06970607849695062],
[1656340200.0, 0.06910812246704702],
[1656426600.0, 0.06792782539838679],
[1656513000.0, 0.06792782539838679],
[1656599400.0, 0.06970611823726147],
[1656685800.0, 0.07118808995671849],
[1656772200.0, 0.07118808995671849],
[1656858600.0, 0.07118260185913831],
[1656945000.0, 0.06970752764115681],
[1657031400.0, 0.07118876042691326],
[1657117800.0, 0.07148523067086367],
[1657204200.0, 0.07148523067086367],
[1657290600.0, 0.07266559895730867],
[1657377000.0, 0.07355702960849891],
[1657463400.0, 0.07118888240212475],
[1657549800.0, 0.07118939548494985],
[1657636200.0, 0.07118845116073187],
[1657722600.0, 0.07118865655124929],
[1657809000.0, 0.07236926839464884],
[1657895400.0, 0.07236926839464884],
[1657981800.0, 0.06940554372417863],
[1658068200.0, 0.07147715497737557],
[1658154600.0, 0.07295933208735],
[1658241000.0, 0.07295897757229984],
[1658327400.0, 0.07118068473342516],
[1658413800.0, 0.07118103924847533],
[1658500200.0, 0.07118103924847533],
[1658586600.0, 0.07118103924847533],
[1658673000.0, 0.07118103924847533],
[1658759400.0, 0.07118134143222507],
[1658845800.0, 0.07118181398780249],
[1658932200.0, 0.07147781167617549],
[1659018600.0, 0.07147781167617549],
[1659105000.0, 0.07147781167617549],
[1659191400.0, 0.0694056491737163],
[1659277800.0, 0.09143754677355893],
[1659364200.0, 0.09291972388353335],
[1659450600.0, 0.09291972388353335],
[1659537000.0, 0.09143731029903603],
[1659623400.0, 0.0929189361597482],
[1659709800.0, 0.0908474704898682],
[1659796200.0, 0.07088663289396027],
[1659882600.0, 0.07088663289396027],
[1659969000.0, 0.07109990301003345],
[1660055400.0, 0.07110061204013378],
[1660141800.0, 0.07317198721227623],
[1660228200.0, 0.07317198721227623],
[1660314600.0, 0.07168918055282314],
[1660401000.0, 0.07168918055282314],
[1660487400.0, 0.07168918055282314],
[1660573800.0, 0.07168918055282314],
[1660660200.0, 0.07317180306905371],
[1660746600.0, 0.07168962595907928],
[1660833000.0, 0.07465342892976591],
[1660919400.0, 0.07665350885303956],
[1661005800.0, 0.07665381103678931],
[1661092200.0, 0.07878519506197129],
[1661178600.0, 0.11561623726145981],
[1661265000.0, 0.07924070976785365],
[1661351400.0, 0.09949856885697424],
[1661437800.0, 0.07760118915994492],
[1661524200.0, 0.1360970827267362],
[1661610600.0, 0.0776006091874877],
[1661697000.0, 0.07517272776903404],
[1661783400.0, 0.07487606079087154],
[1661869800.0, 0.07648825575447572],
[1661956200.0, 0.07856260254770807],
[1662042600.0, 0.07797269570135748],
[1662129000.0, 0.07584630793822547],
[1662215400.0, 0.07584540217391306],
[1662301800.0, 0.12688595504623257],
[1662388200.0, 0.09461921753885502],
[1662474600.0, 0.07436246960456425],
[1662561000.0, 0.13256251421404686],
[1662647400.0, 0.07797571753885502],
[1662733800.0, 0.07797515763328744],
[1662820200.0, 0.07795744663584499],
[1662906600.0, 0.07434385835136731],
[1662993000.0, 0.07434451505016723],
[1663079400.0, 0.07795779249458983],
[1663165800.0, 0.07434506629942948],
[1663252200.0, 0.07795788771394847],
[1663338600.0, 0.13467508434979347],
[1663425000.0, 0.07847609271099745],
[1663511400.0, 0.07634480980720049],
[1663597800.0, 0.07634480980720049],
[1663684200.0, 0.07634536105646274],
[1663770600.0, 0.0793065183454653],
[1663857000.0, 0.07634524301593548],
[1663943400.0, 0.07634489715719066],
[1664029800.0, 0.07693715969899668],
[1664116200.0, 0.11582403674011414],
[1664202600.0, 0.07906732318512691],
[1664289000.0, 0.07545459698996657],
[1664375400.0, 0.0751584812610663],
[1664461800.0, 0.09482299773755656],
[1664548200.0, 0.09630461494196342],
[1664634600.0, 0.0754607768050364],
[1664717400.0, 0.09511966471571907],
[1664803800.0, 0.09608429352744442],
[1664890200.0, 0.07612274690143618],
[1664976600.0, 0.09850908897304743],
[1665063000.0, 0.09608242415896126],
[1665149400.0, 0.07612240104269134],
[1665235800.0, 0.07434446271886681],
[1665322200.0, 0.0761233190045249],
[1665408600.0, 0.07464143660240016],
[1665495000.0, 0.07612416496163685],
[1665581400.0, 0.07612416496163685],
[1665667800.0, 0.07825491943734017],
[1665754200.0, 0.07466005336415504],
[1665840600.0, 0.07466040787920522],
[1665927000.0, 0.07466040787920522],
[1666013400.0, 0.07436449754082236],
[1666099800.0, 0.07436449754082236],
[1666186200.0, 0.07436408675978755],
[1666272600.0, 0.07436408675978755],
[1666359000.0, 0.07465977675585286],
[1666445400.0, 0.07465965871532562],
[1666531800.0, 0.07666025172142438],
[1666618200.0, 0.07636378147747394],
[1666704600.0, 0.07517772009639977],
[1666791000.0, 0.11312034590792842],
[1666877400.0, 0.07436445819397995],
[1666963800.0, 0.07488283356285659],
[1667050200.0, 0.07488283356285659],
[1667136600.0, 0.07488230710210506],
[1667223000.0, 0.07636412969702933],
[1667309400.0, 0.07488232992327366],
[1667395800.0, 0.07340038928782217],
[1667482200.0, 0.07636368114302579],
[1667568600.0, 0.07340074380287233],
[1667655000.0, 0.07849570691520756],
[1667741400.0, 0.0736965959079284],
[1667827800.0, 0.11258406393861896],
[1667914200.0, 0.0758266936848318],
[1668000600.0, 0.07369613594334055],
[1668087000.0, 0.11223164243556957],
[1668173400.0, 0.07908680911863075],
[1668259800.0, 0.07547358990753493],
[1668346200.0, 0.09543497875270511],
[1668432600.0, 0.07495623834349795],
[1668519000.0, 0.09395280164273069],
[1668605400.0, 0.07288197535903994],
[1668691800.0, 0.06489223991737164],
[1668778200.0, 0.0648913778280543],
[1668864600.0, 0.06489117243753689],
[1668951000.0, 0.07145861292543773],
[1669037400.0, 0.07131225339366518],
[1669123800.0, 0.06800258803855991],
[1669210200.0, 0.06593077139484559],
[1669296600.0, 0.0659311821758804],
[1669383000.0, 0.07139995445602991],
[1669469400.0, 0.07139830975801693],
[1669555800.0, 0.07139862453275626],
[1669642200.0, 0.07139862453275626],
[1669728600.0, 0.07139921434192407],
[1669815000.0, 0.07288140010820382],
[1669901400.0, 0.07288140010820382],
[1669987800.0, 0.07288163658272674],
[1670074200.0, 0.07286372019476688],
[1670160600.0, 0.06930898750737755],
[1670247000.0, 0.07338056064332088],
[1670333400.0, 0.06930671719457014],
[1670419800.0, 0.06930792514263232],
[1670506200.0, 0.06930813053314973],
[1670592600.0, 0.06930993183159552],
[1670679000.0, 0.0749947418355302],
[1670765400.0, 0.07486403619909504],
[1670851800.0, 0.07286294506197129],
[1670938200.0, 0.07168263461538461],
[1671024600.0, 0.07464094948849105],
[1671111000.0, 0.07288048568758608],
[1671197400.0, 0.0706624094530789],
[1671283800.0, 0.07288049788510723],
[1671370200.0, 0.07287972786740114],
[1671456600.0, 0.07287691889632107],
[1671543000.0, 0.07287661671257133],
[1671715800.0, 0.07021512659846547],
[1671802200.0, 0.06813768807790675],
[1671888600.0, 0.07020944845563644],
[1671975000.0, 0.07021114155026559],
[1672061400.0, 0.07287334069447178],
[1672147800.0, 0.0728803475801692],
[1672234200.0, 0.07080873632697227],
[1672320600.0, 0.07080873632697227],
[1672407000.0, 0.07080895981703718],
[1672493400.0, 0.07280903974031083],
[1672579800.0, 0.07281002380483965],
[1672666200.0, 0.07429220091481409],
[1672752600.0, 0.07429231895534134],
[1672839000.0, 0.07014844279952784],
[1672925400.0, 0.07170221104662601],
[1673011800.0, 0.07170185653157583],
[1673098200.0, 0.07584642951996853],
[1673184600.0, 0.06821695381664372],
[1673271000.0, 0.07436490910879404],
[1673357400.0, 0.06821755070824317],
[1673443800.0, 0.07501410461341729],
[1673530200.0, 0.0696307725260673],
[1673616600.0, 0.06762749567184735],
[1673703000.0, 0.10963900132795595],
[1673789400.0, 0.07081067651977178],
[1673875800.0, 0.07081004697029314],
[1673962200.0, 0.07081047112925438],
[1674048600.0, 0.07288261120401339],
[1674135000.0, 0.07340051401731262],
[1674221400.0, 0.07488248573676963],
[1674307800.0, 0.0748808614991147],
[1674394200.0, 0.07080851362384419],
[1674480600.0, 0.07229084930159356],
[1674567000.0, 0.07849289282903799],
[1674653400.0, 0.0787904655715129],
[1674739800.0, 0.07730991584694079],
[1674826200.0, 0.07582773873696637],
[1674912600.0, 0.07730985603974032],
[1674999000.0, 0.07369680641353532],
[1675085400.0, 0.07553123976982098],
[1675171800.0, 0.07582680424945899],
[1675258200.0, 0.07582778674011412],
[1675344600.0, 0.07553117091284675],
[1675431000.0, 0.07340006192209327],
[1675517400.0, 0.07488209344875074],
[1675603800.0, 0.09875188038559907],
[1675690200.0, 0.09800157839858353],
[1675776600.0, 0.07952185436749952],
[1675863000.0, 0.09948269196340745],
[1675949400.0, 0.07952256339759986],
[1676035800.0, 0.07642357943143813],
[1676122200.0, 0.07849575059020265],
[1676208600.0, 0.09934495819397994],
[1676295000.0, 0.07636516806020069],
[1676381400.0, 0.07744935923667128],
[1676467800.0, 0.07744935923667128],
[1676554200.0, 0.0770130926618139],
[1676640600.0, 0.07744835195750542],
[1676727000.0, 0.07701277631320089],
[1676813400.0, 0.07804062158174309],
[1676899800.0, 0.07774486036789299],
[1676986200.0, 0.07893089892779855],
[1677072600.0, 0.07952432967735591],
[1677159000.0, 0.07804250708243166],
[1677245400.0, 0.07938455656108598],
[1677331800.0, 0.07642522767066694],
[1677418200.0, 0.07790223426126304],
[1677504600.0, 0.07790223426126304],
[1677591000.0, 0.07701388707456228],
[1677677400.0, 0.07701388707456228],
[1677763800.0, 0.07701388707456228],
[1677850200.0, 0.07731065950226244],
[1677936600.0, 0.07731065950226244],
[1678023000.0, 0.07701474916387961],
[1678109400.0, 0.07582891599449146],
[1678195800.0, 0.07731109310446588],
[1678282200.0, 0.07908938594334057],
[1678368600.0, 0.11628171330906949],
[1678455000.0, 0.07893227803462523],
[1678541400.0, 0.07893180547904781],
[1678627800.0, 0.07892672619516035],
[1678714200.0, 0.07892684423568759],
[1678800600.0, 0.07892719875073775],
[1678887000.0, 0.11568907893960263],
[1678973400.0, 0.11479964637025383],
[1679059800.0, 0.11628205956128274],
[1679146200.0, 0.07922923027739524],
[1679232600.0, 0.07922902488687784],
[1679319000.0, 0.0792113138894354],
[1679405400.0, 0.07921166840448557],
[1679491800.0, 0.07891555267558531],
[1679578200.0, 0.08037879780641353],
[1679664600.0, 0.13563310382648047],
[1679751000.0, 0.14897257977572304],
[1679837400.0, 0.14897288038559908],
[1679923800.0, 0.15816185338382852],
[1680010200.0, 0.11251207716899471],
[1680096600.0, 0.11221616683061186],
[1680183000.0, 0.09674581836513872],
[1680269400.0, 0.11038085013771398],
[1680355800.0, 0.09733755444619321],
[1680445800.0, 0.0911919272575251],
[1680532200.0, 0.09326353851072204],
[1680618600.0, 0.10712091727326384],
[1680705000.0, 0.09326306595514462],
[1680791400.0, 0.09326330242966754],
[1680877800.0, 0.09378120524296676],
[1680964200.0, 0.0921604891304348],
[1681050600.0, 0.09333661149911471],
[1681137000.0, 0.09172706851268937],
[1681223400.0, 0.09592992961833564],
[1681309800.0, 0.09592972422781823],
[1681396200.0, 0.14419139302577222],
[1681482600.0, 0.10743467947078497],
[1681569000.0, 0.13203786041707657],
[1681655400.0, 0.10862074085185916],
[1681741800.0, 0.10862074085185916],
[1681828200.0, 0.143895277296872],
[1681914600.0, 0.10713856374188473],
[1682001000.0, 0.10713856374188473],
[1682087400.0, 0.1460262371630927],
[1682173800.0, 0.11671813623844186],
[1682260200.0, 0.1677651311233524],
[1682346600.0, 0.17225235038363176],
[1682433000.0, 0.19487822953964198],
[1682519400.0, 0.19250609182569356],
[1682605800.0, 0.1340116666830612],
[1682692200.0, 0.1356281832579186],
[1682778600.0, 0.1889509249950817],
[1682865000.0, 0.14902976288609093],
[1682951400.0, 0.14902976288609093],
[1683037800.0, 0.14902976288609093],
[1683124200.0, 0.18772304092071615],
[1683210600.0, 0.18772326913240217],
[1683297000.0, 0.12952366717489672],
[1683383400.0, 0.14948450477080466],
[1683469800.0, 0.16776164341924063],
[1683556200.0, 0.12922737123745823],
[1683642600.0, 0.12952348696635846],
[1683729000.0, 0.1295238100039347],
[1683815400.0, 0.16724479785559715],
[1683901800.0, 0.11766639312413932],
[1683988200.0, 0.136145408125123],
[1684074600.0, 0.1512630895632501],
[1684161000.0, 0.0931389330120008],
[1684247400.0, 0.11309956521739133],
[1684333800.0, 0.1069139126008263],
[1684420200.0, 0.12687495558725165],
[1684506600.0, 0.11714885308872715],
[1684593000.0, 0.12900647535903995],
[1684679400.0, 0.14735413786149915],
[1684765800.0, 0.15096654888845173],
[1684852200.0, 0.15096657170962036],
[1684938600.0, 0.12687508228408423],
[1685025000.0, 0.1855912091284675],
[1685111400.0, 0.14683440699390127],
[1685197800.0, 0.1069127318020854],
[1685284200.0, 0.14896572137517217],
[1685370600.0, 0.14683445263623848],
[1685457000.0, 0.14979913855006888],
[1685543400.0, 0.1447637628860909],
[1685629800.0, 0.13320001893566796],
[1685716200.0, 0.15015254451111554],
[1685802600.0, 0.13319966442061779],
[1685889000.0, 0.13497831177454261],
[1685975400.0, 0.11501838859925242],
[1686061800.0, 0.11458327488687783],
[1686148200.0, 0.09255082603777298],
[1686234600.0, 0.1125116636336809],
[1686321000.0, 0.12792239632107028],
[1686407400.0, 0.1294044860810545],
[1686493800.0, 0.1294025010328546],
[1686580200.0, 0.1181938106433209],
[1686666600.0, 0.13454171665355105],
[1686753000.0, 0.13454189922289986],
[1686839400.0, 0.09462042942160144],
[1686925800.0, 0.11458147240802677],
[1687012200.0, 0.09077073072004722],
[1687098600.0, 0.09313845770214442],
[1687185000.0, 0.0935742769034035],
[1687271400.0, 0.09357354308479246],
[1687357800.0, 0.0935733939602597],
[1687444200.0, 0.09505572019476688],
[1687530600.0, 0.09734309231752902],
[1687617000.0, 0.09748294491442064],
[1687703400.0, 0.09535266299429473],
[1687789800.0, 0.09357404672437537],
[1687876200.0, 0.08505138333661225],
[1687962600.0, 0.09610387546724378],
[1688049000.0, 0.0825443321857171],
[1688135400.0, 0.08461608705488885],
[1688221800.0, 0.09432760913830417],
[1688308200.0, 0.0931417531477474],
[1688394600.0, 0.08965627636238442],
[1688481000.0, 0.08284147486720443],
[1688567400.0, 0.09166054869171748],
[1688653800.0, 0.09373236533543183],
[1688740200.0, 0.0931427856088924],
[1688826600.0, 0.09491807574267166],
[1688913000.0, 0.09284034880975803],
[1688999400.0, 0.11530841146960459],
[1689085800.0, 0.08905857372614599],
[1689172200.0, 0.09084210756443045],
[1689258600.0, 0.08936004849498327],
[1689345000.0, 0.08965616422388353],
[1689431400.0, 0.09172777547708047],
[1689517800.0, 0.0916596692897895],
[1689604200.0, 0.0896562743950423],
[1689690600.0, 0.08965609182569349],
[1689777000.0, 0.08965574557348023],
[1689863400.0, 0.09777903349399962],
[1689949800.0, 0.09373101652567382],
[1690036200.0, 0.09639946040723985],
[1690122600.0, 0.09683433174306513],
[1690209000.0, 0.0947626976686996],
[1690295400.0, 0.08906392686405668],
[1690381800.0, 0.0890646276313201],
[1690468200.0, 0.09284599193389731],
[1690554600.0, 0.0928457865433799],
[1690641000.0, 0.0928457865433799],
[1690727400.0, 0.08906442224080269],
[1690813800.0, 0.08906442224080269],
[1690900200.0, 0.08906442224080269],
[1690986600.0, 0.09254924508164471],
[1691073000.0, 0.09491697206374189],
[1691159400.0, 0.09823433444816054],
[1691245800.0, 0.09823424709817039],
[1691332200.0, 0.11671326209915406],
[1691418600.0, 0.09756644304544561],
[1691505000.0, 0.09336366653551054],
[1691591400.0, 0.09379904387172931],
[1691677800.0, 0.11575113786149914],
[1691764200.0, 0.0959301528624828],
[1691850600.0, 0.09549388235294118],
[1691937000.0, 0.09136325334448162],
[1692023400.0, 0.09284525850875468],
[1692109800.0, 0.09136328678929767],
[1692196200.0, 0.09134072806413537],
[1692282600.0, 0.09639964179618338],
[1692369000.0, 0.09637577911666341],
[1692455400.0, 0.09653909226834549],
[1692541800.0, 0.0961034784576038],
[1692628200.0, 0.09254969009443244],
[1692714600.0, 0.096834293576628],
[1692801000.0, 0.0965392291953571],
[1692887400.0, 0.0925499450619713],
[1692973800.0, 0.0925501732736573],
[1693060200.0, 0.0925501504524887],
[1693146600.0, 0.09254979593743853],
[1693233000.0, 0.09462176170568563],
[1693319400.0, 0.09462176170568563],
[1693405800.0, 0.09462065133779267],
[1693492200.0, 0.09462044594727526],
[1693578600.0, 0.09461968065119027],
[1693665000.0, 0.09610148396616174],
[1693751400.0, 0.10943994909502264],
[1693837800.0, 0.10943994909502264],
[1693924200.0, 0.10839630980720048],
[1694010600.0, 0.12835868271689949],
[1694097000.0, 0.1310667985933504],
[1694183400.0, 0.1280617670666929],
[1694269800.0, 0.12762650777100137],
[1694356200.0, 0.1279227108498918],
[1694442600.0, 0.12762671316151877],
[1694529000.0, 0.1633550855793823],
[1694615400.0, 0.11003446778477279],
[1694701800.0, 0.1285128917961834],
[1694788200.0, 0.10691593871729295],
[1694874600.0, 0.12954217238835336],
[1694961000.0, 0.1331402500983671],
[1695047400.0, 0.10810264105843008],
[1695133800.0, 0.1104713614991147],
[1695220200.0, 0.09446657682470984],
[1695306600.0, 0.10891330238048398],
[1695393000.0, 0.0950563654829825],
[1695479400.0, 0.09244599429470786],
[1695565800.0, 0.0924456397796577],
[1695652200.0, 0.09392876239425538],
[1695738600.0, 0.09192507475900061],
[1695825000.0, 0.0947642597383435],
[1695911400.0, 0.09432864592760182],
[1695997800.0, 0.11324292022427701],
[1696084200.0, 0.11324292022427701],
[1696167000.0, 0.11324292022427701],
[1696253400.0, 0.09446814400944326],
[1696339800.0, 0.08758057229982295],
[1696426200.0, 0.09403197894943932],
[1696512600.0, 0.09432844919338974],
[1696599000.0, 0.09432844919338974],
[1696685400.0, 0.0592978841235491],
[1696771800.0, 0.06248082849695063],
[1696858200.0, 0.07100384639976393],
[1696944600.0, 0.07100384639976393],
[1697117400.0, 0.062480856039740316],
[1697203800.0, 0.06130139391107614],
[1697290200.0, 0.06495228905174111],
[1697376600.0, 0.06277805183946489],
[1697463000.0, 0.08284239007475902],
[1697549400.0, 0.08491400132795594],
[1697635800.0, 0.08284239007475902],
[1697722200.0, 0.08254627434585876],
[1697808600.0, 0.06258543674995082],
[1697895000.0, 0.06288155247885108],
[1697981400.0, 0.07170109689159947],
[1698067800.0, 0.06288208130041316],
[1698154200.0, 0.06288243581546332],
[1698240600.0, 0.06288243581546332],
[1698327000.0, 0.06406814268148732],
[1698413400.0, 0.0643639038953374],
[1698499800.0, 0.0661421967342121],
[1698586200.0, 0.06406778816643716],
[1698672600.0, 0.06406778816643716],
[1698759000.0, 0.06406778816643716],
[1698845400.0, 0.06406778816643716],
[1698931800.0, 0.06406778816643716],
[1699018200.0, 0.06406778816643716],
[1699104600.0, 0.06406778816643716],
[1699191000.0, 0.06406778816643716],
[1699277400.0, 0.06406778816643716],
[1699363800.0, 0.06406778816643716],
[1699450200.0, 0.06406778816643716],
[1699536600.0, 0.06406778816643716],
[1699623000.0, 0.06406778816643716],
[1699709400.0, 0.06406778816643716],
[1699795800.0, 0.06406778816643716],
[1699882200.0, 0.06406778816643716],
[1699968600.0, 0.06406778816643716],
[1700055000.0, 0.06406778816643716],
[1700141400.0, 0.06406778816643716],
[1700227800.0, 0.06406778816643716],
[1700314200.0, 0.06406778816643716],
[1700400600.0, 0.06406778816643716],
[1700487000.0, 0.06406778816643716],
[1700573400.0, 0.06406778816643716],
[1700659800.0, 0.06406778816643716],
[1700746200.0, 0.06406778816643716],
[1700832600.0, 0.06406778816643716],
[1700919000.0, 0.06406778816643716],
[1701005400.0, 0.06406778816643716],
[1701091800.0, 0.06406778816643716],
[1701178200.0, 0.06406778816643716],
[1701264600.0, 0.06406778816643716],
[1701351000.0, 0.06406778816643716],
[1701437400.0, 0.06406778816643716],
[1701523800.0, 0.06406778816643716],
