[1635773400.0, 0.02997417056856188],
[1635859800.0, 0.02997417056856188],
[1635946200.0, 0.02997417056856188],
[1636032600.0, 0.02997417056856188],
[1636119000.0, 0.02997417056856188],
[1636205400.0, 0.02997417056856188],
[1636291800.0, 0.03429482274247492],
[1636378200.0, 0.028829509443242193],
[1636464600.0, 0.02690991225654142],
[1636551000.0, 0.024508857269329148],
[1636637400.0, 0.033628262640173136],
[1636723800.0, 0.037948914814086174],
[1636810200.0, 0.038695398190045256],
[1636896600.0, 0.03437474601613221],
[1636983000.0, 0.033628262640173136],
[1637069400.0, 0.033628262640173136],
[1637155800.0, 0.031227207652960862],
[1637242200.0, 0.031227207652960862],
[1637328600.0, 0.033628262640173136],
[1637415000.0, 0.033628262640173136],
[1637501400.0, 0.033628262640173136],
[1637587800.0, 0.033628262640173136],
[1637674200.0, 0.03365916630598729],
[1637760600.0, 0.03365916630598729],
[1637847000.0, 0.03365916630598729],
[1637933400.0, 0.03365916630598729],
[1638019800.0, 0.03365916630598729],
[1638106200.0, 0.03672342461800774],
[1638192600.0, 0.03672342461800774],
[1638279000.0, 0.03365916630598729],
[1638365400.0, 0.03365731621745689],
[1638451800.0, 0.03365641045314448],
[1638538200.0, 0.03794518919273395],
[1638624600.0, 0.03487542232277527],
[1638711000.0, 0.03413141858482524],
[1638797400.0, 0.034130512820512826],
[1638883800.0, 0.03409866483048069],
[1638970200.0, 0.03409803528100204],
[1639056600.0, 0.030443943209390787],
[1639143000.0, 0.02737968489737033],
[1639229400.0, 0.02737968489737033],
[1639315800.0, 0.026899612433602213],
[1639402200.0, 0.026901423962227042],
[1639488600.0, 0.026901423962227042],
[1639575000.0, 0.026901423962227042],
[1639661400.0, 0.026901423962227042],
[1639747800.0, 0.033619774345858756],
[1639834200.0, 0.036684032657879215],
[1639920600.0, 0.033619774345858756],
[1640007000.0, 0.033619774345858756],
[1640093400.0, 0.03766229352744443],
[1640179800.0, 0.03766229352744443],
[1640266200.0, 0.03766229352744443],
[1640352600.0, 0.03766174227818218],
[1640439000.0, 0.03766174227818218],
[1640525400.0, 0.03793987527050954],
[1640611800.0, 0.0379393240212473],
[1640698200.0, 0.03526104180602008],
[1640784600.0, 0.03766209679323235],
[1640871000.0, 0.03750757846416159],
[1640957400.0, 0.03750757846416159],
[1641043800.0, 0.03781661512230311],
[1641130200.0, 0.03794022978555971],
[1641216600.0, 0.03794078103482196],
[1641303000.0, 0.03794078103482196],
[1641389400.0, 0.03362338363171356],
[1641475800.0, 0.03362338363171356],
[1641562200.0, 0.03362338363171356],
[1641648600.0, 0.03362338363171356],
[1641735000.0, 0.03668764194373402],
[1641821400.0, 0.03668764194373402],
[1641907800.0, 0.03668764194373402],
[1641994200.0, 0.03671854560954817],
[1642080600.0, 0.03000019522591646],
[1642167000.0, 0.026657803921568635],
[1642253400.0, 0.026657803921568635],
[1642339800.0, 0.026657803921568635],
[1642426200.0, 0.026657803921568635],
[1642512600.0, 0.03337615430520035],
[1642599000.0, 0.037198618073316286],
[1642685400.0, 0.04578717306052856],
[1642771800.0, 0.04780267817561808],
[1642858200.0, 0.032495772804774094],
[1642944600.0, 0.032495772804774094],
[1643031000.0, 0.039037919011082695],
[1643117400.0, 0.04575626939471441],
[1643203800.0, 0.049067970161977836],
[1643290200.0, 0.049066504492097845],
[1643376600.0, 0.03918175385271166],
[1643463000.0, 0.04575480372483442],
[1643549400.0, 0.03580915155092138],
[1643635800.0, 0.03580915155092138],
[1643722200.0, 0.03580915155092138],
[1643808600.0, 0.030116384680962695],
[1643895000.0, 0.030116384680962695],
[1643981400.0, 0.03318064299298316],
[1644067800.0, 0.03318064299298316],
[1644154200.0, 0.030116384680962695],
[1644240600.0, 0.030116384680962695],
[1644327000.0, 0.03011547891665028],
[1644413400.0, 0.03011547891665028],
[1644499800.0, 0.036088251688635324],
[1644586200.0, 0.036088251688635324],
[1644672600.0, 0.0404487056528297],
[1644759000.0, 0.0404487056528297],
[1644845400.0, 0.040449611417142116],
[1644931800.0, 0.02738551295166897],
[1645018200.0, 0.02738551295166897],
[1645104600.0, 0.02738551295166897],
[1645191000.0, 0.02738549013050037],
[1645277400.0, 0.02738549013050037],
[1645363800.0, 0.02738836244999673],
[1645450200.0, 0.027783183421863738],
[1645536600.0, 0.027783183421863738],
[1645623000.0, 0.02778263217260149],
[1645709400.0, 0.027418714866548635],
[1645795800.0, 0.027419471506328293],
[1645882200.0, 0.02742740422322776],
[1645968600.0, 0.02742740422322776],
[1646055000.0, 0.03049166253524822],
[1646141400.0, 0.03049166253524822],
[1646227800.0, 0.027149271230900395],
[1646314200.0, 0.02714891671585023],
[1646400600.0, 0.02714891671585023],
[1646487000.0, 0.027628989179618344],
[1646573400.0, 0.027628989179618344],
[1646659800.0, 0.027628989179618344],
[1646746200.0, 0.02790712217194571],
[1646832600.0, 0.02790712217194571],
[1646919000.0, 0.02790712217194571],
[1647005400.0, 0.03097138048396617],
[1647091800.0, 0.03097138048396617],
[1647178200.0, 0.02790712217194571],
[1647264600.0, 0.03097138048396617],
[1647351000.0, 0.02790712217194571],
[1647437400.0, 0.027907476686995877],
[1647523800.0, 0.027907476686995877],
[1647610200.0, 0.027907476686995877],
[1647696600.0, 0.027907476686995877],
[1647783000.0, 0.027907476686995877],
[1647869400.0, 0.02762934369466851],
[1647955800.0, 0.0286533305134763],
[1648042200.0, 0.0286533305134763],
[1648128600.0, 0.0286533305134763],
[1648215000.0, 0.0286533305134763],
[1648301400.0, 0.027906847137517225],
[1648387800.0, 0.027906847137517225],
[1648474200.0, 0.0286533305134763],
[1648560600.0, 0.027906847137517225],
[1648647000.0, 0.027906847137517225],
[1648733400.0, 0.0286533305134763],
[1648819800.0, 0.02817325804970819],
[1648906200.0, 0.029062537674601624],
[1648996200.0, 0.029062537674601624],
[1649082600.0, 0.03301607561151552],
[1649169000.0, 0.060755312610663],
[1649255400.0, 0.029062537674601624],
[1649341800.0, 0.033222810479375704],
[1649428200.0, 0.06185132710341662],
[1649514600.0, 0.06233139956718474],
[1649601000.0, 0.06233139956718474],
[1649687400.0, 0.062330493802872325],
[1649773800.0, 0.06233112335235098],
[1649860200.0, 0.06233112335235098],
[1649946600.0, 0.027627532166043682],
[1650033000.0, 0.027627532166043682],
[1650119400.0, 0.027627532166043682],
[1650205800.0, 0.027627532166043682],
[1650292200.0, 0.027627532166043682],
[1650378600.0, 0.027627532166043682],
[1650465000.0, 0.030939232933307116],
[1650551400.0, 0.030939232933307116],
[1650637800.0, 0.030939232933307116],
[1650724200.0, 0.031218271689946894],
[1650810600.0, 0.031218271689946894],
[1650897000.0, 0.029201860810544968],
[1650983400.0, 0.056534181782411964],
[1651069800.0, 0.02790566515837105],
[1651156200.0, 0.02790566515837105],
[1651242600.0, 0.02790566515837105],
[1651329000.0, 0.02790566515837105],
[1651415400.0, 0.02790566515837105],
[1651501800.0, 0.028794944783264484],
[1651588200.0, 0.028794944783264484],
[1651674600.0, 0.028794944783264484],
[1651761000.0, 0.02790566515837105],
[1651847400.0, 0.02790566515837105],
[1651933800.0, 0.02876404111745033],
[1652020200.0, 0.02876404111745033],
[1652106600.0, 0.02876404111745033],
[1652193000.0, 0.028794944783264484],
[1652279400.0, 0.02876404111745033],
[1652365800.0, 0.027394689028788784],
[1652452200.0, 0.027394689028788784],
[1652538600.0, 0.027394689028788784],
[1652625000.0, 0.027394689028788784],
[1652711400.0, 0.027394689028788784],
[1652797800.0, 0.027394689028788784],
[1652884200.0, 0.027394689028788784],
[1652970600.0, 0.027394689028788784],
[1653057000.0, 0.030575635320348883],
[1653143400.0, 0.030575635320348883],
[1653229800.0, 0.03330741281395502],
[1653316200.0, 0.028017557741491256],
[1653402600.0, 0.032099505738081194],
[1653489000.0, 0.02876404111745033],
[1653575400.0, 0.02636298613023806],
[1653661800.0, 0.02876404111745033],
[1653748200.0, 0.028485908125122965],
[1653834600.0, 0.028485908125122965],
[1653921000.0, 0.028640426454193728],
[1654007400.0, 0.028609522788379575],
[1654093800.0, 0.028918559446521094],
[1654180200.0, 0.028918582267689695],
[1654266600.0, 0.02864044927536233],
[1654353000.0, 0.028485930946291566],
[1654439400.0, 0.02864044927536233],
[1654525800.0, 0.02864044927536233],
[1654612200.0, 0.030655954390451844],
[1654698600.0, 0.03217289812446719],
[1654785000.0, 0.036885707161125325],
[1654871400.0, 0.036885684339956724],
[1654957800.0, 0.036885684339956724],
[1655044200.0, 0.036885684339956724],
[1655130600.0, 0.03561666260082629],
[1655217000.0, 0.03561666260082629],
[1655303400.0, 0.03561666260082629],
[1655389800.0, 0.03179313318906159],
[1655476200.0, 0.03739522185061316],
[1655562600.0, 0.03268241281395502],
[1655649000.0, 0.03268241281395502],
[1655735400.0, 0.03268241281395502],
[1655821800.0, 0.03179313318906159],
[1655908200.0, 0.03090385356416815],
[1655994600.0, 0.03090385356416815],
[1656081000.0, 0.03090385356416815],
[1656167400.0, 0.031020541543707793],
[1656253800.0, 0.02846496822742476],
[1656340200.0, 0.02506114253393666],
[1656426600.0, 0.02506114253393666],
[1656513000.0, 0.025339275526264027],
[1656599400.0, 0.025339275526264027],
[1656685800.0, 0.025339275526264027],
[1656772200.0, 0.025339275526264027],
[1656858600.0, 0.024593697914617362],
[1656945000.0, 0.02534018129057644],
[1657031400.0, 0.02534018129057644],
[1657117800.0, 0.027741236277788715],
[1657204200.0, 0.027895754606859474],
[1657290600.0, 0.0254946996196472],
[1657377000.0, 0.0254941865368221],
[1657463400.0, 0.02714873532690669],
[1657549800.0, 0.027149248409731794],
[1657636200.0, 0.027895731785690873],
[1657722600.0, 0.027149248409731794],
[1657809000.0, 0.027895731785690873],
[1657895400.0, 0.02817386477801824],
[1657981800.0, 0.02817386477801824],
[1658068200.0, 0.027895731785690873],
[1658154600.0, 0.02742738140205916],
[1658241000.0, 0.02782220237392617],
[1658327400.0, 0.02782220237392617],
[1658413800.0, 0.02782220237392617],
[1658500200.0, 0.02782220237392617],
[1658586600.0, 0.027389551052528043],
[1658673000.0, 0.027544069381598802],
[1658759400.0, 0.027544092202767403],
[1658845800.0, 0.027544092202767403],
[1658932200.0, 0.027389573873696643],
[1659018600.0, 0.027544092202767403],
[1659105000.0, 0.02751318853695325],
[1659191400.0, 0.02735867020788249],
[1659277800.0, 0.024957615220670217],
[1659364200.0, 0.02735867020788249],
[1659450600.0, 0.027389573873696643],
[1659537000.0, 0.027544092202767403],
[1659623400.0, 0.02754318643845499],
[1659709800.0, 0.027542426257459514],
[1659796200.0, 0.027542426257459514],
[1659882600.0, 0.02690783546462064],
[1659969000.0, 0.02690783546462064],
[1660055400.0, 0.0288931295822677],
[1660141800.0, 0.0288931295822677],
[1660228200.0, 0.0288931295822677],
[1660314600.0, 0.0288931295822677],
[1660401000.0, 0.0288931295822677],
[1660487400.0, 0.0288931295822677],
[1660573800.0, 0.0288931295822677],
[1660660200.0, 0.028498308610400692],
[1660746600.0, 0.028498308610400692],
[1660833000.0, 0.024111959505541358],
[1660919400.0, 0.026097253623188415],
[1661005800.0, 0.026097276444357016],
[1661092200.0, 0.028498331431569292],
[1661178600.0, 0.028498331431569292],
[1661265000.0, 0.028220198439241926],
[1661351400.0, 0.028220198439241926],
[1661437800.0, 0.028498331431569292],
[1661524200.0, 0.026993109777690347],
[1661610600.0, 0.026993109777690347],
[1661697000.0, 0.026993109777690347],
[1661783400.0, 0.028498331431569292],
[1661869800.0, 0.025819143452029653],
[1661956200.0, 0.025819143452029653],
[1662042600.0, 0.025819143452029653],
[1662129000.0, 0.02582095498065448],
[1662215400.0, 0.02597547330972524],
[1662301800.0, 0.02399003360876124],
[1662388200.0, 0.02398912784444883],
[1662474600.0, 0.02398912784444883],
[1662561000.0, 0.02398912784444883],
[1662647400.0, 0.02398912784444883],
[1662733800.0, 0.02398912784444883],
[1662820200.0, 0.02398912784444883],
[1662906600.0, 0.02398912784444883],
[1662993000.0, 0.0263901828316611],
[1663079400.0, 0.0263901828316611],
[1663165800.0, 0.024267260836776196],
[1663252200.0, 0.024267260836776196],
[1663338600.0, 0.024267260836776196],
[1663425000.0, 0.024267260836776196],
[1663511400.0, 0.024267260836776196],
[1663597800.0, 0.024267260836776196],
[1663684200.0, 0.024267260836776196],
[1663770600.0, 0.024267260836776196],
[1663857000.0, 0.026668315823988466],
[1663943400.0, 0.0266679613089383],
[1664029800.0, 0.024266906321726026],
[1664116200.0, 0.0266679613089383],
[1664202600.0, 0.0266679613089383],
[1664289000.0, 0.0266679613089383],
[1664375400.0, 0.024266906321726026],
[1664461800.0, 0.024267260836776196],
[1664548200.0, 0.024747333300544308],
[1664634600.0, 0.024592814971473552],
[1664717400.0, 0.023834609515378066],
[1664803800.0, 0.02383551527969048],
[1664890200.0, 0.02383551527969048],
[1664976600.0, 0.02383551527969048],
[1665063000.0, 0.02383551527969048],
[1665149400.0, 0.02671664273067087],
[1665235800.0, 0.02383551527969048],
[1665322200.0, 0.021145297888386132],
[1665408600.0, 0.021145297888386132],
[1665495000.0, 0.021145297888386132],
[1665581400.0, 0.021145297888386132],
[1665667800.0, 0.02383551527969048],
[1665754200.0, 0.02383551527969048],
[1665840600.0, 0.02383551527969048],
[1665927000.0, 0.02383551527969048],
[1666013400.0, 0.02383551527969048],
[1666099800.0, 0.024113648272017847],
[1666186200.0, 0.024113648272017847],
[1666272600.0, 0.024113648272017847],
[1666359000.0, 0.024113648272017847],
[1666445400.0, 0.024508469243884855],
[1666531800.0, 0.024508469243884855],
[1666618200.0, 0.024508469243884855],
[1666704600.0, 0.026909524231097128],
[1666791000.0, 0.027064042560167888],
[1666877400.0, 0.027064042560167888],
[1666963800.0, 0.027064042560167888],
[1667050200.0, 0.05553804085513805],
[1667136600.0, 0.024508469243884855],
[1667223000.0, 0.024508469243884855],
[1667309400.0, 0.02498854170765297],
[1667395800.0, 0.02498854170765297],
[1667482200.0, 0.024710408715325604],
[1667568600.0, 0.02498854170765297],
[1667655000.0, 0.025877821332546406],
[1667741400.0, 0.02498854170765297],
[1667827800.0, 0.02498854170765297],
[1667914200.0, 0.02498854170765297],
[1668000600.0, 0.02498854170765297],
[1668087000.0, 0.024508469243884855],
[1668173400.0, 0.024508469243884855],
[1668259800.0, 0.02498854170765297],
[1668346200.0, 0.024593720735785963],
[1668432600.0, 0.02498854170765297],
[1668519000.0, 0.02498854170765297],
[1668605400.0, 0.02498854170765297],
[1668691800.0, 0.02782224801626337],
[1668778200.0, 0.02498854170765297],
[1668864600.0, 0.02498854170765297],
[1668951000.0, 0.027389596694865244],
[1669037400.0, 0.027389596694865244],
[1669123800.0, 0.027064042560167888],
[1669210200.0, 0.02494112056528298],
[1669296600.0, 0.02494112056528298],
[1669383000.0, 0.027187657223424495],
[1669469400.0, 0.028483301626336166],
[1669555800.0, 0.02863837120466917],
[1669642200.0, 0.029118443668437285],
[1669728600.0, 0.029118443668437285],
[1669815000.0, 0.029118443668437285],
[1669901400.0, 0.02782224801626337],
[1669987800.0, 0.029118443668437285],
[1670074200.0, 0.02782224801626337],
[1670160600.0, 0.02782224801626337],
[1670247000.0, 0.02782224801626337],
[1670333400.0, 0.02782224801626337],
[1670419800.0, 0.02782224801626337],
[1670506200.0, 0.02782224801626337],
[1670592600.0, 0.02782224801626337],
[1670679000.0, 0.02782224801626337],
[1670765400.0, 0.027427427044396362],
[1670851800.0, 0.027427427044396362],
[1670938200.0, 0.027907499508164478],
[1671024600.0, 0.027907499508164478],
[1671111000.0, 0.027907499508164478],
[1671197400.0, 0.027427427044396362],
[1671283800.0, 0.027427572627713302],
[1671370200.0, 0.02941286674536036],
[1671456600.0, 0.0274275498065447],
[1671543000.0, 0.026947454521607985],
[1671629400.0, 0.028932748639255042],
[1671715800.0, 0.026947454521607985],
[1671802200.0, 0.026947454521607985],
[1671888600.0, 0.026947454521607985],
[1671975000.0, 0.026947454521607985],
[1672061400.0, 0.02666932152928062],
[1672147800.0, 0.02666932152928062],
[1672234200.0, 0.024268266542068345],
[1672320600.0, 0.02666932152928062],
[1672407000.0, 0.02666934435044922],
[1672493400.0, 0.02666934435044922],
[1672579800.0, 0.02666934435044922],
[1672666200.0, 0.02666934435044922],
[1672752600.0, 0.02666934435044922],
[1672839000.0, 0.02666934435044922],
[1672925400.0, 0.026947477342776586],
[1673011800.0, 0.026947477342776586],
[1673098200.0, 0.026947477342776586],
[1673184600.0, 0.026947477342776586],
[1673271000.0, 0.02666936717161782],
[1673357400.0, 0.02666936717161782],
[1673443800.0, 0.02666936717161782],
[1673530200.0, 0.02666936717161782],
[1673616600.0, 0.026947500163945187],
[1673703000.0, 0.026947500163945187],
[1673789400.0, 0.026947500163945187],
[1673875800.0, 0.026947354580628247],
[1673962200.0, 0.026947354580628247],
[1674048600.0, 0.026947354580628247],
[1674135000.0, 0.027342175552495254],
[1674221400.0, 0.027342175552495254],
[1674307800.0, 0.05597069217653617],
[1674394200.0, 0.027342175552495254],
[1674480600.0, 0.027342175552495254],
[1674567000.0, 0.027064042560167888],
[1674653400.0, 0.055297738212341796],
[1674739800.0, 0.02666922158830088],
[1674826200.0, 0.02666922158830088],
[1674912600.0, 0.02666936717161782],
[1674999000.0, 0.026947382123417938],
[1675085400.0, 0.026947500163945187],
[1675171800.0, 0.026947500163945187],
[1675258200.0, 0.026947500163945187],
[1675344600.0, 0.026947500163945187],
[1675431000.0, 0.026947500163945187],
[1675517400.0, 0.026947500163945187],
[1675603800.0, 0.026947500163945187],
[1675690200.0, 0.026947500163945187],
[1675776600.0, 0.026947500163945187],
[1675863000.0, 0.026947500163945187],
[1675949400.0, 0.026947500163945187],
