[1635773400.0, 2.0716666666666668],
[1635859800.0, 2.191666666666667],
[1635946200.0, 2.2116666666666664],
[1636032600.0, 2.236666666666667],
[1636119000.0, 2.2866666666666666],
[1636205400.0, 2.1550000000000002],
[1636291800.0, 2.2233333333333336],
[1636378200.0, 2.2516666666666665],
[1636464600.0, 2.186666666666667],
[1636551000.0, 2.025],
[1636637400.0, 2.1883333333333335],
[1636723800.0, 2.1799999999999997],
[1636810200.0, 2.181666666666666],
[1636896600.0, 2.0650000000000004],
[1636983000.0, 1.9900000000000002],
[1637069400.0, 2.0866666666666664],
[1637155800.0, 2.0050000000000003],
[1637242200.0, 2.091666666666667],
[1637328600.0, 2.0700000000000003],
[1637415000.0, 1.9750000000000003],
[1637501400.0, 2.02],
[1637587800.0, 1.9883333333333335],
[1637674200.0, 1.9783333333333335],
[1637760600.0, 1.9749999999999999],
[1637847000.0, 1.9833333333333334],
[1637933400.0, 1.8716666666666668],
[1638019800.0, 1.8350000000000002],
[1638106200.0, 1.9133333333333333],
[1638192600.0, 1.9033333333333335],
[1638279000.0, 1.8283333333333334],
[1638365400.0, 1.8583333333333334],
[1638451800.0, 1.8500000000000003],
[1638538200.0, 1.9016666666666666],
[1638624600.0, 1.9516666666666669],
[1638711000.0, 2.0733333333333333],
[1638797400.0, 1.9766666666666666],
[1638883800.0, 1.9816666666666665],
[1638970200.0, 2.191666666666667],
[1639056600.0, 1.8366666666666667],
[1639143000.0, 2.0883333333333334],
[1639229400.0, 2.0400000000000005],
[1639315800.0, 1.8699999999999999],
[1639402200.0, 2.0349999999999997],
[1639488600.0, 1.9866666666666666],
[1639575000.0, 1.99],
[1639661400.0, 1.9316666666666669],
[1639747800.0, 2.1683333333333334],
[1639834200.0, 2.1583333333333337],
[1639920600.0, 2.1700000000000004],
[1640007000.0, 2.1300000000000003],
[1640093400.0, 2.158333333333333],
[1640179800.0, 2.055],
[1640266200.0, 1.8683333333333334],
[1640352600.0, 1.96],
[1640439000.0, 1.9116666666666668],
[1640525400.0, 1.9833333333333334],
[1640611800.0, 1.8566666666666665],
[1640698200.0, 1.8916666666666666],
[1640784600.0, 1.9316666666666669],
[1640871000.0, 1.955],
[1640957400.0, 2.0533333333333332],
[1641043800.0, 2.066666666666667],
[1641130200.0, 1.99],
[1641216600.0, 2.006666666666667],
[1641303000.0, 2.045],
[1641389400.0, 2.0716666666666668],
[1641475800.0, 2.026666666666667],
[1641562200.0, 2.091666666666667],
[1641648600.0, 2.0433333333333334],
[1641735000.0, 1.8099999999999998],
[1641821400.0, 2.0016666666666665],
[1641907800.0, 1.985],
[1641994200.0, 1.9533333333333331],
[1642080600.0, 2.045],
[1642167000.0, 2.0333333333333337],
[1642253400.0, 2.108333333333333],
[1642339800.0, 2.1216666666666666],
[1642426200.0, 2.0900000000000003],
[1642512600.0, 2.0600000000000005],
[1642599000.0, 2.1199999999999997],
[1642685400.0, 2.076666666666667],
[1642771800.0, 2.086666666666667],
[1642858200.0, 2.0700000000000003],
[1642944600.0, 1.916666666666667],
[1643031000.0, 1.8833333333333335],
[1643117400.0, 1.8516666666666668],
[1643203800.0, 1.8666666666666665],
[1643290200.0, 1.801666666666667],
[1643376600.0, 1.8733333333333333],
[1643463000.0, 1.805],
[1643549400.0, 1.7766666666666666],
[1643635800.0, 1.7766666666666666],
[1643722200.0, 1.7766666666666666],
[1643808600.0, 1.8783333333333332],
[1643895000.0, 1.9333333333333333],
[1643981400.0, 1.8983333333333334],
[1644067800.0, 1.83],
[1644154200.0, 1.8883333333333336],
[1644240600.0, 1.6716666666666669],
[1644327000.0, 1.84],
[1644413400.0, 1.8733333333333333],
[1644499800.0, 1.8166666666666667],
[1644586200.0, 1.8416666666666668],
[1644672600.0, 1.8566666666666667],
[1644759000.0, 1.7266666666666668],
[1644845400.0, 1.8183333333333334],
[1644931800.0, 1.8816666666666668],
[1645018200.0, 1.8883333333333336],
[1645104600.0, 1.9116666666666664],
[1645191000.0, 1.4433333333333334],
[1645277400.0, 1.8149999999999997],
[1645363800.0, 1.8866666666666667],
[1645450200.0, 1.8283333333333334],
[1645536600.0, 1.8333333333333333],
[1645623000.0, 1.8416666666666668],
[1645709400.0, 1.7733333333333334],
[1645795800.0, 1.786666666666667],
[1645882200.0, 1.7033333333333331],
[1645968600.0, 1.6816666666666664],
[1646055000.0, 1.75],
[1646141400.0, 1.71],
[1646227800.0, 1.7083333333333333],
[1646314200.0, 1.7000000000000002],
[1646400600.0, 1.781666666666667],
[1646487000.0, 1.7433333333333332],
[1646573400.0, 1.7566666666666666],
[1646659800.0, 1.7733333333333332],
[1646746200.0, 1.6133333333333335],
[1646832600.0, 1.6033333333333335],
[1646919000.0, 1.64],
[1647005400.0, 1.6683333333333332],
[1647091800.0, 1.6783333333333335],
[1647178200.0, 1.7433333333333338],
[1647264600.0, 1.7733333333333337],
[1647351000.0, 1.7466666666666668],
[1647437400.0, 1.7783333333333333],
[1647523800.0, 1.8033333333333335],
[1647610200.0, 1.76],
[1647696600.0, 1.8233333333333335],
[1647783000.0, 1.8133333333333335],
[1647869400.0, 1.793333333333333],
[1647955800.0, 1.8083333333333336],
[1648042200.0, 1.8583333333333332],
[1648128600.0, 1.8400000000000005],
[1648215000.0, 1.7833333333333334],
[1648301400.0, 1.8933333333333338],
[1648387800.0, 1.885],
[1648474200.0, 1.9249999999999998],
[1648560600.0, 1.8800000000000001],
[1648647000.0, 1.95],
[1648733400.0, 1.9249999999999998],
[1648819800.0, 1.89],
[1648906200.0, 1.8566666666666667],
[1648996200.0, 1.9233333333333336],
[1649082600.0, 1.9416666666666667],
[1649169000.0, 1.9000000000000001],
[1649255400.0, 1.9516666666666669],
[1649341800.0, 1.9750000000000003],
[1649428200.0, 1.918333333333333],
[1649514600.0, 1.9133333333333338],
[1649601000.0, 1.9100000000000001],
[1649687400.0, 1.8500000000000003],
[1649773800.0, 1.8499999999999999],
[1649860200.0, 1.9116666666666664],
[1649946600.0, 1.8983333333333334],
[1650033000.0, 1.4866666666666666],
[1650119400.0, 1.9416666666666667],
[1650205800.0, 1.9433333333333334],
[1650292200.0, 1.945],
[1650378600.0, 1.9716666666666667],
[1650465000.0, 1.9516666666666664],
[1650551400.0, 1.9516666666666664],
[1650637800.0, 1.9516666666666664],
[1650724200.0, 1.9716666666666667],
[1650810600.0, 1.955],
[1650897000.0, 1.965],
[1650983400.0, 1.9316666666666664],
[1651069800.0, 1.87],
[1651156200.0, 1.87],
[1651242600.0, 1.9583333333333337],
[1651329000.0, 1.9666666666666668],
[1651415400.0, 1.8866666666666667],
[1651501800.0, 1.9649999999999999],
[1651588200.0, 1.9483333333333335],
[1651674600.0, 1.946666666666667],
[1651761000.0, 2.0566666666666666],
[1651847400.0, 2.075],
[1651933800.0, 2.0083333333333333],
[1652020200.0, 1.985],
[1652106600.0, 2.0316666666666667],
[1652193000.0, 2.0883333333333334],
[1652279400.0, 1.9883333333333335],
[1652365800.0, 2.026666666666667],
[1652452200.0, 2.033333333333333],
[1652538600.0, 2.0383333333333336],
[1652625000.0, 2.03],
[1652711400.0, 2.026666666666667],
[1652797800.0, 2.0116666666666667],
[1652884200.0, 1.9899999999999995],
[1652970600.0, 2.106666666666667],
[1653057000.0, 2.038333333333333],
[1653143400.0, 1.9533333333333331],
[1653229800.0, 2.081666666666667],
[1653316200.0, 2.075],
[1653402600.0, 2.1416666666666666],
[1653489000.0, 2.18],
[1653575400.0, 2.246666666666667],
[1653661800.0, 2.12],
[1653748200.0, 2.1500000000000004],
[1653834600.0, 2.2666666666666666],
[1653921000.0, 2.1816666666666666],
[1654007400.0, 2.098333333333333],
[1654093800.0, 2.0683333333333334],
[1654180200.0, 2.1833333333333336],
[1654266600.0, 2.151666666666667],
[1654353000.0, 2.2033333333333336],
[1654439400.0, 2.225],
[1654525800.0, 2.1533333333333338],
[1654612200.0, 2.0333333333333337],
[1654698600.0, 1.9400000000000002],
[1654785000.0, 2.025],
[1654871400.0, 1.9883333333333335],
[1654957800.0, 2.06],
[1655044200.0, 2.1533333333333333],
[1655130600.0, 1.8416666666666668],
[1655217000.0, 2.0816666666666666],
[1655303400.0, 2.021666666666667],
[1655389800.0, 1.9383333333333332],
[1655476200.0, 1.9483333333333335],
[1655562600.0, 1.9366666666666665],
[1655649000.0, 1.9750000000000003],
[1655735400.0, 1.9933333333333334],
[1655821800.0, 1.9233333333333338],
[1655908200.0, 1.9616666666666667],
[1655994600.0, 2.065],
[1656081000.0, 1.8883333333333336],
[1656167400.0, 1.7916666666666663],
[1656253800.0, 1.9766666666666666],
[1656340200.0, 1.97],
[1656426600.0, 1.9083333333333332],
[1656513000.0, 1.8116666666666668],
[1656599400.0, 2.1250000000000004],
[1656685800.0, 2.0733333333333337],
[1656772200.0, 1.9416666666666667],
[1656858600.0, 1.9333333333333333],
[1656945000.0, 2.001666666666667],
[1657031400.0, 1.955],
[1657117800.0, 1.8883333333333336],
[1657204200.0, 1.941666666666667],
[1657290600.0, 1.9400000000000002],
[1657377000.0, 1.9633333333333336],
[1657463400.0, 1.9633333333333332],
[1657549800.0, 1.9283333333333335],
[1657636200.0, 1.92],
[1657722600.0, 2.035],
[1657809000.0, 2.0333333333333337],
[1657895400.0, 2],
[1657981800.0, 2.0433333333333334],
[1658068200.0, 2.1133333333333337],
[1658154600.0, 2.078333333333333],
[1658241000.0, 2.061666666666667],
[1658327400.0, 2.0933333333333333],
[1658413800.0, 2.0316666666666667],
[1658500200.0, 2.06],
[1658586600.0, 2.0733333333333337],
[1658673000.0, 2.1250000000000004],
[1658759400.0, 2.08],
[1658845800.0, 1.9883333333333335],
[1658932200.0, 2.04],
[1659018600.0, 2.1583333333333337],
[1659105000.0, 2.015],
[1659191400.0, 1.8966666666666667],
[1659277800.0, 1.9649999999999999],
[1659364200.0, 1.9133333333333338],
[1659450600.0, 1.926666666666667],
[1659537000.0, 2.0250000000000004],
[1659623400.0, 1.8683333333333334],
[1659709800.0, 1.9683333333333335],
[1659796200.0, 2.0500000000000003],
[1659882600.0, 2.151666666666667],
[1659969000.0, 2.0316666666666667],
[1660055400.0, 2.026666666666667],
[1660141800.0, 2.015],
[1660228200.0, 1.9266666666666667],
[1660314600.0, 2.03],
[1660401000.0, 2.03],
[1660487400.0, 2.03],
[1660573800.0, 2.03],
[1660660200.0, 2.045],
[1660746600.0, 2.0566666666666666],
[1660833000.0, 2.021666666666667],
[1660919400.0, 2.275],
[1661005800.0, 2.313333333333333],
[1661092200.0, 2.1366666666666667],
[1661178600.0, 2.2433333333333336],
[1661265000.0, 2.2000000000000006],
[1661351400.0, 2.1866666666666665],
[1661437800.0, 2.265],
[1661524200.0, 2.0666666666666664],
[1661610600.0, 2.12],
[1661697000.0, 2.0500000000000003],
[1661783400.0, 2.1700000000000004],
[1661869800.0, 2.016666666666667],
[1661956200.0, 1.97],
[1662042600.0, 2.106666666666667],
[1662129000.0, 2.11],
[1662215400.0, 2.1133333333333333],
[1662301800.0, 2.16],
[1662388200.0, 2.08],
[1662474600.0, 2.075],
[1662561000.0, 2.0333333333333337],
[1662647400.0, 2.0349999999999997],
[1662733800.0, 2.0483333333333333],
[1662820200.0, 2.091666666666667],
[1662906600.0, 2.106666666666667],
[1662993000.0, 2.1433333333333335],
[1663079400.0, 2.1633333333333336],
[1663165800.0, 2.0716666666666668],
[1663252200.0, 2.061666666666667],
[1663338600.0, 2.1383333333333336],
[1663425000.0, 2.2233333333333336],
[1663511400.0, 2.158333333333333],
[1663597800.0, 2.155],
[1663684200.0, 2.251666666666667],
[1663770600.0, 2.1866666666666665],
[1663857000.0, 1.9933333333333332],
[1663943400.0, 1.9383333333333337],
[1664029800.0, 2.1083333333333334],
[1664116200.0, 2.0283333333333333],
[1664202600.0, 2.02],
[1664289000.0, 2.0850000000000004],
[1664375400.0, 2.0933333333333333],
[1664461800.0, 2.1],
[1664548200.0, 2.025],
[1664634600.0, 1.9916666666666665],
[1664717400.0, 2.006666666666667],
[1664803800.0, 2.0783333333333336],
[1664890200.0, 2.0783333333333336],
[1664976600.0, 2.1483333333333334],
[1665063000.0, 2.0966666666666667],
[1665149400.0, 2.1183333333333336],
[1665235800.0, 2.0966666666666667],
[1665322200.0, 2.0300000000000002],
[1665408600.0, 2.101666666666667],
[1665495000.0, 2.2150000000000003],
[1665581400.0, 2.163333333333333],
[1665667800.0, 2.111666666666667],
[1665754200.0, 2],
[1665840600.0, 1.9783333333333335],
[1665927000.0, 1.9400000000000002],
[1666013400.0, 1.9333333333333333],
[1666099800.0, 1.9833333333333336],
[1666186200.0, 2.04],
[1666272600.0, 2.0183333333333335],
[1666359000.0, 1.991666666666667],
[1666445400.0, 1.8516666666666666],
[1666531800.0, 1.8950000000000002],
[1666618200.0, 1.9483333333333335],
[1666704600.0, 1.8866666666666667],
[1666791000.0, 1.8783333333333339],
[1666877400.0, 1.8533333333333333],
[1666963800.0, 1.7966666666666666],
[1667050200.0, 1.8383333333333336],
[1667136600.0, 1.8516666666666666],
[1667223000.0, 1.7716666666666667],
[1667309400.0, 1.8683333333333338],
[1667395800.0, 1.9183333333333337],
[1667482200.0, 1.9633333333333336],
[1667568600.0, 1.926666666666667],
[1667655000.0, 2.0100000000000002],
[1667741400.0, 2.033333333333333],
[1667827800.0, 1.9683333333333335],
[1667914200.0, 2.0333333333333337],
[1668000600.0, 1.985],
[1668087000.0, 2.0750000000000006],
[1668173400.0, 2.11],
[1668259800.0, 2.1166666666666667],
[1668346200.0, 2.1783333333333332],
[1668432600.0, 2.0900000000000003],
[1668519000.0, 2.025],
[1668605400.0, 2.2016666666666667],
[1668691800.0, 2.1333333333333333],
[1668778200.0, 2.2533333333333334],
[1668864600.0, 2.32],
[1668951000.0, 2.3033333333333332],
[1669037400.0, 2.23],
[1669123800.0, 2.0633333333333335],
[1669210200.0, 2.138333333333333],
[1669296600.0, 2.2166666666666672],
[1669383000.0, 2.236666666666667],
[1669469400.0, 2.236666666666667],
[1669555800.0, 2.2683333333333335],
[1669642200.0, 2.065],
[1669728600.0, 2.3016666666666663],
[1669815000.0, 2.158333333333333],
[1669901400.0, 2.3416666666666663],
[1669987800.0, 2.38],
[1670074200.0, 2.1866666666666665],
[1670160600.0, 2.1366666666666667],
[1670247000.0, 2.2933333333333334],
[1670333400.0, 2.251666666666667],
[1670419800.0, 2.3133333333333335],
[1670506200.0, 2.3000000000000003],
[1670592600.0, 2.2100000000000004],
[1670679000.0, 2.39],
[1670765400.0, 2.2733333333333334],
[1670851800.0, 2.2333333333333334],
[1670938200.0, 2.37],
[1671024600.0, 2.23],
[1671111000.0, 2.236666666666667],
[1671197400.0, 2.1533333333333333],
[1671283800.0, 2.2950000000000004],
[1671370200.0, 2.1050000000000004],
[1671456600.0, 2.193333333333333],
[1671543000.0, 2.2466666666666666],
[1671629400.0, 2.2616666666666663],
[1671715800.0, 2.158333333333333],
[1671802200.0, 2.0833333333333335],
[1671888600.0, 2.1750000000000003],
[1671975000.0, 2.186666666666667],
[1672061400.0, 2.0749999999999997],
[1672147800.0, 2.066666666666667],
[1672234200.0, 2.1216666666666666],
[1672320600.0, 2.1666666666666665],
[1672407000.0, 2.138333333333333],
[1672493400.0, 2.125],
[1672579800.0, 2.2916666666666665],
[1672666200.0, 2.1350000000000002],
[1672752600.0, 2.068333333333333],
[1672839000.0, 1.9683333333333337],
[1672925400.0, 2.06],
[1673011800.0, 2.1216666666666666],
[1673098200.0, 1.9833333333333332],
[1673184600.0, 2.0300000000000002],
[1673271000.0, 2.056666666666667],
[1673357400.0, 2.0683333333333334],
[1673443800.0, 2.151666666666667],
[1673530200.0, 2.1200000000000006],
[1673616600.0, 2.18],
[1673703000.0, 2.1233333333333335],
[1673789400.0, 2.2100000000000004],
[1673875800.0, 2.2333333333333334],
[1673962200.0, 2.253333333333333],
[1674048600.0, 2.2383333333333333],
[1674135000.0, 2.236666666666667],
[1674221400.0, 2.3383333333333334],
[1674307800.0, 2.4066666666666667],
[1674394200.0, 2.433333333333333],
[1674480600.0, 2.206666666666667],
[1674567000.0, 2.346666666666667],
[1674653400.0, 2.35],
[1674739800.0, 2.361666666666667],
[1674826200.0, 2.3783333333333334],
[1674912600.0, 2.4050000000000002],
[1674999000.0, 2.3216666666666668],
[1675085400.0, 2.436666666666667],
[1675171800.0, 2.435],
[1675258200.0, 2.4150000000000005],
[1675344600.0, 2.4666666666666663],
[1675431000.0, 2.4483333333333337],
[1675517400.0, 2.3966666666666665],
[1675603800.0, 2.5100000000000002],
[1675690200.0, 2.36],
[1675776600.0, 2.3483333333333336],
[1675863000.0, 2.3483333333333336],
[1675949400.0, 2.3483333333333336],
