[1635773400.0, 0.39571428571428574],
[1635859800.0, 0.4342857142857143],
[1635946200.0, 0.4385714285714286],
[1636032600.0, 0.42714285714285716],
[1636119000.0, 0.4342857142857143],
[1636205400.0, 0.4271428571428571],
[1636291800.0, 0.42714285714285716],
[1636378200.0, 0.42428571428571427],
[1636464600.0, 0.43857142857142856],
[1636551000.0, 0.4071428571428572],
[1636637400.0, 0.4071428571428572],
[1636723800.0, 0.4114285714285714],
[1636810200.0, 0.41000000000000003],
[1636896600.0, 0.4242857142857143],
[1636983000.0, 0.43],
[1637069400.0, 0.4628571428571429],
[1637155800.0, 0.4471428571428571],
[1637242200.0, 0.43],
[1637328600.0, 0.41571428571428576],
[1637415000.0, 0.4057142857142857],
[1637501400.0, 0.3985714285714286],
[1637587800.0, 0.39],
[1637674200.0, 0.38571428571428573],
[1637760600.0, 0.3671428571428571],
[1637847000.0, 0.37],
[1637933400.0, 0.3657142857142857],
[1638019800.0, 0.35428571428571426],
[1638106200.0, 0.3585714285714286],
[1638192600.0, 0.37857142857142856],
[1638279000.0, 0.35142857142857153],
[1638365400.0, 0.35285714285714287],
[1638451800.0, 0.3428571428571429],
[1638538200.0, 0.3442857142857143],
[1638624600.0, 0.3385714285714286],
[1638711000.0, 0.3642857142857143],
[1638797400.0, 0.35285714285714287],
[1638883800.0, 0.34142857142857147],
[1638970200.0, 0.33428571428571424],
[1639056600.0, 0.33142857142857146],
[1639143000.0, 0.3285714285714286],
[1639229400.0, 0.3285714285714286],
[1639315800.0, 0.34142857142857147],
[1639402200.0, 0.33428571428571435],
[1639488600.0, 0.34571428571428575],
[1639575000.0, 0.32428571428571434],
[1639661400.0, 0.3228571428571429],
[1639747800.0, 0.3285714285714286],
[1639834200.0, 0.3428571428571429],
[1639920600.0, 0.33285714285714285],
[1640007000.0, 0.3457142857142857],
[1640093400.0, 0.3385714285714286],
[1640179800.0, 0.33142857142857146],
[1640266200.0, 0.33],
[1640352600.0, 0.3457142857142857],
[1640439000.0, 0.35428571428571426],
[1640525400.0, 0.3785714285714286],
[1640611800.0, 0.3757142857142857],
[1640698200.0, 0.3728571428571429],
[1640784600.0, 0.3785714285714285],
[1640871000.0, 0.35714285714285715],
[1640957400.0, 0.3685714285714286],
[1641043800.0, 0.36428571428571427],
[1641130200.0, 0.3628571428571429],
[1641216600.0, 0.3742857142857142],
[1641303000.0, 0.38999999999999996],
[1641389400.0, 0.4014285714285714],
[1641475800.0, 0.4028571428571429],
[1641562200.0, 0.39571428571428574],
[1641648600.0, 0.39142857142857146],
[1641735000.0, 0.42714285714285716],
[1641821400.0, 0.41571428571428565],
[1641907800.0, 0.41000000000000003],
[1641994200.0, 0.3985714285714286],
[1642080600.0, 0.40714285714285714],
[1642167000.0, 0.39],
[1642253400.0, 0.3871428571428571],
[1642339800.0, 0.38285714285714284],
[1642426200.0, 0.3814285714285714],
[1642512600.0, 0.3914285714285714],
[1642599000.0, 0.3871428571428572],
[1642685400.0, 0.38285714285714284],
[1642771800.0, 0.35285714285714287],
[1642858200.0, 0.3528571428571428],
[1642944600.0, 0.33285714285714285],
[1643031000.0, 0.34571428571428575],
[1643117400.0, 0.33000000000000007],
[1643203800.0, 0.32999999999999996],
[1643290200.0, 0.34142857142857147],
[1643376600.0, 0.2985714285714286],
[1643463000.0, 0.2885714285714286],
[1643549400.0, 0.2857142857142857],
[1643635800.0, 0.2857142857142857],
[1643722200.0, 0.2857142857142857],
[1643808600.0, 0.31428571428571433],
[1643895000.0, 0.31285714285714283],
[1643981400.0, 0.3],
[1644067800.0, 0.3071428571428572],
[1644154200.0, 0.3],
[1644240600.0, 0.3085714285714286],
[1644327000.0, 0.31000000000000005],
[1644413400.0, 0.31714285714285717],
[1644499800.0, 0.31714285714285717],
[1644586200.0, 0.31000000000000005],
[1644672600.0, 0.31428571428571433],
[1644759000.0, 0.31142857142857144],
[1644845400.0, 0.31142857142857144],
[1644931800.0, 0.32142857142857145],
[1645018200.0, 0.32],
[1645104600.0, 0.33142857142857146],
[1645191000.0, 0.32571428571428573],
[1645277400.0, 0.3285714285714286],
[1645363800.0, 0.32142857142857145],
[1645450200.0, 0.29000000000000004],
[1645536600.0, 0.31857142857142856],
[1645623000.0, 0.32],
[1645709400.0, 0.3242857142857143],
[1645795800.0, 0.3242857142857143],
[1645882200.0, 0.31714285714285717],
[1645968600.0, 0.32142857142857145],
[1646055000.0, 0.31857142857142856],
[1646141400.0, 0.3257142857142857],
[1646227800.0, 0.3385714285714286],
[1646314200.0, 0.3285714285714286],
[1646400600.0, 0.34142857142857147],
[1646487000.0, 0.35428571428571426],
[1646573400.0, 0.35428571428571426],
[1646659800.0, 0.3371428571428572],
[1646746200.0, 0.34714285714285725],
[1646832600.0, 0.34857142857142864],
[1646919000.0, 0.3514285714285715],
[1647005400.0, 0.36285714285714293],
[1647091800.0, 0.35714285714285715],
[1647178200.0, 0.35000000000000003],
[1647264600.0, 0.35428571428571437],
[1647351000.0, 0.3642857142857143],
[1647437400.0, 0.36285714285714293],
[1647523800.0, 0.35714285714285715],
[1647610200.0, 0.36],
[1647696600.0, 0.3614285714285715],
[1647783000.0, 0.36],
[1647869400.0, 0.35571428571428576],
[1647955800.0, 0.36000000000000004],
[1648042200.0, 0.3371428571428572],
[1648128600.0, 0.3471428571428571],
[1648215000.0, 0.3514285714285714],
[1648301400.0, 0.35714285714285715],
[1648387800.0, 0.37142857142857144],
[1648474200.0, 0.36714285714285716],
[1648560600.0, 0.36571428571428577],
[1648647000.0, 0.37],
[1648733400.0, 0.37000000000000005],
[1648819800.0, 0.3914285714285714],
[1648906200.0, 0.39571428571428563],
[1648996200.0, 0.39142857142857146],
[1649082600.0, 0.3871428571428571],
[1649169000.0, 0.38999999999999996],
[1649255400.0, 0.39],
[1649341800.0, 0.39000000000000007],
[1649428200.0, 0.3871428571428571],
[1649514600.0, 0.38999999999999996],
[1649601000.0, 0.39142857142857146],
[1649687400.0, 0.37571428571428583],
[1649773800.0, 0.38],
[1649860200.0, 0.38428571428571423],
[1649946600.0, 0.37285714285714283],
[1650033000.0, 0.3742857142857143],
[1650119400.0, 0.3814285714285714],
[1650205800.0, 0.3628571428571429],
[1650292200.0, 0.36000000000000004],
[1650378600.0, 0.37],
[1650465000.0, 0.36],
[1650551400.0, 0.36],
[1650637800.0, 0.36],
[1650724200.0, 0.3614285714285715],
[1650810600.0, 0.35571428571428576],
[1650897000.0, 0.35571428571428576],
[1650983400.0, 0.34],
[1651069800.0, 0.35000000000000003],
[1651156200.0, 0.33571428571428574],
[1651242600.0, 0.34714285714285714],
[1651329000.0, 0.3442857142857143],
[1651415400.0, 0.3371428571428572],
[1651501800.0, 0.3271428571428571],
[1651588200.0, 0.3371428571428572],
[1651674600.0, 0.31714285714285717],
[1651761000.0, 0.3085714285714286],
[1651847400.0, 0.31714285714285717],
[1651933800.0, 0.3071428571428572],
[1652020200.0, 0.3214285714285715],
[1652106600.0, 0.31000000000000005],
[1652193000.0, 0.3157142857142858],
[1652279400.0, 0.31857142857142856],
[1652365800.0, 0.31857142857142856],
[1652452200.0, 0.3128571428571429],
[1652538600.0, 0.31428571428571433],
[1652625000.0, 0.31428571428571433],
[1652711400.0, 0.31857142857142856],
[1652797800.0, 0.31999999999999995],
[1652884200.0, 0.31857142857142856],
[1652970600.0, 0.33],
[1653057000.0, 0.3442857142857143],
[1653143400.0, 0.35428571428571437],
[1653229800.0, 0.3528571428571429],
[1653316200.0, 0.35714285714285715],
[1653402600.0, 0.35000000000000003],
[1653489000.0, 0.36714285714285716],
[1653575400.0, 0.37285714285714283],
[1653661800.0, 0.36],
[1653748200.0, 0.3528571428571429],
[1653834600.0, 0.36714285714285716],
[1653921000.0, 0.3757142857142857],
[1654007400.0, 0.3742857142857143],
[1654093800.0, 0.3814285714285714],
[1654180200.0, 0.38571428571428573],
[1654266600.0, 0.3842857142857143],
[1654353000.0, 0.39285714285714285],
[1654439400.0, 0.39000000000000007],
[1654525800.0, 0.40857142857142864],
[1654612200.0, 0.40571428571428575],
[1654698600.0, 0.4185714285714286],
[1654785000.0, 0.40857142857142864],
[1654871400.0, 0.41714285714285715],
[1654957800.0, 0.42],
[1655044200.0, 0.40285714285714275],
[1655130600.0, 0.40285714285714286],
[1655217000.0, 0.3985714285714286],
[1655303400.0, 0.39142857142857146],
[1655389800.0, 0.39],
[1655476200.0, 0.3814285714285714],
[1655562600.0, 0.39],
[1655649000.0, 0.4028571428571429],
[1655735400.0, 0.3971428571428572],
[1655821800.0, 0.4257142857142857],
[1655908200.0, 0.3885714285714287],
[1655994600.0, 0.3914285714285714],
[1656081000.0, 0.39142857142857146],
[1656167400.0, 0.40571428571428564],
[1656253800.0, 0.3971428571428572],
[1656340200.0, 0.4114285714285714],
[1656426600.0, 0.39428571428571424],
[1656513000.0, 0.3985714285714286],
[1656599400.0, 0.39999999999999997],
[1656685800.0, 0.40714285714285714],
[1656772200.0, 0.4057142857142857],
[1656858600.0, 0.38571428571428573],
[1656945000.0, 0.3714285714285715],
[1657031400.0, 0.3714285714285714],
[1657117800.0, 0.36],
[1657204200.0, 0.37714285714285717],
[1657290600.0, 0.3628571428571429],
[1657377000.0, 0.3671428571428571],
[1657463400.0, 0.3742857142857143],
[1657549800.0, 0.3671428571428571],
[1657636200.0, 0.3671428571428571],
[1657722600.0, 0.39142857142857146],
[1657809000.0, 0.4028571428571429],
[1657895400.0, 0.39999999999999997],
[1657981800.0, 0.39999999999999997],
[1658068200.0, 0.40857142857142864],
[1658154600.0, 0.40714285714285714],
[1658241000.0, 0.39571428571428574],
[1658327400.0, 0.4057142857142857],
[1658413800.0, 0.4014285714285715],
[1658500200.0, 0.4028571428571429],
[1658586600.0, 0.4042857142857143],
[1658673000.0, 0.3885714285714285],
[1658759400.0, 0.39999999999999997],
[1658845800.0, 0.37],
[1658932200.0, 0.3814285714285714],
[1659018600.0, 0.37714285714285717],
[1659105000.0, 0.37857142857142856],
[1659191400.0, 0.3785714285714286],
[1659277800.0, 0.36714285714285716],
[1659364200.0, 0.3671428571428571],
[1659450600.0, 0.3657142857142857],
[1659537000.0, 0.3742857142857143],
[1659623400.0, 0.35571428571428576],
[1659709800.0, 0.37714285714285717],
[1659796200.0, 0.38285714285714284],
[1659882600.0, 0.38571428571428573],
[1659969000.0, 0.37714285714285717],
[1660055400.0, 0.33714285714285713],
[1660141800.0, 0.3685714285714286],
[1660228200.0, 0.31000000000000005],
[1660314600.0, 0.31714285714285717],
[1660401000.0, 0.31714285714285717],
[1660487400.0, 0.31714285714285717],
[1660573800.0, 0.31714285714285717],
[1660660200.0, 0.31000000000000005],
[1660746600.0, 0.29714285714285715],
[1660833000.0, 0.3],
[1660919400.0, 0.3042857142857143],
[1661005800.0, 0.3057142857142857],
[1661092200.0, 0.3071428571428572],
[1661178600.0, 0.31000000000000005],
[1661265000.0, 0.29571428571428576],
[1661351400.0, 0.3085714285714286],
[1661437800.0, 0.32857142857142857],
[1661524200.0, 0.3042857142857143],
[1661610600.0, 0.31428571428571433],
[1661697000.0, 0.31000000000000005],
[1661783400.0, 0.3],
[1661869800.0, 0.3085714285714286],
[1661956200.0, 0.31000000000000005],
[1662042600.0, 0.31428571428571433],
[1662129000.0, 0.31714285714285717],
[1662215400.0, 0.31714285714285717],
[1662301800.0, 0.3071428571428572],
[1662388200.0, 0.31142857142857144],
[1662474600.0, 0.31285714285714283],
[1662561000.0, 0.32142857142857145],
[1662647400.0, 0.3171428571428571],
[1662733800.0, 0.31142857142857144],
[1662820200.0, 0.3157142857142857],
[1662906600.0, 0.3200000000000001],
[1662993000.0, 0.32571428571428573],
[1663079400.0, 0.33428571428571435],
[1663165800.0, 0.3157142857142858],
[1663252200.0, 0.34857142857142864],
[1663338600.0, 0.33571428571428574],
[1663425000.0, 0.3385714285714286],
[1663511400.0, 0.35000000000000003],
[1663597800.0, 0.35000000000000003],
[1663684200.0, 0.3528571428571428],
[1663770600.0, 0.33428571428571435],
[1663857000.0, 0.34714285714285714],
[1663943400.0, 0.3428571428571429],
[1664029800.0, 0.3371428571428572],
[1664116200.0, 0.35285714285714287],
[1664202600.0, 0.3514285714285715],
[1664289000.0, 0.34857142857142864],
[1664375400.0, 0.35428571428571437],
[1664461800.0, 0.34571428571428575],
[1664548200.0, 0.3514285714285714],
[1664634600.0, 0.32571428571428573],
[1664717400.0, 0.3200000000000001],
[1664803800.0, 0.33571428571428574],
[1664890200.0, 0.34],
[1664976600.0, 0.33714285714285713],
[1665063000.0, 0.3428571428571429],
[1665149400.0, 0.3385714285714286],
[1665235800.0, 0.3371428571428572],
[1665322200.0, 0.3442857142857143],
[1665408600.0, 0.3457142857142857],
[1665495000.0, 0.34571428571428575],
[1665581400.0, 0.34],
[1665667800.0, 0.3357142857142858],
[1665754200.0, 0.33428571428571435],
[1665840600.0, 0.35285714285714287],
[1665927000.0, 0.35],
[1666013400.0, 0.3614285714285715],
[1666099800.0, 0.3528571428571428],
[1666186200.0, 0.34714285714285714],
[1666272600.0, 0.3485714285714286],
[1666359000.0, 0.3685714285714286],
[1666445400.0, 0.3442857142857143],
[1666531800.0, 0.3457142857142857],
[1666618200.0, 0.33142857142857146],
[1666704600.0, 0.33285714285714285],
[1666791000.0, 0.34714285714285714],
[1666877400.0, 0.34857142857142864],
[1666963800.0, 0.35285714285714287],
[1667050200.0, 0.3500000000000001],
[1667136600.0, 0.35285714285714287],
[1667223000.0, 0.35285714285714287],
[1667309400.0, 0.3628571428571429],
[1667395800.0, 0.38],
[1667482200.0, 0.35857142857142854],
[1667568600.0, 0.3585714285714286],
[1667655000.0, 0.3671428571428571],
[1667741400.0, 0.3528571428571428],
[1667827800.0, 0.3671428571428571],
[1667914200.0, 0.3685714285714285],
[1668000600.0, 0.38],
[1668087000.0, 0.3885714285714285],
[1668173400.0, 0.39428571428571424],
[1668259800.0, 0.4142857142857143],
[1668346200.0, 0.3985714285714286],
[1668432600.0, 0.39285714285714285],
[1668519000.0, 0.40857142857142853],
[1668605400.0, 0.3971428571428572],
[1668691800.0, 0.4128571428571428],
[1668778200.0, 0.40142857142857136],
[1668864600.0, 0.39999999999999997],
[1668951000.0, 0.40857142857142864],
[1669037400.0, 0.39714285714285713],
[1669123800.0, 0.4057142857142857],
[1669210200.0, 0.3942857142857144],
[1669296600.0, 0.37857142857142856],
[1669383000.0, 0.3728571428571429],
[1669469400.0, 0.37000000000000005],
[1669555800.0, 0.3685714285714286],
[1669642200.0, 0.3657142857142857],
[1669728600.0, 0.3742857142857143],
[1669815000.0, 0.3614285714285714],
[1669901400.0, 0.3757142857142857],
[1669987800.0, 0.39571428571428563],
[1670074200.0, 0.3757142857142858],
[1670160600.0, 0.38999999999999996],
[1670247000.0, 0.4028571428571429],
[1670333400.0, 0.4128571428571428],
[1670419800.0, 0.42],
[1670506200.0, 0.4128571428571428],
[1670592600.0, 0.37714285714285717],
[1670679000.0, 0.3642857142857143],
[1670765400.0, 0.3871428571428571],
[1670851800.0, 0.40857142857142864],
[1670938200.0, 0.39714285714285713],
[1671024600.0, 0.3985714285714286],
[1671111000.0, 0.41428571428571426],
[1671197400.0, 0.3971428571428572],
[1671283800.0, 0.4],
[1671370200.0, 0.36857142857142866],
[1671456600.0, 0.4042857142857143],
[1671543000.0, 0.37142857142857144],
[1671629400.0, 0.39428571428571424],
[1671715800.0, 0.35857142857142854],
[1671802200.0, 0.37142857142857144],
[1671888600.0, 0.3557142857142857],
[1671975000.0, 0.38142857142857134],
[1672061400.0, 0.37857142857142856],
[1672147800.0, 0.37857142857142856],
[1672234200.0, 0.37714285714285717],
[1672320600.0, 0.4042857142857143],
[1672407000.0, 0.39000000000000007],
[1672493400.0, 0.38],
[1672579800.0, 0.37000000000000005],
[1672666200.0, 0.3714285714285714],
[1672752600.0, 0.3757142857142857],
[1672839000.0, 0.3842857142857143],
[1672925400.0, 0.3628571428571429],
[1673011800.0, 0.3771428571428571],
[1673098200.0, 0.39142857142857146],
[1673184600.0, 0.4042857142857143],
[1673271000.0, 0.40857142857142853],
[1673357400.0, 0.44],
[1673443800.0, 0.40571428571428564],
[1673530200.0, 0.4114285714285714],
[1673616600.0, 0.42285714285714276],
[1673703000.0, 0.41000000000000003],
[1673789400.0, 0.42857142857142855],
[1673875800.0, 0.4228571428571429],
[1673962200.0, 0.4428571428571429],
[1674048600.0, 0.43142857142857144],
[1674135000.0, 0.41571428571428576],
[1674221400.0, 0.42428571428571427],
[1674307800.0, 0.4428571428571429],
[1674394200.0, 0.41714285714285715],
[1674480600.0, 0.42],
[1674567000.0, 0.43000000000000005],
[1674653400.0, 0.4114285714285714],
[1674739800.0, 0.42571428571428566],
[1674826200.0, 0.4028571428571429],
[1674912600.0, 0.4142857142857143],
[1674999000.0, 0.4057142857142857],
[1675085400.0, 0.40857142857142853],
[1675171800.0, 0.41714285714285715],
[1675258200.0, 0.40714285714285714],
[1675344600.0, 0.4114285714285714],
[1675431000.0, 0.39999999999999997],
[1675517400.0, 0.40142857142857136],
[1675603800.0, 0.39571428571428563],
[1675690200.0, 0.38571428571428573],
[1675776600.0, 0.3857142857142857],
[1675863000.0, 0.3857142857142857],
[1675949400.0, 0.3857142857142857],
