[1635773400.0, 7.7561965],
[1635859800.0, 9.5901745],
[1635946200.0, 9.5201475],
[1636032600.0, 9.634514500000002],
[1636119000.0, 9.635848500000002],
[1636205400.0, 9.7553075],
[1636291800.0, 9.69236],
[1636378200.0, 9.919161500000001],
[1636464600.0, 9.853955],
[1636551000.0, 9.809966],
[1636637400.0, 9.8215475],
[1636723800.0, 9.661888],
[1636810200.0, 9.7738965],
[1636896600.0, 9.757027500000001],
[1636983000.0, 9.699986],
[1637069400.0, 9.6087525],
[1637155800.0, 9.5519815],
[1637242200.0, 9.537782],
[1637328600.0, 9.61835],
[1637415000.0, 9.742285500000001],
[1637501400.0, 9.7431395],
[1637587800.0, 9.7645415],
[1637674200.0, 9.7930755],
[1637760600.0, 9.785365500000001],
[1637847000.0, 7.8651095],
[1637933400.0, 7.954367000000001],
[1638019800.0, 7.973332500000001],
[1638106200.0, 7.9534044999999995],
[1638192600.0, 7.9795465],
[1638279000.0, 8.142762499999998],
[1638365400.0, 8.181085999999999],
[1638451800.0, 8.2853555],
[1638538200.0, 8.523956000000002],
[1638624600.0, 8.4316995],
[1638711000.0, 8.4067785],
[1638797400.0, 8.457211500000001],
[1638883800.0, 8.47705],
[1638970200.0, 8.452953999999998],
[1639056600.0, 8.515415],
[1639143000.0, 8.7539695],
[1639229400.0, 8.697151],
[1639315800.0, 8.626014000000001],
[1639402200.0, 8.393505500000002],
[1639488600.0, 8.481683],
[1639575000.0, 8.493157],
[1639661400.0, 8.550687],
[1639747800.0, 8.44539],
[1639834200.0, 8.425028],
[1639920600.0, 8.41169],
[1640007000.0, 8.479708500000001],
[1640093400.0, 8.4379305],
[1640179800.0, 8.498668],
[1640266200.0, 8.478183000000001],
[1640352600.0, 8.5073495],
[1640439000.0, 8.433259],
[1640525400.0, 8.3656465],
[1640611800.0, 8.1788585],
[1640698200.0, 8.166296500000001],
[1640784600.0, 8.2576805],
[1640871000.0, 8.3384395],
[1640957400.0, 8.348266500000001],
[1641043800.0, 8.3872275],
[1641130200.0, 8.3802225],
[1641216600.0, 8.376996],
[1641303000.0, 8.5196305],
[1641389400.0, 8.49149],
[1641475800.0, 8.507827],
[1641562200.0, 8.649127],
[1641648600.0, 8.552933],
[1641735000.0, 8.484408000000002],
[1641821400.0, 8.4449255],
[1641907800.0, 8.525992],
[1641994200.0, 8.436237],
[1642080600.0, 8.369212000000001],
[1642167000.0, 8.496356],
[1642253400.0, 8.5510285],
[1642339800.0, 8.6284825],
[1642426200.0, 8.5478425],
[1642512600.0, 8.504175],
[1642599000.0, 8.5120945],
[1642685400.0, 8.724717000000002],
[1642771800.0, 8.721144],
[1642858200.0, 8.6896985],
[1642944600.0, 8.674588],
[1643031000.0, 8.782935],
[1643117400.0, 8.755018],
[1643203800.0, 8.8311805],
[1643290200.0, 9.0418185],
[1643376600.0, 9.1517155],
[1643463000.0, 9.109051000000001],
[1643549400.0, 9.087671],
[1643635800.0, 9.087671],
[1643722200.0, 9.087671],
[1643808600.0, 9.2268875],
[1643895000.0, 9.3513685],
[1643981400.0, 9.495528],
[1644067800.0, 9.451707],
[1644154200.0, 9.308144],
[1644240600.0, 9.3241395],
[1644327000.0, 9.2347935],
[1644413400.0, 9.197766999999999],
[1644499800.0, 9.082908999999999],
[1644586200.0, 9.265311999999998],
[1644672600.0, 9.34281],
[1644759000.0, 9.389387],
[1644845400.0, 9.432879],
[1644931800.0, 9.495063],
[1645018200.0, 9.4081795],
[1645104600.0, 10.38379],
[1645191000.0, 10.4621305],
[1645277400.0, 10.467102500000001],
[1645363800.0, 10.475134999999998],
[1645450200.0, 10.4042625],
[1645536600.0, 10.578222500000003],
[1645623000.0, 10.6573925],
[1645709400.0, 10.7610375],
[1645795800.0, 10.876907],
[1645882200.0, 11.1256455],
[1645968600.0, 10.566151],
[1646055000.0, 10.643401],
[1646141400.0, 10.750766],
[1646227800.0, 10.650613500000002],
[1646314200.0, 10.555966],
[1646400600.0, 10.547474000000001],
[1646487000.0, 10.713429000000001],
[1646573400.0, 10.8002615],
[1646659800.0, 10.805707],
[1646746200.0, 10.724626],
[1646832600.0, 10.558586499999999],
[1646919000.0, 10.640959],
[1647005400.0, 10.593088500000002],
[1647091800.0, 10.393896],
[1647178200.0, 10.371019],
[1647264600.0, 10.3601425],
[1647351000.0, 10.443388000000002],
[1647437400.0, 10.8781215],
[1647523800.0, 10.853051],
[1647610200.0, 10.967094000000001],
[1647696600.0, 10.939833499999999],
[1647783000.0, 10.897961500000001],
[1647869400.0, 10.991405499999999],
[1647955800.0, 10.996565499999999],
[1648042200.0, 11.000971499999999],
[1648128600.0, 11.1221925],
[1648215000.0, 11.037543499999998],
[1648301400.0, 11.066062500000001],
[1648387800.0, 10.961609500000002],
[1648474200.0, 11.019730500000001],
[1648560600.0, 10.885817000000001],
[1648647000.0, 10.8050165],
[1648733400.0, 10.816103],
[1648819800.0, 10.922639],
[1648906200.0, 10.909280500000001],
[1648996200.0, 10.915087500000002],
[1649082600.0, 10.723889999999999],
[1649169000.0, 10.8447315],
[1649255400.0, 10.849873500000001],
[1649341800.0, 11.169382499999998],
[1649428200.0, 11.130229],
[1649514600.0, 11.060629500000001],
[1649601000.0, 11.060629500000001],
[1649687400.0, 11.060629500000001],
[1649773800.0, 11.060629500000001],
[1649860200.0, 11.060600500000001],
[1649946600.0, 11.592981],
[1650033000.0, 11.6887615],
[1650119400.0, 11.7510715],
[1650205800.0, 11.687773],
[1650292200.0, 11.702463499999999],
[1650378600.0, 11.746774499999997],
[1650465000.0, 11.519388500000002],
[1650551400.0, 11.519388500000002],
[1650637800.0, 11.519388500000002],
[1650724200.0, 11.459473500000001],
[1650810600.0, 11.414533500000001],
[1650897000.0, 11.12214],
[1650983400.0, 11.522779],
[1651069800.0, 11.0920485],
[1651156200.0, 10.82219],
[1651242600.0, 10.7040545],
[1651329000.0, 10.9898015],
[1651415400.0, 10.946800500000002],
[1651501800.0, 10.947901499999999],
[1651588200.0, 11.1635955],
[1651674600.0, 11.267004],
[1651761000.0, 11.279891],
[1651847400.0, 11.1692145],
[1651933800.0, 11.139306],
[1652020200.0, 11.386168],
[1652106600.0, 11.0589755],
[1652193000.0, 11.066982],
[1652279400.0, 11.031761000000001],
[1652365800.0, 10.952161],
[1652452200.0, 10.703901499999999],
[1652538600.0, 10.309979],
[1652625000.0, 10.159334000000001],
[1652711400.0, 10.1466535],
[1652797800.0, 10.4331545],
[1652884200.0, 10.230811000000001],
[1652970600.0, 10.015915499999998],
[1653057000.0, 10.3631415],
[1653143400.0, 10.231443],
[1653229800.0, 10.124117000000002],
[1653316200.0, 10.104010500000001],
[1653402600.0, 10.0386705],
[1653489000.0, 10.0492235],
[1653575400.0, 9.881397],
[1653661800.0, 9.943366],
[1653748200.0, 9.942737500000002],
[1653834600.0, 10.0045815],
[1653921000.0, 10.0837335],
[1654007400.0, 10.237327],
[1654093800.0, 10.3502875],
[1654180200.0, 10.34671],
[1654266600.0, 10.554473000000002],
[1654353000.0, 10.427092000000002],
[1654439400.0, 10.428521499999999],
[1654525800.0, 10.585106],
[1654612200.0, 10.905662999999999],
[1654698600.0, 10.892435],
[1654785000.0, 10.695808000000001],
[1654871400.0, 10.3808995],
[1654957800.0, 10.4220285],
[1655044200.0, 10.267151000000002],
[1655130600.0, 10.3855415],
[1655217000.0, 10.3186285],
[1655303400.0, 10.3296915],
[1655389800.0, 10.443209999999999],
[1655476200.0, 10.636795000000001],
[1655562600.0, 10.746338999999999],
[1655649000.0, 10.619951000000002],
[1655735400.0, 10.651628],
[1655821800.0, 10.626403],
[1655908200.0, 10.616589499999998],
[1655994600.0, 10.701235],
[1656081000.0, 10.690476],
[1656167400.0, 10.609904499999999],
[1656253800.0, 10.759975499999998],
[1656340200.0, 11.113861000000002],
[1656426600.0, 11.3222995],
[1656513000.0, 11.191411500000001],
[1656599400.0, 11.236541500000001],
[1656685800.0, 11.178946500000002],
[1656772200.0, 10.8465245],
[1656858600.0, 10.821137],
[1656945000.0, 10.781177],
[1657031400.0, 11.073947500000001],
[1657117800.0, 10.910798500000002],
[1657204200.0, 10.850762000000001],
[1657290600.0, 10.495579000000001],
[1657377000.0, 10.4921055],
[1657463400.0, 10.4869],
[1657549800.0, 10.412976000000002],
[1657636200.0, 10.366224500000001],
[1657722600.0, 10.776503],
[1657809000.0, 10.246664],
[1657895400.0, 10.265873999999998],
[1657981800.0, 10.1925155],
[1658068200.0, 10.214586],
[1658154600.0, 10.100617],
[1658241000.0, 10.078111],
[1658327400.0, 10.1081765],
[1658413800.0, 10.098879000000002],
[1658500200.0, 9.966141499999999],
[1658586600.0, 9.9045065],
[1658673000.0, 9.826635],
[1658759400.0, 9.795645999999998],
[1658845800.0, 9.745684000000002],
[1658932200.0, 9.7429435],
[1659018600.0, 9.910170500000001],
[1659105000.0, 9.8575225],
[1659191400.0, 10.0366085],
[1659277800.0, 9.895551999999999],
[1659364200.0, 9.839004999999998],
[1659450600.0, 10.023612499999999],
[1659537000.0, 9.9454885],
[1659623400.0, 9.892557000000002],
[1659709800.0, 9.8694625],
[1659796200.0, 9.8226465],
[1659882600.0, 9.7982495],
[1659969000.0, 9.800941000000002],
[1660055400.0, 9.768245000000002],
[1660141800.0, 10.053071000000001],
[1660228200.0, 10.098012],
[1660314600.0, 9.866605999999999],
[1660401000.0, 9.866605999999999],
[1660487400.0, 9.866605999999999],
[1660573800.0, 9.866605999999999],
[1660660200.0, 10.234369999999998],
[1660746600.0, 10.4442515],
[1660833000.0, 10.482943],
[1660919400.0, 10.401398],
[1661005800.0, 10.331409999999998],
[1661092200.0, 10.2045135],
[1661178600.0, 10.348340499999999],
[1661265000.0, 10.5452165],
[1661351400.0, 10.5244205],
[1661437800.0, 10.5424605],
[1661524200.0, 10.6631255],
[1661610600.0, 10.5751195],
[1661697000.0, 10.7115845],
[1661783400.0, 10.581463500000002],
[1661869800.0, 10.658902999999999],
[1661956200.0, 10.7362595],
[1662042600.0, 10.744860000000001],
[1662129000.0, 10.967754500000002],
[1662215400.0, 10.8290565],
[1662301800.0, 10.790041],
[1662388200.0, 10.781269],
[1662474600.0, 10.769788499999999],
[1662561000.0, 10.768251],
[1662647400.0, 10.8985375],
[1662733800.0, 10.897234],
[1662820200.0, 10.8946405],
[1662906600.0, 10.752083500000001],
[1662993000.0, 10.795530999999999],
[1663079400.0, 10.788749000000001],
[1663165800.0, 10.7441825],
[1663252200.0, 10.625290500000002],
[1663338600.0, 10.6564045],
[1663425000.0, 10.6919395],
[1663511400.0, 10.6929805],
[1663597800.0, 10.792949],
[1663684200.0, 11.0944825],
[1663770600.0, 11.356724999999999],
[1663857000.0, 11.19269],
[1663943400.0, 11.0899245],
[1664029800.0, 11.0843225],
[1664116200.0, 11.0151715],
[1664202600.0, 10.979101],
[1664289000.0, 10.667175499999999],
[1664375400.0, 10.897645999999998],
[1664461800.0, 10.917866],
[1664548200.0, 10.888138999999999],
[1664634600.0, 11.109784],
[1664717400.0, 11.25365],
[1664803800.0, 11.2817555],
[1664890200.0, 11.2448055],
[1664976600.0, 11.232858],
[1665063000.0, 11.233476],
[1665149400.0, 11.1267725],
[1665235800.0, 11.12695],
[1665322200.0, 10.9008625],
[1665408600.0, 10.783691000000001],
[1665495000.0, 10.942578500000002],
[1665581400.0, 10.854069],
[1665667800.0, 10.742185],
[1665754200.0, 11.154297500000002],
[1665840600.0, 11.06589],
[1665927000.0, 10.913903000000001],
[1666013400.0, 10.895173],
[1666099800.0, 10.976092500000002],
[1666186200.0, 10.810703500000002],
[1666272600.0, 10.9844195],
[1666359000.0, 11.112499000000001],
[1666445400.0, 10.988286],
[1666531800.0, 11.076588000000001],
[1666618200.0, 10.9613745],
[1666704600.0, 11.001075],
[1666791000.0, 11.022817499999999],
[1666877400.0, 11.0365465],
[1666963800.0, 10.972777999999998],
[1667050200.0, 10.912657999999999],
[1667136600.0, 10.867778000000001],
[1667223000.0, 10.9329035],
[1667309400.0, 11.1856685],
[1667395800.0, 11.293121],
[1667482200.0, 11.431156000000001],
[1667568600.0, 11.455167000000001],
[1667655000.0, 11.557644],
[1667741400.0, 11.478607],
[1667827800.0, 11.439826],
[1667914200.0, 11.4711655],
[1668000600.0, 11.453853500000003],
[1668087000.0, 11.5043795],
[1668173400.0, 11.5031545],
[1668259800.0, 11.376978000000001],
[1668346200.0, 11.343224000000001],
[1668432600.0, 11.3967025],
[1668519000.0, 11.726202500000001],
[1668605400.0, 11.662990000000002],
[1668691800.0, 11.92747],
[1668778200.0, 11.782141500000002],
[1668864600.0, 11.811123],
[1668951000.0, 11.907485000000001],
[1669037400.0, 12.213819500000001],
[1669123800.0, 12.044270500000001],
[1669210200.0, 12.073162499999999],
[1669296600.0, 11.9191875],
[1669383000.0, 12.038243000000001],
[1669469400.0, 12.153396],
[1669555800.0, 12.0068555],
[1669642200.0, 12.070888],
[1669728600.0, 12.193586],
[1669815000.0, 12.271670499999999],
[1669901400.0, 12.296890500000003],
[1669987800.0, 12.2372075],
[1670074200.0, 12.3230925],
[1670160600.0, 12.4201855],
[1670247000.0, 12.5471475],
[1670333400.0, 12.497935000000002],
[1670419800.0, 12.4074875],
[1670506200.0, 12.417698000000001],
[1670592600.0, 12.566003000000002],
[1670679000.0, 12.308695499999999],
[1670765400.0, 12.3216065],
[1670851800.0, 12.2161555],
[1670938200.0, 12.151801000000003],
[1671024600.0, 11.978523],
[1671111000.0, 12.018816500000002],
[1671197400.0, 11.962995499999998],
[1671283800.0, 12.1030375],
[1671370200.0, 12.045571500000001],
[1671456600.0, 12.067995999999999],
[1671543000.0, 11.906298999999999],
[1671629400.0, 11.7981525],
[1671715800.0, 11.707301500000002],
[1671802200.0, 11.751724000000003],
[1671888600.0, 11.871638],
[1671975000.0, 11.759743000000002],
[1672061400.0, 11.6791805],
[1672147800.0, 11.6415195],
[1672234200.0, 11.748253],
[1672320600.0, 11.9192185],
[1672407000.0, 11.983619999999998],
[1672493400.0, 11.743603],
[1672579800.0, 11.7277355],
[1672666200.0, 12.266325000000002],
[1672752600.0, 12.089521],
[1672839000.0, 11.854701999999998],
[1672925400.0, 11.9143015],
[1673011800.0, 11.6188995],
[1673098200.0, 11.7155],
[1673184600.0, 11.717471999999999],
[1673271000.0, 11.510461],
[1673357400.0, 11.379815500000001],
[1673443800.0, 11.828054499999999],
[1673530200.0, 12.004506],
[1673616600.0, 11.969852000000003],
[1673703000.0, 12.031861000000001],
[1673789400.0, 12.199165],
[1673875800.0, 12.3914765],
[1673962200.0, 12.553102],
[1674048600.0, 12.7145515],
[1674135000.0, 13.0390765],
[1674221400.0, 13.483856],
[1674307800.0, 13.9048385],
[1674394200.0, 13.733281999999999],
[1674480600.0, 13.753564500000001],
[1674567000.0, 14.095495],
[1674653400.0, 13.98441],
[1674739800.0, 13.9989885],
[1674826200.0, 14.210021000000001],
[1674912600.0, 15.0651005],
[1674999000.0, 15.002311],
[1675085400.0, 14.763315500000001],
[1675171800.0, 14.880642],
[1675258200.0, 14.566615499999997],
[1675344600.0, 14.3983505],
[1675431000.0, 13.581456999999999],
[1675517400.0, 13.731418000000001],
[1675603800.0, 13.839017000000004],
[1675690200.0, 13.9124555],
[1675776600.0, 14.0289565],
[1675863000.0, 14.009176000000002],
[1675949400.0, 14.009176000000002],
