[1635773400.0, 0.09154353680687141],
[1635859800.0, 0.095797683210031],
[1635946200.0, 0.1276426],
[1636032600.0, 0.1968684],
[1636119000.0, 0.22560739999999999],
[1636205400.0, 0.2060334],
[1636291800.0, 0.2630176],
[1636378200.0, 0.2541696],
[1636464600.0, 0.16757439999999998],
[1636551000.0, 0.25271580000000005],
[1636637400.0, 0.1526506],
[1636723800.0, 0.1382412],
[1636810200.0, 0.1353198],
[1636896600.0, 0.11214300000000002],
[1636983000.0, 0.11875740000000001],
[1637069400.0, 0.12417320000000001],
[1637155800.0, 0.11952460000000001],
[1637242200.0, 0.121668],
[1637328600.0, 0.13030740000000002],
[1637415000.0, 0.12141840000000001],
[1637501400.0, 0.12402140000000002],
[1637587800.0, 0.11752640000000003],
[1637674200.0, 0.1219238],
[1637760600.0, 0.14366700000000002],
[1637847000.0, 0.137639],
[1637933400.0, 0.131777],
[1638019800.0, 0.1863824],
[1638106200.0, 0.151194],
[1638192600.0, 0.1456292],
[1638279000.0, 0.14435760000000003],
[1638365400.0, 0.12190179999999999],
[1638451800.0, 0.13348900000000002],
[1638538200.0, 0.126985],
[1638624600.0, 0.11750259999999998],
[1638711000.0, 0.11730800000000001],
[1638797400.0, 0.13750479999999998],
[1638883800.0, 0.11315280000000001],
[1638970200.0, 0.1069364],
[1639056600.0, 0.1099488],
[1639143000.0, 0.14056459999999998],
[1639229400.0, 0.11789420000000002],
[1639315800.0, 0.12749800000000003],
[1639402200.0, 0.12904860000000004],
[1639488600.0, 0.1257612],
[1639575000.0, 0.161495],
[1639661400.0, 0.13269760000000003],
[1639747800.0, 0.1307838],
[1639834200.0, 0.1345386],
[1639920600.0, 0.12796659999999999],
[1640007000.0, 0.1267818],
[1640093400.0, 0.1179656],
[1640179800.0, 0.12695820000000002],
[1640266200.0, 0.13606000000000001],
[1640352600.0, 0.1206554],
[1640439000.0, 0.12292580000000002],
[1640525400.0, 0.12866059999999999],
[1640611800.0, 0.12690700000000002],
[1640698200.0, 0.10964140000000003],
[1640784600.0, 0.11221620000000002],
[1640871000.0, 0.1078762],
[1640957400.0, 0.11227780000000001],
[1641043800.0, 0.112673],
[1641130200.0, 0.114721],
[1641216600.0, 0.1259506],
[1641303000.0, 0.1195802],
[1641389400.0, 0.1262668],
[1641475800.0, 0.12740200000000002],
[1641562200.0, 0.1100224],
[1641648600.0, 0.10867639999999998],
[1641735000.0, 0.113716],
[1641821400.0, 0.0984972],
[1641907800.0, 0.09774580000000001],
[1641994200.0, 0.0909604],
[1642080600.0, 0.0948296],
[1642167000.0, 0.1016586],
[1642253400.0, 0.10110460000000002],
[1642339800.0, 0.1074706],
[1642426200.0, 0.100633],
[1642512600.0, 0.1037392],
[1642599000.0, 0.112395],
[1642685400.0, 0.11367560000000002],
[1642771800.0, 0.11867520000000002],
[1642858200.0, 0.11529019999999998],
[1642944600.0, 0.1117508],
[1643031000.0, 0.1140058],
[1643117400.0, 0.1259994],
[1643203800.0, 0.13789279999999998],
[1643290200.0, 0.1283338],
[1643376600.0, 0.12347520000000001],
[1643463000.0, 0.11754120000000001],
[1643549400.0, 0.12142180000000002],
[1643635800.0, 0.12142180000000002],
[1643722200.0, 0.12142180000000002],
[1643808600.0, 0.1294332],
[1643895000.0, 0.1273412],
[1643981400.0, 0.1196628],
[1644067800.0, 0.1215122],
[1644154200.0, 0.1076042],
[1644240600.0, 0.1105436],
[1644327000.0, 0.11541219999999999],
[1644413400.0, 0.11908540000000001],
[1644499800.0, 0.12316260000000001],
[1644586200.0, 0.1194622],
[1644672600.0, 0.13213740000000002],
[1644759000.0, 0.11882820000000001],
[1644845400.0, 0.1150976],
[1644931800.0, 0.11294000000000001],
[1645018200.0, 0.1172536],
[1645104600.0, 0.1156476],
[1645191000.0, 0.1206332],
[1645277400.0, 0.11628940000000003],
[1645363800.0, 0.1097736],
[1645450200.0, 0.1261528],
[1645536600.0, 0.13021480000000002],
[1645623000.0, 0.12276700000000003],
[1645709400.0, 0.1274664],
[1645795800.0, 0.1263734],
[1645882200.0, 0.1314264],
[1645968600.0, 0.1404],
[1646055000.0, 0.12845],
[1646141400.0, 0.13599319999999998],
[1646227800.0, 0.1241816],
[1646314200.0, 0.12475480000000001],
[1646400600.0, 0.12352719999999999],
[1646487000.0, 0.1184202],
[1646573400.0, 0.11495380000000002],
[1646659800.0, 0.11806359999999998],
[1646746200.0, 0.12494399999999999],
[1646832600.0, 0.1188318],
[1646919000.0, 0.11657220000000001],
[1647005400.0, 0.1130998],
[1647091800.0, 0.10893800000000001],
[1647178200.0, 0.1088394],
[1647264600.0, 0.126441],
[1647351000.0, 0.1152946],
[1647437400.0, 0.1108526],
[1647523800.0, 0.1133364],
[1647610200.0, 0.1178458],
[1647696600.0, 0.1271434],
[1647783000.0, 0.1362134],
[1647869400.0, 0.12761840000000002],
[1647955800.0, 0.1256912],
[1648042200.0, 0.12480900000000002],
[1648128600.0, 0.11601400000000002],
[1648215000.0, 0.11570980000000002],
[1648301400.0, 0.1173524],
[1648387800.0, 0.11669940000000001],
[1648474200.0, 0.1152446],
[1648560600.0, 0.12135739999999999],
[1648647000.0, 0.12057980000000001],
[1648733400.0, 0.1156024],
[1648819800.0, 0.12008780000000001],
[1648906200.0, 0.125496],
[1648996200.0, 0.133762],
[1649082600.0, 0.1325518],
[1649169000.0, 0.143568],
[1649255400.0, 0.13377920000000004],
[1649341800.0, 0.1325358],
[1649428200.0, 0.1363118],
[1649514600.0, 0.134719],
[1649601000.0, 0.134719],
[1649687400.0, 0.134719],
[1649773800.0, 0.134719],
[1649860200.0, 0.134719],
[1649946600.0, 0.13142959999999998],
[1650033000.0, 0.12921960000000002],
[1650119400.0, 0.13427660000000002],
[1650205800.0, 0.13190559999999998],
[1650292200.0, 0.1285562],
[1650378600.0, 0.12912420000000002],
[1650465000.0, 0.1248328],
[1650551400.0, 0.1248328],
[1650637800.0, 0.1248328],
[1650724200.0, 0.12289720000000001],
[1650810600.0, 0.1244718],
[1650897000.0, 0.1242458],
[1650983400.0, 0.1202714],
[1651069800.0, 0.120816],
[1651156200.0, 0.1147558],
[1651242600.0, 0.12023340000000002],
[1651329000.0, 0.12279900000000002],
[1651415400.0, 0.1246794],
[1651501800.0, 0.13047740000000002],
[1651588200.0, 0.1222448],
[1651674600.0, 0.1218782],
[1651761000.0, 0.11400079999999999],
[1651847400.0, 0.11694600000000002],
[1651933800.0, 0.11846040000000002],
[1652020200.0, 0.117534],
[1652106600.0, 0.11022520000000002],
[1652193000.0, 0.103172],
[1652279400.0, 0.0932664],
[1652365800.0, 0.0997746],
[1652452200.0, 0.10107300000000001],
[1652538600.0, 0.10185819999999998],
[1652625000.0, 0.093917],
[1652711400.0, 0.0934774],
[1652797800.0, 0.0862244],
[1652884200.0, 0.07568760000000001],
[1652970600.0, 0.06961940000000001],
[1653057000.0, 0.0691842],
[1653143400.0, 0.0741176],
[1653229800.0, 0.07180879999999999],
[1653316200.0, 0.067278],
[1653402600.0, 0.06599819999999999],
[1653489000.0, 0.06546080000000001],
[1653575400.0, 0.060819],
[1653661800.0, 0.062327],
[1653748200.0, 0.0624992],
[1653834600.0, 0.0584062],
[1653921000.0, 0.0588342],
[1654007400.0, 0.05743039999999999],
[1654093800.0, 0.05552060000000001],
[1654180200.0, 0.05740080000000001],
[1654266600.0, 0.057965],
[1654353000.0, 0.06471],
[1654439400.0, 0.06428579999999999],
[1654525800.0, 0.0585982],
[1654612200.0, 0.0568876],
[1654698600.0, 0.05374399999999999],
[1654785000.0, 0.0596406],
[1654871400.0, 0.06181179999999999],
[1654957800.0, 0.0629426],
[1655044200.0, 0.05988020000000001],
[1655130600.0, 0.06515560000000001],
[1655217000.0, 0.063609],
[1655303400.0, 0.0627292],
[1655389800.0, 0.0596036],
[1655476200.0, 0.0681462],
[1655562600.0, 0.06784300000000001],
[1655649000.0, 0.0648282],
[1655735400.0, 0.0636192],
[1655821800.0, 0.06575740000000001],
[1655908200.0, 0.0681326],
[1655994600.0, 0.06363200000000001],
[1656081000.0, 0.0693446],
[1656167400.0, 0.0734268],
[1656253800.0, 0.0690316],
[1656340200.0, 0.0638482],
[1656426600.0, 0.06651740000000002],
[1656513000.0, 0.0670834],
[1656599400.0, 0.07235420000000001],
[1656685800.0, 0.0707078],
[1656772200.0, 0.07489660000000001],
[1656858600.0, 0.07696700000000001],
[1656945000.0, 0.07618119999999998],
[1657031400.0, 0.0709576],
[1657117800.0, 0.07266560000000001],
[1657204200.0, 0.0765662],
[1657290600.0, 0.07747359999999999],
[1657377000.0, 0.08205860000000001],
[1657463400.0, 0.0797402],
[1657549800.0, 0.0782308],
[1657636200.0, 0.08588919999999999],
[1657722600.0, 0.08329879999999999],
[1657809000.0, 0.07942180000000001],
[1657895400.0, 0.0773594],
[1657981800.0, 0.0807726],
[1658068200.0, 0.08152279999999999],
[1658154600.0, 0.07903080000000001],
[1658241000.0, 0.07668000000000001],
[1658327400.0, 0.08345280000000002],
[1658413800.0, 0.0806086],
[1658500200.0, 0.08284180000000002],
[1658586600.0, 0.08533280000000001],
[1658673000.0, 0.0822036],
[1658759400.0, 0.08101359999999999],
[1658845800.0, 0.08440040000000001],
[1658932200.0, 0.08809520000000001],
[1659018600.0, 0.08331839999999999],
[1659105000.0, 0.08158100000000001],
[1659191400.0, 0.08572660000000001],
[1659277800.0, 0.08514460000000001],
[1659364200.0, 0.08963700000000001],
[1659450600.0, 0.0902374],
[1659537000.0, 0.08429600000000001],
[1659623400.0, 0.0800778],
[1659709800.0, 0.08321440000000001],
[1659796200.0, 0.08356140000000001],
[1659882600.0, 0.08725480000000001],
[1659969000.0, 0.10137140000000003],
[1660055400.0, 0.0965128],
[1660141800.0, 0.102183],
[1660228200.0, 0.100051],
[1660314600.0, 0.0935018],
[1660401000.0, 0.0935018],
[1660487400.0, 0.0935018],
[1660573800.0, 0.0935018],
[1660660200.0, 0.0987858],
[1660746600.0, 0.10301640000000001],
[1660833000.0, 0.10169220000000001],
[1660919400.0, 0.0973588],
[1661005800.0, 0.09907099999999999],
[1661092200.0, 0.09372200000000001],
[1661178600.0, 0.09565980000000003],
[1661265000.0, 0.0913732],
[1661351400.0, 0.08978300000000002],
[1661437800.0, 0.0917182],
[1661524200.0, 0.09619220000000002],
[1661610600.0, 0.0946846],
[1661697000.0, 0.09407440000000003],
[1661783400.0, 0.09293],
[1661869800.0, 0.10329740000000001],
[1661956200.0, 0.09999500000000001],
[1662042600.0, 0.0961772],
[1662129000.0, 0.0991756],
[1662215400.0, 0.1024844],
[1662301800.0, 0.09346420000000001],
[1662388200.0, 0.09269540000000001],
[1662474600.0, 0.09066360000000001],
[1662561000.0, 0.09007020000000002],
[1662647400.0, 0.10040740000000001],
[1662733800.0, 0.098995],
[1662820200.0, 0.100164],
[1662906600.0, 0.09944919999999999],
[1662993000.0, 0.0970596],
[1663079400.0, 0.0927782],
[1663165800.0, 0.09437120000000002],
[1663252200.0, 0.095409],
[1663338600.0, 0.09665000000000001],
[1663425000.0, 0.0915558],
[1663511400.0, 0.09146280000000001],
[1663597800.0, 0.09423840000000003],
[1663684200.0, 0.0976908],
[1663770600.0, 0.09971759999999999],
[1663857000.0, 0.10191100000000002],
[1663943400.0, 0.09934580000000001],
[1664029800.0, 0.10365760000000002],
[1664116200.0, 0.106661],
[1664202600.0, 0.1012206],
[1664289000.0, 0.1014602],
[1664375400.0, 0.099016],
[1664461800.0, 0.1039374],
[1664548200.0, 0.1113042],
[1664634600.0, 0.108039],
[1664717400.0, 0.104514],
[1664803800.0, 0.10687240000000002],
[1664890200.0, 0.1139898],
[1664976600.0, 0.1086854],
[1665063000.0, 0.10159720000000001],
[1665149400.0, 0.10281660000000001],
[1665235800.0, 0.12029940000000001],
[1665322200.0, 0.11217300000000001],
[1665408600.0, 0.11378080000000002],
[1665495000.0, 0.12127420000000003],
[1665581400.0, 0.1212634],
[1665667800.0, 0.11346160000000001],
[1665754200.0, 0.11390900000000001],
[1665840600.0, 0.10514579999999998],
[1665927000.0, 0.10034260000000002],
[1666013400.0, 0.09959140000000001],
[1666099800.0, 0.0996612],
[1666186200.0, 0.0949826],
[1666272600.0, 0.09662720000000001],
[1666359000.0, 0.10744000000000002],
[1666445400.0, 0.10063440000000001],
[1666531800.0, 0.0991252],
[1666618200.0, 0.09897140000000001],
[1666704600.0, 0.09965740000000001],
[1666791000.0, 0.0973138],
[1666877400.0, 0.10282360000000001],
[1666963800.0, 0.11914340000000001],
[1667050200.0, 0.1106404],
[1667136600.0, 0.1007832],
[1667223000.0, 0.09611860000000001],
[1667309400.0, 0.0984988],
[1667395800.0, 0.09647059999999999],
[1667482200.0, 0.0981206],
[1667568600.0, 0.09394040000000001],
[1667655000.0, 0.10472359999999999],
[1667741400.0, 0.09854979999999999],
[1667827800.0, 0.10229239999999999],
[1667914200.0, 0.09298500000000001],
[1668000600.0, 0.08971960000000001],
[1668087000.0, 0.0837082],
[1668173400.0, 0.0887146],
[1668259800.0, 0.09389560000000001],
[1668346200.0, 0.08719180000000001],
[1668432600.0, 0.08742920000000001],
[1668519000.0, 0.0811922],
[1668605400.0, 0.0834658],
[1668691800.0, 0.0850126],
[1668778200.0, 0.07981440000000001],
[1668864600.0, 0.0855754],
[1668951000.0, 0.09984980000000002],
[1669037400.0, 0.08849420000000001],
[1669123800.0, 0.09197659999999999],
[1669210200.0, 0.0898174],
[1669296600.0, 0.0824012],
[1669383000.0, 0.09384300000000001],
[1669469400.0, 0.08444800000000001],
[1669555800.0, 0.08269259999999999],
[1669642200.0, 0.08527779999999999],
[1669728600.0, 0.083579],
[1669815000.0, 0.0867404],
[1669901400.0, 0.0911152],
[1669987800.0, 0.10190620000000002],
[1670074200.0, 0.095502],
[1670160600.0, 0.097415],
[1670247000.0, 0.10095640000000002],
[1670333400.0, 0.09239480000000001],
[1670419800.0, 0.09129040000000001],
[1670506200.0, 0.09634680000000001],
[1670592600.0, 0.09211420000000001],
[1670679000.0, 0.0934948],
[1670765400.0, 0.09108540000000001],
[1670851800.0, 0.095025],
[1670938200.0, 0.0892512],
[1671024600.0, 0.0889062],
[1671111000.0, 0.0873148],
[1671197400.0, 0.095719],
[1671283800.0, 0.08736020000000001],
[1671370200.0, 0.089942],
[1671456600.0, 0.08735580000000001],
[1671543000.0, 0.08766460000000001],
[1671629400.0, 0.0833708],
[1671715800.0, 0.089648],
[1671802200.0, 0.0835202],
[1671888600.0, 0.08441879999999999],
[1671975000.0, 0.0839834],
[1672061400.0, 0.08686900000000002],
[1672147800.0, 0.08822840000000001],
[1672234200.0, 0.0820546],
[1672320600.0, 0.08408420000000001],
[1672407000.0, 0.0819598],
[1672493400.0, 0.0846276],
[1672579800.0, 0.08563020000000002],
[1672666200.0, 0.08711920000000001],
[1672752600.0, 0.0910914],
[1672839000.0, 0.08675859999999999],
[1672925400.0, 0.0945918],
[1673011800.0, 0.09425380000000001],
[1673098200.0, 0.09343219999999999],
[1673184600.0, 0.101275],
[1673271000.0, 0.1040854],
[1673357400.0, 0.10782620000000001],
[1673443800.0, 0.1005596],
[1673530200.0, 0.10813940000000002],
[1673616600.0, 0.1097198],
[1673703000.0, 0.11173600000000002],
[1673789400.0, 0.1200764],
[1673875800.0, 0.11266259999999999],
[1673962200.0, 0.11220279999999998],
[1674048600.0, 0.1121828],
[1674135000.0, 0.11930320000000001],
[1674221400.0, 0.11711660000000002],
[1674307800.0, 0.118205],
[1674394200.0, 0.12477339999999999],
[1674480600.0, 0.13353800000000002],
[1674567000.0, 0.1337422],
[1674653400.0, 0.14838959999999998],
[1674739800.0, 0.135168],
[1674826200.0, 0.1259014],
[1674912600.0, 0.120296],
[1674999000.0, 0.12120339999999999],
[1675085400.0, 0.11761219999999999],
[1675171800.0, 0.11792260000000002],
[1675258200.0, 0.13335],
[1675344600.0, 0.1233638],
[1675431000.0, 0.125373],
[1675517400.0, 0.13315000000000002],
[1675603800.0, 0.1264282],
[1675690200.0, 0.1180474],
[1675776600.0, 0.1209276],
[1675863000.0, 0.1234516],
[1675949400.0, 0.1234516],
