[1635773400.0, 0.7045900701651753],
[1635859800.0, 0.7110439006174696],
[1635946200.0, 0.8731673512682983],
[1636032600.0, 0.8200415484509658],
[1636119000.0, 1.2150493224502161],
[1636205400.0, 1.3978077500000003],
[1636291800.0, 1.1512917500000002],
[1636378200.0, 1.4328965],
[1636464600.0, 1.3278215],
[1636551000.0, 1.1337249999999999],
[1636637400.0, 0.91438975],
[1636723800.0, 0.8892497500000001],
[1636810200.0, 0.8787445],
[1636896600.0, 0.77719425],
[1636983000.0, 0.74874925],
[1637069400.0, 0.7598100000000001],
[1637155800.0, 0.8079645000000001],
[1637242200.0, 0.729889],
[1637328600.0, 0.847488],
[1637415000.0, 0.8263867500000001],
[1637501400.0, 0.79819525],
[1637587800.0, 0.7911499999999999],
[1637674200.0, 0.78728025],
[1637760600.0, 0.8032417500000001],
[1637847000.0, 0.9564160000000002],
[1637933400.0, 1.01163125],
[1638019800.0, 0.9729700000000002],
[1638106200.0, 0.9244427500000002],
[1638192600.0, 0.8808242500000001],
[1638279000.0, 0.8488994999999999],
[1638365400.0, 0.8230322499999999],
[1638451800.0, 0.89577475],
[1638538200.0, 0.87227375],
[1638624600.0, 0.85786125],
[1638711000.0, 0.8398690000000002],
[1638797400.0, 0.79900325],
[1638883800.0, 0.78720175],
[1638970200.0, 0.7910792500000001],
[1639056600.0, 0.8286502500000001],
[1639143000.0, 0.8316535000000002],
[1639229400.0, 0.8572567500000001],
[1639315800.0, 0.81401425],
[1639402200.0, 0.8004015000000001],
[1639488600.0, 0.8115397500000001],
[1639575000.0, 0.9015982499999999],
[1639661400.0, 0.9235907500000001],
[1639747800.0, 0.9814647500000001],
[1639834200.0, 0.9042937500000001],
[1639920600.0, 0.9191805000000002],
[1640007000.0, 0.9067947500000001],
[1640093400.0, 0.8930887500000001],
[1640179800.0, 0.9499070000000001],
[1640266200.0, 0.9363037500000002],
[1640352600.0, 0.8069327500000002],
[1640439000.0, 0.84447825],
[1640525400.0, 0.81084425],
[1640611800.0, 0.8268852499999999],
[1640698200.0, 0.7775175],
[1640784600.0, 0.7629905000000001],
[1640871000.0, 0.8771055],
[1640957400.0, 0.8066127500000001],
[1641043800.0, 0.8410980000000001],
[1641130200.0, 0.81862875],
[1641216600.0, 0.8359940000000001],
[1641303000.0, 0.8436780000000002],
[1641389400.0, 0.8147555000000002],
[1641475800.0, 0.8911895000000002],
[1641562200.0, 0.8375930000000001],
[1641648600.0, 0.8450372500000001],
[1641735000.0, 0.7607085000000001],
[1641821400.0, 0.7412045000000002],
[1641907800.0, 0.7312420000000001],
[1641994200.0, 0.7228377500000001],
[1642080600.0, 0.717839],
[1642167000.0, 0.70208575],
[1642253400.0, 0.7059199999999999],
[1642339800.0, 0.7063719999999999],
[1642426200.0, 0.72999625],
[1642512600.0, 0.76328825],
[1642599000.0, 0.7612494999999999],
[1642685400.0, 0.7871235],
[1642771800.0, 0.7581709999999999],
[1642858200.0, 0.72929275],
[1642944600.0, 0.7357460000000001],
[1643031000.0, 0.7328567500000002],
[1643117400.0, 0.7696820000000001],
[1643203800.0, 0.7927325000000001],
[1643290200.0, 0.7728745],
[1643376600.0, 0.77988875],
[1643463000.0, 0.79322125],
[1643549400.0, 0.8830679999999999],
[1643635800.0, 0.8830679999999999],
[1643722200.0, 0.8830679999999999],
[1643808600.0, 0.9315580000000002],
[1643895000.0, 0.9162917500000002],
[1643981400.0, 0.9301455000000001],
[1644067800.0, 0.8460792500000002],
[1644154200.0, 0.8729727500000001],
[1644240600.0, 0.90335125],
[1644327000.0, 0.8644477500000001],
[1644413400.0, 0.8500342500000001],
[1644499800.0, 0.8354330000000001],
[1644586200.0, 0.828184],
[1644672600.0, 0.82937825],
[1644759000.0, 0.8308305],
[1644845400.0, 0.7931677500000001],
[1644931800.0, 0.8038502500000002],
[1645018200.0, 0.8269285000000001],
[1645104600.0, 0.81281625],
[1645191000.0, 0.7986727499999999],
[1645277400.0, 0.8116375],
[1645363800.0, 0.8018384999999999],
[1645450200.0, 0.8394822500000001],
[1645536600.0, 0.8646627499999998],
[1645623000.0, 0.8416977499999999],
[1645709400.0, 0.8320427499999999],
[1645795800.0, 0.811164],
[1645882200.0, 0.81202625],
[1645968600.0, 0.7886470000000001],
[1646055000.0, 0.808937],
[1646141400.0, 0.77199725],
[1646227800.0, 0.7789722500000001],
[1646314200.0, 0.8105930000000001],
[1646400600.0, 0.7783792500000001],
[1646487000.0, 0.7936370000000001],
[1646573400.0, 0.7812915000000001],
[1646659800.0, 0.773629],
[1646746200.0, 0.7698795],
[1646832600.0, 0.7822590000000001],
[1646919000.0, 0.7754290000000001],
[1647005400.0, 0.75912325],
[1647091800.0, 0.7563435000000001],
[1647178200.0, 0.7478645],
[1647264600.0, 0.826075],
[1647351000.0, 0.8563544999999999],
[1647437400.0, 0.8115752500000001],
[1647523800.0, 0.821584],
[1647610200.0, 0.8079735],
[1647696600.0, 0.80468025],
[1647783000.0, 0.819626],
[1647869400.0, 0.8126215000000001],
[1647955800.0, 0.86369875],
[1648042200.0, 0.7965445],
[1648128600.0, 0.9100159999999999],
[1648215000.0, 0.8378865000000002],
[1648301400.0, 0.8195100000000001],
[1648387800.0, 0.832422],
[1648474200.0, 0.8534290000000001],
[1648560600.0, 0.819831],
[1648647000.0, 0.8452312500000001],
[1648733400.0, 0.8149647500000001],
[1648819800.0, 0.7988177500000002],
[1648906200.0, 0.813744],
[1648996200.0, 0.8194004999999999],
[1649082600.0, 0.8085495],
[1649169000.0, 0.8068945],
[1649255400.0, 0.8045615],
[1649341800.0, 0.8439670000000001],
[1649428200.0, 0.8300042500000001],
[1649514600.0, 0.8116015000000001],
[1649601000.0, 0.8116015000000001],
[1649687400.0, 0.8116015000000001],
[1649773800.0, 0.8116015000000001],
[1649860200.0, 0.81099225],
[1649946600.0, 0.8063287499999999],
[1650033000.0, 0.8009595000000002],
[1650119400.0, 0.8168335000000001],
[1650205800.0, 0.8057482500000002],
[1650292200.0, 0.8235185],
[1650378600.0, 0.8183965000000001],
[1650465000.0, 0.8263477500000002],
[1650551400.0, 0.8263477500000002],
[1650637800.0, 0.8263477500000002],
[1650724200.0, 0.8642445000000002],
[1650810600.0, 0.8789950000000001],
[1650897000.0, 0.8769285000000001],
[1650983400.0, 0.86245325],
[1651069800.0, 0.87398275],
[1651156200.0, 0.8340672500000001],
[1651242600.0, 0.789606],
[1651329000.0, 0.8100347500000001],
[1651415400.0, 0.8139045],
[1651501800.0, 0.8063145],
[1651588200.0, 0.82736475],
[1651674600.0, 0.8228675000000001],
[1651761000.0, 0.8174047500000001],
[1651847400.0, 0.7942367500000002],
[1651933800.0, 0.7732087500000001],
[1652020200.0, 0.7703080000000001],
[1652106600.0, 0.7246395000000001],
[1652193000.0, 0.6926009999999999],
[1652279400.0, 0.67933675],
[1652365800.0, 0.64722],
[1652452200.0, 0.6236262500000002],
[1652538600.0, 0.6185315],
[1652625000.0, 0.6079355000000001],
[1652711400.0, 0.5972780000000001],
[1652797800.0, 0.5939807500000001],
[1652884200.0, 0.56116625],
[1652970600.0, 0.5364722500000001],
[1653057000.0, 0.5421527500000001],
[1653143400.0, 0.51483425],
[1653229800.0, 0.51133225],
[1653316200.0, 0.48380275],
[1653402600.0, 0.46640725],
[1653489000.0, 0.45117750000000006],
[1653575400.0, 0.4853112500000001],
[1653661800.0, 0.4330085],
[1653748200.0, 0.44556175],
[1653834600.0, 0.49822974999999997],
[1653921000.0, 0.46975750000000005],
[1654007400.0, 0.45610025],
[1654093800.0, 0.46013775],
[1654180200.0, 0.462084],
[1654266600.0, 0.47189925000000005],
[1654353000.0, 0.46361474999999996],
[1654439400.0, 0.4911805],
[1654525800.0, 0.45491675],
[1654612200.0, 0.44656725],
[1654698600.0, 0.4569642500000001],
[1654785000.0, 0.4579295000000001],
[1654871400.0, 0.4542725],
[1654957800.0, 0.4704007500000001],
[1655044200.0, 0.476721],
[1655130600.0, 0.46187550000000005],
[1655217000.0, 0.46544950000000007],
[1655303400.0, 0.4946912500000001],
[1655389800.0, 0.4929292500000001],
[1655476200.0, 0.4899485],
[1655562600.0, 0.4872602500000001],
[1655649000.0, 0.49386700000000006],
[1655735400.0, 0.49975775],
[1655821800.0, 0.5507584999999999],
[1655908200.0, 0.5310730000000001],
[1655994600.0, 0.5274802500000001],
[1656081000.0, 0.53716775],
[1656167400.0, 0.526394],
[1656253800.0, 0.5337815],
[1656340200.0, 0.50740525],
[1656426600.0, 0.501135],
[1656513000.0, 0.5014774999999999],
[1656599400.0, 0.4782707500000001],
[1656685800.0, 0.472866],
[1656772200.0, 0.49489550000000004],
[1656858600.0, 0.5285270000000001],
[1656945000.0, 0.51400425],
[1657031400.0, 0.51961075],
[1657117800.0, 0.52080425],
[1657204200.0, 0.522463],
[1657290600.0, 0.5293345],
[1657377000.0, 0.5508525000000001],
[1657463400.0, 0.5503555],
[1657549800.0, 0.5467235],
[1657636200.0, 0.578066],
[1657722600.0, 0.57744125],
[1657809000.0, 0.570796],
[1657895400.0, 0.5532655],
[1657981800.0, 0.5386645],
[1658068200.0, 0.537347],
[1658154600.0, 0.5365342500000001],
[1658241000.0, 0.52522325],
[1658327400.0, 0.5363915],
[1658413800.0, 0.52769725],
[1658500200.0, 0.52027175],
[1658586600.0, 0.5418702500000001],
[1658673000.0, 0.5632777500000001],
[1658759400.0, 0.5684365000000001],
[1658845800.0, 0.6012732500000001],
[1658932200.0, 0.6036812500000002],
[1659018600.0, 0.61535025],
[1659105000.0, 0.6020887500000002],
[1659191400.0, 0.5856445000000001],
[1659277800.0, 0.5845592500000001],
[1659364200.0, 0.59732975],
[1659450600.0, 0.567095],
[1659537000.0, 0.56852675],
[1659623400.0, 0.5822905],
[1659709800.0, 0.5753222499999999],
[1659796200.0, 0.5694330000000001],
[1659882600.0, 0.5474459999999999],
[1659969000.0, 0.57069575],
[1660055400.0, 0.60311925],
[1660141800.0, 0.6350797499999999],
[1660228200.0, 0.6756725000000001],
[1660314600.0, 0.61239675],
[1660401000.0, 0.61239675],
[1660487400.0, 0.61239675],
[1660573800.0, 0.61239675],
[1660660200.0, 0.5971640000000001],
[1660746600.0, 0.5899442500000002],
[1660833000.0, 0.5940022500000001],
[1660919400.0, 0.61463375],
[1661005800.0, 0.6132160000000001],
[1661092200.0, 0.6288644999999999],
[1661178600.0, 0.6099407499999999],
[1661265000.0, 0.61530025],
[1661351400.0, 0.5981295],
[1661437800.0, 0.6062425],
[1661524200.0, 0.6116870000000001],
[1661610600.0, 0.583933],
[1661697000.0, 0.58260875],
[1661783400.0, 0.61405575],
[1661869800.0, 0.620086],
[1661956200.0, 0.6062335000000001],
[1662042600.0, 0.59943625],
[1662129000.0, 0.6727197500000001],
[1662215400.0, 0.6913470000000002],
[1662301800.0, 0.67840425],
[1662388200.0, 0.6389655000000001],
[1662474600.0, 0.6362627500000001],
[1662561000.0, 0.6108020000000001],
[1662647400.0, 0.6236722499999999],
[1662733800.0, 0.6165502500000001],
[1662820200.0, 0.63310025],
[1662906600.0, 0.6280362499999999],
[1662993000.0, 0.6390735000000001],
[1663079400.0, 0.6498749999999999],
[1663165800.0, 0.6722885000000002],
[1663252200.0, 0.6691455000000001],
[1663338600.0, 0.63673125],
[1663425000.0, 0.66308025],
[1663511400.0, 0.63832575],
[1663597800.0, 0.6549475000000001],
[1663684200.0, 0.66918475],
[1663770600.0, 0.6513415],
[1663857000.0, 0.7037092500000001],
[1663943400.0, 0.6883772499999999],
[1664029800.0, 0.6678625],
[1664116200.0, 0.67507775],
[1664202600.0, 0.67556775],
[1664289000.0, 0.6877465],
[1664375400.0, 0.6837305000000001],
[1664461800.0, 0.6745082500000001],
[1664548200.0, 0.679729],
[1664634600.0, 0.6705117500000001],
[1664717400.0, 0.67557275],
[1664803800.0, 0.7091770000000002],
[1664890200.0, 0.6938884999999999],
[1664976600.0, 0.67725575],
[1665063000.0, 0.6685215000000001],
[1665149400.0, 0.6626855000000001],
[1665235800.0, 0.69285775],
[1665322200.0, 0.6687162500000001],
[1665408600.0, 0.7170980000000001],
[1665495000.0, 0.6767245000000001],
[1665581400.0, 0.6494660000000001],
[1665667800.0, 0.6401597500000001],
[1665754200.0, 0.7263917500000001],
[1665840600.0, 0.7197355000000001],
[1665927000.0, 0.7142695000000001],
[1666013400.0, 0.7036319999999999],
[1666099800.0, 0.70976825],
[1666186200.0, 0.702296],
[1666272600.0, 0.7005942500000001],
[1666359000.0, 0.643924],
[1666445400.0, 0.64014075],
[1666531800.0, 0.681157],
[1666618200.0, 0.6486485],
[1666704600.0, 0.6575802499999999],
[1666791000.0, 0.6461754999999999],
[1666877400.0, 0.644522],
[1666963800.0, 0.660176],
[1667050200.0, 0.6786615],
[1667136600.0, 0.64947275],
[1667223000.0, 0.642545],
[1667309400.0, 0.6433172500000001],
[1667395800.0, 0.6271025000000002],
[1667482200.0, 0.6371605],
[1667568600.0, 0.6604905000000001],
[1667655000.0, 0.6815812500000001],
[1667741400.0, 0.67482325],
[1667827800.0, 0.6245015],
[1667914200.0, 0.6147647500000001],
[1668000600.0, 0.59178275],
[1668087000.0, 0.59585725],
[1668173400.0, 0.6083515000000002],
[1668259800.0, 0.6763167500000002],
[1668346200.0, 0.6300247500000001],
[1668432600.0, 0.626796],
[1668519000.0, 0.6175600000000001],
[1668605400.0, 0.5828329999999999],
[1668691800.0, 0.58297025],
[1668778200.0, 0.5907785],
[1668864600.0, 0.5759925],
[1668951000.0, 0.5659015000000001],
[1669037400.0, 0.568662],
[1669123800.0, 0.57563975],
[1669210200.0, 0.5653005000000001],
[1669296600.0, 0.5615],
[1669383000.0, 0.5759085],
[1669469400.0, 0.57869925],
[1669555800.0, 0.5600265000000001],
[1669642200.0, 0.56451275],
[1669728600.0, 0.5989850000000001],
[1669815000.0, 0.61707],
[1669901400.0, 0.6145737500000001],
[1669987800.0, 0.6341772500000001],
[1670074200.0, 0.6588765],
[1670160600.0, 0.6338810000000001],
[1670247000.0, 0.6235842500000001],
[1670333400.0, 0.6304465],
[1670419800.0, 0.6297945],
[1670506200.0, 0.6426705000000001],
[1670592600.0, 0.6268570000000001],
[1670679000.0, 0.6400935000000001],
[1670765400.0, 0.6328527500000001],
[1670851800.0, 0.6321905],
[1670938200.0, 0.6260570000000001],
[1671024600.0, 0.6236010000000001],
[1671111000.0, 0.6208742500000001],
[1671197400.0, 0.61538925],
[1671283800.0, 0.6000095],
[1671370200.0, 0.5930495],
[1671456600.0, 0.5942435],
[1671543000.0, 0.6042405000000001],
[1671629400.0, 0.6447392500000001],
[1671715800.0, 0.61383075],
[1671802200.0, 0.59843],
[1671888600.0, 0.5955925],
[1671975000.0, 0.5852682499999999],
[1672061400.0, 0.5863615],
[1672147800.0, 0.60019525],
[1672234200.0, 0.56968675],
[1672320600.0, 0.5855387500000001],
[1672407000.0, 0.588669],
[1672493400.0, 0.5749645000000001],
[1672579800.0, 0.5823214999999999],
[1672666200.0, 0.5796175000000001],
[1672752600.0, 0.5870927499999999],
[1672839000.0, 0.60526],
[1672925400.0, 0.5934692500000001],
[1673011800.0, 0.6012715000000001],
[1673098200.0, 0.60225225],
[1673184600.0, 0.60767375],
[1673271000.0, 0.6166992499999999],
[1673357400.0, 0.6178495],
[1673443800.0, 0.64660325],
[1673530200.0, 0.6893955],
[1673616600.0, 0.6882955000000002],
[1673703000.0, 0.6907967500000002],
[1673789400.0, 0.74114625],
[1673875800.0, 0.7410125000000001],
[1673962200.0, 0.7580357500000001],
[1674048600.0, 0.7405792500000001],
[1674135000.0, 0.7323760000000001],
[1674221400.0, 0.7655415],
[1674307800.0, 0.8213727500000001],
[1674394200.0, 0.7813527500000002],
[1674480600.0, 0.8542017500000001],
[1674567000.0, 0.8775192500000002],
[1674653400.0, 0.9158702500000001],
[1674739800.0, 0.87018575],
[1674826200.0, 0.8246657500000001],
[1674912600.0, 0.8121647500000001],
[1674999000.0, 0.9026727499999999],
[1675085400.0, 0.86166275],
[1675171800.0, 0.82221625],
[1675258200.0, 0.7867419999999999],
[1675344600.0, 1.096912],
[1675431000.0, 0.91352575],
[1675517400.0, 0.88184375],
[1675603800.0, 0.8720192500000001],
[1675690200.0, 0.8462220000000001],
[1675776600.0, 0.8380407500000001],
[1675863000.0, 0.837658],
[1675949400.0, 0.837658],
