[1635773400.0, 21949.956250000003],
[1635859800.0, 21762.04],
[1635946200.0, 21930.40625],
[1636032600.0, 23909.315000000002],
[1636119000.0, 23908.3375],
[1636205400.0, 23874.125],
[1636291800.0, 23869.784999999996],
[1636378200.0, 23758.133749999997],
[1636464600.0, 23758.133749999997],
[1636551000.0, 23758.133749999997],
[1636637400.0, 23758.133749999997],
[1636723800.0, 23758.133749999997],
[1636810200.0, 23710.293749999997],
[1636896600.0, 23363.786249999997],
[1636983000.0, 23204.667499999996],
[1637069400.0, 23171.25625],
[1637155800.0, 23770.31375],
[1637242200.0, 23773.01375],
[1637328600.0, 23773.01375],
[1637415000.0, 23773.01375],
[1637501400.0, 23773.01375],
[1637587800.0, 23773.01375],
[1637674200.0, 23675.236249999998],
[1637760600.0, 23570.348749999997],
[1637847000.0, 23555.68875],
[1637933400.0, 23536.129999999997],
[1638019800.0, 23536.129999999997],
[1638106200.0, 23536.129999999997],
[1638192600.0, 23536.129999999997],
[1638279000.0, 23340.51625],
[1638365400.0, 23332.4825],
[1638451800.0, 23681.5575],
[1638538200.0, 23701.1175],
[1638624600.0, 23709.160000000003],
[1638711000.0, 23876.105000000003],
[1638797400.0, 23783.6325],
[1638883800.0, 23767.316250000003],
[1638970200.0, 23576.35125],
[1639056600.0, 23576.35125],
[1639143000.0, 23199.73625],
[1639229400.0, 23321.4675],
[1639315800.0, 23321.4675],
[1639402200.0, 23321.4675],
[1639488600.0, 23313.86],
[1639575000.0, 23321.2125],
[1639661400.0, 23314.04],
[1639747800.0, 23333.65625],
[1639834200.0, 23333.65625],
[1639920600.0, 23505.56125],
[1640007000.0, 23505.56125],
[1640093400.0, 23495.975],
[1640179800.0, 23495.975],
[1640266200.0, 23488.36625],
[1640352600.0, 23488.36625],
[1640439000.0, 18958.885000000002],
[1640525400.0, 19184.33],
[1640611800.0, 22711.856249999997],
[1640698200.0, 22692.2675],
[1640784600.0, 22682.4625],
[1640871000.0, 22682.458749999998],
[1640957400.0, 22760.89125],
[1641043800.0, 22795.21375],
[1641130200.0, 22752.962499999998],
[1641216600.0, 22757.8525],
[1641303000.0, 22748.033750000002],
[1641389400.0, 23327.38625],
[1641475800.0, 23327.38625],
[1641562200.0, 23327.38625],
[1641648600.0, 23327.38625],
[1641735000.0, 23374.28125],
[1641821400.0, 23412.59375],
[1641907800.0, 23469.24875],
[1641994200.0, 23459.93875],
[1642080600.0, 23433.784999999996],
[1642167000.0, 23863.51375],
[1642253400.0, 23834.23375],
[1642339800.0, 23791.0775],
[1642426200.0, 23778.75125],
[1642512600.0, 26873.56375],
[1642599000.0, 26884.14],
[1642685400.0, 26511.83125],
[1642771800.0, 26514.754999999997],
[1642858200.0, 26700.875],
[1642944600.0, 26549.445],
[1643031000.0, 26554.78125],
[1643117400.0, 26555.926250000004],
[1643203800.0, 26565.028749999998],
[1643290200.0, 26374.9175],
[1643376600.0, 26330.208749999998],
[1643463000.0, 26301.175000000003],
[1643549400.0, 25919.195],
[1643635800.0, 25919.195],
[1643722200.0, 25919.195],
[1643808600.0, 25583.88],
[1643895000.0, 25536.948750000003],
[1643981400.0, 25455.6325],
[1644067800.0, 25431.63625],
[1644154200.0, 25408.478750000002],
[1644240600.0, 25439.63],
[1644327000.0, 25363.965],
[1644413400.0, 25354.685],
[1644499800.0, 25365.050000000003],
[1644586200.0, 25253.847500000003],
[1644672600.0, 25281.68875],
[1644759000.0, 25294.3775],
[1644845400.0, 25367.955],
[1644931800.0, 24329.966249999998],
[1645018200.0, 23157.411249999997],
[1645104600.0, 24154.048749999998],
[1645191000.0, 24160.895000000004],
[1645277400.0, 24145.261250000003],
[1645363800.0, 22371.09625],
[1645450200.0, 22387.70375],
[1645536600.0, 24058.77625],
[1645623000.0, 22309.415],
[1645709400.0, 22262.48625],
[1645795800.0, 22251.520000000004],
[1645882200.0, 22220.43],
[1645968600.0, 22446.93],
[1646055000.0, 22498.485],
[1646141400.0, 22495.278750000005],
[1646227800.0, 22482.44125],
[1646314200.0, 22479.5625],
[1646400600.0, 22436.655],
[1646487000.0, 22421.36875],
[1646573400.0, 22392.735],
[1646659800.0, 22430.622499999998],
[1646746200.0, 22326.246249999997],
[1646832600.0, 22336.85],
[1646919000.0, 22337.1875],
[1647005400.0, 23079.35],
[1647091800.0, 23018.80875],
[1647178200.0, 22992.752500000002],
[1647264600.0, 22966.045],
[1647351000.0, 22948.0325],
[1647437400.0, 23005.770000000004],
[1647523800.0, 23025.32],
[1647610200.0, 22975.60125],
[1647696600.0, 22945.690000000002],
[1647783000.0, 22990.595],
[1647869400.0, 22955.53375],
[1647955800.0, 22850.95625],
[1648042200.0, 21969.40125],
[1648128600.0, 21976.295],
[1648215000.0, 21966.645],
[1648301400.0, 22615.88125],
[1648387800.0, 22611.28],
[1648474200.0, 22654.79],
[1648560600.0, 21893.4625],
[1648647000.0, 21944.48125],
[1648733400.0, 22012.69375],
[1648819800.0, 22043.93625],
[1648906200.0, 22013.278749999998],
[1648996200.0, 22015.10875],
[1649082600.0, 22046.23375],
[1649169000.0, 21992.146250000005],
[1649255400.0, 22024.30375],
[1649341800.0, 22012.94625],
[1649428200.0, 21981.49125],
[1649514600.0, 21952.048749999998],
[1649601000.0, 21952.048749999998],
[1649687400.0, 21952.048749999998],
[1649773800.0, 21952.048749999998],
[1649860200.0, 21948.603750000002],
[1649946600.0, 22154.315000000002],
[1650033000.0, 22154.315000000002],
[1650119400.0, 22154.315000000002],
[1650205800.0, 22124.91375],
[1650292200.0, 22146.690000000002],
[1650378600.0, 22146.690000000002],
[1650465000.0, 22177.8675],
[1650551400.0, 22177.8675],
[1650637800.0, 22177.8675],
[1650724200.0, 22180.027500000004],
[1650810600.0, 22160.57125],
[1650897000.0, 22160.57125],
[1650983400.0, 22160.57125],
[1651069800.0, 22160.57125],
[1651156200.0, 21482.755],
[1651242600.0, 21500.276250000003],
[1651329000.0, 21467.53],
[1651415400.0, 21434.886249999996],
[1651501800.0, 21449.74375],
[1651588200.0, 21486.32125],
[1651674600.0, 21517.36],
[1651761000.0, 21416.021249999998],
[1651847400.0, 21283.1225],
[1651933800.0, 21237.05625],
[1652020200.0, 21145.68125],
[1652106600.0, 21059.911249999997],
[1652193000.0, 21144.5525],
[1652279400.0, 19281.149999999998],
[1652365800.0, 19106.9425],
[1652452200.0, 19084.561250000002],
[1652538600.0, 18993.92],
[1652625000.0, 19787.105000000003],
[1652711400.0, 19795.177499999998],
[1652797800.0, 19865.93625],
[1652884200.0, 19834.175],
[1652970600.0, 19841.38125],
[1653057000.0, 20076.285],
[1653143400.0, 20051.1525],
[1653229800.0, 20055.63375],
[1653316200.0, 20205.625],
[1653402600.0, 20212.30125],
[1653489000.0, 22022.64375],
[1653575400.0, 21840.33125],
[1653661800.0, 21902.81875],
[1653748200.0, 21873.33625],
[1653834600.0, 21888.307500000003],
[1653921000.0, 22055.980000000003],
[1654007400.0, 22070.65125],
[1654093800.0, 22006.936250000002],
[1654180200.0, 22069.38375],
[1654266600.0, 22082.963750000003],
[1654353000.0, 22055.028750000005],
[1654439400.0, 22085.105],
[1654525800.0, 22117.46625],
[1654612200.0, 22057.43625],
[1654698600.0, 21954.417500000003],
[1654785000.0, 21912.76625],
[1654871400.0, 21829.855000000003],
[1654957800.0, 21742.372499999998],
[1655044200.0, 21685.39875],
[1655130600.0, 21618.651250000003],
[1655217000.0, 21641.5775],
[1655303400.0, 21778.137499999997],
[1655389800.0, 21695.3],
[1655476200.0, 21657.67125],
[1655562600.0, 21632.372499999998],
[1655649000.0, 21636.55875],
[1655735400.0, 21725.1175],
[1655821800.0, 24723.598749999997],
[1655908200.0, 24666.06125],
[1655994600.0, 24685.7275],
[1656081000.0, 24676.833749999998],
[1656167400.0, 24658.04875],
[1656253800.0, 24632.1425],
[1656340200.0, 24657.67875],
[1656426600.0, 24742.82625],
[1656513000.0, 24725.113750000004],
[1656599400.0, 24719.9375],
[1656685800.0, 24695.225],
[1656772200.0, 24673.13875],
[1656858600.0, 24687.50375],
[1656945000.0, 24731.03875],
[1657031400.0, 24673.307500000003],
[1657117800.0, 24665.585],
[1657204200.0, 24731.768750000003],
[1657290600.0, 24730.7225],
[1657377000.0, 24736.26125],
[1657463400.0, 24727.39875],
[1657549800.0, 24671.4075],
[1657636200.0, 24643.505],
[1657722600.0, 24636.17],
[1657809000.0, 24523.79875],
[1657895400.0, 24494.418750000004],
[1657981800.0, 24467.25375],
[1658068200.0, 24466.364999999998],
[1658154600.0, 24546.87375],
[1658241000.0, 24567.987500000003],
[1658327400.0, 24506.18],
[1658413800.0, 24480.08],
[1658500200.0, 24476.08],
[1658586600.0, 24440.28125],
[1658673000.0, 24445.331250000003],
[1658759400.0, 24518.265],
[1658845800.0, 24392.82875],
[1658932200.0, 33745.1775],
[1659018600.0, 33773.24875],
[1659105000.0, 33741.69499999999],
[1659191400.0, 33691.77],
[1659277800.0, 33752.65625],
[1659364200.0, 33654.825],
[1659450600.0, 33600.990000000005],
[1659537000.0, 33627.66375],
[1659623400.0, 33647.07125],
[1659709800.0, 33594.32000000001],
[1659796200.0, 20989.9775],
[1659882600.0, 20983.82625],
[1659969000.0, 18434.372499999998],
[1660055400.0, 18305.25625],
[1660141800.0, 18158.587499999998],
[1660228200.0, 18132.54375],
[1660314600.0, 18115.86875],
[1660401000.0, 18115.86875],
[1660487400.0, 18115.86875],
[1660573800.0, 18115.86875],
[1660660200.0, 17662.068750000002],
[1660746600.0, 20421.05625],
[1660833000.0, 22214.96625],
[1660919400.0, 22087.74875],
[1661005800.0, 22067.565000000002],
[1661092200.0, 22059.04625],
[1661178600.0, 22016.8525],
[1661265000.0, 22021.542500000003],
[1661351400.0, 21968.08],
[1661437800.0, 21990.246250000004],
[1661524200.0, 21704.79],
[1661610600.0, 21853.072500000002],
[1661697000.0, 21904.305],
[1661783400.0, 21814.22],
[1661869800.0, 21827.061250000002],
[1661956200.0, 21766.185000000005],
[1662042600.0, 21734.3525],
[1662129000.0, 21719.888750000002],
[1662215400.0, 21702.7825],
[1662301800.0, 21724.56375],
[1662388200.0, 21680.52125],
[1662474600.0, 20839.112500000003],
[1662561000.0, 20827.43375],
[1662647400.0, 20841.79],
[1662733800.0, 20900.995000000003],
[1662820200.0, 20871.20125],
[1662906600.0, 20824.146250000005],
[1662993000.0, 20927.292500000003],
[1663079400.0, 20855.08625],
[1663165800.0, 20848.753749999996],
[1663252200.0, 20734.222499999996],
[1663338600.0, 20632.658750000002],
[1663425000.0, 20599.605],
[1663511400.0, 20496.24375],
[1663597800.0, 20403.70625],
[1663684200.0, 20364.435],
[1663770600.0, 20202.5475],
[1663857000.0, 20144.37875],
[1663943400.0, 19987.295],
[1664029800.0, 19971.02625],
[1664116200.0, 19957.307500000003],
[1664202600.0, 19940.03125],
[1664289000.0, 19900.73875],
[1664375400.0, 19967.706250000003],
[1664461800.0, 20351.722500000003],
[1664548200.0, 20415.5825],
[1664634600.0, 20500.37375],
[1664717400.0, 32746.68625],
[1664803800.0, 32752.702500000007],
[1664890200.0, 32743.333749999998],
[1664976600.0, 32796.09375000001],
[1665063000.0, 32429.48375],
[1665149400.0, 32453.720000000005],
[1665235800.0, 32453.702500000003],
[1665322200.0, 32432.641250000004],
[1665408600.0, 32437.032500000005],
[1665495000.0, 32436.628750000003],
[1665581400.0, 32409.5675],
[1665667800.0, 32607.667500000003],
[1665754200.0, 32607.667500000003],
[1665840600.0, 32607.667500000003],
[1665927000.0, 32607.667500000003],
[1666013400.0, 32231.536249999997],
[1666099800.0, 32101.464999999997],
[1666186200.0, 21770.440000000002],
[1666272600.0, 21689.25],
[1666359000.0, 21689.25],
[1666445400.0, 21689.25],
[1666531800.0, 21667.701250000002],
[1666618200.0, 21462.455],
[1666704600.0, 21807.5175],
[1666791000.0, 21704.73625],
[1666877400.0, 21971.737500000003],
[1666963800.0, 23351.067499999997],
[1667050200.0, 23351.067499999997],
[1667136600.0, 23186.04625],
[1667223000.0, 23244.9025],
[1667309400.0, 23877.6925],
[1667395800.0, 23841.71125],
[1667482200.0, 24231.4075],
[1667568600.0, 24230.537500000002],
[1667655000.0, 24193.755],
[1667741400.0, 24046.44875],
[1667827800.0, 21387.0625],
[1667914200.0, 21407.567499999997],
[1668000600.0, 21574.738750000004],
[1668087000.0, 21784.887500000004],
[1668173400.0, 21809.71875],
[1668259800.0, 21809.71875],
[1668346200.0, 21905.3975],
[1668432600.0, 21978.89125],
[1668519000.0, 21849.595],
[1668605400.0, 21194.191250000003],
[1668691800.0, 21301.066250000003],
[1668778200.0, 22034.03125],
[1668864600.0, 22025.235],
[1668951000.0, 21896.015000000003],
[1669037400.0, 21971.574999999997],
[1669123800.0, 21910.893750000003],
[1669210200.0, 21933.51375],
[1669296600.0, 21923.7675],
[1669383000.0, 21905.36],
[1669469400.0, 21904.487500000003],
[1669555800.0, 21772.310000000005],
[1669642200.0, 21758.701250000002],
[1669728600.0, 21933.416250000002],
[1669815000.0, 22942.88875],
[1669901400.0, 22994.4625],
[1669987800.0, 22994.480000000003],
[1670074200.0, 22994.480000000003],
[1670160600.0, 23295.808750000004],
[1670247000.0, 23098.1625],
[1670333400.0, 23173.6],
[1670419800.0, 24268.0625],
[1670506200.0, 23391.97875],
[1670592600.0, 23374.0075],
[1670679000.0, 23374.0075],
[1670765400.0, 23185.8675],
[1670851800.0, 23300.41],
[1670938200.0, 23268.62125],
[1671024600.0, 23204.823750000003],
[1671111000.0, 23211.8175],
[1671197400.0, 23207.48625],
[1671283800.0, 23207.48625],
[1671370200.0, 23186.197500000002],
[1671456600.0, 23243.49875],
[1671543000.0, 23119.86],
[1671629400.0, 23113.57125],
[1671715800.0, 23098.318750000002],
[1671802200.0, 23436.405000000002],
[1671888600.0, 23436.403750000005],
[1671975000.0, 23524.386250000003],
[1672061400.0, 23580.35125],
[1672147800.0, 23521.526250000003],
[1672234200.0, 23570.171250000003],
[1672320600.0, 23784.572500000002],
[1672407000.0, 23958.8125],
[1672493400.0, 23958.8125],
[1672579800.0, 23958.8125],
[1672666200.0, 23914.082500000004],
[1672752600.0, 23988.94625],
[1672839000.0, 24014.955],
[1672925400.0, 24165.95625],
[1673011800.0, 24165.95625],
[1673098200.0, 24165.947500000002],
[1673184600.0, 24396.0225],
[1673271000.0, 24369.02375],
[1673357400.0, 24386.77125],
[1673443800.0, 24530.35875],
[1673530200.0, 24643.535000000003],
[1673616600.0, 24596.933750000004],
[1673703000.0, 24596.933750000004],
[1673789400.0, 24490.153749999998],
[1673875800.0, 24345.13375],
[1673962200.0, 24452.981250000004],
[1674048600.0, 24718.103750000002],
[1674135000.0, 24673.29625],
[1674221400.0, 24686.395],
[1674307800.0, 24684.331250000003],
[1674394200.0, 24684.331250000003],
[1674480600.0, 24682.487500000003],
[1674567000.0, 24682.487500000003],
[1674653400.0, 24682.487500000003],
[1674739800.0, 24682.487500000003],
[1674826200.0, 24682.487500000003],
[1674912600.0, 24676.975],
[1674999000.0, 24791.70375],
[1675085400.0, 24784.98375],
[1675171800.0, 24828.88875],
[1675258200.0, 24888.61875],
[1675344600.0, 24880.4825],
[1675431000.0, 24151.940000000002],
[1675517400.0, 24151.940000000002],
[1675603800.0, 24084.375],
[1675690200.0, 24088.985],
[1675776600.0, 24100.69625],
[1675863000.0, 24102.472500000003],
[1675949400.0, 24102.472500000003],
