[1635773400.0, 2.47],
[1635859800.0, 2.5549999999999997],
[1635946200.0, 2.585],
[1636032600.0, 2.545],
[1636119000.0, 2.51],
[1636205400.0, 2.4250000000000003],
[1636291800.0, 2.3899999999999997],
[1636378200.0, 2.4000000000000004],
[1636464600.0, 2.505],
[1636551000.0, 2.525],
[1636637400.0, 2.79],
[1636723800.0, 3],
[1636810200.0, 2.9800000000000004],
[1636896600.0, 2.915],
[1636983000.0, 2.885],
[1637069400.0, 2.885],
[1637155800.0, 2.89],
[1637242200.0, 2.9850000000000003],
[1637328600.0, 3.08],
[1637415000.0, 3.0250000000000004],
[1637501400.0, 3.045],
[1637587800.0, 3.1100000000000003],
[1637674200.0, 3.09],
[1637760600.0, 2.995],
[1637847000.0, 2.845],
[1637933400.0, 2.8],
[1638019800.0, 2.8],
[1638106200.0, 2.605],
[1638192600.0, 2.6399999999999997],
[1638279000.0, 2.64],
[1638365400.0, 2.615],
[1638451800.0, 2.7700000000000005],
[1638538200.0, 2.7550000000000003],
[1638624600.0, 2.715],
[1638711000.0, 2.975],
[1638797400.0, 3.225],
[1638883800.0, 3.225],
[1638970200.0, 3.17],
[1639056600.0, 3.13],
[1639143000.0, 3.0250000000000004],
[1639229400.0, 2.865],
[1639315800.0, 2.745],
[1639402200.0, 2.685],
[1639488600.0, 2.6350000000000002],
[1639575000.0, 3.04],
[1639661400.0, 2.9850000000000003],
[1639747800.0, 2.95],
[1639834200.0, 3.085],
[1639920600.0, 3.08],
[1640007000.0, 3.12],
[1640093400.0, 3.255],
[1640179800.0, 3.2],
[1640266200.0, 3.1550000000000002],
[1640352600.0, 3.165],
[1640439000.0, 3.145],
[1640525400.0, 3.0999999999999996],
[1640611800.0, 3.16],
[1640698200.0, 3.16],
[1640784600.0, 3.1100000000000003],
[1640871000.0, 3.1100000000000003],
[1640957400.0, 3.065],
[1641043800.0, 3.0250000000000004],
[1641130200.0, 2.9699999999999998],
[1641216600.0, 2.8150000000000004],
[1641303000.0, 2.855],
[1641389400.0, 2.8850000000000002],
[1641475800.0, 2.9699999999999998],
[1641562200.0, 2.9000000000000004],
[1641648600.0, 2.845],
[1641735000.0, 2.8000000000000003],
[1641821400.0, 2.7350000000000003],
[1641907800.0, 2.675],
[1641994200.0, 2.6550000000000002],
[1642080600.0, 2.67],
[1642167000.0, 2.6550000000000002],
[1642253400.0, 2.665],
[1642339800.0, 2.615],
[1642426200.0, 2.6100000000000003],
[1642512600.0, 2.5700000000000003],
[1642599000.0, 2.545],
[1642685400.0, 2.5500000000000003],
[1642771800.0, 2.6450000000000005],
[1642858200.0, 2.785],
[1642944600.0, 2.7750000000000004],
[1643031000.0, 2.79],
[1643117400.0, 2.8000000000000003],
[1643203800.0, 2.825],
[1643290200.0, 2.795],
[1643376600.0, 2.96],
[1643463000.0, 2.89],
[1643549400.0, 2.96],
[1643635800.0, 2.96],
[1643722200.0, 2.96],
[1643808600.0, 2.72],
[1643895000.0, 2.75],
[1643981400.0, 2.66],
[1644067800.0, 2.67],
[1644154200.0, 2.8100000000000005],
[1644240600.0, 2.825],
[1644327000.0, 2.7750000000000004],
[1644413400.0, 2.6950000000000003],
[1644499800.0, 2.73],
[1644586200.0, 2.6950000000000003],
[1644672600.0, 2.75],
[1644759000.0, 2.89],
[1644845400.0, 2.875],
[1644931800.0, 2.875],
[1645018200.0, 2.89],
[1645104600.0, 2.8499999999999996],
[1645191000.0, 2.795],
[1645277400.0, 2.7800000000000002],
[1645363800.0, 2.685],
[1645450200.0, 2.6900000000000004],
[1645536600.0, 2.7300000000000004],
[1645623000.0, 2.7300000000000004],
[1645709400.0, 2.5949999999999998],
[1645795800.0, 2.575],
[1645882200.0, 2.5700000000000003],
[1645968600.0, 2.56],
[1646055000.0, 2.6550000000000002],
[1646141400.0, 2.635],
[1646227800.0, 2.5],
[1646314200.0, 2.46],
[1646400600.0, 2.47],
[1646487000.0, 2.51],
[1646573400.0, 2.6900000000000004],
[1646659800.0, 2.715],
[1646746200.0, 2.745],
[1646832600.0, 2.755],
[1646919000.0, 2.69],
[1647005400.0, 2.85],
[1647091800.0, 2.85],
[1647178200.0, 2.845],
[1647264600.0, 2.785],
[1647351000.0, 2.605],
[1647437400.0, 2.675],
[1647523800.0, 2.6900000000000004],
[1647610200.0, 2.67],
[1647696600.0, 2.6950000000000003],
[1647783000.0, 2.6450000000000005],
[1647869400.0, 2.6950000000000003],
[1647955800.0, 2.7600000000000002],
[1648042200.0, 2.79],
[1648128600.0, 2.7],
[1648215000.0, 2.6750000000000003],
[1648301400.0, 2.6500000000000004],
[1648387800.0, 2.62],
[1648474200.0, 2.6450000000000005],
[1648560600.0, 2.6350000000000002],
[1648647000.0, 2.6900000000000004],
[1648733400.0, 2.665],
[1648819800.0, 2.5900000000000003],
[1648906200.0, 2.58],
[1648996200.0, 2.64],
[1649082600.0, 2.64],
[1649169000.0, 2.7500000000000004],
[1649255400.0, 2.71],
[1649341800.0, 2.75],
[1649428200.0, 2.7199999999999998],
[1649514600.0, 2.755],
[1649601000.0, 2.755],
[1649687400.0, 2.755],
[1649773800.0, 2.755],
[1649860200.0, 2.755],
[1649946600.0, 2.835],
[1650033000.0, 2.835],
[1650119400.0, 2.75],
[1650205800.0, 2.7],
[1650292200.0, 2.6050000000000004],
[1650378600.0, 2.615],
[1650465000.0, 2.58],
[1650551400.0, 2.58],
[1650637800.0, 2.58],
[1650724200.0, 2.6050000000000004],
[1650810600.0, 2.6],
[1650897000.0, 2.615],
[1650983400.0, 2.545],
[1651069800.0, 3.3200000000000003],
[1651156200.0, 3.16],
[1651242600.0, 2.895],
[1651329000.0, 2.705],
[1651415400.0, 2.6050000000000004],
[1651501800.0, 2.5650000000000004],
[1651588200.0, 2.54],
[1651674600.0, 2.51],
[1651761000.0, 2.47],
[1651847400.0, 2.3449999999999998],
[1651933800.0, 2.3200000000000003],
[1652020200.0, 2.205],
[1652106600.0, 2.1900000000000004],
[1652193000.0, 2.155],
[1652279400.0, 2.015],
[1652365800.0, 2.04],
[1652452200.0, 2.035],
[1652538600.0, 2.085],
[1652625000.0, 2.035],
[1652711400.0, 2.06],
[1652797800.0, 2.2100000000000004],
[1652884200.0, 2.17],
[1652970600.0, 2.245],
[1653057000.0, 2.245],
[1653143400.0, 2.14],
[1653229800.0, 2.1350000000000002],
[1653316200.0, 2.235],
[1653402600.0, 2.265],
[1653489000.0, 2.335],
[1653575400.0, 2.305],
[1653661800.0, 2.295],
[1653748200.0, 2.3350000000000004],
[1653834600.0, 2.365],
[1653921000.0, 2.425],
[1654007400.0, 2.4050000000000002],
[1654093800.0, 2.3899999999999997],
[1654180200.0, 2.49],
[1654266600.0, 2.4850000000000003],
[1654353000.0, 2.495],
[1654439400.0, 2.4450000000000003],
[1654525800.0, 2.4750000000000005],
[1654612200.0, 2.485],
[1654698600.0, 2.4699999999999998],
[1654785000.0, 2.6100000000000003],
[1654871400.0, 2.52],
[1654957800.0, 2.475],
[1655044200.0, 2.3949999999999996],
[1655130600.0, 2.3899999999999997],
[1655217000.0, 2.425],
[1655303400.0, 2.285],
[1655389800.0, 2.29],
[1655476200.0, 2.355],
[1655562600.0, 2.375],
[1655649000.0, 2.3550000000000004],
[1655735400.0, 2.455],
[1655821800.0, 2.41],
[1655908200.0, 2.4650000000000003],
[1655994600.0, 2.42],
[1656081000.0, 2.3850000000000002],
[1656167400.0, 2.335],
[1656253800.0, 2.3850000000000002],
[1656340200.0, 2.33],
[1656426600.0, 2.345],
[1656513000.0, 2.33],
[1656599400.0, 2.31],
[1656685800.0, 2.245],
[1656772200.0, 2.375],
[1656858600.0, 2.3000000000000003],
[1656945000.0, 2.33],
[1657031400.0, 2.3200000000000003],
[1657117800.0, 2.335],
[1657204200.0, 2.3400000000000003],
[1657290600.0, 2.26],
[1657377000.0, 2.3899999999999997],
[1657463400.0, 2.5],
[1657549800.0, 2.515],
[1657636200.0, 2.47],
[1657722600.0, 2.3899999999999997],
[1657809000.0, 2.49],
[1657895400.0, 2.47],
[1657981800.0, 2.4750000000000005],
[1658068200.0, 2.44],
[1658154600.0, 2.435],
[1658241000.0, 2.4400000000000004],
[1658327400.0, 2.395],
[1658413800.0, 2.38],
[1658500200.0, 3.1],
[1658586600.0, 3.41],
[1658673000.0, 3.31],
[1658759400.0, 3.2350000000000003],
[1658845800.0, 3.1850000000000005],
[1658932200.0, 3.1550000000000002],
[1659018600.0, 3.14],
[1659105000.0, 3.055],
[1659191400.0, 3.035],
[1659277800.0, 2.7700000000000005],
[1659364200.0, 2.74],
[1659450600.0, 2.9050000000000002],
[1659537000.0, 2.8],
[1659623400.0, 2.87],
[1659709800.0, 2.8200000000000003],
[1659796200.0, 2.7750000000000004],
[1659882600.0, 2.6800000000000006],
[1659969000.0, 2.66],
[1660055400.0, 2.67],
[1660141800.0, 2.71],
[1660228200.0, 2.865],
[1660314600.0, 2.8550000000000004],
[1660401000.0, 2.8550000000000004],
[1660487400.0, 2.8550000000000004],
[1660573800.0, 2.8550000000000004],
[1660660200.0, 2.83],
[1660746600.0, 2.8550000000000004],
[1660833000.0, 2.885],
[1660919400.0, 2.8550000000000004],
[1661005800.0, 2.8049999999999997],
[1661092200.0, 2.75],
[1661178600.0, 2.635],
[1661265000.0, 2.505],
[1661351400.0, 2.4450000000000003],
[1661437800.0, 2.41],
[1661524200.0, 2.41],
[1661610600.0, 2.4050000000000002],
[1661697000.0, 2.37],
[1661783400.0, 2.2800000000000002],
[1661869800.0, 2.2350000000000003],
[1661956200.0, 2.2250000000000005],
[1662042600.0, 2.21],
[1662129000.0, 2.24],
[1662215400.0, 2.355],
[1662301800.0, 2.4250000000000003],
[1662388200.0, 2.3600000000000003],
[1662474600.0, 2.385],
[1662561000.0, 2.42],
[1662647400.0, 2.455],
[1662733800.0, 2.43],
[1662820200.0, 2.425],
[1662906600.0, 2.435],
[1662993000.0, 2.4050000000000002],
[1663079400.0, 2.4250000000000003],
[1663165800.0, 2.455],
[1663252200.0, 2.24],
[1663338600.0, 2.765],
[1663425000.0, 2.77],
[1663511400.0, 2.7199999999999998],
[1663597800.0, 2.67],
[1663684200.0, 2.8200000000000003],
[1663770600.0, 2.765],
[1663857000.0, 2.75],
[1663943400.0, 2.8200000000000003],
[1664029800.0, 2.7800000000000002],
[1664116200.0, 2.6950000000000003],
[1664202600.0, 2.725],
[1664289000.0, 2.675],
[1664375400.0, 2.62],
[1664461800.0, 2.61],
[1664548200.0, 2.6],
[1664634600.0, 2.5850000000000004],
[1664717400.0, 2.545],
[1664803800.0, 2.535],
[1664890200.0, 2.9400000000000004],
[1664976600.0, 2.9400000000000004],
[1665063000.0, 2.895],
[1665149400.0, 2.875],
[1665235800.0, 2.865],
[1665322200.0, 2.8500000000000005],
[1665408600.0, 2.87],
[1665495000.0, 2.8200000000000003],
[1665581400.0, 2.83],
[1665667800.0, 3.25],
[1665754200.0, 3.185],
[1665840600.0, 3.1400000000000006],
[1665927000.0, 3.08],
[1666013400.0, 3.1050000000000004],
[1666099800.0, 3.3449999999999998],
[1666186200.0, 3.17],
[1666272600.0, 3.205],
[1666359000.0, 3.27],
[1666445400.0, 3.125],
[1666531800.0, 2.99],
[1666618200.0, 3.125],
[1666704600.0, 3.3049999999999997],
[1666791000.0, 3.27],
[1666877400.0, 3.2100000000000004],
[1666963800.0, 3.1550000000000002],
[1667050200.0, 3.16],
[1667136600.0, 3.1900000000000004],
[1667223000.0, 3.185],
[1667309400.0, 3.1500000000000004],
[1667395800.0, 3.165],
[1667482200.0, 3.2349999999999994],
[1667568600.0, 3.935],
[1667655000.0, 4.62],
[1667741400.0, 8.165],
[1667827800.0, 8.559999999999999],
[1667914200.0, 7.85],
[1668000600.0, 8.120000000000001],
[1668087000.0, 9.065],
[1668173400.0, 9.425],
[1668259800.0, 8.375],
[1668346200.0, 8.925],
[1668432600.0, 7.9350000000000005],
[1668519000.0, 7.41],
[1668605400.0, 5.355],
[1668691800.0, 5.165],
[1668778200.0, 5.805],
[1668864600.0, 5.925000000000001],
[1668951000.0, 5.7],
[1669037400.0, 5.75],
[1669123800.0, 6.3],
[1669210200.0, 6.42],
[1669296600.0, 5.96],
[1669383000.0, 5.695],
[1669469400.0, 5.345000000000001],
[1669555800.0, 5.585],
[1669642200.0, 5.505000000000001],
[1669728600.0, 5.7250000000000005],
[1669815000.0, 6.02],
[1669901400.0, 6.569999999999999],
[1669987800.0, 6.895],
[1670074200.0, 7.015000000000001],
[1670160600.0, 7.025],
[1670247000.0, 7.1899999999999995],
[1670333400.0, 6.93],
[1670419800.0, 6.905000000000001],
[1670506200.0, 6.835],
[1670592600.0, 6.574999999999999],
[1670679000.0, 6.3149999999999995],
[1670765400.0, 6.085],
[1670851800.0, 5.795],
[1670938200.0, 5.465],
[1671024600.0, 4.99],
[1671111000.0, 5.265],
[1671197400.0, 4.9399999999999995],
[1671283800.0, 4.58],
[1671370200.0, 4.085],
[1671456600.0, 3.885],
[1671543000.0, 4.91],
[1671629400.0, 4.675],
[1671715800.0, 4.515],
[1671802200.0, 4.08],
[1671888600.0, 3.8550000000000004],
[1671975000.0, 3.8600000000000003],
[1672061400.0, 4.015000000000001],
[1672147800.0, 3.955],
[1672234200.0, 3.825],
[1672320600.0, 3.705],
[1672407000.0, 3.89],
[1672493400.0, 3.7300000000000004],
[1672579800.0, 3.745],
[1672666200.0, 3.88],
[1672752600.0, 3.8049999999999997],
[1672839000.0, 3.7250000000000005],
[1672925400.0, 3.585],
[1673011800.0, 3.7800000000000002],
[1673098200.0, 3.7],
[1673184600.0, 3.7600000000000007],
[1673271000.0, 3.775],
[1673357400.0, 3.745],
[1673443800.0, 3.73],
[1673530200.0, 3.825],
[1673616600.0, 4.6850000000000005],
[1673703000.0, 4.24],
[1673789400.0, 4.275],
[1673875800.0, 4.17],
[1673962200.0, 3.9849999999999994],
[1674048600.0, 3.925],
[1674135000.0, 3.8800000000000003],
[1674221400.0, 3.6850000000000005],
[1674307800.0, 3.4650000000000003],
[1674394200.0, 3.3550000000000004],
[1674480600.0, 3.375],
[1674567000.0, 3.245],
[1674653400.0, 3.17],
[1674739800.0, 3.17],
[1674826200.0, 3.1500000000000004],
[1674912600.0, 3.055],
[1674999000.0, 3.01],
[1675085400.0, 3.01],
[1675171800.0, 3.1850000000000005],
[1675258200.0, 3.1550000000000002],
[1675344600.0, 3.1350000000000007],
[1675431000.0, 3.12],
[1675517400.0, 3.0450000000000004],
[1675603800.0, 3.04],
[1675690200.0, 3.1],
[1675776600.0, 3.0949999999999998],
[1675863000.0, 3.1050000000000004],
[1675949400.0, 3.1050000000000004],
