[1635773400.0, 0.5025000000000001],
[1635859800.0, 0.5049999999999999],
[1635946200.0, 0.5299999999999999],
[1636032600.0, 0.5841666666666667],
[1636119000.0, 0.5791666666666667],
[1636205400.0, 0.5750000000000001],
[1636291800.0, 0.5591666666666667],
[1636378200.0, 0.5683333333333332],
[1636464600.0, 0.5625000000000001],
[1636551000.0, 0.5508333333333335],
[1636637400.0, 0.545],
[1636723800.0, 0.5458333333333333],
[1636810200.0, 0.5741666666666666],
[1636896600.0, 0.5633333333333334],
[1636983000.0, 0.5658333333333333],
[1637069400.0, 0.5599999999999999],
[1637155800.0, 0.5633333333333334],
[1637242200.0, 0.5683333333333334],
[1637328600.0, 0.5974999999999999],
[1637415000.0, 0.6108333333333333],
[1637501400.0, 0.5941666666666666],
[1637587800.0, 0.5616666666666668],
[1637674200.0, 0.5575000000000001],
[1637760600.0, 0.5533333333333333],
[1637847000.0, 0.5549999999999998],
[1637933400.0, 0.5908333333333332],
[1638019800.0, 0.5783333333333333],
[1638106200.0, 0.5724999999999999],
[1638192600.0, 0.5666666666666668],
[1638279000.0, 0.5341666666666668],
[1638365400.0, 0.5391666666666668],
[1638451800.0, 0.5275000000000001],
[1638538200.0, 0.5299999999999999],
[1638624600.0, 0.5491666666666666],
[1638711000.0, 0.5441666666666665],
[1638797400.0, 0.5358333333333333],
[1638883800.0, 0.525],
[1638970200.0, 0.5175000000000002],
[1639056600.0, 0.5266666666666667],
[1639143000.0, 0.5391666666666667],
[1639229400.0, 0.5258333333333334],
[1639315800.0, 0.5341666666666666],
[1639402200.0, 0.5225000000000001],
[1639488600.0, 0.5666666666666667],
[1639575000.0, 0.5816666666666668],
[1639661400.0, 0.58],
[1639747800.0, 0.5883333333333333],
[1639834200.0, 0.5891666666666667],
[1639920600.0, 0.5633333333333335],
[1640007000.0, 0.5766666666666667],
[1640093400.0, 0.5791666666666666],
[1640179800.0, 0.5816666666666667],
[1640266200.0, 0.5841666666666667],
[1640352600.0, 0.5874999999999999],
[1640439000.0, 0.5858333333333333],
[1640525400.0, 0.5858333333333333],
[1640611800.0, 0.6208333333333333],
[1640698200.0, 0.6],
[1640784600.0, 0.5958333333333333],
[1640871000.0, 0.5916666666666667],
[1640957400.0, 0.59],
[1641043800.0, 0.6024999999999999],
[1641130200.0, 0.6033333333333332],
[1641216600.0, 0.6141666666666666],
[1641303000.0, 0.6166666666666666],
[1641389400.0, 0.5858333333333333],
[1641475800.0, 0.5650000000000001],
[1641562200.0, 0.5591666666666667],
[1641648600.0, 0.5758333333333334],
[1641735000.0, 0.6008333333333333],
[1641821400.0, 0.6166666666666666],
[1641907800.0, 0.5733333333333334],
[1641994200.0, 0.6191666666666668],
[1642080600.0, 0.6208333333333335],
[1642167000.0, 0.6241666666666669],
[1642253400.0, 0.6233333333333334],
[1642339800.0, 0.6291666666666668],
[1642426200.0, 0.6266666666666668],
[1642512600.0, 0.6558333333333334],
[1642599000.0, 0.6383333333333333],
[1642685400.0, 0.655],
[1642771800.0, 0.6433333333333332],
[1642858200.0, 0.635],
[1642944600.0, 0.6],
[1643031000.0, 0.6],
[1643117400.0, 0.5958333333333333],
[1643203800.0, 0.6091666666666667],
[1643290200.0, 0.6308333333333334],
[1643376600.0, 0.6208333333333335],
[1643463000.0, 0.6425000000000001],
[1643549400.0, 0.6291666666666667],
[1643635800.0, 0.6291666666666667],
[1643722200.0, 0.6291666666666667],
[1643808600.0, 0.6108333333333333],
[1643895000.0, 0.5874999999999999],
[1643981400.0, 0.5833333333333333],
[1644067800.0, 0.5850000000000001],
[1644154200.0, 0.5716666666666667],
[1644240600.0, 0.5624999999999999],
[1644327000.0, 0.5425000000000001],
[1644413400.0, 0.5583333333333335],
[1644499800.0, 0.5741666666666666],
[1644586200.0, 0.5633333333333334],
[1644672600.0, 0.5733333333333334],
[1644759000.0, 0.5724999999999999],
[1644845400.0, 0.5891666666666667],
[1644931800.0, 0.5850000000000001],
[1645018200.0, 0.6075],
[1645104600.0, 0.6141666666666666],
[1645191000.0, 0.5908333333333333],
[1645277400.0, 0.5933333333333334],
[1645363800.0, 0.57],
[1645450200.0, 0.5666666666666668],
[1645536600.0, 0.5649999999999998],
[1645623000.0, 0.5658333333333334],
[1645709400.0, 0.5616666666666665],
[1645795800.0, 0.5833333333333333],
[1645882200.0, 0.5941666666666666],
[1645968600.0, 0.6016666666666667],
[1646055000.0, 0.6241666666666668],
[1646141400.0, 0.6116666666666667],
[1646227800.0, 0.6066666666666668],
[1646314200.0, 0.6133333333333334],
[1646400600.0, 0.6050000000000001],
[1646487000.0, 0.6124999999999999],
[1646573400.0, 0.6291666666666667],
[1646659800.0, 0.6258333333333334],
[1646746200.0, 0.6116666666666666],
[1646832600.0, 0.5983333333333335],
[1646919000.0, 0.5933333333333334],
[1647005400.0, 0.5950000000000001],
[1647091800.0, 0.5891666666666666],
[1647178200.0, 0.5499999999999999],
[1647264600.0, 0.5783333333333335],
[1647351000.0, 0.5583333333333332],
[1647437400.0, 0.5683333333333334],
[1647523800.0, 0.5808333333333334],
[1647610200.0, 0.5658333333333332],
[1647696600.0, 0.5850000000000001],
[1647783000.0, 0.6],
[1647869400.0, 0.6041666666666665],
[1647955800.0, 0.6024999999999999],
[1648042200.0, 0.5841666666666666],
[1648128600.0, 0.5775000000000001],
[1648215000.0, 0.5675],
[1648301400.0, 0.58],
[1648387800.0, 0.5558333333333333],
[1648474200.0, 0.5725],
[1648560600.0, 0.5766666666666667],
[1648647000.0, 0.6],
[1648733400.0, 0.6000000000000001],
[1648819800.0, 0.5891666666666666],
[1648906200.0, 0.5733333333333334],
[1648996200.0, 0.5908333333333334],
[1649082600.0, 0.5825],
[1649169000.0, 0.5925],
[1649255400.0, 0.5966666666666668],
[1649341800.0, 0.5941666666666666],
[1649428200.0, 0.6108333333333335],
[1649514600.0, 0.6091666666666665],
[1649601000.0, 0.6091666666666665],
[1649687400.0, 0.6091666666666665],
[1649773800.0, 0.6091666666666665],
[1649860200.0, 0.6091666666666665],
[1649946600.0, 0.6608333333333333],
[1650033000.0, 0.6549999999999999],
[1650119400.0, 0.6366666666666666],
[1650205800.0, 0.62],
[1650292200.0, 0.5724999999999999],
[1650378600.0, 0.5875],
[1650465000.0, 0.5675],
[1650551400.0, 0.5675],
[1650637800.0, 0.5675],
[1650724200.0, 0.5375000000000001],
[1650810600.0, 0.5233333333333333],
[1650897000.0, 0.5241666666666668],
[1650983400.0, 0.5266666666666666],
[1651069800.0, 0.5258333333333333],
[1651156200.0, 0.5091666666666667],
[1651242600.0, 0.5241666666666667],
[1651329000.0, 0.5141666666666667],
[1651415400.0, 0.5091666666666667],
[1651501800.0, 0.5033333333333333],
[1651588200.0, 0.5],
[1651674600.0, 0.5008333333333332],
[1651761000.0, 0.48999999999999994],
[1651847400.0, 0.4933333333333334],
[1651933800.0, 0.49583333333333335],
[1652020200.0, 0.4791666666666666],
[1652106600.0, 0.4808333333333334],
[1652193000.0, 0.4825],
[1652279400.0, 0.4641666666666668],
[1652365800.0, 0.4708333333333335],
[1652452200.0, 0.47333333333333333],
[1652538600.0, 0.46833333333333327],
[1652625000.0, 0.47083333333333327],
[1652711400.0, 0.46666666666666673],
[1652797800.0, 0.47],
[1652884200.0, 0.49750000000000005],
[1652970600.0, 0.49750000000000005],
[1653057000.0, 0.5008333333333334],
[1653143400.0, 0.49666666666666676],
[1653229800.0, 0.4983333333333333],
[1653316200.0, 0.49750000000000005],
[1653402600.0, 0.5100000000000001],
[1653489000.0, 0.5116666666666666],
[1653575400.0, 0.5025],
[1653661800.0, 0.5175],
[1653748200.0, 0.5216666666666666],
[1653834600.0, 0.5275],
[1653921000.0, 0.525],
[1654007400.0, 0.5291666666666668],
[1654093800.0, 0.5233333333333333],
[1654180200.0, 0.5358333333333334],
[1654266600.0, 0.5433333333333334],
[1654353000.0, 0.5650000000000001],
[1654439400.0, 0.5733333333333334],
[1654525800.0, 0.5683333333333334],
[1654612200.0, 0.5591666666666667],
[1654698600.0, 0.555],
[1654785000.0, 0.5375],
[1654871400.0, 0.5541666666666666],
[1654957800.0, 0.5650000000000001],
[1655044200.0, 0.5766666666666668],
[1655130600.0, 0.5750000000000001],
[1655217000.0, 0.5683333333333334],
[1655303400.0, 0.5741666666666667],
[1655389800.0, 0.5766666666666668],
[1655476200.0, 0.5941666666666666],
[1655562600.0, 0.59],
[1655649000.0, 0.6091666666666665],
[1655735400.0, 0.6049999999999999],
[1655821800.0, 0.5916666666666667],
[1655908200.0, 0.5841666666666666],
[1655994600.0, 0.59],
[1656081000.0, 0.59],
[1656167400.0, 0.6008333333333333],
[1656253800.0, 0.5858333333333333],
[1656340200.0, 0.5875000000000001],
[1656426600.0, 0.6058333333333334],
[1656513000.0, 0.6416666666666666],
[1656599400.0, 0.6224999999999999],
[1656685800.0, 0.6016666666666667],
[1656772200.0, 0.5900000000000002],
[1656858600.0, 0.6091666666666667],
[1656945000.0, 0.6175],
[1657031400.0, 0.6291666666666665],
[1657117800.0, 0.63],
[1657204200.0, 0.6266666666666666],
[1657290600.0, 0.6133333333333332],
[1657377000.0, 0.5966666666666668],
[1657463400.0, 0.6066666666666668],
[1657549800.0, 0.6191666666666666],
[1657636200.0, 0.6133333333333333],
[1657722600.0, 0.5825000000000001],
[1657809000.0, 0.58],
[1657895400.0, 0.6566666666666667],
[1657981800.0, 0.67],
[1658068200.0, 0.6191666666666666],
[1658154600.0, 0.5925000000000001],
[1658241000.0, 0.5900000000000001],
[1658327400.0, 0.5833333333333334],
[1658413800.0, 0.6008333333333334],
[1658500200.0, 0.5908333333333334],
[1658586600.0, 0.6191666666666668],
[1658673000.0, 0.5991666666666667],
[1658759400.0, 0.5541666666666666],
[1658845800.0, 0.5233333333333333],
[1658932200.0, 0.5258333333333334],
[1659018600.0, 0.53],
[1659105000.0, 0.5191666666666667],
[1659191400.0, 0.5075],
[1659277800.0, 0.5000000000000001],
[1659364200.0, 0.5066666666666667],
[1659450600.0, 0.5191666666666667],
[1659537000.0, 0.5091666666666667],
[1659623400.0, 0.5199999999999999],
[1659709800.0, 0.5199999999999999],
[1659796200.0, 0.5199999999999999],
[1659882600.0, 0.5158333333333333],
[1659969000.0, 0.5166666666666667],
[1660055400.0, 0.5316666666666667],
[1660141800.0, 0.5650000000000001],
[1660228200.0, 0.5733333333333334],
[1660314600.0, 0.5633333333333334],
[1660401000.0, 0.5633333333333334],
[1660487400.0, 0.5633333333333334],
[1660573800.0, 0.5633333333333334],
[1660660200.0, 0.6141666666666667],
[1660746600.0, 0.6050000000000001],
[1660833000.0, 0.61],
[1660919400.0, 0.6016666666666667],
[1661005800.0, 0.5641666666666667],
[1661092200.0, 0.5700000000000001],
[1661178600.0, 0.5483333333333333],
[1661265000.0, 0.5241666666666667],
[1661351400.0, 0.5566666666666666],
[1661437800.0, 0.5641666666666666],
[1661524200.0, 0.5466666666666667],
[1661610600.0, 0.5383333333333332],
[1661697000.0, 0.5291666666666667],
[1661783400.0, 0.5316666666666666],
[1661869800.0, 0.52],
[1661956200.0, 0.5466666666666667],
[1662042600.0, 0.5583333333333333],
[1662129000.0, 0.5325000000000001],
[1662215400.0, 0.5458333333333335],
[1662301800.0, 0.5733333333333334],
[1662388200.0, 0.6000000000000002],
[1662474600.0, 0.5900000000000001],
[1662561000.0, 0.5933333333333334],
[1662647400.0, 0.5833333333333334],
[1662733800.0, 0.5841666666666666],
[1662820200.0, 0.5616666666666666],
[1662906600.0, 0.5491666666666666],
[1662993000.0, 0.5541666666666667],
[1663079400.0, 0.5558333333333334],
[1663165800.0, 0.6041666666666667],
[1663252200.0, 0.6083333333333334],
[1663338600.0, 0.6016666666666667],
[1663425000.0, 0.6250000000000001],
[1663511400.0, 0.6241666666666668],
[1663597800.0, 0.6558333333333333],
[1663684200.0, 0.6441666666666667],
[1663770600.0, 0.6525000000000002],
[1663857000.0, 0.6333333333333333],
[1663943400.0, 0.6858333333333334],
[1664029800.0, 0.7050000000000001],
[1664116200.0, 0.6875],
[1664202600.0, 0.6674999999999999],
[1664289000.0, 0.6625],
[1664375400.0, 0.62],
[1664461800.0, 0.6508333333333335],
[1664548200.0, 0.6641666666666667],
[1664634600.0, 0.6308333333333334],
[1664717400.0, 0.6216666666666666],
[1664803800.0, 0.6233333333333332],
[1664890200.0, 0.6208333333333332],
[1664976600.0, 0.6308333333333334],
[1665063000.0, 0.6266666666666666],
[1665149400.0, 0.6333333333333333],
[1665235800.0, 0.6316666666666666],
[1665322200.0, 0.6075],
[1665408600.0, 0.6033333333333334],
[1665495000.0, 0.5933333333333333],
[1665581400.0, 0.5941666666666666],
[1665667800.0, 0.6649999999999999],
[1665754200.0, 0.6591666666666667],
[1665840600.0, 0.6641666666666667],
[1665927000.0, 0.6233333333333334],
[1666013400.0, 0.6150000000000001],
[1666099800.0, 0.6691666666666666],
[1666186200.0, 0.7175000000000001],
[1666272600.0, 0.6616666666666665],
[1666359000.0, 0.6183333333333333],
[1666445400.0, 0.6166666666666666],
[1666531800.0, 0.6249999999999999],
[1666618200.0, 0.6391666666666665],
[1666704600.0, 0.6625],
[1666791000.0, 0.6966666666666668],
[1666877400.0, 0.6574999999999999],
[1666963800.0, 0.6741666666666668],
[1667050200.0, 0.6391666666666668],
[1667136600.0, 0.625],
[1667223000.0, 0.6341666666666667],
[1667309400.0, 0.6733333333333335],
[1667395800.0, 0.6625],
[1667482200.0, 0.6683333333333334],
[1667568600.0, 0.6666666666666666],
[1667655000.0, 0.7141666666666665],
[1667741400.0, 1.0558333333333334],
[1667827800.0, 1.0558333333333332],
[1667914200.0, 0.9275000000000002],
[1668000600.0, 1.0658333333333334],
[1668087000.0, 1.0925],
[1668173400.0, 1.1033333333333333],
[1668259800.0, 1.0333333333333334],
[1668346200.0, 0.9466666666666668],
[1668432600.0, 0.8691666666666668],
[1668519000.0, 0.7058333333333335],
[1668605400.0, 0.6608333333333335],
[1668691800.0, 0.5908333333333333],
[1668778200.0, 0.5716666666666668],
[1668864600.0, 0.6166666666666666],
[1668951000.0, 0.6041666666666666],
[1669037400.0, 0.6358333333333334],
[1669123800.0, 0.6533333333333333],
[1669210200.0, 0.64],
[1669296600.0, 0.6025],
[1669383000.0, 0.6033333333333335],
[1669469400.0, 0.5825],
[1669555800.0, 0.5616666666666666],
[1669642200.0, 0.5616666666666666],
[1669728600.0, 0.5966666666666667],
[1669815000.0, 0.5941666666666666],
[1669901400.0, 0.6124999999999999],
[1669987800.0, 0.7183333333333333],
[1670074200.0, 0.7266666666666667],
[1670160600.0, 0.7208333333333333],
[1670247000.0, 0.7191666666666666],
[1670333400.0, 0.7208333333333333],
[1670419800.0, 0.6999999999999998],
[1670506200.0, 0.6708333333333333],
[1670592600.0, 0.6483333333333333],
[1670679000.0, 0.5933333333333334],
[1670765400.0, 0.5583333333333335],
[1670851800.0, 0.5508333333333334],
[1670938200.0, 0.5516666666666666],
[1671024600.0, 0.5241666666666667],
[1671111000.0, 0.47833333333333333],
[1671197400.0, 0.4641666666666666],
[1671283800.0, 0.44500000000000006],
[1671370200.0, 0.41250000000000003],
[1671456600.0, 0.4133333333333334],
[1671543000.0, 0.4091666666666667],
[1671629400.0, 0.4291666666666667],
[1671715800.0, 0.4133333333333333],
[1671802200.0, 0.3991666666666666],
[1671888600.0, 0.38083333333333336],
[1671975000.0, 0.3741666666666666],
[1672061400.0, 0.3658333333333334],
[1672147800.0, 0.3591666666666667],
[1672234200.0, 0.35166666666666674],
[1672320600.0, 0.3491666666666666],
[1672407000.0, 0.3366666666666667],
[1672493400.0, 0.3499999999999999],
[1672579800.0, 0.3633333333333333],
[1672666200.0, 0.35250000000000004],
[1672752600.0, 0.35666666666666663],
[1672839000.0, 0.34500000000000014],
[1672925400.0, 0.3433333333333333],
[1673011800.0, 0.33749999999999997],
[1673098200.0, 0.34416666666666673],
[1673184600.0, 0.35666666666666663],
[1673271000.0, 0.36333333333333334],
[1673357400.0, 0.3733333333333333],
[1673443800.0, 0.3691666666666667],
[1673530200.0, 0.3725],
[1673616600.0, 0.47666666666666674],
[1673703000.0, 0.4566666666666666],
[1673789400.0, 0.4266666666666667],
[1673875800.0, 0.44583333333333325],
[1673962200.0, 0.4333333333333333],
[1674048600.0, 0.4141666666666666],
[1674135000.0, 0.39999999999999997],
[1674221400.0, 0.37749999999999995],
[1674307800.0, 0.36749999999999994],
[1674394200.0, 0.36749999999999994],
[1674480600.0, 0.3758333333333333],
[1674567000.0, 0.3808333333333333],
[1674653400.0, 0.3841666666666667],
[1674739800.0, 0.3950000000000002],
[1674826200.0, 0.3808333333333334],
[1674912600.0, 0.38083333333333336],
[1674999000.0, 0.3825],
[1675085400.0, 0.3766666666666667],
[1675171800.0, 0.3774999999999999],
[1675258200.0, 0.3775000000000001],
[1675344600.0, 0.38500000000000006],
[1675431000.0, 0.3791666666666668],
[1675517400.0, 0.385],
[1675603800.0, 0.3875000000000001],
[1675690200.0, 0.3883333333333334],
[1675776600.0, 0.3983333333333334],
[1675863000.0, 0.4000000000000001],
[1675949400.0, 0.4000000000000001],
