[1635773400.0, 161.3514419958333],
[1635859800.0, 161.91443228333333],
[1635946200.0, 162.54997986249998],
[1636032600.0, 162.31850872916667],
[1636119000.0, 162.73435389166664],
[1636205400.0, 162.83946863333335],
[1636291800.0, 162.53942973749997],
[1636378200.0, 161.9653122208333],
[1636464600.0, 161.41211115833332],
[1636551000.0, 160.8268922333333],
[1636637400.0, 161.13265231250003],
[1636723800.0, 161.105022475],
[1636810200.0, 160.75979374583335],
[1636896600.0, 160.97788341666666],
[1636983000.0, 161.16857000833332],
[1637069400.0, 161.19417221249998],
[1637155800.0, 162.0181707583333],
[1637242200.0, 161.59395544583336],
[1637328600.0, 161.73065668333334],
[1637415000.0, 162.3790490125],
[1637501400.0, 162.67639356249998],
[1637587800.0, 162.14120550416666],
[1637674200.0, 161.34806989583333],
[1637760600.0, 161.54221152083332],
[1637847000.0, 162.01822423333334],
[1637933400.0, 162.2132970375],
[1638019800.0, 162.85361235416661],
[1638106200.0, 164.41923724166665],
[1638192600.0, 165.0724602625],
[1638279000.0, 165.8562349708333],
[1638365400.0, 167.34096402083333],
[1638451800.0, 166.1798273875],
[1638538200.0, 167.37994387916663],
[1638624600.0, 169.04356012500003],
[1638711000.0, 168.84927577083334],
[1638797400.0, 169.2035004958333],
[1638883800.0, 168.64074804166665],
[1638970200.0, 167.82148392083332],
[1639056600.0, 169.25957370416666],
[1639143000.0, 169.86154205416668],
[1639229400.0, 169.54905872916666],
[1639315800.0, 169.75347979999998],
[1639402200.0, 169.31496604583336],
[1639488600.0, 170.4928982125],
[1639575000.0, 170.67135607083333],
[1639661400.0, 171.10139900416667],
[1639747800.0, 171.57220615416668],
[1639834200.0, 171.52941387083334],
[1639920600.0, 171.70683236250002],
[1640007000.0, 171.7087926041667],
[1640093400.0, 172.11601096666666],
[1640179800.0, 172.95224158333335],
[1640266200.0, 173.2457457958333],
[1640352600.0, 173.48538186249996],
[1640439000.0, 173.05758044166666],
[1640525400.0, 173.04076189166668],
[1640611800.0, 173.0745182208333],
[1640698200.0, 173.09677568749998],
[1640784600.0, 172.56432242916665],
[1640871000.0, 172.24634125000003],
[1640957400.0, 173.6953087541667],
[1641043800.0, 174.03590026249995],
[1641130200.0, 173.77451804583333],
[1641216600.0, 174.54315577499997],
[1641303000.0, 174.28394256666664],
[1641389400.0, 174.4322784625],
[1641475800.0, 174.5876503083333],
[1641562200.0, 174.47420348750003],
[1641648600.0, 174.40123727083332],
[1641735000.0, 174.6994090833333],
[1641821400.0, 174.86311752916666],
[1641907800.0, 174.22160380833336],
[1641994200.0, 174.41837590833333],
[1642080600.0, 174.2870164625],
[1642167000.0, 175.28604447083333],
[1642253400.0, 175.95257353750003],
[1642339800.0, 176.3158284041667],
[1642426200.0, 176.58148645416665],
[1642512600.0, 176.91706548333332],
[1642599000.0, 177.21486831666667],
[1642685400.0, 178.12898597916669],
[1642771800.0, 178.3532109708333],
[1642858200.0, 178.6674968625],
[1642944600.0, 178.78059541666667],
[1643031000.0, 179.2194087875],
[1643117400.0, 179.15619370000002],
[1643203800.0, 179.69680367916666],
[1643290200.0, 178.84409441249997],
[1643376600.0, 179.58890709166667],
[1643463000.0, 180.65146914583337],
[1643549400.0, 183.23640306666672],
[1643635800.0, 183.23640306666672],
[1643722200.0, 183.23640306666672],
[1643808600.0, 188.63908001238653],
[1643895000.0, 188.76746483239538],
[1643981400.0, 188.3728379422714],
[1644067800.0, 188.0369328447017],
[1644154200.0, 186.85632179380238],
[1644240600.0, 184.97900755904175],
[1644327000.0, 182.9605660573038],
[1644413400.0, 183.1951053650238],
[1644499800.0, 185.43408962756334],
[1644586200.0, 186.3303108478018],
[1644672600.0, 186.2559385474485],
[1644759000.0, 186.88601841381717],
[1644845400.0, 187.9580658904913],
[1644931800.0, 188.27717246762506],
[1645018200.0, 189.11010641218482],
[1645104600.0, 189.95905253003377],
[1645191000.0, 190.10546991631543],
[1645277400.0, 190.96799308224448],
[1645363800.0, 192.11820303747993],
[1645450200.0, 192.96857330137425],
[1645536600.0, 193.3103325360598],
[1645623000.0, 193.5898030599897],
[1645709400.0, 193.8897739254226],
[1645795800.0, 194.13948584508844],
[1645882200.0, 195.13356003869606],
[1645968600.0, 195.0673390452162],
[1646055000.0, 197.0163370454479],
[1646141400.0, 197.22363455445375],
[1646227800.0, 197.94936351933163],
[1646314200.0, 199.52790345076062],
[1646400600.0, 199.11583188705265],
[1646487000.0, 200.95564390552443],
[1646573400.0, 201.53068437554307],
[1646659800.0, 200.084859055399],
[1646746200.0, 201.14673928284222],
[1646832600.0, 199.90059759453501],
[1646919000.0, 199.49919963817806],
[1647005400.0, 199.76490929399745],
[1647091800.0, 199.01953572255675],
[1647178200.0, 198.71293188412355],
[1647264600.0, 199.69493574525688],
[1647351000.0, 200.76632598492745],
[1647437400.0, 203.70515765925438],
[1647523800.0, 205.94912960870855],
[1647610200.0, 208.48795616360383],
[1647696600.0, 211.14947469103765],
[1647783000.0, 215.84181668533438],
[1647869400.0, 215.99506751212996],
[1647955800.0, 212.48988739601918],
[1648042200.0, 209.8654778993479],
[1648128600.0, 208.97954686550494],
[1648215000.0, 208.82006914969887],
[1648301400.0, 207.87880928626615],
[1648387800.0, 208.20266121418243],
[1648474200.0, 208.08688446143904],
[1648560600.0, 208.07551968178475],
[1648647000.0, 208.96017118749205],
[1648733400.0, 212.01651914763116],
[1648819800.0, 214.18899476064007],
