[1635773400.0, 2.588],
[1635859800.0, 2.9679999999999995],
[1635946200.0, 2.738],
[1636032600.0, 2.87],
[1636119000.0, 2.96],
[1636205400.0, 2.968],
[1636291800.0, 2.854],
[1636378200.0, 2.9160000000000004],
[1636464600.0, 2.9400000000000004],
[1636551000.0, 2.6220000000000003],
[1636637400.0, 2.926],
[1636723800.0, 2.924],
[1636810200.0, 2.944],
[1636896600.0, 2.89],
[1636983000.0, 2.93],
[1637069400.0, 2.9880000000000004],
[1637155800.0, 2.982],
[1637242200.0, 2.868],
[1637328600.0, 3.0420000000000003],
[1637415000.0, 3.168],
[1637501400.0, 3.242],
[1637587800.0, 3.1380000000000003],
[1637674200.0, 3.282],
[1637760600.0, 3.3260000000000005],
[1637847000.0, 3.168],
[1637933400.0, 3.164],
[1638019800.0, 3.3800000000000003],
[1638106200.0, 3.186],
[1638192600.0, 3.252],
[1638279000.0, 3.194],
[1638365400.0, 3.2620000000000005],
[1638451800.0, 3.438],
[1638538200.0, 3.4520000000000004],
[1638624600.0, 3.282],
[1638711000.0, 3.232],
[1638797400.0, 3.646],
[1638883800.0, 3.7720000000000007],
[1638970200.0, 3.7399999999999998],
[1639056600.0, 3.499999999999999],
[1639143000.0, 3.2940000000000005],
[1639229400.0, 3.528],
[1639315800.0, 3.6],
[1639402200.0, 3.586],
[1639488600.0, 3.724],
[1639575000.0, 3.518],
[1639661400.0, 3.598],
[1639747800.0, 3.7399999999999998],
[1639834200.0, 3.778],
[1639920600.0, 3.562],
[1640007000.0, 3.7380000000000004],
[1640093400.0, 3.6900000000000004],
[1640179800.0, 3.6940000000000004],
[1640266200.0, 3.3620000000000005],
[1640352600.0, 3.582],
[1640439000.0, 3.5940000000000003],
[1640525400.0, 3.7320000000000007],
[1640611800.0, 3.75],
[1640698200.0, 3.662],
[1640784600.0, 3.6159999999999997],
[1640871000.0, 3.5],
[1640957400.0, 3.504],
[1641043800.0, 3.5119999999999996],
[1641130200.0, 3.278],
[1641216600.0, 3.406],
[1641303000.0, 3.314],
[1641389400.0, 3.4900000000000007],
[1641475800.0, 3.5460000000000003],
[1641562200.0, 3.404],
[1641648600.0, 3.4539999999999997],
[1641735000.0, 3.4560000000000004],
[1641821400.0, 3.4799999999999995],
[1641907800.0, 3.174],
[1641994200.0, 3.6019999999999994],
[1642080600.0, 3.728],
[1642167000.0, 3.8379999999999996],
[1642253400.0, 3.9619999999999997],
[1642339800.0, 3.966],
[1642426200.0, 3.716],
[1642512600.0, 4.142],
[1642599000.0, 3.9619999999999997],
[1642685400.0, 4.119999999999999],
[1642771800.0, 4.454],
[1642858200.0, 4.0520000000000005],
[1642944600.0, 4.046],
[1643031000.0, 4.32],
[1643117400.0, 4.392],
[1643203800.0, 4.390000000000001],
[1643290200.0, 4.376],
[1643376600.0, 3.6940000000000004],
[1643463000.0, 3.5699999999999994],
[1643549400.0, 4.3580000000000005],
[1643635800.0, 4.3580000000000005],
[1643722200.0, 4.3580000000000005],
[1643808600.0, 3.586],
[1643895000.0, 3.6],
[1643981400.0, 3.558],
[1644067800.0, 3.44],
[1644154200.0, 3.7079999999999997],
[1644240600.0, 4.066],
[1644327000.0, 3.8240000000000003],
[1644413400.0, 3.6079999999999997],
[1644499800.0, 3.5580000000000007],
[1644586200.0, 3.586],
[1644672600.0, 3.6420000000000003],
[1644759000.0, 3.6480000000000006],
[1644845400.0, 3.8519999999999994],
[1644931800.0, 3.5780000000000003],
[1645018200.0, 4.096000000000001],
[1645104600.0, 3.6059999999999994],
[1645191000.0, 3.5380000000000003],
[1645277400.0, 3.806],
[1645363800.0, 3.4739999999999993],
[1645450200.0, 3.6380000000000003],
[1645536600.0, 3.976],
[1645623000.0, 3.7880000000000003],
[1645709400.0, 3.934],
[1645795800.0, 3.9899999999999998],
[1645882200.0, 3.774],
[1645968600.0, 3.854],
[1646055000.0, 3.886],
[1646141400.0, 4.0920000000000005],
[1646227800.0, 4.078],
[1646314200.0, 4],
[1646400600.0, 3.9739999999999993],
[1646487000.0, 4.186],
[1646573400.0, 3.972],
[1646659800.0, 4.118],
[1646746200.0, 4.09],
[1646832600.0, 4.038],
[1646919000.0, 4.07],
[1647005400.0, 4.318],
[1647091800.0, 4.090000000000001],
[1647178200.0, 4.242],
[1647264600.0, 3.8840000000000003],
[1647351000.0, 4.204],
[1647437400.0, 4.272],
[1647523800.0, 4.354],
[1647610200.0, 4.26],
[1647696600.0, 4.156],
[1647783000.0, 4.332000000000001],
[1647869400.0, 4.47],
[1647955800.0, 4.324],
[1648042200.0, 4.474],
[1648128600.0, 4.505999999999999],
[1648215000.0, 4.65],
[1648301400.0, 4.382],
[1648387800.0, 4.744],
[1648474200.0, 4.6160000000000005],
[1648560600.0, 4.540000000000001],
[1648647000.0, 4.648],
[1648733400.0, 4.396],
[1648819800.0, 4.452],
[1648906200.0, 4.372],
[1648996200.0, 4.2940000000000005],
[1649082600.0, 4.484],
[1649169000.0, 4.478],
[1649255400.0, 4.432],
[1649341800.0, 4.3340000000000005],
[1649428200.0, 4.4],
[1649514600.0, 4.354],
[1649601000.0, 4.356],
[1649687400.0, 4.198],
[1649773800.0, 4.294],
[1649860200.0, 4.542],
[1649946600.0, 4.582],
[1650033000.0, 4.313999999999999],
[1650119400.0, 4.196],
[1650205800.0, 4.356],
[1650292200.0, 4.326],
[1650378600.0, 4.352],
[1650465000.0, 4.306],
[1650551400.0, 4.306],
[1650637800.0, 4.306],
[1650724200.0, 4.236],
[1650810600.0, 4.134],
[1650897000.0, 4.0832876787185635],
[1650983400.0, 4.12],
[1651069800.0, 4.288000000000001],
[1651156200.0, 4.228],
[1651242600.0, 4.202],
[1651329000.0, 4.279951417012045],
[1651415400.0, 4.368],
[1651501800.0, 4.484],
[1651588200.0, 4.354],
[1651674600.0, 3.97],
[1651761000.0, 4.078],
[1651847400.0, 3.9899999999999998],
[1651933800.0, 4.0840000000000005],
[1652020200.0, 4.034000000000001],
[1652106600.0, 3.912],
[1652193000.0, 3.9300000000000006],
[1652279400.0, 4.246],
[1652365800.0, 4.198],
[1652452200.0, 4.026],
[1652538600.0, 4.0280000000000005],
[1652625000.0, 4.054],
[1652711400.0, 4.084],
[1652797800.0, 4.116],
[1652884200.0, 4.118],
[1652970600.0, 4.252],
[1653057000.0, 4.258],
[1653143400.0, 4.5520000000000005],
[1653229800.0, 4.040000000000001],
[1653316200.0, 4.244],
[1653402600.0, 4.234],
[1653489000.0, 3.7060000000000004],
[1653575400.0, 4.464],
[1653661800.0, 4.196],
[1653748200.0, 3.8239999999999994],
[1653834600.0, 4.238],
[1653921000.0, 4.023999999999999],
[1654007400.0, 4.008000000000001],
[1654093800.0, 4.022],
[1654180200.0, 3.88],
[1654266600.0, 3.7400000000000007],
[1654353000.0, 4.024000000000001],
[1654439400.0, 3.9659999999999997],
[1654525800.0, 4.054],
[1654612200.0, 3.9800000000000004],
[1654698600.0, 2.982],
[1654785000.0, 3.692],
[1654871400.0, 3.7880000000000003],
[1654957800.0, 3.864],
[1655044200.0, 4.088],
[1655130600.0, 4.122000000000001],
[1655217000.0, 4.2780000000000005],
[1655303400.0, 4.172000000000001],
[1655389800.0, 3.9859999999999998],
[1655476200.0, 3.9120000000000004],
[1655562600.0, 4.118],
[1655649000.0, 4.078000000000001],
[1655735400.0, 3.8180000000000005],
[1655821800.0, 3.9899999999999998],
[1655908200.0, 3.95],
[1655994600.0, 4.004],
[1656081000.0, 3.9239999999999995],
[1656167400.0, 3.9480000000000004],
[1656253800.0, 3.6100000000000008],
[1656340200.0, 4.042],
[1656426600.0, 4.093999999999999],
[1656513000.0, 4.014],
[1656599400.0, 3.836],
[1656685800.0, 3.9560000000000004],
[1656772200.0, 3.928],
[1656858600.0, 3.7440000000000007],
[1656945000.0, 3.7960000000000003],
[1657031400.0, 3.4840000000000004],
[1657117800.0, 3.526],
[1657204200.0, 3.628],
[1657290600.0, 3.7359999999999998],
[1657377000.0, 3.6759999999999997],
[1657463400.0, 3.7119999999999997],
[1657549800.0, 3.586],
[1657636200.0, 3.632],
[1657722600.0, 3.694],
[1657809000.0, 3.7000000000000006],
[1657895400.0, 3.5340000000000003],
[1657981800.0, 3.684],
[1658068200.0, 3.432000000000001],
[1658154600.0, 3.4200000000000004],
[1658241000.0, 3.5840000000000005],
[1658327400.0, 3.6400000000000006],
[1658413800.0, 3.6660000000000004],
[1658500200.0, 3.5100000000000002],
[1658586600.0, 3.5080000000000005],
[1658673000.0, 3.5380000000000003],
[1658759400.0, 3.618],
[1658845800.0, 3.868],
[1658932200.0, 3.6839999999999997],
[1659018600.0, 3.7520000000000002],
[1659105000.0, 3.7000000000000006],
[1659191400.0, 3.8160000000000003],
[1659277800.0, 3.876],
[1659364200.0, 3.582],
[1659450600.0, 3.976],
[1659537000.0, 3.8839999999999995],
[1659623400.0, 3.87],
[1659709800.0, 3.7880000000000003],
[1659796200.0, 3.684],
[1659882600.0, 4.0680000000000005],
[1659969000.0, 3.8840000000000003],
[1660055400.0, 3.8620000000000005],
[1660141800.0, 3.8580000000000005],
[1660228200.0, 3.8620000000000005],
[1660314600.0, 3.8400000000000007],
[1660401000.0, 3.8400000000000007],
[1660487400.0, 3.8400000000000007],
[1660573800.0, 3.8400000000000007],
[1660660200.0, 3.822],
[1660746600.0, 3.692],
[1660833000.0, 3.732],
[1660919400.0, 3.774],
[1661005800.0, 3.7479999999999998],
[1661092200.0, 3.7399999999999998],
[1661178600.0, 3.7279999999999993],
[1661265000.0, 3.726],
[1661351400.0, 3.7660000000000005],
[1661437800.0, 3.7560000000000002],
[1661524200.0, 3.7660000000000005],
[1661610600.0, 3.7],
[1661697000.0, 3.7439999999999998],
[1661783400.0, 3.6980000000000004],
[1661869800.0, 3.694],
[1661956200.0, 3.748],
[1662042600.0, 3.6480000000000006],
[1662129000.0, 3.7019999999999995],
[1662215400.0, 3.8920000000000003],
[1662301800.0, 3.842],
[1662388200.0, 3.814],
[1662474600.0, 3.842],
[1662561000.0, 3.786],
[1662647400.0, 3.7680000000000007],
[1662733800.0, 3.682],
[1662820200.0, 3.6580000000000004],
[1662906600.0, 3.604],
[1662993000.0, 3.582],
[1663079400.0, 3.5060000000000002],
[1663165800.0, 3.4300000000000006],
[1663252200.0, 3.4880000000000004],
[1663338600.0, 3.4979999999999998],
[1663425000.0, 3.45],
[1663511400.0, 3.498],
[1663597800.0, 3.3659999999999997],
[1663684200.0, 3.4840000000000004],
[1663770600.0, 3.5120000000000005],
[1663857000.0, 3.4240000000000004],
[1663943400.0, 3.02],
[1664029800.0, 3.148],
[1664116200.0, 3.1060000000000003],
[1664202600.0, 2.842],
[1664289000.0, 2.784],
[1664375400.0, 2.9200000000000004],
[1664461800.0, 2.758],
[1664548200.0, 2.8],
[1664634600.0, 2.9],
[1664717400.0, 2.866],
[1664803800.0, 2.7239999999999998],
[1664890200.0, 2.7680000000000002],
[1664976600.0, 2.8460000000000005],
[1665063000.0, 2.9080000000000004],
[1665149400.0, 3.096],
[1665235800.0, 3.0780000000000003],
[1665322200.0, 3.066],
[1665408600.0, 3.1759999999999997],
[1665495000.0, 3.1100000000000003],
[1665581400.0, 3.0840000000000005],
[1665667800.0, 3.196],
[1665754200.0, 3.18],
[1665840600.0, 3.346],
[1665927000.0, 3.2600000000000002],
[1666013400.0, 3.2600000000000002],
[1666099800.0, 3.2760000000000007],
[1666186200.0, 3.258],
[1666272600.0, 3.396],
[1666359000.0, 3.378],
[1666445400.0, 3.386],
[1666531800.0, 3.322],
[1666618200.0, 3.282],
[1666704600.0, 2.868],
[1666791000.0, 3.1780000000000004],
[1666877400.0, 3.1919999999999997],
[1666963800.0, 3.388000000000001],
[1667050200.0, 3.2640000000000002],
[1667136600.0, 3.21],
[1667223000.0, 3.2020000000000004],
[1667309400.0, 3.192],
[1667395800.0, 3.406],
[1667482200.0, 3.4519999999999995],
[1667568600.0, 2.9839999999999995],
[1667655000.0, 3.004],
[1667741400.0, 3.5140000000000002],
[1667827800.0, 3.2440000000000007],
[1667914200.0, 3.4219999999999997],
[1668000600.0, 3.188],
[1668087000.0, 3.5580000000000007],
[1668173400.0, 3.4],
[1668259800.0, 3.4],
[1668346200.0, 3.374],
[1668432600.0, 3.468],
[1668519000.0, 3.2939999999999996],
[1668605400.0, 3.382],
[1668691800.0, 3.566],
[1668778200.0, 3.592],
[1668864600.0, 3.5580000000000007],
[1668951000.0, 3.5340000000000003],
[1669037400.0, 3.44],
[1669123800.0, 3.658],
[1669210200.0, 3.5740000000000003],
[1669296600.0, 3.54],
[1669383000.0, 3.4480000000000004],
[1669469400.0, 3.4560000000000004],
[1669555800.0, 3.4199999999999995],
[1669642200.0, 3.246],
[1669728600.0, 3.35],
[1669815000.0, 3.414],
[1669901400.0, 3.386],
[1669987800.0, 3.222],
[1670074200.0, 3.3379999999999996],
[1670160600.0, 3.312],
[1670247000.0, 3.3059999999999996],
[1670333400.0, 3.414],
[1670419800.0, 3.3560000000000003],
[1670506200.0, 3.3800000000000003],
[1670592600.0, 3.4219999999999997],
[1670679000.0, 3.2840000000000003],
[1670765400.0, 3.434],
[1670851800.0, 3.304],
[1670938200.0, 3.3240000000000003],
[1671024600.0, 3.3480000000000003],
[1671111000.0, 3.5],
[1671197400.0, 3.3040000000000007],
[1671283800.0, 3.088],
[1671370200.0, 3.1500000000000004],
[1671456600.0, 3.1180000000000003],
[1671543000.0, 3.132],
[1671629400.0, 2.956],
[1671715800.0, 3.304],
[1671802200.0, 3.3],
[1671888600.0, 3.2440000000000007],
[1671975000.0, 3.3200000000000003],
[1672061400.0, 3.304],
[1672147800.0, 3.4299999999999997],
[1672234200.0, 3.31],
[1672320600.0, 3.29],
[1672407000.0, 3.3020000000000005],
[1672493400.0, 3.3099999999999996],
[1672579800.0, 3.314],
[1672666200.0, 3.404],
[1672752600.0, 3.3560000000000003],
[1672839000.0, 3.2419999999999995],
[1672925400.0, 3.2040000000000006],
[1673011800.0, 3.228],
[1673098200.0, 3.45],
[1673184600.0, 3.364],
[1673271000.0, 3.274],
[1673357400.0, 3.3560000000000003],
[1673443800.0, 3.322],
[1673530200.0, 3.372],
[1673616600.0, 3.282],
[1673703000.0, 3.3579999999999997],
[1673789400.0, 3.38],
[1673875800.0, 3.1860000000000004],
[1673962200.0, 3.3259999999999996],
[1674048600.0, 3.312],
[1674135000.0, 3.2040000000000006],
[1674221400.0, 3.14],
[1674307800.0, 3.4],
[1674394200.0, 3.072],
[1674480600.0, 3.3020000000000005],
[1674567000.0, 3.2380000000000004],
[1674653400.0, 3.2660000000000005],
[1674739800.0, 3.3540000000000005],
[1674826200.0, 3.3180000000000005],
[1674912600.0, 3.3899999999999997],
[1674999000.0, 3.3320000000000007],
[1675085400.0, 3.3980000000000006],
[1675171800.0, 3.07],
[1675258200.0, 3.2640000000000002],
[1675344600.0, 3.184],
[1675431000.0, 3.31],
[1675517400.0, 3.056],
[1675603800.0, 3.1060000000000003],
[1675690200.0, 3.0099999999999993],
[1675776600.0, 3.2400000000000007],
[1675863000.0, 3.2400000000000007],
[1675949400.0, 3.2400000000000007],
