[1635773400.0, 9.845494250000003],
[1635859800.0, 7.811613250000001],
[1635946200.0, 7.242139],
[1636032600.0, 7.073535499999999],
[1636119000.0, 6.79254775],
[1636205400.0, 6.724031],
[1636291800.0, 6.07217175],
[1636378200.0, 5.946116500000001],
[1636464600.0, 5.6468375],
[1636551000.0, 5.281357750000001],
[1636637400.0, 5.193784249999999],
[1636723800.0, 5.073190250000001],
[1636810200.0, 4.941637500000001],
[1636896600.0, 4.77813075],
[1636983000.0, 4.50344325],
[1637069400.0, 4.534515],
[1637155800.0, 4.331645999999999],
[1637242200.0, 4.2671565],
[1637328600.0, 4.34610575],
[1637415000.0, 4.28094075],
[1637501400.0, 4.433468250000001],
[1637587800.0, 4.839304750000001],
[1637674200.0, 4.75695425],
[1637760600.0, 4.700878749999999],
[1637847000.0, 4.439075999999999],
[1637933400.0, 4.4039459999999995],
[1638019800.0, 4.46605825],
[1638106200.0, 4.447487249999999],
[1638192600.0, 4.44470975],
[1638279000.0, 4.462411],
[1638365400.0, 4.58826725],
[1638451800.0, 4.4442425000000005],
[1638538200.0, 4.466402],
[1638624600.0, 4.452789],
[1638711000.0, 4.4449105],
[1638797400.0, 4.45759875],
[1638883800.0, 4.498162499999999],
[1638970200.0, 4.420189499999999],
[1639056600.0, 4.4667655],
[1639143000.0, 4.503676250000001],
[1639229400.0, 4.5832075],
[1639315800.0, 4.54751275],
[1639402200.0, 4.48091225],
[1639488600.0, 4.572391499999999],
[1639575000.0, 4.4651672499999995],
[1639661400.0, 4.407884000000001],
[1639747800.0, 4.38023975],
[1639834200.0, 4.39307975],
[1639920600.0, 4.330012],
[1640007000.0, 4.356826000000001],
[1640093400.0, 4.381492250000001],
[1640179800.0, 4.40084975],
[1640266200.0, 4.419417],
[1640352600.0, 4.4200402500000004],
[1640439000.0, 4.40093575],
[1640525400.0, 4.36214125],
[1640611800.0, 4.29499375],
[1640698200.0, 4.114801],
[1640784600.0, 4.0891867500000005],
[1640871000.0, 4.082382750000001],
[1640957400.0, 4.256134250000001],
[1641043800.0, 4.267853],
[1641130200.0, 4.34275025],
[1641216600.0, 4.2055465000000005],
[1641303000.0, 4.1184955],
[1641389400.0, 4.07240525],
[1641475800.0, 4.02524925],
[1641562200.0, 4.0086520000000005],
[1641648600.0, 3.9983975000000003],
[1641735000.0, 3.9816962499999997],
[1641821400.0, 3.94957975],
[1641907800.0, 3.9137315],
[1641994200.0, 3.9028275],
[1642080600.0, 3.9168814999999997],
[1642167000.0, 3.9427697499999996],
[1642253400.0, 3.8829497500000003],
[1642339800.0, 3.87476325],
[1642426200.0, 3.87634875],
[1642512600.0, 3.8492055],
[1642599000.0, 3.9141895000000004],
[1642685400.0, 3.8973907500000005],
[1642771800.0, 3.86197825],
[1642858200.0, 3.82782725],
[1642944600.0, 3.8609682499999995],
[1643031000.0, 3.85625275],
[1643117400.0, 3.8768655],
[1643203800.0, 3.7770645000000003],
[1643290200.0, 3.859779],
[1643376600.0, 3.8177867500000007],
[1643463000.0, 3.753653],
[1643549400.0, 3.8464027499999998],
[1643635800.0, 3.8464027499999998],
[1643722200.0, 3.8464027499999998],
[1643808600.0, 4.003903],
[1643895000.0, 4.032875],
[1643981400.0, 3.993222],
[1644067800.0, 3.9996017499999996],
[1644154200.0, 3.9434835],
[1644240600.0, 3.8942992500000004],
[1644327000.0, 3.9278940000000007],
[1644413400.0, 3.9803284999999993],
[1644499800.0, 3.9495600000000004],
[1644586200.0, 3.8750887499999997],
[1644672600.0, 3.8090567500000008],
[1644759000.0, 3.901304],
[1644845400.0, 4.020624499999999],
[1644931800.0, 4.074346],
[1645018200.0, 4.094926],
[1645104600.0, 4.0623645],
[1645191000.0, 4.03019275],
[1645277400.0, 4.06095675],
[1645363800.0, 3.97801725],
[1645450200.0, 4.00825725],
[1645536600.0, 3.98477425],
[1645623000.0, 3.9614942500000008],
[1645709400.0, 3.956452250000001],
[1645795800.0, 3.995914],
[1645882200.0, 4.0406467500000005],
[1645968600.0, 4.0299232499999995],
[1646055000.0, 4.06208625],
[1646141400.0, 4.0662755],
[1646227800.0, 4.047779],
[1646314200.0, 4.06052975],
[1646400600.0, 4.1735792499999995],
[1646487000.0, 4.172245],
[1646573400.0, 4.23698425],
[1646659800.0, 4.083817000000001],
[1646746200.0, 4.06121375],
[1646832600.0, 4.021498500000001],
[1646919000.0, 3.9329885],
[1647005400.0, 4.016184750000001],
[1647091800.0, 3.9824385],
[1647178200.0, 3.9863732499999998],
[1647264600.0, 4.0642085],
[1647351000.0, 4.15513275],
[1647437400.0, 4.2283415],
[1647523800.0, 4.2590115],
[1647610200.0, 4.279335499999999],
[1647696600.0, 4.313962],
[1647783000.0, 4.328182],
[1647869400.0, 4.392056500000001],
[1647955800.0, 4.450402],
[1648042200.0, 4.445663499999999],
[1648128600.0, 4.49484525],
[1648215000.0, 4.4676782500000005],
[1648301400.0, 4.453904499999999],
[1648387800.0, 4.42138925],
[1648474200.0, 4.498068],
[1648560600.0, 4.4052295],
[1648647000.0, 4.357886499999999],
[1648733400.0, 4.411059750000001],
[1648819800.0, 4.3986955],
[1648906200.0, 4.3725685],
[1648996200.0, 4.37633525],
[1649082600.0, 4.53765625],
[1649169000.0, 4.6191165000000005],
[1649255400.0, 4.60646175],
[1649341800.0, 4.6104245],
[1649428200.0, 4.62609925],
[1649514600.0, 4.6134795],
[1649601000.0, 4.6134795],
[1649687400.0, 4.6134795],
[1649773800.0, 4.6134795],
[1649860200.0, 4.612778],
[1649946600.0, 4.46625825],
[1650033000.0, 4.52919],
[1650119400.0, 4.61145675],
[1650205800.0, 4.603825750000001],
[1650292200.0, 4.659594],
[1650378600.0, 4.696052999999999],
[1650465000.0, 4.54322225],
[1650551400.0, 4.54322225],
[1650637800.0, 4.54322225],
[1650724200.0, 4.49242775],
[1650810600.0, 4.481905750000001],
[1650897000.0, 4.47105275],
[1650983400.0, 4.4705585],
[1651069800.0, 4.4528852500000005],
[1651156200.0, 4.2884095],
[1651242600.0, 4.273513749999999],
[1651329000.0, 4.185656],
[1651415400.0, 4.20358975],
[1651501800.0, 4.210554],
[1651588200.0, 4.309629],
[1651674600.0, 4.298998500000001],
[1651761000.0, 4.1665635000000005],
[1651847400.0, 4.1341025],
[1651933800.0, 4.197215],
[1652020200.0, 4.150196],
[1652106600.0, 4.203426749999999],
[1652193000.0, 4.1758615],
[1652279400.0, 4.108348],
[1652365800.0, 4.01286825],
[1652452200.0, 4.0236785],
[1652538600.0, 4.01855025],
[1652625000.0, 3.9730002499999997],
[1652711400.0, 3.88964675],
[1652797800.0, 3.94231375],
[1652884200.0, 3.92796725],
[1652970600.0, 3.8433370000000004],
[1653057000.0, 3.8223277500000004],
[1653143400.0, 3.7655095],
[1653229800.0, 3.65929525],
[1653316200.0, 3.6224000000000003],
[1653402600.0, 3.57040325],
[1653489000.0, 3.47210375],
[1653575400.0, 3.4101287499999997],
[1653661800.0, 3.2739117500000003],
[1653748200.0, 3.1460857500000006],
[1653834600.0, 3.07023025],
[1653921000.0, 3.063507000000001],
[1654007400.0, 3.007790000000001],
[1654093800.0, 3.06011075],
[1654180200.0, 3.0319932499999993],
[1654266600.0, 2.96137225],
[1654353000.0, 2.928154],
[1654439400.0, 2.9540677500000005],
[1654525800.0, 2.94292225],
[1654612200.0, 2.9068180000000003],
[1654698600.0, 2.9117124999999997],
[1654785000.0, 2.8546584999999998],
[1654871400.0, 2.8274855],
[1654957800.0, 2.8129325],
[1655044200.0, 2.8430655000000002],
[1655130600.0, 2.802181750000001],
[1655217000.0, 2.77000275],
[1655303400.0, 2.7751960000000007],
[1655389800.0, 2.7658297500000004],
[1655476200.0, 2.771915],
[1655562600.0, 2.77283775],
[1655649000.0, 2.7932867500000005],
[1655735400.0, 2.76823425],
[1655821800.0, 2.7996695],
[1655908200.0, 2.8144575000000005],
[1655994600.0, 2.798671],
[1656081000.0, 2.7754354999999995],
[1656167400.0, 2.7366940000000004],
[1656253800.0, 2.769672],
[1656340200.0, 2.7903937500000007],
[1656426600.0, 2.80659325],
[1656513000.0, 2.82129625],
[1656599400.0, 2.8838860000000004],
[1656685800.0, 2.850127],
[1656772200.0, 2.8186612500000003],
[1656858600.0, 2.8149285000000006],
[1656945000.0, 2.80823],
[1657031400.0, 2.81822475],
[1657117800.0, 2.872421750000001],
[1657204200.0, 2.87123375],
[1657290600.0, 2.83654525],
[1657377000.0, 2.8821862500000006],
[1657463400.0, 2.8354662500000005],
[1657549800.0, 2.8445930000000006],
[1657636200.0, 2.807189],
[1657722600.0, 2.91200025],
[1657809000.0, 2.7659830000000003],
[1657895400.0, 2.8593355000000003],
[1657981800.0, 2.8395290000000006],
[1658068200.0, 2.7895697500000005],
[1658154600.0, 2.8592257500000002],
[1658241000.0, 2.8713285],
[1658327400.0, 2.8858417500000004],
[1658413800.0, 2.8159704999999997],
[1658500200.0, 2.9003590000000004],
[1658586600.0, 2.8111582499999996],
[1658673000.0, 2.7450229999999998],
[1658759400.0, 2.7804625],
[1658845800.0, 2.74523275],
[1658932200.0, 2.7349282500000003],
[1659018600.0, 2.7160827500000004],
[1659105000.0, 2.722117],
[1659191400.0, 2.6840235],
[1659277800.0, 2.6838665],
[1659364200.0, 2.6489705000000003],
[1659450600.0, 2.6920812499999998],
[1659537000.0, 2.6871539999999996],
[1659623400.0, 2.7110980000000002],
[1659709800.0, 2.71506275],
[1659796200.0, 2.736494],
[1659882600.0, 2.85843225],
[1659969000.0, 2.869466],
[1660055400.0, 2.895099],
[1660141800.0, 2.97298075],
[1660228200.0, 2.9243262499999996],
[1660314600.0, 2.9031372500000003],
[1660401000.0, 2.9031372500000003],
[1660487400.0, 2.9031372500000003],
[1660573800.0, 2.9031372500000003],
[1660660200.0, 2.9013655000000003],
[1660746600.0, 2.9185305],
[1660833000.0, 2.9275505],
[1660919400.0, 2.96569575],
[1661005800.0, 2.934144],
[1661092200.0, 2.89315375],
[1661178600.0, 2.9509952499999996],
[1661265000.0, 2.99470875],
[1661351400.0, 3.03914725],
[1661437800.0, 3.0959127500000005],
[1661524200.0, 3.12811475],
[1661610600.0, 3.1095827499999995],
[1661697000.0, 3.0983179999999995],
[1661783400.0, 3.07796375],
[1661869800.0, 3.1028432500000003],
[1661956200.0, 3.1298142499999995],
[1662042600.0, 3.1063295000000006],
[1662129000.0, 3.1390972500000003],
[1662215400.0, 3.07325325],
[1662301800.0, 3.0615765],
[1662388200.0, 2.978356],
[1662474600.0, 2.9563522500000006],
[1662561000.0, 2.9177227500000003],
[1662647400.0, 2.93134125],
[1662733800.0, 2.8895982499999997],
[1662820200.0, 2.90208325],
[1662906600.0, 2.95213725],
[1662993000.0, 2.9580205],
[1663079400.0, 2.9624682500000006],
[1663165800.0, 3.0323965],
[1663252200.0, 3.0436665],
[1663338600.0, 2.97580625],
[1663425000.0, 2.9556124999999995],
[1663511400.0, 2.9418942500000003],
[1663597800.0, 2.9252395],
[1663684200.0, 2.9299947500000005],
[1663770600.0, 2.9221692500000005],
[1663857000.0, 2.9329857500000003],
[1663943400.0, 2.9083330000000003],
[1664029800.0, 2.90816975],
[1664116200.0, 2.9186965000000007],
[1664202600.0, 2.9266300000000003],
[1664289000.0, 2.9006752500000004],
[1664375400.0, 2.9440817500000005],
[1664461800.0, 3.005711],
[1664548200.0, 2.968272],
[1664634600.0, 3.0505597500000006],
[1664717400.0, 3.0236607500000003],
[1664803800.0, 3.01280175],
[1664890200.0, 3.031358],
[1664976600.0, 2.990942],
[1665063000.0, 3.0037715000000005],
[1665149400.0, 3.072692000000001],
[1665235800.0, 3.0313055],
[1665322200.0, 3.0192625],
[1665408600.0, 3.0084104999999997],
[1665495000.0, 2.98688525],
[1665581400.0, 3.03510925],
[1665667800.0, 3.0115367500000003],
[1665754200.0, 3.0400072500000004],
[1665840600.0, 3.04463125],
[1665927000.0, 3.1093782500000002],
[1666013400.0, 3.017598],
[1666099800.0, 2.98052775],
[1666186200.0, 3.0177637500000003],
[1666272600.0, 3.0431787499999996],
[1666359000.0, 3.0417115000000003],
[1666445400.0, 3.0266550000000003],
[1666531800.0, 3.06444425],
[1666618200.0, 3.0408692500000005],
[1666704600.0, 3.0811205],
[1666791000.0, 3.0746095],
[1666877400.0, 3.0516762500000003],
[1666963800.0, 3.0330702500000006],
[1667050200.0, 3.02304375],
[1667136600.0, 3.05116525],
[1667223000.0, 3.0805740000000004],
[1667309400.0, 3.0214535],
[1667395800.0, 3.0475304999999993],
[1667482200.0, 3.0989570000000004],
[1667568600.0, 3.095373],
[1667655000.0, 3.112175],
[1667741400.0, 3.1064355],
[1667827800.0, 3.0686462500000005],
[1667914200.0, 3.08644575],
[1668000600.0, 3.0346297499999997],
[1668087000.0, 3.0653897500000005],
[1668173400.0, 3.11150975],
[1668259800.0, 3.1115657500000005],
[1668346200.0, 3.0715242499999995],
[1668432600.0, 3.1164472500000002],
[1668519000.0, 3.1233430000000006],
[1668605400.0, 3.1022485],
[1668691800.0, 3.0599657499999995],
[1668778200.0, 3.0754742499999996],
[1668864600.0, 3.0477852500000004],
[1668951000.0, 3.0063767500000003],
[1669037400.0, 3.000356],
[1669123800.0, 3.020822500000001],
[1669210200.0, 3.04656925],
[1669296600.0, 3.0008835],
[1669383000.0, 3.01414875],
[1669469400.0, 2.9887890000000006],
[1669555800.0, 2.9656565000000006],
[1669642200.0, 2.9597170000000004],
[1669728600.0, 3.0144792500000004],
[1669815000.0, 3.047233],
[1669901400.0, 3.0729255],
[1669987800.0, 3.1223582499999996],
[1670074200.0, 3.1700075],
[1670160600.0, 3.1338320000000004],
[1670247000.0, 3.1192505],
[1670333400.0, 3.1191459999999998],
[1670419800.0, 3.0663642500000003],
[1670506200.0, 3.0684502499999997],
[1670592600.0, 3.0794739999999994],
[1670679000.0, 3.06432875],
[1670765400.0, 3.0733337500000006],
[1670851800.0, 3.0165335],
[1670938200.0, 3.0179857500000002],
[1671024600.0, 3.131975],
[1671111000.0, 3.15421925],
[1671197400.0, 3.1285842500000007],
[1671283800.0, 3.1114937499999997],
[1671370200.0, 3.062659750000001],
[1671456600.0, 3.09179275],
[1671543000.0, 3.0798602500000007],
[1671629400.0, 3.1202769999999997],
[1671715800.0, 3.1235085000000002],
[1671802200.0, 3.1119967500000003],
[1671888600.0, 3.0580110000000005],
[1671975000.0, 3.12584075],
[1672061400.0, 3.11804725],
[1672147800.0, 3.1358680000000003],
[1672234200.0, 3.1069712500000004],
[1672320600.0, 3.1263595],
[1672407000.0, 3.1167],
[1672493400.0, 3.1561755],
[1672579800.0, 3.1346030000000003],
[1672666200.0, 3.0976085],
[1672752600.0, 3.1112345],
[1672839000.0, 3.12059575],
[1672925400.0, 3.1069495000000003],
[1673011800.0, 3.1174097499999998],
[1673098200.0, 3.0516012499999996],
[1673184600.0, 3.1663437500000002],
[1673271000.0, 3.1918555],
[1673357400.0, 3.1982522500000004],
[1673443800.0, 3.2810214999999996],
[1673530200.0, 3.27127325],
[1673616600.0, 3.3131350000000004],
[1673703000.0, 3.354804],
[1673789400.0, 3.396074499999999],
[1673875800.0, 3.34687525],
[1673962200.0, 3.3905902500000007],
[1674048600.0, 3.3428392499999995],
[1674135000.0, 3.5019264999999997],
[1674221400.0, 3.6052672499999994],
[1674307800.0, 3.6139129999999997],
[1674394200.0, 3.6249897499999997],
[1674480600.0, 3.66214575],
[1674567000.0, 3.7655424999999996],
[1674653400.0, 3.759052000000001],
[1674739800.0, 3.825651750000001],
[1674826200.0, 3.8074515],
[1674912600.0, 3.71965],
[1674999000.0, 3.8180147499999997],
[1675085400.0, 3.8229497500000003],
[1675171800.0, 3.8064537499999997],
[1675258200.0, 3.7744285],
[1675344600.0, 3.74302175],
[1675431000.0, 3.6972735000000005],
[1675517400.0, 3.6403847500000004],
[1675603800.0, 3.6216320000000004],
[1675690200.0, 3.5674975],
[1675776600.0, 3.5743244999999995],
[1675863000.0, 3.5653402499999998],
[1675949400.0, 3.5653402499999998],
