[1635773400.0, 6.1014285714285705],
[1635859800.0, 6.32],
[1635946200.0, 6.288571428571429],
[1636032600.0, 6.442857142857143],
[1636119000.0, 6.468571428571429],
[1636205400.0, 6.492857142857143],
[1636291800.0, 6.358571428571429],
[1636378200.0, 6.392857142857143],
[1636464600.0, 6.195714285714287],
[1636551000.0, 5.884285714285714],
[1636637400.0, 6.105714285714287],
[1636723800.0, 6.221428571428571],
[1636810200.0, 6.144285714285715],
[1636896600.0, 6.067142857142857],
[1636983000.0, 6.0685714285714285],
[1637069400.0, 6.117142857142857],
[1637155800.0, 6.3100000000000005],
[1637242200.0, 6.221428571428571],
[1637328600.0, 6.26],
[1637415000.0, 6.214285714285714],
[1637501400.0, 6.211428571428572],
[1637587800.0, 6.3114285714285705],
[1637674200.0, 6.014285714285714],
[1637760600.0, 5.8100000000000005],
[1637847000.0, 5.717142857142856],
[1637933400.0, 5.802857142857143],
[1638019800.0, 5.765714285714286],
[1638106200.0, 5.818571428571429],
[1638192600.0, 5.684285714285713],
[1638279000.0, 5.63],
[1638365400.0, 5.732857142857142],
[1638451800.0, 5.825714285714286],
[1638538200.0, 6.11],
[1638624600.0, 6.158571428571428],
[1638711000.0, 6.325714285714286],
[1638797400.0, 6.365714285714286],
[1638883800.0, 6.418571428571428],
[1638970200.0, 6.344285714285713],
[1639056600.0, 6.465714285714285],
[1639143000.0, 6.387142857142857],
[1639229400.0, 6.428571428571429],
[1639315800.0, 6.53],
[1639402200.0, 6.484285714285714],
[1639488600.0, 6.424285714285714],
[1639575000.0, 6.471428571428571],
[1639661400.0, 6.265714285714286],
[1639747800.0, 6.357142857142857],
[1639834200.0, 6.465714285714285],
[1639920600.0, 6.447142857142857],
[1640007000.0, 6.339999999999999],
[1640093400.0, 6.2871428571428565],
[1640179800.0, 6.158571428571428],
[1640266200.0, 6.127142857142856],
[1640352600.0, 6.131428571428572],
[1640439000.0, 6.3757142857142854],
[1640525400.0, 6.421428571428572],
[1640611800.0, 6.352857142857142],
[1640698200.0, 6.152857142857142],
[1640784600.0, 6.652857142857142],
[1640871000.0, 6.6485714285714295],
[1640957400.0, 6.574285714285714],
[1641043800.0, 6.691428571428572],
[1641130200.0, 6.752857142857143],
[1641216600.0, 6.67],
[1641303000.0, 6.687142857142858],
[1641389400.0, 6.787142857142858],
[1641475800.0, 6.738571428571428],
[1641562200.0, 6.9471428571428575],
[1641648600.0, 7.01],
[1641735000.0, 7.012857142857143],
[1641821400.0, 6.822857142857143],
[1641907800.0, 6.964285714285714],
[1641994200.0, 7.0614285714285705],
[1642080600.0, 7.038571428571428],
[1642167000.0, 6.855714285714285],
[1642253400.0, 6.927142857142856],
[1642339800.0, 6.968571428571429],
[1642426200.0, 6.971428571428571],
[1642512600.0, 6.907142857142857],
[1642599000.0, 6.894285714285715],
[1642685400.0, 6.96],
[1642771800.0, 6.828571428571428],
[1642858200.0, 6.902857142857143],
[1642944600.0, 6.895714285714286],
[1643031000.0, 7.054285714285714],
[1643117400.0, 6.859999999999999],
[1643203800.0, 6.782857142857144],
[1643290200.0, 6.744285714285714],
[1643376600.0, 6.524285714285715],
[1643463000.0, 6.647142857142858],
[1643549400.0, 6.62],
[1643635800.0, 6.62],
[1643722200.0, 6.62],
[1643808600.0, 6.6014285714285705],
[1643895000.0, 6.660000000000001],
[1643981400.0, 6.614285714285714],
[1644067800.0, 6.687142857142858],
[1644154200.0, 6.771428571428571],
[1644240600.0, 6.717142857142856],
[1644327000.0, 6.872857142857143],
[1644413400.0, 6.847142857142857],
[1644499800.0, 6.885714285714286],
[1644586200.0, 7.061428571428571],
[1644672600.0, 7.134285714285714],
[1644759000.0, 6.971428571428571],
[1644845400.0, 6.784285714285715],
[1644931800.0, 7.0042857142857144],
[1645018200.0, 6.930000000000001],
[1645104600.0, 7.069999999999999],
[1645191000.0, 7.065714285714286],
[1645277400.0, 6.79],
[1645363800.0, 7.13],
[1645450200.0, 7.11],
[1645536600.0, 7.042857142857143],
[1645623000.0, 6.96],
[1645709400.0, 6.757142857142857],
[1645795800.0, 6.991428571428571],
[1645882200.0, 7.114285714285714],
[1645968600.0, 7.032857142857144],
[1646055000.0, 6.954285714285713],
[1646141400.0, 6.894285714285715],
[1646227800.0, 7.104285714285715],
[1646314200.0, 7.078571428571428],
[1646400600.0, 7.13],
[1646487000.0, 7.335714285714286],
[1646573400.0, 7.361428571428571],
[1646659800.0, 7.1257142857142854],
[1646746200.0, 7.057142857142858],
[1646832600.0, 7.12],
[1646919000.0, 7.1085714285714285],
[1647005400.0, 7.201428571428571],
[1647091800.0, 7.222857142857143],
[1647178200.0, 7.325714285714286],
[1647264600.0, 7.33],
[1647351000.0, 7.204285714285715],
[1647437400.0, 7.187142857142857],
[1647523800.0, 7.128571428571428],
[1647610200.0, 7.218571428571429],
[1647696600.0, 7.255714285714285],
[1647783000.0, 7.2557142857142845],
[1647869400.0, 7.3],
[1647955800.0, 7.2700000000000005],
[1648042200.0, 7.277142857142857],
[1648128600.0, 7.277142857142857],
[1648215000.0, 7.2542857142857144],
[1648301400.0, 7.235714285714287],
[1648387800.0, 7.224285714285713],
[1648474200.0, 7.227142857142858],
[1648560600.0, 7.185714285714285],
[1648647000.0, 7.1414285714285715],
[1648733400.0, 7.058571428571428],
[1648819800.0, 7.147142857142858],
[1648906200.0, 7.367142857142858],
[1648996200.0, 7.369999999999999],
[1649082600.0, 7.361428571428571],
[1649169000.0, 7.2],
[1649255400.0, 7.280000000000001],
[1649341800.0, 7.232857142857142],
[1649428200.0, 7.291428571428571],
[1649514600.0, 7.388571428571429],
[1649601000.0, 7.378571428571429],
[1649687400.0, 7.247142857142856],
[1649773800.0, 7.407142857142857],
[1649860200.0, 7.2542857142857144],
[1649946600.0, 7.278571428571428],
[1650033000.0, 7.344285714285713],
[1650119400.0, 7.33],
[1650205800.0, 7.262857142857143],
[1650292200.0, 7.255714285714285],
[1650378600.0, 7.191428571428571],
[1650465000.0, 7.225714285714285],
[1650551400.0, 7.225714285714285],
[1650637800.0, 7.225714285714285],
[1650724200.0, 7.134285714285715],
[1650810600.0, 7.137142857142856],
[1650897000.0, 7.111428571428571],
[1650983400.0, 6.990000000000001],
[1651069800.0, 7.0200000000000005],
[1651156200.0, 6.885714285714286],
[1651242600.0, 7.001428571428571],
[1651329000.0, 7.027142857142857],
[1651415400.0, 6.92],
[1651501800.0, 6.890000000000001],
[1651588200.0, 6.854285714285715],
[1651674600.0, 6.445714285714287],
[1651761000.0, 6.391428571428571],
[1651847400.0, 6.431428571428571],
[1651933800.0, 6.5042857142857144],
[1652020200.0, 6.561428571428572],
[1652106600.0, 6.528571428571429],
[1652193000.0, 6.5857142857142845],
[1652279400.0, 6.491428571428571],
[1652365800.0, 6.372857142857143],
[1652452200.0, 6.497142857142857],
[1652538600.0, 6.497142857142857],
[1652625000.0, 6.488571428571428],
[1652711400.0, 6.468571428571429],
[1652797800.0, 6.427142857142856],
[1652884200.0, 6.372857142857143],
[1652970600.0, 6.438571428571429],
[1653057000.0, 6.4799999999999995],
[1653143400.0, 6.411428571428571],
[1653229800.0, 6.364285714285714],
[1653316200.0, 6.394285714285715],
[1653402600.0, 6.359999999999999],
[1653489000.0, 6.471428571428571],
[1653575400.0, 6.404285714285714],
[1653661800.0, 6.3985714285714295],
[1653748200.0, 6.417142857142857],
[1653834600.0, 6.531428571428571],
[1653921000.0, 6.452857142857143],
[1654007400.0, 6.428571428571429],
[1654093800.0, 6.502857142857143],
[1654180200.0, 6.492857142857143],
[1654266600.0, 6.398571428571429],
[1654353000.0, 6.417142857142857],
[1654439400.0, 6.364285714285714],
[1654525800.0, 6.345714285714286],
[1654612200.0, 6.452857142857143],
[1654698600.0, 6.561428571428571],
[1654785000.0, 6.470000000000001],
[1654871400.0, 6.442857142857142],
[1654957800.0, 6.475714285714285],
[1655044200.0, 6.475714285714285],
[1655130600.0, 6.577142857142857],
[1655217000.0, 6.37],
[1655303400.0, 6.339999999999999],
[1655389800.0, 6.345714285714286],
[1655476200.0, 6.114285714285714],
[1655562600.0, 6.197142857142857],
[1655649000.0, 6.308571428571428],
[1655735400.0, 6.188571428571429],
[1655821800.0, 6.061428571428571],
[1655908200.0, 6.021428571428571],
[1655994600.0, 5.921428571428572],
[1656081000.0, 5.775714285714286],
[1656167400.0, 5.845714285714286],
[1656253800.0, 5.910000000000001],
[1656340200.0, 5.907142857142857],
[1656426600.0, 6.005714285714286],
[1656513000.0, 6.034285714285714],
[1656599400.0, 6.1242857142857146],
[1656685800.0, 6.185714285714285],
[1656772200.0, 6.192857142857143],
[1656858600.0, 6.227142857142858],
[1656945000.0, 6.2057142857142855],
[1657031400.0, 6.132857142857143],
[1657117800.0, 6.008571428571429],
[1657204200.0, 6.155714285714287],
[1657290600.0, 6.182857142857143],
[1657377000.0, 6.267142857142858],
[1657463400.0, 6.385714285714286],
[1657549800.0, 6.140000000000001],
[1657636200.0, 6.141428571428571],
[1657722600.0, 6.637142857142857],
[1657809000.0, 6.4157142857142855],
[1657895400.0, 6.527142857142857],
[1657981800.0, 6.589999999999999],
[1658068200.0, 6.582857142857143],
[1658154600.0, 6.557142857142858],
[1658241000.0, 6.658571428571428],
[1658327400.0, 6.967142857142858],
[1658413800.0, 6.597142857142857],
[1658500200.0, 6.642857142857143],
[1658586600.0, 6.657142857142857],
[1658673000.0, 6.727142857142857],
[1658759400.0, 6.721428571428571],
[1658845800.0, 6.6571428571428575],
[1658932200.0, 6.671428571428572],
[1659018600.0, 6.6885714285714295],
[1659105000.0, 6.737142857142857],
[1659191400.0, 6.89],
[1659277800.0, 6.847142857142856],
[1659364200.0, 6.825714285714286],
[1659450600.0, 6.8500000000000005],
[1659537000.0, 6.862857142857143],
[1659623400.0, 7.021428571428571],
[1659709800.0, 6.937142857142858],
[1659796200.0, 7.07],
[1659882600.0, 7.014285714285714],
[1659969000.0, 6.952857142857143],
[1660055400.0, 6.827142857142858],
[1660141800.0, 6.962857142857142],
[1660228200.0, 6.864285714285715],
[1660314600.0, 6.862857142857143],
[1660401000.0, 6.862857142857143],
[1660487400.0, 6.862857142857143],
[1660573800.0, 6.862857142857143],
[1660660200.0, 6.925714285714286],
[1660746600.0, 6.662857142857143],
[1660833000.0, 6.819999999999999],
[1660919400.0, 6.722857142857143],
[1661005800.0, 6.725714285714285],
[1661092200.0, 6.735714285714286],
[1661178600.0, 6.728571428571429],
[1661265000.0, 6.717142857142856],
[1661351400.0, 6.244285714285715],
[1661437800.0, 6.228571428571429],
[1661524200.0, 6.257142857142857],
[1661610600.0, 6.355714285714285],
[1661697000.0, 6.397142857142858],
[1661783400.0, 6.4157142857142855],
[1661869800.0, 6.33],
[1661956200.0, 6.3500000000000005],
[1662042600.0, 6.414285714285714],
[1662129000.0, 6.137142857142856],
[1662215400.0, 6.08],
[1662301800.0, 6.315714285714286],
[1662388200.0, 6.244285714285715],
[1662474600.0, 6.228571428571428],
[1662561000.0, 6.2],
[1662647400.0, 6.082857142857143],
[1662733800.0, 6.084285714285714],
[1662820200.0, 6.217142857142856],
[1662906600.0, 6.152857142857142],
[1662993000.0, 6.164285714285713],
[1663079400.0, 6.095714285714286],
[1663165800.0, 5.845714285714286],
[1663252200.0, 5.824285714285715],
[1663338600.0, 5.805714285714286],
[1663425000.0, 5.8914285714285715],
[1663511400.0, 5.855714285714285],
[1663597800.0, 5.8428571428571425],
[1663684200.0, 5.744285714285715],
[1663770600.0, 5.68],
[1663857000.0, 5.638571428571429],
[1663943400.0, 5.6000000000000005],
[1664029800.0, 5.657142857142857],
[1664116200.0, 5.585714285714286],
[1664202600.0, 5.672857142857142],
[1664289000.0, 5.618571428571428],
[1664375400.0, 5.658571428571428],
[1664461800.0, 5.572857142857144],
[1664548200.0, 5.855714285714285],
[1664634600.0, 5.588571428571429],
[1664717400.0, 5.654285714285714],
[1664803800.0, 5.771428571428571],
[1664890200.0, 5.801428571428572],
[1664976600.0, 5.717142857142856],
[1665063000.0, 5.71],
[1665149400.0, 5.758571428571429],
[1665235800.0, 5.934285714285714],
[1665322200.0, 5.972857142857143],
[1665408600.0, 5.855714285714286],
[1665495000.0, 5.92],
[1665581400.0, 6.054285714285713],
[1665667800.0, 6.04],
[1665754200.0, 6.082857142857143],
[1665840600.0, 6.114285714285714],
[1665927000.0, 6.08142857142857],
[1666013400.0, 6.109999999999999],
[1666099800.0, 6.017142857142857],
[1666186200.0, 6.135714285714286],
[1666272600.0, 6.094285714285713],
[1666359000.0, 6.051428571428572],
[1666445400.0, 5.764285714285714],
[1666531800.0, 5.737142857142857],
[1666618200.0, 5.691428571428572],
[1666704600.0, 5.752857142857144],
[1666791000.0, 5.871428571428572],
[1666877400.0, 5.8028571428571425],
[1666963800.0, 5.7042857142857155],
[1667050200.0, 5.772857142857142],
[1667136600.0, 5.811428571428571],
[1667223000.0, 5.8342857142857145],
[1667309400.0, 5.752857142857143],
[1667395800.0, 5.784285714285714],
[1667482200.0, 5.93],
[1667568600.0, 5.931428571428571],
[1667655000.0, 6.018571428571428],
[1667741400.0, 6.0128571428571425],
[1667827800.0, 6.054285714285714],
[1667914200.0, 6.062857142857142],
[1668000600.0, 5.982857142857143],
[1668087000.0, 6.164285714285714],
[1668173400.0, 6.069999999999999],
[1668259800.0, 6.137142857142857],
[1668346200.0, 6.128571428571429],
[1668432600.0, 5.99],
[1668519000.0, 6.112857142857144],
[1668605400.0, 6.1499999999999995],
[1668691800.0, 6.111428571428571],
[1668778200.0, 6.052857142857143],
[1668864600.0, 6.012857142857143],
[1668951000.0, 5.917142857142857],
[1669037400.0, 5.844285714285715],
[1669123800.0, 5.781428571428571],
[1669210200.0, 5.484285714285714],
[1669296600.0, 5.4799999999999995],
[1669383000.0, 5.531428571428571],
[1669469400.0, 5.58],
[1669555800.0, 5.548571428571429],
[1669642200.0, 5.637142857142856],
[1669728600.0, 5.718571428571429],
[1669815000.0, 6.0528571428571425],
[1669901400.0, 6.0842857142857145],
[1669987800.0, 6.281428571428571],
[1670074200.0, 6.464285714285714],
[1670160600.0, 6.362857142857143],
[1670247000.0, 6.37],
[1670333400.0, 6.3999999999999995],
[1670419800.0, 6.29],
[1670506200.0, 6.204285714285715],
[1670592600.0, 6.437142857142858],
[1670679000.0, 6.452857142857143],
[1670765400.0, 6.215714285714286],
[1670851800.0, 6.341428571428572],
[1670938200.0, 6.2457142857142856],
[1671024600.0, 6.341428571428572],
[1671111000.0, 6.261428571428572],
[1671197400.0, 6.325714285714286],
[1671283800.0, 6.391428571428571],
[1671370200.0, 6.2700000000000005],
[1671456600.0, 6.227142857142857],
[1671543000.0, 6.394285714285715],
[1671629400.0, 6.5528571428571425],
[1671715800.0, 6.285714285714286],
[1671802200.0, 6.277142857142857],
[1671888600.0, 6.334285714285714],
[1671975000.0, 6.305714285714286],
[1672061400.0, 6.214285714285714],
[1672147800.0, 6.167142857142857],
[1672234200.0, 6.124285714285714],
[1672320600.0, 6.155714285714287],
[1672407000.0, 6.218571428571429],
[1672493400.0, 6.251428571428572],
[1672579800.0, 6.225714285714285],
[1672666200.0, 6.244285714285715],
[1672752600.0, 6.237142857142857],
[1672839000.0, 6.331428571428572],
[1672925400.0, 6.398571428571428],
[1673011800.0, 6.525714285714285],
[1673098200.0, 6.787142857142858],
[1673184600.0, 6.805714285714286],
[1673271000.0, 6.885714285714286],
[1673357400.0, 6.92],
[1673443800.0, 6.917142857142857],
[1673530200.0, 7.147142857142858],
[1673616600.0, 7.024285714285715],
[1673703000.0, 7.142857142857143],
[1673789400.0, 7.162857142857143],
[1673875800.0, 7.359999999999999],
[1673962200.0, 7.258571428571429],
[1674048600.0, 7.187142857142858],
[1674135000.0, 7.225714285714285],
[1674221400.0, 7.002857142857144],
[1674307800.0, 7.104285714285715],
[1674394200.0, 7.384285714285714],
[1674480600.0, 7.255714285714285],
[1674567000.0, 7.267142857142857],
[1674653400.0, 7.231428571428571],
[1674739800.0, 7.1],
[1674826200.0, 7.341428571428572],
[1674912600.0, 7.497142857142856],
[1674999000.0, 7.428571428571429],
[1675085400.0, 7.311428571428572],
[1675171800.0, 7.368571428571428],
[1675258200.0, 7.288571428571428],
[1675344600.0, 7.547142857142857],
[1675431000.0, 7.3757142857142854],
[1675517400.0, 7.615714285714286],
[1675603800.0, 7.655714285714287],
[1675690200.0, 7.577142857142857],
[1675776600.0, 7.397142857142858],
[1675863000.0, 7.397142857142858],
[1675949400.0, 7.397142857142858],
