[1635773400.0, 39.07285714285715],
[1635859800.0, 39.97571428571428],
[1635946200.0, 39.96857142857143],
[1636032600.0, 39.52428571428571],
[1636119000.0, 39.537142857142854],
[1636205400.0, 39.58428571428571],
[1636291800.0, 39.378571428571426],
[1636378200.0, 39.33142857142857],
[1636464600.0, 39.23285714285714],
[1636551000.0, 39.192857142857136],
[1636637400.0, 38.05428571428571],
[1636723800.0, 38.05],
[1636810200.0, 38.18],
[1636896600.0, 37.862857142857145],
[1636983000.0, 37.71428571428571],
[1637069400.0, 37.675714285714285],
[1637155800.0, 37.744285714285716],
[1637242200.0, 37.73857142857143],
[1637328600.0, 38.71142857142858],
[1637415000.0, 38.56571428571429],
[1637501400.0, 37.51714285714286],
[1637587800.0, 38.82714285714285],
[1637674200.0, 38.74428571428571],
[1637760600.0, 38.71142857142858],
[1637847000.0, 38.69428571428572],
[1637933400.0, 38.52571428571429],
[1638019800.0, 38.43857142857143],
[1638106200.0, 38.135714285714286],
[1638192600.0, 38.14999999999999],
[1638279000.0, 37.92571428571428],
[1638365400.0, 37.919999999999995],
[1638451800.0, 37.85142857142857],
[1638538200.0, 37.84428571428571],
[1638624600.0, 36.644285714285715],
[1638711000.0, 36.85285714285715],
[1638797400.0, 36.92285714285715],
[1638883800.0, 38.21142857142858],
[1638970200.0, 38.12285714285714],
[1639056600.0, 37.832857142857144],
[1639143000.0, 38.63],
[1639229400.0, 38.62714285714286],
[1639315800.0, 38.60000000000001],
[1639402200.0, 38.50428571428572],
[1639488600.0, 38.51857142857143],
[1639575000.0, 38.628571428571426],
[1639661400.0, 41.23285714285714],
[1639747800.0, 41.01142857142857],
[1639834200.0, 41.42285714285714],
[1639920600.0, 41.16142857142857],
[1640007000.0, 40.675714285714285],
[1640093400.0, 41.114285714285714],
[1640179800.0, 41.317142857142855],
[1640266200.0, 41.52428571428571],
[1640352600.0, 41.43428571428571],
[1640439000.0, 41.41857142857142],
[1640525400.0, 41.76],
[1640611800.0, 42.62571428571429],
[1640698200.0, 42.61571428571428],
[1640784600.0, 43.21857142857142],
[1640871000.0, 43.19571428571429],
[1640957400.0, 43.118571428571435],
[1641043800.0, 42.84571428571429],
[1641130200.0, 45.06571428571429],
[1641216600.0, 43.71],
[1641303000.0, 43.46999999999999],
[1641389400.0, 41.73428571428571],
[1641475800.0, 41.394285714285715],
[1641562200.0, 40.94142857142857],
[1641648600.0, 40.31571428571429],
[1641735000.0, 40.09857142857142],
[1641821400.0, 42.05142857142857],
[1641907800.0, 41.541428571428575],
[1641994200.0, 41.528571428571425],
[1642080600.0, 41.44571428571428],
[1642167000.0, 41.362857142857145],
[1642253400.0, 40.95142857142857],
[1642339800.0, 41.68285714285714],
[1642426200.0, 40.205714285714286],
[1642512600.0, 40.769999999999996],
[1642599000.0, 40.19571428571428],
[1642685400.0, 39.917142857142856],
[1642771800.0, 38.55571428571428],
[1642858200.0, 38.86571428571428],
[1642944600.0, 40.06714285714286],
[1643031000.0, 43.87571428571429],
[1643117400.0, 43.72857142857142],
[1643203800.0, 44.69428571428572],
[1643290200.0, 44.72571428571428],
[1643376600.0, 43.81857142857143],
[1643463000.0, 43.021428571428565],
[1643549400.0, 42.93999999999999],
[1643635800.0, 42.93999999999999],
[1643722200.0, 42.93999999999999],
[1643808600.0, 43.068571428571424],
[1643895000.0, 42.89714285714286],
[1643981400.0, 42.91714285714285],
[1644067800.0, 42.660000000000004],
[1644154200.0, 42.76999999999999],
[1644240600.0, 42.08571428571428],
[1644327000.0, 41.53000000000001],
[1644413400.0, 41.642857142857146],
[1644499800.0, 42.207142857142856],
[1644586200.0, 42.12714285714286],
[1644672600.0, 42.037142857142854],
[1644759000.0, 41.632857142857134],
[1644845400.0, 41.121428571428574],
[1644931800.0, 40.76571428571429],
[1645018200.0, 40.635714285714286],
[1645104600.0, 40.88857142857143],
[1645191000.0, 40.559999999999995],
[1645277400.0, 40.152857142857144],
[1645363800.0, 40.58714285714285],
[1645450200.0, 40.54714285714285],
[1645536600.0, 41.76],
[1645623000.0, 42.85285714285715],
[1645709400.0, 42.527142857142856],
[1645795800.0, 42.94571428571428],
[1645882200.0, 42.455714285714286],
[1645968600.0, 41.89428571428571],
[1646055000.0, 40.63857142857143],
[1646141400.0, 40.26142857142857],
[1646227800.0, 40.50571428571429],
[1646314200.0, 40.88999999999999],
[1646400600.0, 42.06999999999999],
[1646487000.0, 41.57285714285714],
[1646573400.0, 41.58428571428571],
[1646659800.0, 41.55142857142857],
[1646746200.0, 42.605714285714285],
[1646832600.0, 41.78714285714286],
[1646919000.0, 41.94857142857143],
[1647005400.0, 42.019999999999996],
[1647091800.0, 40.645714285714284],
[1647178200.0, 40.455714285714286],
[1647264600.0, 39.8],
[1647351000.0, 40.034285714285716],
[1647437400.0, 40.43428571428571],
[1647523800.0, 42.00857142857143],
[1647610200.0, 41.91571428571428],
[1647696600.0, 42.309999999999995],
[1647783000.0, 42.10285714285714],
[1647869400.0, 41.81285714285714],
[1647955800.0, 41.78571428571428],
[1648042200.0, 43.505714285714284],
[1648128600.0, 43.271428571428565],
[1648215000.0, 43.435714285714276],
[1648301400.0, 43.309999999999995],
[1648387800.0, 43.23],
[1648474200.0, 43.05857142857143],
[1648560600.0, 42.952857142857134],
[1648647000.0, 42.76714285714285],
[1648733400.0, 42.85142857142857],
[1648819800.0, 42.67714285714286],
[1648906200.0, 42.36000000000001],
[1648996200.0, 42.135714285714286],
[1649082600.0, 42.00428571428571],
[1649169000.0, 41.69857142857143],
[1649255400.0, 43.33],
[1649341800.0, 43.08285714285715],
[1649428200.0, 42.76285714285715],
[1649514600.0, 42.85857142857143],
[1649601000.0, 42.85857142857143],
[1649687400.0, 42.85857142857143],
[1649773800.0, 42.85857142857143],
[1649860200.0, 42.85142857142857],
[1649946600.0, 44.73142857142857],
[1650033000.0, 42.11],
[1650119400.0, 41.498571428571424],
[1650205800.0, 42.15714285714285],
[1650292200.0, 41.74428571428571],
[1650378600.0, 41.71142857142856],
[1650465000.0, 41.22142857142857],
[1650551400.0, 41.22142857142857],
[1650637800.0, 41.22142857142857],
[1650724200.0, 43.65571428571429],
[1650810600.0, 43.854285714285716],
[1650897000.0, 43.33142857142857],
[1650983400.0, 43.89],
[1651069800.0, 47.19857142857143],
[1651156200.0, 45.555714285714295],
[1651242600.0, 45.592857142857135],
[1651329000.0, 45.64142857142857],
[1651415400.0, 44.842857142857135],
[1651501800.0, 41.58857142857143],
[1651588200.0, 41.548571428571414],
[1651674600.0, 41.167142857142856],
[1651761000.0, 39.55714285714286],
[1651847400.0, 39.528571428571425],
[1651933800.0, 40.18285714285714],
[1652020200.0, 40.68571428571429],
[1652106600.0, 40.01714285714286],
[1652193000.0, 39.957142857142856],
[1652279400.0, 40.72571428571429],
[1652365800.0, 40.255714285714284],
[1652452200.0, 40.628571428571426],
[1652538600.0, 40.56],
[1652625000.0, 40.33428571428572],
[1652711400.0, 40.22571428571428],
[1652797800.0, 40.59285714285714],
[1652884200.0, 39.105714285714285],
[1652970600.0, 40.38999999999999],
[1653057000.0, 40.58285714285715],
[1653143400.0, 40.30142857142857],
[1653229800.0, 40.08142857142857],
[1653316200.0, 39.252857142857145],
[1653402600.0, 39.537142857142854],
[1653489000.0, 38.43],
[1653575400.0, 38.332857142857144],
[1653661800.0, 37.57285714285714],
[1653748200.0, 38.16142857142857],
[1653834600.0, 38.65],
[1653921000.0, 39.42285714285714],
[1654007400.0, 39.480000000000004],
[1654093800.0, 39.315714285714286],
[1654180200.0, 39.31428571428571],
[1654266600.0, 39.33571428571429],
[1654353000.0, 39.24857142857143],
[1654439400.0, 39.464285714285715],
[1654525800.0, 39.41857142857143],
[1654612200.0, 39.202857142857134],
[1654698600.0, 39.298571428571435],
[1654785000.0, 38.26571428571429],
[1654871400.0, 37.84428571428572],
[1654957800.0, 37.605714285714285],
[1655044200.0, 38.644285714285715],
[1655130600.0, 38.35],
[1655217000.0, 38.22285714285714],
[1655303400.0, 38.43428571428571],
[1655389800.0, 40.16285714285714],
[1655476200.0, 40.00857142857143],
[1655562600.0, 39.92142857142858],
[1655649000.0, 39.858571428571416],
[1655735400.0, 39.97571428571428],
[1655821800.0, 39.90571428571428],
[1655908200.0, 39.762857142857136],
[1655994600.0, 39.77285714285714],
[1656081000.0, 40.11714285714286],
[1656167400.0, 40.12],
[1656253800.0, 40.09285714285714],
[1656340200.0, 40.37428571428571],
[1656426600.0, 39.83142857142857],
[1656513000.0, 39.784285714285716],
[1656599400.0, 39.77142857142858],
[1656685800.0, 39.51857142857143],
[1656772200.0, 39.56142857142857],
[1656858600.0, 38.817142857142855],
[1656945000.0, 38.885714285714286],
[1657031400.0, 38.50285714285714],
[1657117800.0, 38.44714285714286],
[1657204200.0, 38.574285714285715],
[1657290600.0, 39.08571428571429],
[1657377000.0, 39.019999999999996],
[1657463400.0, 39.74571428571429],
[1657549800.0, 39.50428571428571],
[1657636200.0, 39.521428571428565],
[1657722600.0, 39.26714285714286],
[1657809000.0, 39.059999999999995],
[1657895400.0, 38.98714285714285],
[1657981800.0, 39.10142857142857],
[1658068200.0, 38.24],
[1658154600.0, 38.26],
[1658241000.0, 38.53285714285715],
[1658327400.0, 38.730000000000004],
[1658413800.0, 39.117142857142866],
[1658500200.0, 38.45857142857143],
[1658586600.0, 38.30571428571428],
[1658673000.0, 38.29142857142857],
[1658759400.0, 38.78142857142857],
[1658845800.0, 38.628571428571426],
[1658932200.0, 38.39999999999999],
[1659018600.0, 38.41571428571428],
[1659105000.0, 38.53285714285715],
[1659191400.0, 38.47714285714285],
[1659277800.0, 38.512857142857136],
[1659364200.0, 38.471428571428575],
[1659450600.0, 38.451428571428565],
[1659537000.0, 38.44285714285714],
[1659623400.0, 38.638571428571424],
[1659709800.0, 38.61],
[1659796200.0, 38.61142857142857],
[1659882600.0, 38.64714285714285],
[1659969000.0, 38.709999999999994],
[1660055400.0, 38.71714285714285],
[1660141800.0, 39.03857142857142],
[1660228200.0, 38.80857142857143],
[1660314600.0, 38.75142857142857],
[1660401000.0, 38.75142857142857],
[1660487400.0, 38.75142857142857],
[1660573800.0, 38.75142857142857],
[1660660200.0, 37.701428571428565],
[1660746600.0, 38.489999999999995],
[1660833000.0, 38.39857142857143],
[1660919400.0, 38.18142857142857],
[1661005800.0, 38.26571428571428],
[1661092200.0, 38.33714285714285],
[1661178600.0, 38.192857142857136],
[1661265000.0, 38.67571428571428],
[1661351400.0, 38.85142857142857],
[1661437800.0, 38.715714285714284],
[1661524200.0, 38.462857142857146],
[1661610600.0, 38.18714285714286],
[1661697000.0, 38.19],
[1661783400.0, 38.51142857142857],
[1661869800.0, 40.605714285714285],
[1661956200.0, 40.56],
[1662042600.0, 40.53571428571429],
[1662129000.0, 41.074285714285715],
[1662215400.0, 40.20428571428572],
[1662301800.0, 41.878571428571426],
[1662388200.0, 42.38142857142857],
[1662474600.0, 45.190000000000005],
[1662561000.0, 44.42714285714286],
[1662647400.0, 46.42],
[1662733800.0, 49.49571428571429],
[1662820200.0, 48.13142857142857],
[1662906600.0, 47.144285714285715],
[1662993000.0, 48.78857142857142],
[1663079400.0, 48.50428571428571],
[1663165800.0, 48.16428571428571],
[1663252200.0, 49.50285714285714],
[1663338600.0, 48.90857142857143],
[1663425000.0, 48.769999999999996],
[1663511400.0, 50.459999999999994],
[1663597800.0, 52.64142857142857],
[1663684200.0, 52.392857142857146],
[1663770600.0, 52.22714285714285],
[1663857000.0, 50.767142857142865],
[1663943400.0, 50.29571428571428],
[1664029800.0, 50.03714285714286],
[1664116200.0, 50.02571428571429],
[1664202600.0, 49.89],
[1664289000.0, 51.388571428571424],
[1664375400.0, 52.90285714285714],
[1664461800.0, 52.89142857142856],
[1664548200.0, 52.980000000000004],
[1664634600.0, 52.72428571428571],
[1664717400.0, 52.96142857142858],
[1664803800.0, 52.345714285714294],
[1664890200.0, 52.527142857142856],
[1664976600.0, 52.402857142857144],
[1665063000.0, 52.31142857142857],
[1665149400.0, 52.129999999999995],
[1665235800.0, 51.14714285714286],
[1665322200.0, 50.487142857142864],
[1665408600.0, 50.448571428571434],
[1665495000.0, 49.98142857142857],
[1665581400.0, 49.00714285714287],
[1665667800.0, 49.348571428571425],
[1665754200.0, 49.269999999999996],
[1665840600.0, 48.66285714285714],
[1665927000.0, 47.76857142857143],
[1666013400.0, 47.03142857142858],
[1666099800.0, 46.35000000000001],
[1666186200.0, 46.43142857142857],
[1666272600.0, 47.33571428571428],
[1666359000.0, 48.401428571428575],
[1666445400.0, 49.09857142857142],
[1666531800.0, 49.30714285714286],
[1666618200.0, 48.5],
[1666704600.0, 49.278571428571425],
[1666791000.0, 47.910000000000004],
[1666877400.0, 47.54],
[1666963800.0, 48.92142857142857],
[1667050200.0, 48.49714285714286],
[1667136600.0, 47.42285714285714],
[1667223000.0, 47.69],
[1667309400.0, 48.58142857142857],
[1667395800.0, 48.18285714285714],
[1667482200.0, 48.611428571428576],
[1667568600.0, 48.33285714285715],
[1667655000.0, 48.45428571428572],
[1667741400.0, 47.878571428571426],
[1667827800.0, 47.951428571428565],
[1667914200.0, 47.862857142857145],
[1668000600.0, 48.057142857142864],
[1668087000.0, 48.59857142857142],
[1668173400.0, 48.755714285714284],
[1668259800.0, 48.72142857142857],
[1668346200.0, 47.62428571428571],
[1668432600.0, 48.88142857142857],
[1668519000.0, 48.21999999999999],
[1668605400.0, 47.42285714285713],
[1668691800.0, 47.63285714285714],
[1668778200.0, 47.005714285714284],
[1668864600.0, 47.24999999999999],
[1668951000.0, 47.13714285714286],
[1669037400.0, 46.97571428571429],
[1669123800.0, 47.318571428571424],
[1669210200.0, 47.34285714285715],
[1669296600.0, 47.278571428571425],
[1669383000.0, 47.465714285714284],
[1669469400.0, 47.78285714285715],
[1669555800.0, 47.457142857142856],
[1669642200.0, 47.73142857142857],
[1669728600.0, 48.74285714285714],
[1669815000.0, 49.059999999999995],
[1669901400.0, 50.86714285714286],
[1669987800.0, 51.238571428571426],
[1670074200.0, 51.12],
[1670160600.0, 51.5],
[1670247000.0, 51.22571428571429],
[1670333400.0, 50.74142857142858],
[1670419800.0, 50.75857142857143],
[1670506200.0, 50.63142857142857],
[1670592600.0, 50.25714285714286],
[1670679000.0, 50.35],
[1670765400.0, 50.10714285714287],
[1670851800.0, 50.3],
[1670938200.0, 50.04142857142857],
[1671024600.0, 50.35142857142857],
[1671111000.0, 50.36428571428571],
[1671197400.0, 50.34714285714285],
[1671283800.0, 50.33571428571428],
[1671370200.0, 50.28714285714286],
[1671456600.0, 50.39142857142857],
[1671543000.0, 50.238571428571426],
[1671629400.0, 49.925714285714285],
[1671715800.0, 49.80571428571428],
[1671802200.0, 49.55],
[1671888600.0, 49.40571428571428],
[1671975000.0, 49.568571428571424],
[1672061400.0, 49.519999999999996],
[1672147800.0, 49.387142857142855],
[1672234200.0, 50.105714285714285],
[1672320600.0, 49.994285714285716],
[1672407000.0, 49.83857142857143],
[1672493400.0, 49.614285714285714],
[1672579800.0, 49.36571428571428],
[1672666200.0, 49.23857142857143],
[1672752600.0, 48.92285714285714],
[1672839000.0, 47.88999999999999],
[1672925400.0, 48.28571428571429],
[1673011800.0, 49.35142857142857],
[1673098200.0, 48.80285714285714],
[1673184600.0, 48.978571428571435],
[1673271000.0, 48.777142857142856],
[1673357400.0, 48.62142857142858],
[1673443800.0, 48.895714285714284],
[1673530200.0, 49.54571428571428],
[1673616600.0, 49.52571428571428],
[1673703000.0, 48.76999999999999],
[1673789400.0, 48.5],
[1673875800.0, 48.021428571428565],
[1673962200.0, 48.75142857142857],
[1674048600.0, 48.464285714285715],
[1674135000.0, 48.31142857142857],
[1674221400.0, 49.70428571428571],
[1674307800.0, 49.699999999999996],
[1674394200.0, 49.73],
[1674480600.0, 50.019999999999996],
[1674567000.0, 49.69714285714285],
[1674653400.0, 49.68857142857143],
[1674739800.0, 49.65571428571428],
[1674826200.0, 49.642857142857146],
[1674912600.0, 50.91428571428571],
[1674999000.0, 51.14999999999999],
[1675085400.0, 51.39857142857143],
[1675171800.0, 51.35714285714285],
[1675258200.0, 52.31285714285715],
[1675344600.0, 51.94857142857143],
[1675431000.0, 51.53714285714286],
[1675517400.0, 51.15000000000001],
[1675603800.0, 49.785714285714285],
[1675690200.0, 50.55285714285714],
[1675776600.0, 50.547142857142845],
[1675863000.0, 50.55142857142856],
[1675949400.0, 50.55142857142856],
