[1635773400.0, 0.9252498906164721],
[1635859800.0, 0.9354347786774447],
[1635946200.0, 0.8751104036903086],
[1636032600.0, 0.8857422793206314],
[1636119000.0, 0.8985184384950642],
[1636205400.0, 0.9240286332428194],
[1636291800.0, 0.926190927256571],
[1636378200.0, 0.9279935001375752],
[1636464600.0, 0.8844391267787699],
[1636551000.0, 0.8601381257631259],
[1636637400.0, 0.8672562543662147],
[1636723800.0, 0.8793941060543562],
[1636810200.0, 0.882118294360385],
[1636896600.0, 0.8260974983305078],
[1636983000.0, 0.8115648592298532],
[1637069400.0, 0.8091880815014372],
[1637155800.0, 0.8331771109548886],
[1637242200.0, 0.7483173663942895],
[1637328600.0, 0.7934225982803745],
[1637415000.0, 0.789618165893206],
[1637501400.0, 0.7955944482709224],
[1637587800.0, 0.781637410782473],
[1637674200.0, 0.7870534816219789],
[1637760600.0, 0.7876579398607162],
[1637847000.0, 0.788813690835417],
[1637933400.0, 0.7966050713184086],
[1638019800.0, 0.8285608702430783],
[1638106200.0, 0.7687354298104042],
[1638192600.0, 0.7661039340472289],
[1638279000.0, 0.7977636417391947],
[1638365400.0, 0.8008162653741921],
[1638451800.0, 0.769504646491042],
[1638538200.0, 0.7818762351173462],
[1638624600.0, 0.7887357298012381],
[1638711000.0, 0.7972213162281657],
[1638797400.0, 0.7732233456548525],
[1638883800.0, 0.7864404399507139],
[1638970200.0, 0.8166403880689596],
[1639056600.0, 0.8317268312799238],
[1639143000.0, 0.8516755166952795],
[1639229400.0, 0.8550432290468524],
[1639315800.0, 0.8531602254428342],
[1639402200.0, 0.8452179664136186],
[1639488600.0, 0.8572612470402526],
[1639575000.0, 0.8833242613662967],
[1639661400.0, 0.8791113887057537],
[1639747800.0, 0.8824456645546406],
[1639834200.0, 0.9024981917812528],
[1639920600.0, 0.8885037348272644],
[1640007000.0, 0.8960033388202058],
[1640093400.0, 0.9038903609595171],
[1640179800.0, 0.9032308538204618],
[1640266200.0, 0.8946491814296285],
[1640352600.0, 0.8710515229117453],
[1640439000.0, 0.8616793872020352],
[1640525400.0, 0.9081019378085846],
[1640611800.0, 0.9409010623269815],
[1640698200.0, 0.9847576041401754],
[1640784600.0, 1.0160542242500803],
[1640871000.0, 1.0335496398054507],
[1640957400.0, 1.0379894676968895],
[1641043800.0, 1.0533165516731664],
[1641130200.0, 1.0499887055716284],
[1641216600.0, 1.0468258332569578],
[1641303000.0, 1.0589802130898023],
[1641389400.0, 1.0498257732344545],
[1641475800.0, 1.0644870160887359],
[1641562200.0, 0.9080899502374814],
[1641648600.0, 0.903891561781601],
[1641735000.0, 0.9064194760374695],
[1641821400.0, 0.8922837721933176],
[1641907800.0, 0.9047566989427456],
[1641994200.0, 0.8967361372242924],
[1642080600.0, 0.9053357593235992],
[1642167000.0, 0.9138992194282379],
[1642253400.0, 0.9147944283248943],
[1642339800.0, 0.9303104170344931],
[1642426200.0, 0.9107005432536841],
[1642512600.0, 0.9135403792741432],
[1642599000.0, 0.910374711610828],
[1642685400.0, 0.9091762321475928],
[1642771800.0, 0.8977264333725377],
[1642858200.0, 0.8988040748637762],
[1642944600.0, 0.9343021392250691],
[1643031000.0, 0.9394055945379265],
[1643117400.0, 0.9332761230362375],
[1643203800.0, 0.9266643229491528],
[1643290200.0, 0.9232294569137933],
[1643376600.0, 0.9092399823464062],
[1643463000.0, 0.9271110089243136],
[1643549400.0, 0.9094258915687486],
[1643635800.0, 0.9094258915687486],
[1643722200.0, 0.9094258915687486],
[1643808600.0, 0.8680897797715577],
[1643895000.0, 0.8634759238207513],
[1643981400.0, 0.7905579902643789],
[1644067800.0, 0.7934685902200601],
[1644154200.0, 0.7920813440028692],
[1644240600.0, 0.8104857483859755],
[1644327000.0, 0.8041819763515446],
[1644413400.0, 0.8055289092220911],
[1644499800.0, 0.8034280075791849],
[1644586200.0, 0.7895743547917461],
[1644672600.0, 0.7939792341861518],
[1644759000.0, 0.7931564239057387],
[1644845400.0, 0.7976383324414104],
[1644931800.0, 0.7952260921962507],
[1645018200.0, 0.8053804437033679],
[1645104600.0, 0.8120858075691427],
[1645191000.0, 0.8241795237929394],
[1645277400.0, 0.9058951038849667],
[1645363800.0, 0.8145840879507651],
[1645450200.0, 0.8245068192485935],
[1645536600.0, 0.8321365386616715],
[1645623000.0, 0.8295943030279],
[1645709400.0, 0.8295739130722457],
[1645795800.0, 0.8259740560459538],
[1645882200.0, 0.835633926500315],
[1645968600.0, 0.83825572565911],
[1646055000.0, 0.834762037202588],
[1646141400.0, 0.8349616215813401],
[1646227800.0, 0.8391657554813233],
[1646314200.0, 0.8349864584432486],
[1646400600.0, 0.8405183066765527],
[1646487000.0, 0.8420692382574835],
[1646573400.0, 0.840812862551993],
[1646659800.0, 0.8559484705050259],
[1646746200.0, 0.8896337128123422],
[1646832600.0, 0.8865751834045308],
[1646919000.0, 0.9089811172101364],
[1647005400.0, 0.922995703557649],
[1647091800.0, 0.9210681151361917],
[1647178200.0, 0.9238735970841409],
[1647264600.0, 0.9229534264068466],
[1647351000.0, 0.9336351912176574],
[1647437400.0, 0.8762773245855953],
[1647523800.0, 0.882277012900553],
[1647610200.0, 0.8807523485584711],
[1647696600.0, 0.8804589298060684],
[1647783000.0, 0.8788653163844276],
[1647869400.0, 0.8816847509779796],
[1647955800.0, 0.8921462046462045],
[1648042200.0, 0.8958174178762415],
[1648128600.0, 0.8968377269775509],
[1648215000.0, 0.8919305183673001],
[1648301400.0, 0.8943872362064584],
[1648387800.0, 0.8947758772539749],
[1648474200.0, 0.8932101623142812],
[1648560600.0, 0.8914009142777556],
[1648647000.0, 0.8747225865861092],
[1648733400.0, 0.8867657941983678],
[1648819800.0, 0.8895052603111556],
[1648906200.0, 0.8835098379629631],
[1648996200.0, 0.8737454530423281],
[1649082600.0, 0.8736465670104113],
[1649169000.0, 0.8765095720497468],
[1649255400.0, 0.8876501305483028],
[1649341800.0, 0.9027842969019437],
[1649428200.0, 0.8970141005487573],
[1649514600.0, 0.9310455414551169],
[1649601000.0, 0.9310455414551169],
[1649687400.0, 0.9310455414551169],
[1649773800.0, 0.9310455414551169],
[1649860200.0, 0.9309974410732155],
[1649946600.0, 0.9483598582311029],
[1650033000.0, 0.9548182063351968],
[1650119400.0, 0.9729685352002949],
[1650205800.0, 0.9768246800133572],
[1650292200.0, 0.9948172952464799],
[1650378600.0, 0.997156674195301],
[1650465000.0, 0.9636266109049016],
[1650551400.0, 0.9636266109049016],
[1650637800.0, 0.9636266109049016],
[1650724200.0, 0.8756611137822778],
[1650810600.0, 0.8331298331298332],
[1650897000.0, 0.8270896060259982],
[1650983400.0, 0.8260894797931834],
[1651069800.0, 0.8446861144154861],
[1651156200.0, 0.8718184677572556],
[1651242600.0, 0.9138098360763509],
[1651329000.0, 0.9256000266493447],
[1651415400.0, 0.8810710810612413],
[1651501800.0, 0.8672955753870658],
[1651588200.0, 0.8701832450112041],
[1651674600.0, 0.8580894238608076],
[1651761000.0, 0.8576911079133083],
[1651847400.0, 0.8738054283603554],
[1651933800.0, 0.8717497959725938],
[1652020200.0, 0.864190719806626],
[1652106600.0, 0.8565008168532399],
[1652193000.0, 0.8548595395647732],
[1652279400.0, 0.8464272567776231],
[1652365800.0, 0.8443045781034607],
[1652452200.0, 0.8589380486434797],
[1652538600.0, 0.8753551705964576],
[1652625000.0, 0.9095129998816087],
[1652711400.0, 0.8574669204013031],
[1652797800.0, 0.8600295563166346],
[1652884200.0, 0.8640671668973555],
[1652970600.0, 0.8501989172572022],
[1653057000.0, 0.8555716621165632],
[1653143400.0, 0.8534801643886998],
[1653229800.0, 0.8692390005558384],
[1653316200.0, 0.8334381797679836],
[1653402600.0, 0.8405343067814465],
[1653489000.0, 0.8218287968984781],
[1653575400.0, 0.8177348169534856],
[1653661800.0, 0.8155793989996011],
[1653748200.0, 0.8232406258873464],
[1653834600.0, 0.8155620600738727],
[1653921000.0, 0.829265368148956],
[1654007400.0, 0.8860715382616297],
[1654093800.0, 0.8690817949887818],
[1654180200.0, 0.9198793830149764],
[1654266600.0, 0.9164978047956771],
[1654353000.0, 0.9131269055984049],
[1654439400.0, 0.9117562294936596],
[1654525800.0, 0.9137178471316957],
[1654612200.0, 0.8837869657707714],
[1654698600.0, 0.8648590213596987],
[1654785000.0, 0.8672706273430228],
[1654871400.0, 0.87564606899226],
[1654957800.0, 0.8799735276487078],
[1655044200.0, 0.8882437945977535],
[1655130600.0, 0.9095204125053191],
[1655217000.0, 0.9050514958754661],
[1655303400.0, 0.9136011779630631],
[1655389800.0, 0.933956617839466],
[1655476200.0, 0.9495462825816777],
[1655562600.0, 0.9390080233006444],
[1655649000.0, 0.9458251063532511],
[1655735400.0, 0.9351124407685494],
[1655821800.0, 0.9599824656360295],
[1655908200.0, 0.9624474928794301],
[1655994600.0, 0.933751121532881],
[1656081000.0, 0.9463046071005277],
[1656167400.0, 0.9496083039561302],
[1656253800.0, 1.0278471581208182],
[1656340200.0, 0.9751952740210224],
[1656426600.0, 0.9892115980909614],
[1656513000.0, 0.9918499472190746],
[1656599400.0, 0.8344053903519797],
[1656685800.0, 0.9025796310481298],
[1656772200.0, 0.9021156624880625],
[1656858600.0, 0.9194783054297085],
[1656945000.0, 0.9168773102848449],
[1657031400.0, 0.9177954528510148],
[1657117800.0, 0.9145695774483654],
[1657204200.0, 0.9398971759756538],
[1657290600.0, 0.9234781353044826],
[1657377000.0, 0.9178515450067174],
[1657463400.0, 0.9326919651762562],
[1657549800.0, 0.9332356793518563],
[1657636200.0, 0.9364328022053708],
[1657722600.0, 0.9883372975604342],
[1657809000.0, 0.9983084652477974],
[1657895400.0, 0.987024425037655],
[1657981800.0, 0.9959299259986545],
[1658068200.0, 0.9879044084828547],
[1658154600.0, 0.9877211403843706],
[1658241000.0, 0.985345048568047],
[1658327400.0, 0.9709278946442486],
[1658413800.0, 0.8999774909963985],
[1658500200.0, 0.890981612380919],
[1658586600.0, 0.8971393740884195],
[1658673000.0, 0.9110175347008967],
[1658759400.0, 0.8898798069313447],
[1658845800.0, 0.8935997303322788],
[1658932200.0, 0.891494607447915],
[1659018600.0, 0.8795501283417644],
[1659105000.0, 0.8714657541818035],
[1659191400.0, 0.8783205942765779],
[1659277800.0, 0.8697225578039531],
[1659364200.0, 0.8712366803261389],
[1659450600.0, 0.9172204276671134],
[1659537000.0, 0.9177727034869896],
[1659623400.0, 0.9525320482234312],
[1659709800.0, 0.9520913279435692],
[1659796200.0, 0.9528829362854259],
[1659882600.0, 0.9478819584171695],
[1659969000.0, 0.9250319212858644],
[1660055400.0, 0.924263992177154],
[1660141800.0, 0.9586364543126908],
[1660228200.0, 0.9576053311034827],
[1660314600.0, 0.8883133765331308],
[1660401000.0, 0.8883133765331308],
[1660487400.0, 0.8883133765331308],
[1660573800.0, 0.8883133765331308],
[1660660200.0, 0.9237370434757953],
[1660746600.0, 0.8965934775589282],
[1660833000.0, 0.8992290274069934],
[1660919400.0, 0.9127956802683533],
[1661005800.0, 0.9301521090453239],
[1661092200.0, 0.928917184418407],
[1661178600.0, 0.933190506296609],
[1661265000.0, 0.951659491971259],
[1661351400.0, 0.9516424137525776],
[1661437800.0, 0.9535244606697199],
[1661524200.0, 0.9546601592491772],
[1661610600.0, 0.953327825233556],
[1661697000.0, 0.9536429872495447],
[1661783400.0, 0.9597590492507683],
[1661869800.0, 0.9659714369476905],
[1661956200.0, 0.965406334240415],
[1662042600.0, 0.9710162972800972],
[1662129000.0, 0.9934356703127937],
[1662215400.0, 1.0082237241528755],
[1662301800.0, 1.0224013731463182],
[1662388200.0, 1.0236962399229481],
[1662474600.0, 1.0107136836918609],
[1662561000.0, 1.0017589318149807],
[1662647400.0, 1.012609435481776],
[1662733800.0, 0.9980777462466511],
[1662820200.0, 1.0033830269160342],
[1662906600.0, 0.9499836983415337],
[1662993000.0, 0.9570711231610883],
[1663079400.0, 0.9664193389913773],
[1663165800.0, 1.0081959082346208],
[1663252200.0, 1.0082734269576952],
[1663338600.0, 1.0363819345865417],
[1663425000.0, 0.9595361716857045],
[1663511400.0, 0.9623755465568362],
[1663597800.0, 0.9639026066151571],
[1663684200.0, 0.9796660594117074],
[1663770600.0, 0.9845774954573442],
[1663857000.0, 0.9899396318358691],
[1663943400.0, 0.9686138476943558],
[1664029800.0, 0.9594838710760056],
[1664116200.0, 0.957509618092978],
[1664202600.0, 0.9458470351119126],
[1664289000.0, 0.9479060049926192],
[1664375400.0, 0.9636456595676455],
[1664461800.0, 0.9766129486529528],
[1664548200.0, 0.9765509557176223],
[1664634600.0, 0.9784979788485345],
[1664717400.0, 0.9708630491753266],
[1664803800.0, 0.9607817164531004],
[1664890200.0, 0.9272832829311746],
[1664976600.0, 0.9358384886156917],
[1665063000.0, 0.934533267538449],
[1665149400.0, 0.9351590782511834],
[1665235800.0, 0.9655761265994932],
[1665322200.0, 1.0068179939699071],
[1665408600.0, 1.0070714420459754],
[1665495000.0, 1.0017413605698837],
[1665581400.0, 0.9340227715700805],
[1665667800.0, 0.9553171081799858],
[1665754200.0, 0.9519140248064206],
[1665840600.0, 0.9516207326812582],
[1665927000.0, 0.9466057558289016],
[1666013400.0, 0.960617201999307],
[1666099800.0, 0.9666273513578901],
[1666186200.0, 1.0391018512744836],
[1666272600.0, 1.0230340292658195],
[1666359000.0, 1.0276414472435347],
[1666445400.0, 1.0459365247155943],
[1666531800.0, 0.9508929048979111],
[1666618200.0, 0.9582993751697906],
[1666704600.0, 0.9696291861772809],
[1666791000.0, 0.9557595039973895],
[1666877400.0, 1.0105182438309754],
[1666963800.0, 1.0092073144794234],
[1667050200.0, 0.9646228577752481],
[1667136600.0, 0.9923576769282885],
[1667223000.0, 1.0046648864273235],
[1667309400.0, 0.990976655475166],
[1667395800.0, 0.9835361525681215],
[1667482200.0, 0.9488431013431013],
[1667568600.0, 0.9432036955417212],
[1667655000.0, 0.9473691066179964],
[1667741400.0, 0.9486275635298673],
[1667827800.0, 0.9496659949246157],
[1667914200.0, 0.9331072960042182],
[1668000600.0, 0.9376496419371576],
[1668087000.0, 0.9478232404393352],
[1668173400.0, 0.9480769171254645],
[1668259800.0, 0.9480984543386659],
[1668346200.0, 0.958333526135489],
[1668432600.0, 0.9266905025076506],
[1668519000.0, 0.8539717196922438],
[1668605400.0, 0.8578850403186968],
[1668691800.0, 0.8334050383828857],
[1668778200.0, 0.8335710215002574],
[1668864600.0, 0.8318000502240769],
[1668951000.0, 0.8177649532035037],
[1669037400.0, 0.8162808390619302],
[1669123800.0, 0.818362700925135],
[1669210200.0, 0.8412719705422262],
[1669296600.0, 0.8434038213978873],
[1669383000.0, 0.8448840742028091],
[1669469400.0, 0.8488374854793647],
[1669555800.0, 0.8561393273598544],
[1669642200.0, 0.8578514869549353],
[1669728600.0, 0.8537979175158196],
[1669815000.0, 0.845948392937981],
[1669901400.0, 0.8459933898280783],
[1669987800.0, 0.85296710807838],
[1670074200.0, 0.8616378480769036],
[1670160600.0, 0.8607540508735403],
[1670247000.0, 0.8540377218572093],
[1670333400.0, 0.8475424841633412],
[1670419800.0, 0.8608621156421875],
[1670506200.0, 0.8617573868715421],
[1670592600.0, 0.8572508948650809],
[1670679000.0, 0.856525145463437],
[1670765400.0, 0.8564400075047013],
[1670851800.0, 0.8627644903464797],
[1670938200.0, 0.8730282681132474],
[1671024600.0, 0.8715630089972013],
[1671111000.0, 0.870459905573951],
[1671197400.0, 0.8733890883281127],
[1671283800.0, 0.8785638015447662],
[1671370200.0, 0.8803291756954357],
[1671456600.0, 0.8094456173273907],
[1671543000.0, 0.8086486234326765],
[1671629400.0, 0.8081690270469262],
[1671715800.0, 0.8154592726130926],
[1671802200.0, 0.8161784957878641],
[1671888600.0, 0.8155809040463905],
[1671975000.0, 0.7980985816351671],
[1672061400.0, 0.8030333257333941],
[1672147800.0, 0.839261363717155],
[1672234200.0, 0.8567192197148756],
[1672320600.0, 0.8589824788228753],
[1672407000.0, 0.8570848971593047],
[1672493400.0, 0.8480583926274056],
[1672579800.0, 0.8644546445595975],
[1672666200.0, 0.8886309410839683],
[1672752600.0, 0.893858488702706],
[1672839000.0, 0.9182200382200385],
[1672925400.0, 0.9302609379739157],
[1673011800.0, 0.9584286583070286],
[1673098200.0, 0.9851686968599569],
[1673184600.0, 1.0080411221310286],
[1673271000.0, 1.03949241027437],
[1673357400.0, 0.9042477778374732],
[1673443800.0, 0.9322632011270346],
[1673530200.0, 0.9321144037880998],
[1673616600.0, 0.9320957645583795],
[1673703000.0, 0.8972267993002158],
[1673789400.0, 0.8960964966069822],
[1673875800.0, 0.9039802233501345],
[1673962200.0, 0.9124769151106829],
[1674048600.0, 0.8808437058843782],
[1674135000.0, 0.8776283567572545],
[1674221400.0, 0.7945685920387807],
[1674307800.0, 0.8097385784682202],
[1674394200.0, 0.8116051243406179],
[1674480600.0, 0.8085791770167556],
[1674567000.0, 0.8105581806261792],
[1674653400.0, 0.8698248356219238],
[1674739800.0, 0.8589362002455179],
[1674826200.0, 0.864447533271954],
[1674912600.0, 0.843661456127191],
[1674999000.0, 0.8647035010778457],
[1675085400.0, 0.8479288271153579],
[1675171800.0, 0.8858283602924497],
[1675258200.0, 0.8941554711495627],
[1675344600.0, 0.9442053341153294],
[1675431000.0, 0.8778314892174112],
[1675517400.0, 0.8962810788032027],
[1675603800.0, 0.8974792159639821],
[1675690200.0, 0.8981356591660722],
[1675776600.0, 0.895984225054732],
[1675863000.0, 0.9025721510534278],
[1675949400.0, 0.9025721510534278],
