[[1633098600, 254.3],
[1633185000, 260.41],
[1633267800, 261.31],
[1633354200, 260.89],
[1633440600, 260.98],
[1633527000, 260.23],
[1633613400, 260.63],
[1633699800, 265.74],
[1633786200, 266.47],
[1633872600, 267.86],
[1633959000, 269.71],
[1634045400, 267.39],
[1634131800, 265.04],
[1634218200, 266.62],
[1634304600, 271.31],
[1634391000, 270.95],
[1634477400, 270.37],
[1634563800, 271.71],
[1634650200, 269.46],
[1634736600, 269.41],
[1634823000, 266.81],
[1634909400, 258.42],
[1634995800, 259.34],
[1635082200, 258.68],
[1635168600, 257.1],
[1635255000, 256.78],
[1635341400, 257.33],
[1635427800, 258.82],
[1635514200, 262.79],
[1635600600, 262.18],
[1635687000, 260.92],
[1635859800, 266.79],
[1636119000, 267.8],
[1636291800, 271.39],
[1636464600, 262.19],
[1636637400, 255.69],
[1636983000, 256.83],
[1637242200, 259.0],
[1637328600, 258.33],
[1637415000, 261.12],
[1637501400, 260.79],
[1637587800, 259.99],
[1637674200, 259.99],
[1637760600, 259.5],
[1637847000, 256.25],
[1637933400, 254.14],
[1638019800, 254.14],
[1638106200, 258.96],
[1638192600, 258.25],
[1638279000, 253.82],
[1638365400, 255.27],
[1638451800, 259.91],
[1638538200, 264.81],
[1638624600, 266.14],
[1638711000, 267.48],
[1638797400, 271.21],
[1638883800, 273.76],
[1638970200, 277.27],
[1639056600, 275.12],
[1639143000, 274.94],
[1639229400, 275.66],
[1639315800, 277.1],
[1639402200, 272.03],
[1639488600, 276.81],
[1639575000, 269.41],
[1639661400, 268.78],
[1639747800, 270.39],
[1639834200, 267.64],
[1639920600, 270.37],
[1640007000, 269.72],
[1640093400, 273.04],
[1640179800, 274.43],
[1640266200, 271.71],
[1640352600, 278.72],
[1640439000, 280.18],
[1640525400, 278.38],
[1640611800, 278.22],
[1640698200, 280.84],
[1640784600, 284.19],
[1640871000, 285.96],
[1640957400, 286.02],
[1641043800, 287.27],
[1641130200, 287.73],
[1641216600, 290.21],
[1641303000, 293.44],
[1641389400, 289.1],
[1641475800, 293.36],
[1641562200, 298.12],
[1641648600, 297.05],
[1641735000, 297.75],
[1641821400, 301.48],
[1641907800, 301.03],
[1641994200, 300.96],
[1642080600, 304.48],
[1642167000, 300.85],
[1642253400, 302.26],
[1642339800, 306.19],
[1642426200, 304.11],
[1642512600, 302.98],
[1642599000, 302.1],
[1642685400, 303.18],
[1642771800, 300.01],
[1642858200, 302.57],
[1642944600, 297.19],
[1643031000, 301.95],
[1643117400, 291.06],
[1643203800, 290.29],
[1643290200, 290.31],
[1643376600, 287.0],
[1643463000, 283.48],
[1643549400, 289.83],
[1643635800, 289.83],
[1643722200, 289.83],
[1643808600, 286.75],
[1643895000, 287.75],
[1643981400, 287.29],
[1644067800, 293.13],
[1644154200, 295.92],
[1644240600, 292.12],
[1644327000, 290.15],
[1644413400, 288.68],
[1644499800, 292.71],
[1644586200, 295.8],
[1644672600, 292.96],
[1644759000, 290.11],
[1644845400, 292.64],
[1644931800, 294.5],
[1645018200, 290.1],
[1645104600, 294.14],
[1645191000, 292.32],
[1645277400, 294.25],
[1645363800, 298.12],
[1645450200, 296.45],
[1645536600, 295.73],
[1645623000, 296.41],
[1645709400, 293.27],
[1645795800, 294.41],
[1645882200, 296.03],
[1645968600, 293.35],
[1646055000, 289.25],
[1646141400, 291.68],
[1646400600, 295.75],
[1646487000, 300.04],
[1646659800, 299.04],
[1646746200, 302.84],
[1646832600, 298.89],
[1647005400, 303.84],
[1647091800, 304.55],
[1647178200, 310.56],
[1647437400, 312.27],
[1647523800, 309.49],
[1647696600, 317.67],
[1647783000, 319.05],
[1647869400, 320.9],
[1648042200, 322.06],
[1648128600, 322.34],
[1648301400, 321.42],
[1648474200, 319.75],
[1648733400, 326.68],
[1648906200, 322.27],
[1649169000, 333.1],
[1649255400, 337.25],
[1649341800, 334.31],
[1649514600, 343.75],
[1649601000, 338.2],
[1649687400, 340.31],
[1649773800, 338.0],
[1649860200, 338.42],
[1649946600, 337.99],
[1650033000, 340.29],
[1650119400, 339.08],
[1650205800, 341.97],
[1650292200, 342.18],
[1650378600, 346.49],
[1650465000, 348.32],
[1650551400, 348.32],
[1650637800, 348.32],
[1650724200, 348.53],
[1650810600, 343.36],
[1650897000, 344.74],
[1650983400, 343.14],
[1651069800, 341.81],
[1651156200, 341.86],
[1651242600, 337.5],
[1651329000, 336.84],
[1651415400, 338.19],
[1651501800, 336.4],
[1651588200, 340.74],
[1651674600, 332.35],
[1651761000, 332.67],
[1651847400, 332.29],
[1651933800, 331.46],
[1652020200, 331.09],
[1652106600, 331.65],
[1652193000, 335.2],
[1652279400, 333.82],
[1652365800, 331.83],
[1652970600, 334.14],
[1653057000, 334.33],
[1653143400, 335.18],
[1653229800, 331.76],
[1653316200, 328.98],
[1653402600, 329.83],
[1653489000, 328.48],
[1653575400, 330.88],
[1653661800, 328.43],
[1653748200, 329.32],
[1653834600, 328.5],
[1653921000, 331.34],
[1654007400, 327.79],
[1654093800, 328.72],
[1654180200, 335.1],
[1654266600, 327.6],
[1654353000, 328.59],
[1654439400, 326.81],
[1654525800, 326.0],
[1654612200, 324.95],
[1654698600, 330.5],
[1654785000, 330.62],
[1654871400, 334.42],
[1654957800, 327.47],
[1655044200, 329.57],
[1655130600, 322.62],
[1655217000, 318.63],
[1655303400, 324.29],
[1655389800, 318.23],
[1655476200, 325.54],
[1655562600, 323.9],
[1655649000, 321.39],
[1655735400, 319.74],
[1655821800, 319.01],
[1655908200, 317.37],
[1655994600, 312.51],
[1656081000, 310.79],
[1656167400, 312.48],
[1656253800, 313.53],
[1656340200, 307.83],
[1656426600, 314.54],
[1656513000, 314.19],
[1656599400, 317.48],
[1656685800, 317.56],
[1656772200, 318.51],
[1656858600, 319.57],
[1656945000, 324.06],
[1657031400, 323.3],
[1657117800, 321.67],
[1657290600, 323.24],
[1657377000, 327.13],
[1657463400, 327.75],
[1657549800, 328.59],
[1657636200, 329.25],
[1657722600, 335.56],
[1657809000, 332.69],
[1657895400, 331.99],
[1657981800, 334.92],
[1658068200, 337.13],
[1658154600, 335.4],
[1658241000, 335.89],
[1658327400, 347.51],
[1658413800, 335.38],
[1658673000, 336.11],
[1658759400, 337.78],
[1658845800, 341.34],
[1658932200, 335.27],
[1659018600, 341.63],
[1659105000, 342.77],
[1659191400, 338.46],
[1659277800, 341.96],
[1659364200, 340.47],
[1659450600, 344.53],
[1659537000, 345.98],
[1659623400, 347.53],
[1659709800, 348.3],
[1659796200, 350.68],
[1659882600, 350.7],
[1659969000, 350.91],
[1660055400, 350.18],
[1660228200, 353.27],
[1660314600, 350.51],
[1660401000, 350.51],
[1660487400, 350.51],
[1660573800, 350.51],
[1660660200, 329.46],
[1660746600, 322.3],
[1660833000, 315.79],
[1660919400, 330.66],
[1661005800, 326.75],
[1661178600, 323.93],
[1661265000, 323.46],
[1661351400, 328.91],
[1661437800, 320.8],
[1661524200, 339.03],
[1661610600, 342.9],
[1661697000, 347.87],
[1661783400, 346.42],
[1661869800, 346.76],
[1661956200, 345.48],
[1662042600, 348.83],
[1662129000, 341.31],
[1662215400, 328.12],
[1662301800, 347.05],
[1662561000, 350.48],
[1662647400, 349.85],
[1662733800, 348.22],
[1662820200, 346.06],
[1662906600, 351.03],
[1662993000, 346.26],
[1663079400, 347.24],
[1663165800, 344.64],
[1663252200, 333.57],
[1663338600, 342.56],
[1663425000, 344.02],
[1663511400, 341.47],
[1663597800, 340.18],
[1663684200, 338.19],
[1663770600, 335.79],
[1663857000, 336.95],
[1663943400, 330.88],
[1664029800, 334.99],
[1664116200, 331.31],
[1664202600, 331.98],
[1664289000, 332.05],
[1664375400, 333.3],
[1664461800, 327.73],
[1664548200, 330.15],
[1664634600, 334.55],
[1664717400, 331.69],
[1664803800, 338.8],
[1664890200, 343.04],
[1664976600, 343.75],
[1665063000, 347.45],
[1665149400, 351.94],
[1665235800, 352.95],
[1665322200, 353.38],
[1665408600, 355.37],
[1665495000, 357.26],
[1665581400, 353.44],
[1665667800, 356.59],
[1665754200, 354.23],
[1665840600, 358.93],
[1665927000, 365.59],
[1666013400, 363.54],
[1666099800, 366.57],
[1666186200, 369.48],
[1666272600, 366.08],
[1666359000, 368.11],
[1666445400, 357.87],
[1666531800, 352.54],
[1666618200, 352.27],
[1666704600, 350.31],
[1666791000, 351.72],
[1666877400, 355.35],
[1666963800, 353.71],
[1667050200, 355.83],
[1667136600, 354.75],
[1667223000, 356.4],
[1667309400, 358.95],
[1667395800, 362.26],
[1667482200, 361.6],
[1667568600, 365.58],
[1667655000, 366.53],
[1667741400, 369.18],
[1667827800, 372.29],
[1667914200, 372.41],
[1668000600, 373.3],
[1668087000, 377.41],
[1668173400, 380.41],
[1668259800, 380.03],
[1668346200, 375.74],
[1668432600, 376.08],
[1668519000, 373.77],
[1668605400, 368.69],
[1668691800, 374.93],
[1668778200, 371.06],
[1668864600, 372.64],
[1668951000, 368.46],
[1669037400, 366.89],
[1669123800, 366.79],
[1669210200, 350.34],
[1669296600, 350.7],
[1669383000, 347.77],
[1669469400, 348.1],
[1669555800, 347.56],
[1669642200, 345.82],
[1669728600, 352.8],
[1669815000, 360.98],
[1669901400, 367.55],
[1669987800, 374.8],
[1670074200, 377.84],
[1670160600, 383.82],
[1670247000, 384.95],
[1670333400, 389.53],
[1670419800, 395.19],
[1670506200, 400.35],
[1670592600, 397.62],
[1670679000, 400.01],
[1670765400, 399.97],
[1670851800, 401.07],
[1670938200, 398.36],
[1671024600, 394.37],
[1671111000, 396.24],
[1671197400, 397.13],
[1671283800, 395.25],
[1671370200, 396.03],
[1671456600, 397.71],
[1671543000, 392.81],
[1671629400, 403.6],
[1671715800, 401.89],
[1671802200, 395.7],
[1671888600, 402.07],
[1671975000, 405.66],
[1672061400, 396.71],
[1672147800, 404.41],
[1672234200, 409.89],
[1672320600, 408.66],
[1672407000, 409.38],
[1672493400, 407.58],
[1672579800, 401.63],
[1672666200, 401.3],
[1672752600, 399.48],
[1672839000, 401.87],
[1672925400, 404.02],
[1673011800, 409.66],
[1673098200, 413.16],
[1673184600, 422.22],
[1673271000, 425.15],
[1673357400, 431.43],
[1673443800, 440.76],
[1673530200, 441.64],
[1673616600, 439.43],
[1673703000, 437.26],
[1673789400, 438.81],
[1673875800, 437.05],
[1673962200, 443.04],
[1674048600, 441.27],
[1674135000, 440.22],
[1674221400, 440.15],
[1674307800, 439.35],
[1674394200, 436.67],
[1674480600, 429.68],
[1674567000, 433.78],
[1674653400, 436.89],
[1674739800, 434.16],
[1674826200, 432.62],
[1674912600, 438.96],
[1674999000, 436.51],
[1675085400, 438.41],
[1675171800, 438.12],
[1675258200, 436.43],
[1675344600, 440.77],
[1675431000, 441.02],
[1675517400, 442.73],
[1675603800, 443.5],
[1675690200, 442.23],
[1675776600, 438.43],
[1675863000, 439.03],
[1675949400, 435.83],
[1676035800, 432.26],
[1676122200, 435.69],
[1676208600, 426.48],
[1676295000, 439.49],
[1676381400, 439.38],
[1676467800, 439.41],
[1676554200, 435.74],
[1676640600, 440.84],
[1676727000, 428.07],
[1676813400, 437.39],
[1676899800, 434.04],
[1677072600, 438.61],
[1677159000, 441.52],
[1677245400, 442.05],
[1677331800, 445.8],
[1677418200, 445.41],
[1677504600, 442.32],
[1677591000, 436.63],
[1677677400, 454.91],
[1677763800, 462.92],
[1677850200, 452.84],
[1677936600, 468.93],
[1678023000, 468.2],
[1678109400, 475.71],
[1678195800, 470.73],
[1678282200, 462.55],
[1678368600, 456.68],
[1678455000, 476.87],
[1678541400, 476.71],
[1678627800, 479.29],
[1678714200, 480.33],
[1678800600, 482.12],
[1678887000, 467.53],
[1678973400, 466.43],
[1679059800, 473.91],
[1679146200, 477.69],
[1679232600, 473.65],
[1679319000, 469.62],
[1679405400, 481.47],
[1679491800, 499.8],
[1679578200, 521.78],
[1679664600, 525.79],
[1679751000, 524.93],
[1679837400, 547.13],
[1679923800, 539.07],
[1680010200, 537.85],
[1680096600, 553.95],
[1680183000, 556.14],
[1680269400, 553.95],
[1680355800, 577.86],
[1680445800, 576.05],
[1680532200, 575.95],
[1680618600, 585.09],
[1680705000, 585.09]]
