[1635773400.0, 0.018486999999999996],
[1635859800.0, 0.0152188],
[1635946200.0, 0.015425600000000001],
[1636032600.0, 0.015374000000000002],
[1636119000.0, 0.0160332],
[1636205400.0, 0.014380399999999998],
[1636291800.0, 0.014552200000000001],
[1636378200.0, 0.014400199999999998],
[1636464600.0, 0.013997600000000002],
[1636551000.0, 0.014578800000000003],
[1636637400.0, 0.0146984],
[1636723800.0, 0.0142458],
[1636810200.0, 0.015440400000000002],
[1636896600.0, 0.0142152],
[1636983000.0, 0.0143144],
[1637069400.0, 0.013734600000000003],
[1637155800.0, 0.015005400000000002],
[1637242200.0, 0.014591000000000002],
[1637328600.0, 0.0192664],
[1637415000.0, 0.0149814],
[1637501400.0, 0.013891400000000002],
[1637587800.0, 0.0140258],
[1637674200.0, 0.013925799999999999],
[1637760600.0, 0.013613999999999998],
[1637847000.0, 0.0156302],
[1637933400.0, 0.015367200000000001],
[1638019800.0, 0.020266600000000003],
[1638106200.0, 0.0174032],
[1638192600.0, 0.017015400000000003],
[1638279000.0, 0.0146234],
[1638365400.0, 0.0159102],
[1638451800.0, 0.0187552],
[1638538200.0, 0.0180878],
[1638624600.0, 0.0150562],
[1638711000.0, 0.0155024],
[1638797400.0, 0.015969],
[1638883800.0, 0.0167286],
[1638970200.0, 0.0158424],
[1639056600.0, 0.0160676],
[1639143000.0, 0.019937],
[1639229400.0, 0.017763],
[1639315800.0, 0.016236800000000003],
[1639402200.0, 0.016424],
[1639488600.0, 0.0207426],
[1639575000.0, 0.018665200000000003],
[1639661400.0, 0.016086800000000002],
[1639747800.0, 0.0172444],
[1639834200.0, 0.0155356],
[1639920600.0, 0.018065400000000002],
[1640007000.0, 0.016757400000000002],
[1640093400.0, 0.015415600000000002],
[1640179800.0, 0.018546800000000002],
[1640266200.0, 0.017274400000000002],
[1640352600.0, 0.0163468],
[1640439000.0, 0.016328600000000002],
[1640525400.0, 0.016987400000000003],
[1640611800.0, 0.0150924],
[1640698200.0, 0.015157799999999999],
[1640784600.0, 0.0158916],
[1640871000.0, 0.014289000000000001],
[1640957400.0, 0.017141200000000002],
[1641043800.0, 0.017069],
[1641130200.0, 0.0160472],
[1641216600.0, 0.0181586],
[1641303000.0, 0.0175808],
[1641389400.0, 0.0187164],
[1641475800.0, 0.014987],
[1641562200.0, 0.016229399999999998],
[1641648600.0, 0.019767800000000002],
[1641735000.0, 0.0208648],
[1641821400.0, 0.0162224],
[1641907800.0, 0.0170236],
[1641994200.0, 0.016980000000000002],
[1642080600.0, 0.016866399999999997],
[1642167000.0, 0.0182862],
[1642253400.0, 0.016759800000000002],
[1642339800.0, 0.0163696],
[1642426200.0, 0.0179114],
[1642512600.0, 0.0190064],
[1642599000.0, 0.0201104],
[1642685400.0, 0.017093199999999996],
[1642771800.0, 0.0171654],
[1642858200.0, 0.0217978],
[1642944600.0, 0.0176166],
[1643031000.0, 0.021629000000000002],
[1643117400.0, 0.0160958],
[1643203800.0, 0.016408600000000002],
[1643290200.0, 0.0158196],
[1643376600.0, 0.0252166],
[1643463000.0, 0.0188084],
[1643549400.0, 0.015004],
[1643635800.0, 0.015004],
[1643722200.0, 0.015004],
[1643808600.0, 0.013326200000000002],
[1643895000.0, 0.021143000000000002],
[1643981400.0, 0.022993000000000003],
[1644067800.0, 0.020302999999999998],
[1644154200.0, 0.018019],
[1644240600.0, 0.0222964],
[1644327000.0, 0.0204108],
[1644413400.0, 0.0211824],
[1644499800.0, 0.022483],
[1644586200.0, 0.0180486],
[1644672600.0, 0.0189214],
[1644759000.0, 0.0174764],
[1644845400.0, 0.0192894],
[1644931800.0, 0.021514600000000002],
[1645018200.0, 0.019352400000000002],
[1645104600.0, 0.022282000000000003],
[1645191000.0, 0.018031],
[1645277400.0, 0.019101],
[1645363800.0, 0.0176698],
[1645450200.0, 0.0277814],
[1645536600.0, 0.023929000000000006],
[1645623000.0, 0.023952400000000002],
[1645709400.0, 0.0239404],
[1645795800.0, 0.0271028],
[1645882200.0, 0.0209972],
[1645968600.0, 0.019595400000000002],
[1646055000.0, 0.021055200000000003],
[1646141400.0, 0.01824],
[1646227800.0, 0.022617000000000005],
[1646314200.0, 0.019711],
[1646400600.0, 0.0224404],
[1646487000.0, 0.0202914],
[1646573400.0, 0.0191432],
[1646659800.0, 0.022185000000000003],
[1646746200.0, 0.016495400000000004],
[1646832600.0, 0.014654400000000001],
[1646919000.0, 0.0221384],
[1647005400.0, 0.023279600000000004],
[1647091800.0, 0.020346200000000002],
[1647178200.0, 0.018072200000000004],
[1647264600.0, 0.022303200000000002],
[1647351000.0, 0.0161618],
[1647437400.0, 0.016544],
[1647523800.0, 0.018164800000000002],
[1647610200.0, 0.016794800000000002],
[1647696600.0, 0.021564800000000002],
[1647783000.0, 0.021552599999999998],
[1647869400.0, 0.0211686],
[1647955800.0, 0.0160712],
[1648042200.0, 0.017410600000000002],
[1648128600.0, 0.018749000000000002],
[1648215000.0, 0.0163052],
[1648301400.0, 0.016773000000000003],
[1648387800.0, 0.019307200000000004],
[1648474200.0, 0.022531000000000002],
[1648560600.0, 0.0186536],
[1648647000.0, 0.0166506],
[1648733400.0, 0.015615799999999999],
[1648819800.0, 0.018178200000000002],
[1648906200.0, 0.0182392],
[1648996200.0, 0.0247612],
[1649082600.0, 0.031872],
[1649169000.0, 0.01752],
[1649255400.0, 0.017472],
[1649341800.0, 0.0181396],
[1649428200.0, 0.0220998],
[1649514600.0, 0.0220998],
[1649601000.0, 0.0220998],
[1649687400.0, 0.0220998],
[1649773800.0, 0.0220998],
[1649860200.0, 0.0220998],
[1649946600.0, 0.0162342],
[1650033000.0, 0.017002],
[1650119400.0, 0.0178076],
[1650205800.0, 0.0201462],
[1650292200.0, 0.0165368],
[1650378600.0, 0.0169184],
[1650465000.0, 0.0178478],
[1650551400.0, 0.0178478],
[1650637800.0, 0.0178478],
[1650724200.0, 0.0198],
[1650810600.0, 0.0200998],
[1650897000.0, 0.0161696],
[1650983400.0, 0.0165832],
[1651069800.0, 0.019540800000000004],
[1651156200.0, 0.018193400000000002],
[1651242600.0, 0.020093800000000002],
[1651329000.0, 0.0201106],
[1651415400.0, 0.019094],
[1651501800.0, 0.0222734],
[1651588200.0, 0.026110800000000007],
[1651674600.0, 0.0208702],
[1651761000.0, 0.019573600000000003],
[1651847400.0, 0.0194342],
[1651933800.0, 0.020041200000000002],
[1652020200.0, 0.017853200000000003],
[1652106600.0, 0.016133],
[1652193000.0, 0.0157954],
[1652279400.0, 0.0180884],
[1652365800.0, 0.0199738],
[1652452200.0, 0.019992],
[1652538600.0, 0.016496],
[1652625000.0, 0.0151266],
[1652711400.0, 0.0152528],
[1652797800.0, 0.016416200000000002],
[1652884200.0, 0.013826],
[1652970600.0, 0.0159114],
[1653057000.0, 0.014990799999999999],
[1653143400.0, 0.014497],
[1653229800.0, 0.018828],
[1653316200.0, 0.0157832],
[1653402600.0, 0.0150164],
[1653489000.0, 0.0143264],
[1653575400.0, 0.015251200000000001],
[1653661800.0, 0.015071800000000002],
[1653748200.0, 0.016123600000000002],
[1653834600.0, 0.0162284],
[1653921000.0, 0.013461599999999999],
[1654007400.0, 0.0162238],
[1654093800.0, 0.0147518],
[1654180200.0, 0.015929000000000002],
[1654266600.0, 0.0156208],
[1654353000.0, 0.0151422],
[1654439400.0, 0.0168392],
[1654525800.0, 0.017543000000000003],
[1654612200.0, 0.014888800000000002],
[1654698600.0, 0.0142984],
[1654785000.0, 0.014061400000000002],
[1654871400.0, 0.0151816],
[1654957800.0, 0.0149978],
[1655044200.0, 0.013544800000000001],
[1655130600.0, 0.0160294],
[1655217000.0, 0.013747],
[1655303400.0, 0.013794400000000002],
[1655389800.0, 0.013931800000000003],
[1655476200.0, 0.0188122],
[1655562600.0, 0.014232400000000001],
[1655649000.0, 0.0183124],
[1655735400.0, 0.0149292],
[1655821800.0, 0.0174856],
[1655908200.0, 0.019573],
[1655994600.0, 0.0152426],
[1656081000.0, 0.0171122],
[1656167400.0, 0.019036],
[1656253800.0, 0.019219],
[1656340200.0, 0.020690999999999998],
[1656426600.0, 0.017136600000000002],
[1656513000.0, 0.0157478],
[1656599400.0, 0.0160994],
[1656685800.0, 0.014162799999999998],
[1656772200.0, 0.0150098],
[1656858600.0, 0.015156000000000003],
[1656945000.0, 0.014807200000000001],
[1657031400.0, 0.013351000000000002],
[1657117800.0, 0.0133602],
[1657204200.0, 0.014785999999999999],
[1657290600.0, 0.012690400000000001],
[1657377000.0, 0.013253999999999998],
[1657463400.0, 0.0162348],
[1657549800.0, 0.0162838],
[1657636200.0, 0.0132432],
[1657722600.0, 0.012237400000000002],
[1657809000.0, 0.013280400000000001],
[1657895400.0, 0.012275],
[1657981800.0, 0.0126064],
[1658068200.0, 0.0136658],
[1658154600.0, 0.0149342],
[1658241000.0, 0.013653600000000002],
[1658327400.0, 0.013317],
[1658413800.0, 0.0152082],
[1658500200.0, 0.0136524],
[1658586600.0, 0.013027200000000003],
[1658673000.0, 0.013045000000000001],
[1658759400.0, 0.011806800000000001],
[1658845800.0, 0.013002800000000004],
[1658932200.0, 0.0116556],
[1659018600.0, 0.011892000000000002],
[1659105000.0, 0.0149736],
[1659191400.0, 0.012569000000000002],
[1659277800.0, 0.011955400000000001],
[1659364200.0, 0.012209000000000003],
[1659450600.0, 0.011868800000000002],
[1659537000.0, 0.0121616],
[1659623400.0, 0.0127144],
[1659709800.0, 0.012765799999999999],
[1659796200.0, 0.015611400000000001],
[1659882600.0, 0.014927000000000001],
[1659969000.0, 0.011673600000000001],
[1660055400.0, 0.011977999999999999],
[1660141800.0, 0.011704800000000001],
[1660228200.0, 0.012718200000000002],
[1660314600.0, 0.013276400000000002],
[1660401000.0, 0.013276400000000002],
[1660487400.0, 0.013276400000000002],
[1660573800.0, 0.013276400000000002],
[1660660200.0, 0.012986000000000001],
[1660746600.0, 0.012539],
[1660833000.0, 0.012632399999999998],
[1660919400.0, 0.013017200000000001],
[1661005800.0, 0.0141326],
[1661092200.0, 0.013143199999999999],
[1661178600.0, 0.012205200000000001],
[1661265000.0, 0.0126532],
[1661351400.0, 0.015920200000000002],
[1661437800.0, 0.0149752],
[1661524200.0, 0.015578599999999998],
[1661610600.0, 0.0131236],
[1661697000.0, 0.0173228],
[1661783400.0, 0.014469600000000003],
[1661869800.0, 0.015198600000000001],
[1661956200.0, 0.015704799999999998],
[1662042600.0, 0.0162734],
[1662129000.0, 0.025049600000000005],
[1662215400.0, 0.023281800000000002],
[1662301800.0, 0.022288000000000002],
[1662388200.0, 0.0192374],
[1662474600.0, 0.018369999999999997],
[1662561000.0, 0.0186784],
[1662647400.0, 0.0203234],
[1662733800.0, 0.017351],
[1662820200.0, 0.016831000000000002],
[1662906600.0, 0.0185698],
[1662993000.0, 0.014432400000000001],
[1663079400.0, 0.0172362],
[1663165800.0, 0.017043400000000004],
[1663252200.0, 0.0177082],
[1663338600.0, 0.0181048],
[1663425000.0, 0.016254800000000003],
[1663511400.0, 0.016175600000000002],
[1663597800.0, 0.021234800000000005],
[1663684200.0, 0.0172832],
[1663770600.0, 0.014244800000000002],
[1663857000.0, 0.0178286],
[1663943400.0, 0.0163206],
[1664029800.0, 0.0148982],
[1664116200.0, 0.017417800000000004],
[1664202600.0, 0.0190056],
[1664289000.0, 0.0171968],
[1664375400.0, 0.0173004],
[1664461800.0, 0.014696200000000001],
[1664548200.0, 0.0163138],
[1664634600.0, 0.0149748],
[1664717400.0, 0.0171256],
[1664803800.0, 0.013850800000000002],
[1664890200.0, 0.0144518],
[1664976600.0, 0.0177154],
[1665063000.0, 0.0206554],
[1665149400.0, 0.0202686],
[1665235800.0, 0.019827400000000002],
[1665322200.0, 0.0164102],
[1665408600.0, 0.017038599999999997],
[1665495000.0, 0.013759799999999999],
[1665581400.0, 0.0138638],
[1665667800.0, 0.0217572],
[1665754200.0, 0.023573200000000002],
[1665840600.0, 0.018967],
[1665927000.0, 0.024205200000000003],
[1666013400.0, 0.0216482],
[1666099800.0, 0.014249000000000001],
[1666186200.0, 0.017683800000000003],
[1666272600.0, 0.020399999999999998],
[1666359000.0, 0.018012],
[1666445400.0, 0.018312000000000002],
[1666531800.0, 0.0186226],
[1666618200.0, 0.0194828],
[1666704600.0, 0.022576199999999998],
[1666791000.0, 0.0217438],
[1666877400.0, 0.0217438],
[1666963800.0, 0.030633],
[1667050200.0, 0.025581200000000005],
[1667136600.0, 0.025071000000000003],
[1667223000.0, 0.0252396],
[1667309400.0, 0.017831800000000002],
[1667395800.0, 0.0183764],
[1667482200.0, 0.014132],
[1667568600.0, 0.017993],
[1667655000.0, 0.0193678],
[1667741400.0, 0.015524200000000002],
[1667827800.0, 0.018185],
[1667914200.0, 0.0126668],
[1668000600.0, 0.014158600000000002],
[1668087000.0, 0.019500800000000002],
[1668173400.0, 0.016789400000000003],
[1668259800.0, 0.0184768],
[1668346200.0, 0.013387000000000001],
[1668432600.0, 0.014983],
[1668519000.0, 0.016039800000000003],
[1668605400.0, 0.017929800000000003],
[1668691800.0, 0.0173822],
[1668778200.0, 0.0155746],
[1668864600.0, 0.019383400000000002],
[1668951000.0, 0.018681200000000002],
[1669037400.0, 0.01565],
[1669123800.0, 0.0204398],
[1669210200.0, 0.0155308],
[1669296600.0, 0.013732],
[1669383000.0, 0.017353600000000004],
[1669469400.0, 0.015043],
[1669555800.0, 0.0143382],
[1669642200.0, 0.020243200000000003],
[1669728600.0, 0.019126600000000004],
[1669815000.0, 0.0197112],
[1669901400.0, 0.0184102],
[1669987800.0, 0.014007],
[1670074200.0, 0.0159252],
[1670160600.0, 0.0176612],
[1670247000.0, 0.014783400000000002],
[1670333400.0, 0.017268000000000002],
[1670419800.0, 0.0165388],
[1670506200.0, 0.013985800000000001],
[1670592600.0, 0.0179746],
[1670679000.0, 0.016541400000000005],
[1670765400.0, 0.0200958],
[1670851800.0, 0.0182534],
[1670938200.0, 0.023026400000000002],
[1671024600.0, 0.0191934],
[1671111000.0, 0.0216072],
[1671197400.0, 0.0179516],
[1671283800.0, 0.015501800000000005],
[1671370200.0, 0.016654000000000002],
[1671456600.0, 0.0184258],
[1671543000.0, 0.014133999999999999],
[1671629400.0, 0.016728],
[1671715800.0, 0.013199000000000002],
[1671802200.0, 0.0137036],
[1671888600.0, 0.014858200000000002],
[1671975000.0, 0.014330800000000001],
[1672061400.0, 0.0187958],
[1672147800.0, 0.0162626],
[1672234200.0, 0.0150506],
[1672320600.0, 0.013503000000000001],
[1672407000.0, 0.014411000000000002],
[1672493400.0, 0.0137796],
[1672579800.0, 0.013906199999999999],
[1672666200.0, 0.018148],
[1672752600.0, 0.016746],
[1672839000.0, 0.016654600000000002],
[1672925400.0, 0.014954],
[1673011800.0, 0.0169302],
[1673098200.0, 0.014490800000000003],
[1673184600.0, 0.0163576],
[1673271000.0, 0.016566],
[1673357400.0, 0.0168694],
[1673443800.0, 0.0176402],
[1673530200.0, 0.017027200000000003],
[1673616600.0, 0.014792200000000002],
[1673703000.0, 0.0144492],
[1673789400.0, 0.0179286],
[1673875800.0, 0.0175498],
[1673962200.0, 0.0170572],
[1674048600.0, 0.015570200000000001],
[1674135000.0, 0.0164312],
[1674221400.0, 0.0173686],
[1674307800.0, 0.0179752],
[1674394200.0, 0.021207],
[1674480600.0, 0.018981200000000004],
[1674567000.0, 0.019686400000000003],
[1674653400.0, 0.023349],
[1674739800.0, 0.0237068],
[1674826200.0, 0.0210782],
[1674912600.0, 0.020678],
[1674999000.0, 0.0237518],
[1675085400.0, 0.020000800000000003],
[1675171800.0, 0.0188554],
[1675258200.0, 0.021553200000000005],
[1675344600.0, 0.019856000000000002],
[1675431000.0, 0.020478200000000002],
[1675517400.0, 0.019452],
[1675603800.0, 0.022791200000000005],
[1675690200.0, 0.0223694],
[1675776600.0, 0.0213482],
[1675863000.0, 0.023545200000000006],
[1675949400.0, 0.023545200000000006],
