[1635773400.0, 0.7969325153374234],
[1635859800.0, 0.7356948228882834],
[1635946200.0, 0.726975476839237],
[1636032600.0, 0.6126829268292684],
[1636119000.0, 0.6913838120104439],
[1636205400.0, 0.6887728459530027],
[1636291800.0, 0.6772845953002612],
[1636378200.0, 0.6257281553398057],
[1636464600.0, 0.7936599423631124],
[1636551000.0, 0.7394101876675604],
[1636637400.0, 0.7697802197802199],
[1636723800.0, 0.8201729106628243],
[1636810200.0, 0.8017391304347827],
[1636896600.0, 0.6783783783783783],
[1636983000.0, 0.7023498694516972],
[1637069400.0, 0.7213675213675214],
[1637155800.0, 0.6335766423357664],
[1637242200.0, 0.6415384615384616],
[1637328600.0, 0.6747422680412373],
[1637415000.0, 0.7662857142857143],
[1637501400.0, 0.6356294536817103],
[1637587800.0, 0.7038560411311053],
[1637674200.0, 0.6946835443037975],
[1637760600.0, 0.7432748538011696],
[1637847000.0, 0.7121293800539084],
[1637933400.0, 0.726145552560647],
[1638019800.0, 0.5979002624671916],
[1638106200.0, 0.7570996978851964],
[1638192600.0, 0.7528358208955223],
[1638279000.0, 0.7868656716417909],
[1638365400.0, 0.823050847457627],
[1638451800.0, 0.5553246753246754],
[1638538200.0, 0.7627329192546584],
[1638624600.0, 0.7347432024169184],
[1638711000.0, 0.7202416918429002],
[1638797400.0, 0.6764542936288088],
[1638883800.0, 0.70989010989011],
[1638970200.0, 0.7504273504273504],
[1639056600.0, 0.7156695156695155],
[1639143000.0, 0.6325068870523416],
[1639229400.0, 0.5707317073170733],
[1639315800.0, 0.8163398692810458],
[1639402200.0, 0.7461111111111111],
[1639488600.0, 0.6171717171717171],
[1639575000.0, 0.626954177897574],
[1639661400.0, 0.6129380053908355],
[1639747800.0, 0.6258760107816712],
[1639834200.0, 0.6558404558404557],
[1639920600.0, 0.6999999999999998],
[1640007000.0, 0.6550000000000001],
[1640093400.0, 0.7785074626865673],
[1640179800.0, 0.8030211480362539],
[1640266200.0, 0.6798927613941018],
[1640352600.0, 0.7707602339181288],
[1640439000.0, 0.7444444444444442],
[1640525400.0, 0.7396011396011396],
[1640611800.0, 0.6526315789473683],
[1640698200.0, 0.6877005347593582],
[1640784600.0, 0.672192513368984],
[1640871000.0, 0.6682666666666666],
[1640957400.0, 0.7040000000000001],
[1641043800.0, 0.7402234636871508],
[1641130200.0, 0.7265193370165745],
[1641216600.0, 0.8294478527607362],
[1641303000.0, 0.7293478260869566],
[1641389400.0, 0.7394594594594595],
[1641475800.0, 0.7340782122905029],
[1641562200.0, 0.7184986595174262],
[1641648600.0, 0.7614525139664804],
[1641735000.0, 0.7690217391304348],
[1641821400.0, 0.7608695652173912],
[1641907800.0, 0.6738461538461539],
[1641994200.0, 0.6468513853904284],
[1642080600.0, 0.7173684210526317],
[1642167000.0, 0.7],
[1642253400.0, 0.7076142131979695],
[1642339800.0, 0.6852791878172588],
[1642426200.0, 0.6766497461928933],
[1642512600.0, 0.8584795321637425],
[1642599000.0, 0.7789473684210527],
[1642685400.0, 0.7953216374269007],
[1642771800.0, 0.8672514619883042],
[1642858200.0, 0.7669291338582679],
[1642944600.0, 0.7442253521126762],
[1643031000.0, 0.7983379501385044],
[1643117400.0, 0.7318918918918921],
[1643203800.0, 0.7531914893617021],
[1643290200.0, 0.7787234042553192],
[1643376600.0, 0.7041025641025641],
[1643463000.0, 0.7228791773778921],
[1643549400.0, 0.8083870967741936],
[1643635800.0, 0.8083870967741936],
[1643722200.0, 0.8083870967741936],
[1643808600.0, 0.7035175879396984],
[1643895000.0, 0.6911392405063291],
[1643981400.0, 0.8196825396825397],
[1644067800.0, 0.9171232876712329],
[1644154200.0, 0.7678571428571428],
[1644240600.0, 0.32116011375542586],
[1644327000.0, 0.838323353293413],
[1644413400.0, 0.8307344761916369],
[1644499800.0, 0.7700598802395208],
[1644586200.0, 0.9111913357400722],
[1644672600.0, 0.9328719723183391],
[1644759000.0, 0.8506329113924049],
[1644845400.0, 0.8721518987341771],
[1644931800.0, 0.7533923303834806],
[1645018200.0, 0.7935483870967743],
[1645104600.0, 0.7817142857142857],
[1645191000.0, 0.7726495726495728],
[1645277400.0, 0.8119760479041918],
[1645363800.0, 0.8455384615384616],
[1645450200.0, 0.7937142857142858],
[1645536600.0, 0.935064935064935],
[1645623000.0, 0.888679245283019],
[1645709400.0, 0.7501400560224089],
[1645795800.0, 0.8044303797468354],
[1645882200.0, 0.9694545454545451],
[1645968600.0, 0.7805714285714286],
[1646055000.0, 0.7526813880126183],
[1646141400.0, 0.7040462427745666],
[1646227800.0, 0.7751592356687899],
[1646314200.0, 0.7613707165109034],
[1646400600.0, 0.7588785046728972],
[1646487000.0, 0.7058139534883723],
[1646573400.0, 0.7335365853658536],
[1646659800.0, 0.7256097560975608],
[1646746200.0, 0.7886792452830189],
[1646832600.0, 0.8125391849529779],
[1646919000.0, 0.7750724637681159],
[1647005400.0, 0.8030487804878049],
[1647091800.0, 0.792638036809816],
[1647178200.0, 0.7786743515850144],
[1647264600.0, 0.6840425531914894],
[1647351000.0, 0.6848806366047745],
[1647437400.0, 0.7089385474860336],
[1647523800.0, 0.7089337175792507],
[1647610200.0, 0.7005555555555556],
[1647696600.0, 0.6787234042553192],
[1647783000.0, 0.7787798408488062],
[1647869400.0, 0.721081081081081],
[1647955800.0, 0.8344023323615161],
[1648042200.0, 0.7651685393258426],
[1648128600.0, 0.7552000000000001],
[1648215000.0, 0.8129943502824858],
[1648301400.0, 0.8519774011299435],
[1648387800.0, 0.8345029239766082],
[1648474200.0, 0.8352941176470589],
[1648560600.0, 0.7639175257731957],
[1648647000.0, 0.7679389312977098],
[1648733400.0, 0.6801020408163265],
[1648819800.0, 0.7168367346938774],
[1648906200.0, 0.7744444444444444],
[1648996200.0, 0.7180904522613065],
[1649082600.0, 0.7020100502512563],
[1649169000.0, 0.7794344473007712],
[1649255400.0, 0.7438144329896906],
[1649341800.0, 0.8313609467455619],
[1649428200.0, 0.746524064171123],
[1649514600.0, 0.7907608695652175],
[1649601000.0, 0.7023017902813298],
[1649687400.0, 0.7213032581453632],
[1649773800.0, 0.7523809523809524],
[1649860200.0, 0.7025125628140703],
[1649946600.0, 0.7143589743589743],
[1650033000.0, 0.7184999999999999],
[1650119400.0, 0.7566666666666666],
[1650205800.0, 0.6734491315136477],
[1650292200.0, 0.6698979591836735],
[1650378600.0, 0.6483950617283952],
[1650465000.0, 0.7246819338422391],
[1650551400.0, 0.7246819338422391],
[1650637800.0, 0.7246819338422391],
[1650724200.0, 0.6751842751842754],
[1650810600.0, 0.6477326968973748],
[1650897000.0, 0.7145038167938931],
[1650983400.0, 0.6922705314009661],
[1651069800.0, 0.8168067226890754],
[1651156200.0, 0.7515306122448978],
[1651242600.0, 0.7699481865284974],
[1651329000.0, 0.7185929648241207],
[1651415400.0, 0.7572519083969466],
[1651501800.0, 0.7318627450980392],
[1651588200.0, 0.7493734335839598],
[1651674600.0, 0.6523002421307507],
[1651761000.0, 0.6975490196078431],
[1651847400.0, 0.6634760705289673],
[1651933800.0, 0.7282485875706215],
[1652020200.0, 0.665],
[1652106600.0, 0.7057591623036649],
[1652193000.0, 0.7275590551181103],
[1652279400.0, 0.7145161290322581],
[1652365800.0, 0.7198924731182795],
[1652452200.0, 0.7427777777777778],
[1652538600.0, 0.7530386740331491],
[1652625000.0, 0.7373297002724796],
[1652711400.0, 0.7280653950953678],
[1652797800.0, 0.6795918367346938],
[1652884200.0, 0.6755102040816326],
[1652970600.0, 0.6506329113924051],
[1653057000.0, 0.7279329608938548],
[1653143400.0, 0.7273239436619718],
[1653229800.0, 0.7594285714285716],
[1653316200.0, 0.7348837209302325],
[1653402600.0, 0.7193181818181817],
[1653489000.0, 0.7816666666666666],
[1653575400.0, 0.7898305084745764],
[1653661800.0, 0.7885386819484241],
[1653748200.0, 0.8049079754601227],
[1653834600.0, 0.7602305475504324],
[1653921000.0, 0.838871473354232],
[1654007400.0, 0.7375358166189112],
[1654093800.0, 0.7149732620320856],
[1654180200.0, 0.8142857142857144],
[1654266600.0, 0.7504225352112677],
[1654353000.0, 0.7950769230769231],
[1654439400.0, 0.6897849462365591],
[1654525800.0, 0.7432584269662922],
[1654612200.0, 0.6868632707774799],
[1654698600.0, 0.7788300835654596],
[1654785000.0, 0.8257668711656442],
[1654871400.0, 0.75014164305949],
[1654957800.0, 0.6767624020887727],
[1655044200.0, 0.895297805642633],
[1655130600.0, 0.722911051212938],
[1655217000.0, 0.8492113564668771],
[1655303400.0, 0.831974921630094],
[1655389800.0, 0.8246987951807228],
[1655476200.0, 0.7371757925072047],
[1655562600.0, 0.8397515527950311],
[1655649000.0, 0.7511363636363637],
[1655735400.0, 0.9637630662020907],
[1655821800.0, 0.6885630498533724],
[1655908200.0, 0.7337175792507206],
[1655994600.0, 0.7915407854984895],
[1656081000.0, 0.689655172413793],
[1656167400.0, 0.9547445255474454],
[1656253800.0, 0.7325714285714288],
[1656340200.0, 0.8613240418118466],
[1656426600.0, 0.7859424920127797],
[1656513000.0, 0.7950920245398773],
[1656599400.0, 0.6670623145400594],
[1656685800.0, 0.7923322683706072],
[1656772200.0, 0.6558904109589042],
[1656858600.0, 0.7265432098765432],
[1656945000.0, 0.6080246913580247],
[1657031400.0, 0.7589123867069487],
[1657117800.0, 0.7857142857142856],
[1657204200.0, 0.7127596439169139],
[1657290600.0, 0.8006802721088435],
[1657377000.0, 0.6746438746438745],
[1657463400.0, 0.6741573033707866],
[1657549800.0, 0.7118343195266272],
[1657636200.0, 0.7024242424242425],
[1657722600.0, 0.7090361445783133],
[1657809000.0, 0.6716867469879518],
[1657895400.0, 0.7443037974683545],
[1657981800.0, 0.7516819571865444],
[1658068200.0, 0.7073746312684367],
[1658154600.0, 0.6871794871794871],
[1658241000.0, 0.7578947368421052],
[1658327400.0, 0.813003095975232],
[1658413800.0, 0.74984520123839],
[1658500200.0, 0.7548780487804877],
[1658586600.0, 0.7194202898550724],
[1658673000.0, 0.705982905982906],
[1658759400.0, 0.7397101449275362],
[1658845800.0, 0.7571014492753622],
[1658932200.0, 0.7310144927536231],
[1659018600.0, 0.7508670520231213],
[1659105000.0, 0.6655172413793102],
[1659191400.0, 0.7065527065527065],
[1659277800.0, 0.7372307692307692],
[1659364200.0, 0.7187319884726224],
[1659450600.0, 0.8490196078431372],
[1659537000.0, 0.7235632183908044],
[1659623400.0, 0.8180124223602482],
[1659709800.0, 0.7647761194029852],
[1659796200.0, 0.7284883720930231],
[1659882600.0, 0.7103064066852367],
[1659969000.0, 0.7398230088495575],
[1660055400.0, 0.7412790697674418],
[1660141800.0, 0.7399416909620992],
[1660228200.0, 0.7013850415512467],
[1660314600.0, 0.7728323699421965],
[1660401000.0, 0.7728323699421965],
[1660487400.0, 0.7728323699421965],
[1660573800.0, 0.7728323699421965],
[1660660200.0, 0.7639639639639638],
[1660746600.0, 0.7262872628726288],
[1660833000.0, 0.7459770114942528],
[1660919400.0, 0.7168478260869566],
[1661005800.0, 0.7578347578347578],
[1661092200.0, 0.7498591549295773],
[1661178600.0, 0.7518413597733711],
[1661265000.0, 0.8181818181818182],
[1661351400.0, 0.7742120343839544],
[1661437800.0, 0.7638968481375358],
[1661524200.0, 0.7008264462809916],
[1661610600.0, 0.7895043731778426],
[1661697000.0, 0.7556851311953353],
[1661783400.0, 0.7561403508771931],
[1661869800.0, 0.7705202312138729],
[1661956200.0, 0.7255555555555557],
[1662042600.0, 0.7300275482093664],
[1662129000.0, 0.904],
[1662215400.0, 0.8070175438596492],
[1662301800.0, 0.7970845481049562],
[1662388200.0, 0.7970760233918128],
[1662474600.0, 0.7964912280701754],
[1662561000.0, 0.7544444444444445],
[1662647400.0, 0.6912568306010929],
[1662733800.0, 0.9876363636363635],
[1662820200.0, 0.7981481481481482],
[1662906600.0, 0.793623188405797],
[1662993000.0, 0.8633986928104577],
[1663079400.0, 0.8073170731707316],
[1663165800.0, 0.7975683890577507],
[1663252200.0, 0.7217391304347828],
[1663338600.0, 0.8121951219512197],
[1663425000.0, 0.6851648351648353],
[1663511400.0, 0.6382428940568474],
[1663597800.0, 0.7139601139601138],
[1663684200.0, 2.231858407079646],
[1663770600.0, 2.3787610619469026],
[1663857000.0, 0.7333333333333333],
[1663943400.0, 0.7078651685393258],
[1664029800.0, 0.7026737967914438],
[1664116200.0, 0.7838150289017343],
[1664202600.0, 0.6940568475452198],
[1664289000.0, 0.7063829787234044],
[1664375400.0, 0.697872340425532],
[1664461800.0, 0.6897637795275591],
[1664548200.0, 0.6876640419947507],
[1664634600.0, 0.8042813455657492],
[1664717400.0, 0.7112328767123288],
[1664803800.0, 0.6408268733850129],
[1664890200.0, 0.6711590296495957],
[1664976600.0, 0.7008086253369273],
[1665063000.0, 0.6556701030927835],
[1665149400.0, 0.6520408163265305],
[1665235800.0, 0.5846534653465345],
[1665322200.0, 0.6520408163265305],
[1665408600.0, 0.6492537313432836],
[1665495000.0, 0.6394936708860759],
[1665581400.0, 0.6074812967581046],
[1665667800.0, 0.6186274509803922],
[1665754200.0, 0.61609756097561],
[1665840600.0, 0.7344444444444446],
[1665927000.0, 0.6649214659685865],
[1666013400.0, 0.6798941798941798],
[1666099800.0, 0.5909909909909908],
[1666186200.0, 0.7088948787061995],
[1666272600.0, 0.7320754716981133],
[1666359000.0, 0.7304582210242587],
[1666445400.0, 0.7547368421052633],
[1666531800.0, 0.7394736842105264],
[1666618200.0, 0.6434988179669031],
[1666704600.0, 0.6484412470023981],
[1666791000.0, 0.6532374100719425],
[1666877400.0, 0.7816618911174785],
[1666963800.0, 0.7679083094555875],
[1667050200.0, 0.7146067415730337],
[1667136600.0, 0.7464387464387464],
[1667223000.0, 0.7361823361823363],
[1667309400.0, 0.6560606060606061],
[1667395800.0, 0.7072386058981235],
[1667482200.0, 0.706060606060606],
[1667568600.0, 0.8833836858006043],
[1667655000.0, 0.8274725274725273],
[1667741400.0, 0.8335164835164834],
[1667827800.0, 0.7531172069825436],
[1667914200.0, 0.756830601092896],
[1668000600.0, 0.8049180327868852],
[1668087000.0, 0.7628415300546448],
[1668173400.0, 0.8651026392961876],
[1668259800.0, 0.783288409703504],
[1668346200.0, 0.7849056603773586],
[1668432600.0, 0.8463343108504399],
[1668519000.0, 0.8506811989100818],
[1668605400.0, 0.8059945504087191],
[1668691800.0, 0.8283378746594005],
[1668778200.0, 0.8382978723404256],
[1668864600.0, 0.8420212765957445],
[1668951000.0, 0.8643617021276596],
[1669037400.0, 0.8906593406593406],
[1669123800.0, 0.8557894736842107],
[1669210200.0, 0.738421052631579],
[1669296600.0, 0.8721003134796236],
[1669383000.0, 0.8414634146341462],
[1669469400.0, 0.5201058201058201],
[1669555800.0, 0.6084656084656085],
[1669642200.0, 0.7046728971962617],
[1669728600.0, 0.7435754189944134],
[1669815000.0, 0.5916201117318437],
[1669901400.0, 0.5426229508196722],
[1669987800.0, 0.6235649546827795],
[1670074200.0, 0.7160493827160495],
[1670160600.0, 0.7061728395061728],
[1670247000.0, 0.691891891891892],
[1670333400.0, 0.7487951807228916],
[1670419800.0, 0.7132530120481929],
[1670506200.0, 0.7596385542168674],
[1670592600.0, 0.7885885885885886],
[1670679000.0, 0.7933933933933933],
[1670765400.0, 0.7549549549549549],
[1670851800.0, 0.7723723723723722],
[1670938200.0, 0.8131661442006269],
[1671024600.0, 0.7487870619946092],
[1671111000.0, 0.8435820895522388],
[1671197400.0, 0.744642857142857],
[1671283800.0, 0.7339285714285716],
[1671370200.0, 0.6923884514435696],
[1671456600.0, 0.8148148148148147],
[1671543000.0, 0.6346153846153846],
[1671629400.0, 0.48888888888888893],
[1671715800.0, 0.6690026954177898],
[1671802200.0, 0.6317708333333333],
[1671888600.0, 0.7061224489795919],
[1671975000.0, 0.6345549738219896],
[1672061400.0, 0.6156250000000001],
[1672147800.0, 0.6702549575070821],
[1672234200.0, 0.8165016501650165],
[1672320600.0, 0.8633333333333334],
[1672407000.0, 0.7792880258899677],
[1672493400.0, 0.7986754966887417],
[1672579800.0, 0.7986754966887417],
[1672666200.0, 0.839274924471299],
[1672752600.0, 0.8],
[1672839000.0, 0.8771704180064308],
[1672925400.0, 0.7999999999999998],
[1673011800.0, 0.8035928143712575],
[1673098200.0, 0.8486956521739131],
[1673184600.0, 0.7773371104815864],
[1673271000.0, 0.7564469914040116],
[1673357400.0, 0.7710914454277287],
[1673443800.0, 0.754335260115607],
[1673530200.0, 0.7711911357340719],
[1673616600.0, 0.8412429378531074],
[1673703000.0, 0.7994366197183098],
[1673789400.0, 0.8724719101123596],
[1673875800.0, 0.8538681948424068],
[1673962200.0, 0.858659217877095],
[1674048600.0, 0.8748603351955307],
[1674135000.0, 0.8974212034383955],
[1674221400.0, 0.9708978328173373],
[1674307800.0, 0.98],
[1674394200.0, 1.0111764705882353],
[1674480600.0, 1.104643962848297],
[1674567000.0, 0.9316939890710383],
[1674653400.0, 0.9131147540983605],
[1674739800.0, 0.8440944881889763],
[1674826200.0, 0.8340425531914895],
[1674912600.0, 0.8579787234042554],
[1674999000.0, 0.7437209302325581],
[1675085400.0, 0.8065420560747661],
[1675171800.0, 0.7549295774647886],
[1675258200.0, 0.8698254364089775],
[1675344600.0, 0.7913043478260868],
[1675431000.0, 0.7841860465116279],
[1675517400.0, 0.6036885245901641],
[1675603800.0, 0.7496629213483146],
[1675690200.0, 0.8258373205741628],
[1675776600.0, 0.7942583732057416],
[1675863000.0, 0.7942583732057416],
[1675949400.0, 0.7942583732057416],
