[1635773400.0, 0.4451679918632232],
[1635859800.0, 0.436036273120762],
[1635946200.0, 0.41752250873768354],
[1636032600.0, 0.4237794912212402],
[1636119000.0, 0.4259829784344178],
[1636205400.0, 0.46386946683894825],
[1636291800.0, 0.4605855606039877],
[1636378200.0, 0.4581991054955984],
[1636464600.0, 0.47086074180517384],
[1636551000.0, 0.4586603164974329],
[1636637400.0, 0.46026863978756716],
[1636723800.0, 0.47039551844056615],
[1636810200.0, 0.4583019281227351],
[1636896600.0, 0.47394973861899964],
[1636983000.0, 0.4661162775085238],
[1637069400.0, 0.47006946439745967],
[1637155800.0, 0.47016287593387773],
[1637242200.0, 0.46695899389267037],
[1637328600.0, 0.46407333140505724],
[1637415000.0, 0.46988012832862314],
[1637501400.0, 0.43685874290133747],
[1637587800.0, 0.45733191049297844],
[1637674200.0, 0.46045458117139565],
[1637760600.0, 0.4493789589142909],
[1637847000.0, 0.4473208896709594],
[1637933400.0, 0.45100315326679996],
[1638019800.0, 0.4487416715978748],
[1638106200.0, 0.45901887088906956],
[1638192600.0, 0.47143645017912056],
[1638279000.0, 0.4709994065961733],
[1638365400.0, 0.45464542578643924],
[1638451800.0, 0.45565241041348387],
[1638538200.0, 0.4759935225058335],
[1638624600.0, 0.47681663818988546],
[1638711000.0, 0.4778396748115616],
[1638797400.0, 0.45930411416376793],
[1638883800.0, 0.46574152670331964],
[1638970200.0, 0.48025634078010854],
[1639056600.0, 0.4784661838776743],
[1639143000.0, 0.4867360120118597],
[1639229400.0, 0.47832446419789204],
[1639315800.0, 0.48661996945277336],
[1639402200.0, 0.46915428766328304],
[1639488600.0, 0.4840865304780572],
[1639575000.0, 0.48093587991543646],
[1639661400.0, 0.4616895397007422],
[1639747800.0, 0.4820902338895924],
[1639834200.0, 0.46331550066842614],
[1639920600.0, 0.4671828519716116],
[1640007000.0, 0.46078895406129006],
[1640093400.0, 0.4540987302075465],
[1640179800.0, 0.44359769349091227],
[1640266200.0, 0.45215510014599836],
[1640352600.0, 0.453768614425185],
[1640439000.0, 0.4726219774520372],
[1640525400.0, 0.4618748151461353],
[1640611800.0, 0.4758545120405247],
[1640698200.0, 0.4654123791224294],
[1640784600.0, 0.43872002146120964],
[1640871000.0, 0.43986033402541486],
[1640957400.0, 0.45846173956969366],
[1641043800.0, 0.46877867062847717],
[1641130200.0, 0.47459530378103276],
[1641216600.0, 0.4634448566284641],
[1641303000.0, 0.4880047474092885],
[1641389400.0, 0.48144682558158897],
[1641475800.0, 0.4724814777811072],
[1641562200.0, 0.47023003779661526],
[1641648600.0, 0.47484141177146594],
[1641735000.0, 0.47595120463314805],
[1641821400.0, 0.47844242889774685],
[1641907800.0, 0.4789994402685235],
[1641994200.0, 0.46761324742659466],
[1642080600.0, 0.47952155459297835],
[1642167000.0, 0.48414219170135137],
[1642253400.0, 0.48741930822079166],
[1642339800.0, 0.49384415878660337],
[1642426200.0, 0.49124031993431455],
[1642512600.0, 0.4900161291620941],
[1642599000.0, 0.4942160268258178],
[1642685400.0, 0.4930951375938074],
[1642771800.0, 0.5095841618028714],
[1642858200.0, 0.501504279798421],
[1642944600.0, 0.5088032090611045],
[1643031000.0, 0.4993216221419967],
[1643117400.0, 0.5040037708786135],
[1643203800.0, 0.4765771654781702],
[1643290200.0, 0.5002112997502346],
[1643376600.0, 0.4965185313784064],
[1643463000.0, 0.4938150121886043],
[1643549400.0, 0.4747216592311473],
[1643635800.0, 0.4747216592311473],
[1643722200.0, 0.4747216592311473],
[1643808600.0, 0.5051601014023069],
[1643895000.0, 0.503400545980086],
[1643981400.0, 0.5157398522429274],
[1644067800.0, 0.5247521771545277],
[1644154200.0, 0.5001288645210873],
[1644240600.0, 0.5172335890423242],
[1644327000.0, 0.4970468865264618],
[1644413400.0, 0.5093259115435692],
[1644499800.0, 0.5033158025596846],
[1644586200.0, 0.49243963620557263],
[1644672600.0, 0.502541777785379],
[1644759000.0, 0.5098665899967297],
[1644845400.0, 0.4895192126363285],
[1644931800.0, 0.49317319173635604],
[1645018200.0, 0.4917272313106169],
[1645104600.0, 0.5097104417965557],
[1645191000.0, 0.5296519869261561],
[1645277400.0, 0.5191580038720782],
[1645363800.0, 0.529906907641254],
[1645450200.0, 0.5390165686550903],
[1645536600.0, 0.5241884725025643],
[1645623000.0, 0.5388251482549905],
[1645709400.0, 0.5383011935854127],
[1645795800.0, 0.5259503916792184],
[1645882200.0, 0.5240939344301578],
[1645968600.0, 0.4522466292925352],
[1646055000.0, 0.5329446126722153],
[1646141400.0, 0.5039420021006475],
[1646227800.0, 0.5308303589919378],
[1646314200.0, 0.5344881046321888],
[1646400600.0, 0.5312458415445226],
[1646487000.0, 0.5553500971361224],
[1646573400.0, 0.5540715125357358],
[1646659800.0, 0.5143705810206006],
[1646746200.0, 0.5111896699632852],
[1646832600.0, 0.5278326258362274],
[1646919000.0, 0.5211543754494756],
[1647005400.0, 0.4852615696786085],
[1647091800.0, 0.47364200650563065],
[1647178200.0, 0.4957756112258534],
[1647264600.0, 0.5275114516356882],
[1647351000.0, 0.5291158333485187],
[1647437400.0, 0.5110193247395944],
[1647523800.0, 0.5056665428472208],
[1647610200.0, 0.45805875573026483],
[1647696600.0, 0.4861954201981905],
[1647783000.0, 0.4818953237876953],
[1647869400.0, 0.5252819870084215],
[1647955800.0, 0.5282710065757105],
[1648042200.0, 0.49866278405343556],
[1648128600.0, 0.5192458307842911],
[1648215000.0, 0.4962671203069779],
[1648301400.0, 0.5054077288863998],
[1648387800.0, 0.5122425167947029],
[1648474200.0, 0.5539103113802413],
[1648560600.0, 0.5425232512945593],
[1648647000.0, 0.5643547296996156],
[1648733400.0, 0.498618592275713],
[1648819800.0, 0.5134118257717306],
[1648906200.0, 0.5215715955721796],
[1648996200.0, 0.5287233136570836],
[1649082600.0, 0.5410042495107307],
[1649169000.0, 0.5188148542170479],
[1649255400.0, 0.5374943235782231],
[1649341800.0, 0.5267054707357941],
[1649428200.0, 0.5213516589039335],
[1649514600.0, 0.528017583787655],
[1649601000.0, 0.5280173837525256],
[1649687400.0, 0.5280013886842365],
[1649773800.0, 0.5280087352050972],
[1649860200.0, 0.5278328168926257],
[1649946600.0, 0.5232226101249452],
[1650033000.0, 0.5168501464047476],
[1650119400.0, 0.5210374076952304],
[1650205800.0, 0.5344783489224395],
[1650292200.0, 0.5314599847653013],
[1650378600.0, 0.544354593883681],
[1650465000.0, 0.5446426577863889],
[1650551400.0, 0.5446426577863889],
[1650637800.0, 0.5446426577863889],
[1650724200.0, 0.553970228091403],
[1650810600.0, 0.5487857104602332],
[1650897000.0, 0.5390822700100694],
[1650983400.0, 0.540403931810976],
[1651069800.0, 0.5410209520906724],
[1651156200.0, 0.5184122335849921],
[1651242600.0, 0.5350636603922645],
[1651329000.0, 0.537531492514781],
[1651415400.0, 0.5400426380309143],
[1651501800.0, 0.5192095869163137],
[1651588200.0, 0.5233273449950178],
[1651674600.0, 0.5268506139264035],
[1651761000.0, 0.5217020143651347],
[1651847400.0, 0.5301085402214313],
[1651933800.0, 0.5200831762959115],
[1652020200.0, 0.5547713878902379],
[1652106600.0, 0.5770019640955678],
[1652193000.0, 0.5340640175894993],
[1652279400.0, 0.5340055707246059],
[1652365800.0, 0.5413126699884346],
[1652452200.0, 0.5191223758037331],
[1652538600.0, 0.5281949048267282],
[1652625000.0, 0.511323713267638],
[1652711400.0, 0.5013550401186423],
[1652797800.0, 0.5050455265141216],
[1652884200.0, 0.5236485382482432],
[1652970600.0, 0.5312230214442488],
[1653057000.0, 0.5227534924982057],
[1653143400.0, 0.5255532355605638],
[1653229800.0, 0.5278490550063315],
[1653316200.0, 0.5178797079566398],
[1653402600.0, 0.5020621368105124],
[1653489000.0, 0.5045692746096726],
[1653575400.0, 0.5010162832732556],
[1653661800.0, 0.5032566541571871],
[1653748200.0, 0.5058181732988195],
[1653834600.0, 0.5038423179949492],
[1653921000.0, 0.5157000455594497],
[1654007400.0, 0.5344651262726569],
[1654093800.0, 0.5221188298505703],
[1654180200.0, 0.5319028449673417],
[1654266600.0, 0.5191865758502087],
[1654353000.0, 0.523196217552651],
[1654439400.0, 0.5307889077478425],
[1654525800.0, 0.5250369262720039],
[1654612200.0, 0.5102573134797844],
[1654698600.0, 0.4735054343863365],
[1654785000.0, 0.48141562685054773],
[1654871400.0, 0.5005337220054773],
[1654957800.0, 0.5068949053872237],
[1655044200.0, 0.49962222265519696],
[1655130600.0, 0.4692800531213037],
[1655217000.0, 0.46258565842970223],
[1655303400.0, 0.4203386288323957],
[1655389800.0, 0.4806812060012303],
[1655476200.0, 0.47078717936104225],
[1655562600.0, 0.47757730857375497],
[1655649000.0, 0.47579813960386863],
[1655735400.0, 0.4921062747307364],
[1655821800.0, 0.4719161752635111],
[1655908200.0, 0.48023506247465875],
[1655994600.0, 0.4756063454672864],
[1656081000.0, 0.4211261305722784],
[1656167400.0, 0.4421329625276214],
[1656253800.0, 0.4389169809338089],
[1656340200.0, 0.44984396247505154],
[1656426600.0, 0.4396769928145718],
[1656513000.0, 0.4553501170833485],
[1656599400.0, 0.43400356226183573],
[1656685800.0, 0.48623394288535926],
[1656772200.0, 0.48526241872250203],
[1656858600.0, 0.4730969801222295],
[1656945000.0, 0.45959571931177506],
[1657031400.0, 0.44263228227790463],
[1657117800.0, 0.4562304758983828],
[1657204200.0, 0.4637296527031619],
[1657290600.0, 0.46471253993100564],
[1657377000.0, 0.4523681171294228],
[1657463400.0, 0.4586790715990203],
[1657549800.0, 0.4570920228557305],
[1657636200.0, 0.46414672346980873],
[1657722600.0, 0.46318885917627944],
[1657809000.0, 0.46983278068549045],
[1657895400.0, 0.45947207606630025],
[1657981800.0, 0.47542829700341044],
[1658068200.0, 0.4804259385378106],
[1658154600.0, 0.4788237423446123],
[1658241000.0, 0.48136621269103097],
[1658327400.0, 0.4821631019437133],
[1658413800.0, 0.48296482029614785],
[1658500200.0, 0.433963251587809],
[1658586600.0, 0.4532620828131484],
[1658673000.0, 0.4667499288623909],
[1658759400.0, 0.46615216444234053],
[1658845800.0, 0.4613218631737521],
[1658932200.0, 0.47845080325230804],
[1659018600.0, 0.4690538073486808],
[1659105000.0, 0.4660126000319323],
[1659191400.0, 0.47645761504315226],
[1659277800.0, 0.4615178196013233],
[1659364200.0, 0.45702930311217027],
[1659450600.0, 0.47044654334757724],
[1659537000.0, 0.48191519335965005],
[1659623400.0, 0.4884054996395203],
[1659709800.0, 0.4904099365343571],
[1659796200.0, 0.47354277010890744],
[1659882600.0, 0.48656273339916806],
[1659969000.0, 0.48968583952642647],
[1660055400.0, 0.4873302415686925],
[1660141800.0, 0.484049126292688],
[1660228200.0, 0.4836600128981174],
[1660314600.0, 0.48869983410557566],
[1660401000.0, 0.48869983410557566],
[1660487400.0, 0.48869983410557566],
[1660573800.0, 0.48869983410557566],
[1660660200.0, 0.4971399838440905],
[1660746600.0, 0.4942190336536017],
[1660833000.0, 0.48702012978011205],
[1660919400.0, 0.48431607114895187],
[1661005800.0, 0.5004527086632291],
[1661092200.0, 0.5040795934014278],
[1661178600.0, 0.4915757623668647],
[1661265000.0, 0.49505420377354126],
[1661351400.0, 0.5076230461792253],
[1661437800.0, 0.5218502333672326],
[1661524200.0, 0.5270788827134799],
[1661610600.0, 0.5271577597564737],
[1661697000.0, 0.5151636954425283],
[1661783400.0, 0.5225550345418067],
[1661869800.0, 0.49459013681283653],
[1661956200.0, 0.5006731044435382],
[1662042600.0, 0.5280458571526006],
[1662129000.0, 0.5146900784354523],
[1662215400.0, 0.5118230480999525],
[1662301800.0, 0.5214743458056782],
[1662388200.0, 0.5196299041929061],
[1662474600.0, 0.5183821855318814],
[1662561000.0, 0.5127626712314696],
[1662647400.0, 0.5154892753269972],
[1662733800.0, 0.5301312693664881],
[1662820200.0, 0.5325925477062973],
[1662906600.0, 0.5431552612530215],
[1662993000.0, 0.5550187554941193],
[1663079400.0, 0.5354059510252704],
[1663165800.0, 0.518972644928317],
[1663252200.0, 0.5205275425105057],
[1663338600.0, 0.517113827875402],
[1663425000.0, 0.5215703608524963],
[1663511400.0, 0.5229184607112953],
[1663597800.0, 0.5255402085705796],
[1663684200.0, 0.5268356572217059],
[1663770600.0, 0.4991076953613624],
[1663857000.0, 0.5141259879644599],
[1663943400.0, 0.5062584923109432],
[1664029800.0, 0.5134572020874076],
[1664116200.0, 0.5177401712326836],
[1664202600.0, 0.5058466302766262],
[1664289000.0, 0.5103850187253836],
[1664375400.0, 0.5042250099047834],
[1664461800.0, 0.5106951551088386],
[1664548200.0, 0.5164290907239416],
[1664634600.0, 0.5200899894766335],
[1664717400.0, 0.5118859064663079],
[1664803800.0, 0.5152344911741884],
[1664890200.0, 0.5280178227629405],
[1664976600.0, 0.5350188210799787],
[1665063000.0, 0.5258239214864392],
[1665149400.0, 0.5063286546044127],
[1665235800.0, 0.5040999738946693],
[1665322200.0, 0.510499337878443],
[1665408600.0, 0.4832056503136861],
[1665495000.0, 0.5410603262116073],
[1665581400.0, 0.5077047111358989],
[1665667800.0, 0.5327657661840807],
[1665754200.0, 0.5192744314129739],
[1665840600.0, 0.5215966064245814],
[1665927000.0, 0.5343776124126633],
[1666013400.0, 0.5318591783402571],
[1666099800.0, 0.5226847060071549],
[1666186200.0, 0.5313484731056907],
[1666272600.0, 0.5146621502893839],
[1666359000.0, 0.5289299628140295],
[1666445400.0, 0.4998424764401429],
[1666531800.0, 0.5275258586084685],
[1666618200.0, 0.5442341909705789],
[1666704600.0, 0.5217960545114129],
[1666791000.0, 0.5200636373474342],
[1666877400.0, 0.5207024202948353],
[1666963800.0, 0.5348521111313848],
[1667050200.0, 0.547385376886408],
[1667136600.0, 0.5269611276890716],
[1667223000.0, 0.5228345216524247],
[1667309400.0, 0.5398383215688494],
[1667395800.0, 0.5332065545726365],
[1667482200.0, 0.5344627128212172],
[1667568600.0, 0.5586695838834367],
[1667655000.0, 0.5329259785641105],
[1667741400.0, 0.5340666245435066],
[1667827800.0, 0.5361080067244123],
[1667914200.0, 0.5322371703232394],
[1668000600.0, 0.531247408683015],
[1668087000.0, 0.5481127689992394],
[1668173400.0, 0.5636549721781668],
[1668259800.0, 0.5810077901055278],
[1668346200.0, 0.5967194377824729],
[1668432600.0, 0.6033233481666465],
[1668519000.0, 0.5391712196454204],
[1668605400.0, 0.5585741130047965],
[1668691800.0, 0.6096583786367822],
[1668778200.0, 0.5065577105281953],
[1668864600.0, 0.5387394601012508],
[1668951000.0, 0.5696183271900277],
[1669037400.0, 0.5124527007691848],
[1669123800.0, 0.5351066330603442],
[1669210200.0, 0.5122623867188031],
[1669296600.0, 0.5222168713914933],
[1669383000.0, 0.5400304629291732],
[1669469400.0, 0.5102925368391946],
[1669555800.0, 0.520573961239492],
[1669642200.0, 0.5140765552226771],
[1669728600.0, 0.5421556315993256],
[1669815000.0, 0.5245422925984884],
[1669901400.0, 0.5395755532357392],
[1669987800.0, 0.5377970067946135],
[1670074200.0, 0.5377204625508791],
[1670160600.0, 0.5610590905829432],
[1670247000.0, 0.5796326711651655],
[1670333400.0, 0.5866152125713593],
[1670419800.0, 0.5612339172226627],
[1670506200.0, 0.5620951659484973],
[1670592600.0, 0.561359557009931],
[1670679000.0, 0.5552803986842185],
[1670765400.0, 0.5191888679718425],
[1670851800.0, 0.5540849837930593],
[1670938200.0, 0.559505045466176],
[1671024600.0, 0.5376927859419691],
[1671111000.0, 0.5375628345259107],
[1671197400.0, 0.5446396710626242],
[1671283800.0, 0.5163646105604477],
[1671370200.0, 0.5253758581375125],
[1671456600.0, 0.5486470282886698],
[1671543000.0, 0.5501268223993624],
[1671629400.0, 0.5189639471948433],
[1671715800.0, 0.49855469602341057],
[1671802200.0, 0.5015474666576644],
[1671888600.0, 0.48645970198961946],
[1671975000.0, 0.5002628976640942],
[1672061400.0, 0.49568474065491136],
[1672147800.0, 0.49798438884847496],
[1672234200.0, 0.47305608750731387],
[1672320600.0, 0.502936640884923],
[1672407000.0, 0.5081352161141641],
[1672493400.0, 0.517206534096892],
[1672579800.0, 0.46785414829569016],
[1672666200.0, 0.4981321198599426],
[1672752600.0, 0.5094612458115504],
[1672839000.0, 0.5117779216164225],
[1672925400.0, 0.5220803263097495],
[1673011800.0, 0.523988527171236],
[1673098200.0, 0.5215491128374525],
[1673184600.0, 0.5287235045274418],
[1673271000.0, 0.5266176896320584],
[1673357400.0, 0.5144059379603826],
[1673443800.0, 0.5220351841097355],
[1673530200.0, 0.5451254178934489],
[1673616600.0, 0.5308818749275245],
[1673703000.0, 0.5272823105767649],
[1673789400.0, 0.5606136141614217],
[1673875800.0, 0.5543729288965538],
[1673962200.0, 0.522782790068556],
[1674048600.0, 0.5269891774951225],
[1674135000.0, 0.5180816289557477],
[1674221400.0, 0.5258944155485767],
[1674307800.0, 0.5315554630211697],
[1674394200.0, 0.5426342779587766],
[1674480600.0, 0.5512009572793918],
[1674567000.0, 0.5284180211129087],
[1674653400.0, 0.5636524104853662],
[1674739800.0, 0.5668349574750584],
[1674826200.0, 0.5545848596583469],
[1674912600.0, 0.5483998908457145],
[1674999000.0, 0.5469737105341514],
[1675085400.0, 0.555616200690112],
[1675171800.0, 0.5705306847005057],
[1675258200.0, 0.5841291243556496],
[1675344600.0, 0.5886695868276823],
[1675431000.0, 0.5821806822850047],
[1675517400.0, 0.5907915024987562],
[1675603800.0, 0.5967981631878542],
[1675690200.0, 0.5959395026921958],
[1675776600.0, 0.5683803500183682],
[1675863000.0, 0.5686470605802321],
[1675949400.0, 0.5686470605802321],
