[1653402600.0, 0.024530565409101764],
[1653489000.0, 0.037979376981893846],
[1653575400.0, 0.04076151242692558],
[1653661800.0, 0.04196686422264196],
[1653748200.0, 0.041937027007245845],
[1653834600.0, 0.04176062524149634],
[1653921000.0, 0.03],
[1654007400.0, 0.024],
[1654093800.0, 0.032],
[1654180200.0, 0.048],
[1654266600.0, 0.027999999999999997],
[1654353000.0, 0.028000000000000004],
[1654439400.0, 0.054000000000000006],
[1654525800.0, 0.036],
[1654612200.0, 0.018],
[1654698600.0, 0.027999999999999997],
[1654785000.0, 0.01],
[1654871400.0, 0.013304556257842905],
[1654957800.0, 0.018360025855483516],
[1655044200.0, 0.029865029693877342],
[1655130600.0, 0.025089159700718965],
[1655217000.0, 0.025373331877706556],
[1655303400.0, 0.025345032231015148],
[1655389800.0, 0.031008751243558525],
[1655476200.0, 0.030453553391608178],
[1655562600.0, 0.030296558362815817],
[1655649000.0, 0.02487784487443548],
[1655735400.0, 0.02621411612346212],
[1655821800.0, 0.026598390796455755],
[1655908200.0, 0.022915244782381973],
[1655994600.0, 0.025846873750325787],
[1656081000.0, 0.025883796561173178],
[1656167400.0, 0.02274115384691556],
[1656253800.0, 0.025842709295620648],
[1656340200.0, 0.02295306740928823],
[1656426600.0, 0.026353044105389477],
[1656513000.0, 0.02656011287210653],
[1656599400.0, 0.026674688837271053],
[1656685800.0, 0.02670069731007093],
[1656772200.0, 0.02349856205695809],
[1656858600.0, 0.02366851558454846],
[1656945000.0, 0.027570972127233744],
[1657031400.0, 0.027317733452667463],
[1657117800.0, 0.02734044712868272],
[1657204200.0, 0.02973554419822359],
[1657290600.0, 0.027394556787838607],
[1657377000.0, 0.027473525767968444],
[1657463400.0, 0.02732127760880761],
[1657549800.0, 0.026789690639221236],
[1657636200.0, 0.023375304430828404],
[1657722600.0, 0.026837086683517662],
[1657809000.0, 0.02650179830404776],
[1657895400.0, 0.023149495397450842],
[1657981800.0, 0.023139825250212027],
[1658068200.0, 0.023082052708355803],
[1658154600.0, 0.019898740353264055],
[1658241000.0, 0.019952170281223897],
[1658327400.0, 0.02330905799624034],
[1658413800.0, 0.02343629154566538],
[1658500200.0, 0.0235039197919486],
[1658586600.0, 0.019931494474916923],
[1658673000.0, 0.019962843289295457],
[1658759400.0, 0.02365478479214752],
[1658845800.0, 0.024146193383697265],
[1658932200.0, 0.034599064195446],
[1659018600.0, 0.03395454372072003],
[1659105000.0, 0.03412498231279683],
[1659191400.0, 0.03372123385460299],
[1659277800.0, 0.025507671416736266],
[1659364200.0, 0.025430611810568778],
[1659450600.0, 0.025395050176003554],
[1659537000.0, 0.023717578528411797],
[1659623400.0, 0.029652816429010583],
[1659709800.0, 0.025747017772571257],
[1659796200.0, 0.025802191446738093],
[1659882600.0, 0.017871233393815952],
[1659969000.0, 0.028620898512018312],
[1660055400.0, 0.024608296848256755],
[1660141800.0, 0.024656146472320707],
[1660228200.0, 0.020814681409785592],
[1660314600.0, 0.027863413934524194],
[1660401000.0, 0.027863413934524194],
[1660487400.0, 0.027863413934524194],
[1660573800.0, 0.027863413934524194],
[1660660200.0, 0.02299173219422893],
[1660746600.0, 0.023027268582281137],
[1660833000.0, 0.023190975662366053],
[1660919400.0, 0.024014016716337325],
[1661005800.0, 0.027476637818379068],
[1661092200.0, 0.024148266245369986],
[1661178600.0, 0.024483284530376646],
[1661265000.0, 0.024275628248694676],
[1661351400.0, 0.021328153118987413],
[1661437800.0, 0.027705762995690893],
[1661524200.0, 0.027208982956752857],
[1661610600.0, 0.02823185630965692],
[1661697000.0, 0.028212512026636976],
[1661783400.0, 0.024568953306957898],
[1661869800.0, 0.02775649222979342],
[1661956200.0, 0.02389048157999628],
[1662042600.0, 0.0238068001019166],
[1662129000.0, 0.03231564451897795],
[1662215400.0, 0.028220362943243343],
[1662301800.0, 0.02930924868379481],
[1662388200.0, 0.03334831216011972],
[1662474600.0, 0.03236793432440096],
[1662561000.0, 0.02939189049441097],
[1662647400.0, 0.028836186343592286],
[1662733800.0, 0.025021163132204666],
[1662820200.0, 0.014265660008809055],
[1662906600.0, 0.023500783271739035],
[1662993000.0, 0.02808422087497952],
[1663079400.0, 0.02141108360096178],
[1663165800.0, 0.021038573927421637],
[1663252200.0, 0.028236148845071203],
[1663338600.0, 0.02726633043496669],
[1663425000.0, 0.029264059709133133],
[1663511400.0, 0.03018384488354877],
[1663597800.0, 0.0268682093400451],
[1663684200.0, 0.031020440046681436],
[1663770600.0, 0.027293152044154355],
[1663857000.0, 0.02735290089872166],
[1663943400.0, 0.03988310618159013],
[1664029800.0, 0.028565299429942327],
[1664116200.0, 0.027778494476015075],
[1664202600.0, 0.0282384011052624],
[1664289000.0, 0.022735901792620847],
[1664375400.0, 0.026406644730377453],
[1664461800.0, 0.025375395382879095],
[1664548200.0, 0.030673329281370627],
[1664634600.0, 0.03735794552097855],
[1664717400.0, 0.04501842631695932],
[1664803800.0, 0.04443474536712519],
[1664890200.0, 0.05875243487671021],
[1664976600.0, 0.06869366354404752],
[1665063000.0, 0.05543996580944279],
[1665149400.0, 0.08317060484470204],
[1665235800.0, 0.025500056503559725],
[1665322200.0, 0.02151927677654699],
[1665408600.0, 0.02936792836897047],
[1665495000.0, 0.029610574418139957],
[1665581400.0, 0.03374189393933437],
[1665667800.0, 0.031535815279830196],
[1665754200.0, 0.03145668620278226],
[1665840600.0, 0.0271459396676475],
[1665927000.0, 0.02906559263521289],
[1666013400.0, 0.031432596350816376],
[1666099800.0, 0.027072610364913884],
[1666186200.0, 0.021168672847337526],
[1666272600.0, 0.031415909485126736],
[1666359000.0, 0.03155770758276928],
[1666445400.0, 0.03331719548225465],
[1666531800.0, 0.033532318111475334],
[1666618200.0, 0.0315731427339067],
[1666704600.0, 0.03201936332361617],
[1666791000.0, 0.032089295702936095],
[1666877400.0, 0.03205928758877613],
[1666963800.0, 0.031019032228353248],
[1667050200.0, 0.028257389357182843],
[1667136600.0, 0.032555850495421146],
[1667223000.0, 0.03375053391406854],
[1667309400.0, 0.034717637161834757],
[1667395800.0, 0.029630545369333284],
[1667482200.0, 0.0348895508308873],
[1667568600.0, 0.0304422267152749],
[1667655000.0, 0.03415362874429263],
[1667741400.0, 0.029315248357633227],
[1667827800.0, 0.034138772475473936],
[1667914200.0, 0.028490544905021557],
[1668000600.0, 0.0329477806694786],
[1668087000.0, 0.028261536199205926],
[1668173400.0, 0.033300758575221],
[1668259800.0, 0.033954020252174436],
[1668346200.0, 0.027854687321135663],
[1668432600.0, 0.02717469074679165],
[1668519000.0, 0.0274738209017245],
[1668605400.0, 0.02666790579443539],
[1668691800.0, 0.026192861648566424],
[1668778200.0, 0.030236499865235807],
[1668864600.0, 0.02262221442612451],
[1668951000.0, 0.02615394698260611],
[1669037400.0, 0.026571008694563754],
[1669123800.0, 0.027382552921373503],
[1669210200.0, 0.03183572415411396],
[1669296600.0, 0.027005434687078035],
[1669383000.0, 0.03077305395139997],
[1669469400.0, 0.026376893562642924],
[1669555800.0, 0.026200017122431318],
[1669642200.0, 0.022094695174098962],
[1669728600.0, 0.023547393735767825],
[1669815000.0, 0.028218732921206018],
[1669901400.0, 0.024161199949736277],
[1669987800.0, 0.02905103239175908],
[1670074200.0, 0.024381973060683314],
[1670160600.0, 0.029467698533895952],
[1670247000.0, 0.024613837324050845],
[1670333400.0, 0.019390289575813503],
[1670419800.0, 0.03391560133427005],
[1670506200.0, 0.028491445926301373],
[1670592600.0, 0.028037957721246863],
[1670679000.0, 0.03193272479033817],
[1670765400.0, 0.03166551523080164],
[1670851800.0, 0.027342675665337435],
[1670938200.0, 0.03148794253463315],
[1671024600.0, 0.028250312027801795],
[1671111000.0, 0.032823864789782616],
[1671197400.0, 0.03419340222027404],
[1671283800.0, 0.029041140791569657],
[1671370200.0, 0.030022474940441413],
[1671456600.0, 0.025175339689916455],
[1671543000.0, 0.024005213256479776],
[1671629400.0, 0.032490177255009876],
[1671715800.0, 0.03154335736167864],
[1671802200.0, 0.030741381137674682],
[1671888600.0, 0.030265499282141888],
[1671975000.0, 0.026559786254869884],
[1672061400.0, 0.030913386236626306],
[1672147800.0, 0.031045303098503212],
[1672234200.0, 0.026682966197017023],
[1672320600.0, 0.031601345121052206],
[1672407000.0, 0.03129204589803189],
[1672493400.0, 0.031126624494107313],
[1672579800.0, 0.02621026389762564],
[1672666200.0, 0.029377598211480716],
[1672752600.0, 0.025597421889859705],
[1672839000.0, 0.025534224903172743],
[1672925400.0, 0.02929580088310039],
[1673011800.0, 0.02935789454809821],
[1673098200.0, 0.026366007370351253],
[1673184600.0, 0.023037983902938222],
[1673271000.0, 0.02725709788080848],
[1673357400.0, 0.027751374804500285],
[1673443800.0, 0.018941192054678035],
[1673530200.0, 0.028067945491734837],
[1673616600.0, 0.0327201858979768],
[1673703000.0, 0.03134828694676775],
[1673789400.0, 0.027242756402781444],
[1673875800.0, 0.03177799396400092],
[1673962200.0, 0.027644644342887457],
[1674048600.0, 0.022991111742590213],
[1674135000.0, 0.018821603017636867],
[1674221400.0, 0.02319005119842511],
[1674307800.0, 0.028031787975305734],
[1674394200.0, 0.023166206488592772],
[1674480600.0, 0.02334487475673247],
[1674567000.0, 0.02798968029628021],
[1674653400.0, 0.028468272944638585],
[1674739800.0, 0.0234876972660872],
[1674826200.0, 0.02378141661148702],
[1674912600.0, 0.01912031675459408],
[1674999000.0, 0.02834639650111097],
[1675085400.0, 0.018951652384123847],
[1675171800.0, 0.01436586623963538],
[1675258200.0, 0.027268243915259394],
[1675344600.0, 0.014300248120013742],
[1675431000.0, 0.018489357620255005],
[1675517400.0, 0.022795709928065747],
[1675603800.0, 0.022271522671116956],
[1675690200.0, 0.02660263163273231],
[1675776600.0, 0.02725641492380918],
[1675863000.0, 0.0233624403135158],
[1675949400.0, 0.0233624403135158],
