[[1661869800, 5.72],
[1661956200, 4.57],
[1662042600, 4.4],
[1662129000, 4.78],
[1662215400, 4.77],
[1662301800, 4.84],
[1662388200, 4.83],
[1662474600, 4.29],
[1662561000, 3.5],
[1662647400, 3.43],
[1662733800, 3.49],
[1662820200, 3.58],
[1662906600, 3.54],
[1662993000, 3.67],
[1663079400, 3.88],
[1663165800, 3.99],
[1663252200, 4.42],
[1663338600, 4.4],
[1663425000, 4.36],
[1663511400, 4.35],
[1663597800, 4.35],
[1663684200, 4.34],
[1663770600, 3.95],
[1663857000, 3.74],
[1663943400, 3.72],
[1664029800, 3.61],
[1664116200, 3.6],
[1664202600, 3.52],
[1664289000, 3.52],
[1664375400, 3.57],
[1664461800, 3.68],
[1664548200, 3.65],
[1664634600, 4.02],
[1664717400, 4.22],
[1664803800, 4.5],
[1664890200, 4.61],
[1664976600, 4.6],
[1665063000, 4.83],
[1665149400, 4.83],
[1665235800, 4.8],
[1665322200, 4.19],
[1665408600, 3.93],
[1665495000, 4.17],
[1665581400, 4.71],
[1665667800, 4.22],
[1665754200, 4.07],
[1665840600, 4.03],
[1665927000, 3.99],
[1666013400, 4.12],
[1666099800, 3.84],
[1666186200, 3.75],
[1666272600, 3.76],
[1666359000, 3.98],
[1666445400, 4.02],
[1666531800, 3.94],
[1666618200, 3.93],
[1666704600, 3.96],
[1666791000, 4.39],
[1666877400, 4.3],
[1666963800, 4.26],
[1667050200, 4],
[1667136600, 3.89],
[1667223000, 3.91],
[1667309400, 4.04],
[1667395800, 3.97],
[1667482200, 4],
[1667568600, 4.01],
[1667655000, 3.99],
[1667741400, 4],
[1667827800, 3.89],
[1667914200, 3.94],
[1668000600, 4.11],
[1668087000, 4.24],
[1668173400, 4.23],
[1668259800, 4.17],
[1668346200, 4.47],
[1668432600, 4.5],
[1668519000, 4.48],
[1668605400, 4.42],
[1668691800, 4.28],
[1668778200, 4.23],
[1668864600, 4.35],
[1668951000, 4.29],
[1669037400, 4.34],
[1669123800, 4.35],
[1669210200, 4.33],
[1669296600, 4.33],
[1669383000, 4.31],
[1669469400, 4.2],
[1669555800, 4.01],
[1669642200, 3.98],
[1669728600, 4.2],
[1669815000, 4.39],
[1669901400, 4.97],
[1669987800, 4.68],
[1670074200, 4.63],
[1670160600, 4.55],
[1670247000, 4.42],
[1670333400, 5.1],
[1670419800, 4.57],
[1670506200, 4.29],
[1670592600, 4.21],
[1670679000, 4.2],
[1670765400, 4.21],
[1670851800, 4.31],
[1670938200, 4.2],
[1671024600, 4.26],
[1671111000, 4.27],
[1671197400, 4.4],
[1671283800, 4.35],
[1671370200, 4.34],
[1671456600, 4.68],
[1671543000, 4.58],
[1671629400, 4.35],
[1671715800, 4.47],
[1671802200, 4.1],
[1671888600, 4.72],
[1671975000, 3.92],
[1672061400, 3.63],
[1672147800, 3.83],
[1672234200, 3.69],
[1672320600, 3.62],
[1672407000, 3.41],
[1672493400, 3.35],
[1672579800, 3.56],
[1672666200, 3.52],
[1672752600, 3.6],
[1672839000, 3.48],
[1672925400, 3.51],
[1673011800, 3.64],
[1673098200, 3.72],
[1673184600, 3.78],
[1673271000, 3.82],
[1673357400, 3.79],
[1673443800, 3.75],
[1673530200, 3.75],
[1673616600, 3.83],
[1673703000, 3.94],
[1673789400, 4.27],
[1673875800, 4.19],
[1673962200, 4.24],
[1674048600, 4.05],
[1674135000, 4.2],
[1674221400, 5.2],
[1674307800, 4.7],
[1674394200, 4.27],
[1674480600, 4.4],
[1674567000, 4.64],
[1674653400, 4.24],
[1675171800, 4.89],
[1675258200, 4.63],
[1675344600, 4.46],
[1675431000, 4.45],
[1675517400, 4.39],
[1675603800, 4.34],
[1675690200, 4.22],
[1675776600, 4.34],
[1675863000, 4.09],
[1675949400, 4.17],
[1676035800, 4.25],
[1676122200, 4.08],
[1676208600, 4.15],
[1676295000, 4.37],
[1676381400, 4.62],
[1676467800, 4.55],
[1676554200, 4.59],
[1676640600, 4.46],
[1676727000, 4.46]]
