[1635773400.0, 28.054704333333333],
[1635859800.0, 28.203018666666665],
[1635946200.0, 28.258677000000002],
[1636032600.0, 28.4723],
[1636119000.0, 28.203757666666665],
[1636205400.0, 28.09670266666667],
[1636291800.0, 27.96060833333333],
[1636378200.0, 28.115722333333334],
[1636464600.0, 26.826659000000003],
[1636551000.0, 26.340460000000004],
[1636637400.0, 27.036637666666667],
[1636723800.0, 26.942483999999997],
[1636810200.0, 26.655764666666666],
[1636896600.0, 26.44741],
[1636983000.0, 26.684397999999998],
[1637069400.0, 28.315653999999995],
[1637155800.0, 26.439671333333333],
[1637242200.0, 26.80838833333333],
[1637328600.0, 26.888536],
[1637415000.0, 26.37123733333333],
[1637501400.0, 25.556761666666663],
[1637587800.0, 26.20306333333333],
[1637674200.0, 26.585184666666663],
[1637760600.0, 25.77792666666667],
[1637847000.0, 26.060729333333338],
[1637933400.0, 25.123744],
[1638019800.0, 25.552437333333334],
[1638106200.0, 25.080796000000003],
[1638192600.0, 25.459031999999997],
[1638279000.0, 25.10849366666667],
[1638365400.0, 25.29631333333333],
[1638451800.0, 26.410832000000003],
[1638538200.0, 24.991011333333336],
[1638624600.0, 25.935391666666664],
[1638711000.0, 28.30251766666667],
[1638797400.0, 29.270176333333335],
[1638883800.0, 29.50249033333333],
[1638970200.0, 28.590615666666665],
[1639056600.0, 29.820301333333333],
[1639143000.0, 28.56127566666667],
[1639229400.0, 28.875961],
[1639315800.0, 28.568304333333334],
[1639402200.0, 27.572554333333333],
[1639488600.0, 27.923255666666666],
[1639575000.0, 28.45499433333333],
[1639661400.0, 26.204213],
[1639747800.0, 26.852984666666668],
[1639834200.0, 27.966933666666666],
[1639920600.0, 27.81409766666667],
[1640007000.0, 27.497359666666668],
[1640093400.0, 27.181341],
[1640179800.0, 27.186858333333333],
[1640266200.0, 26.116863],
[1640352600.0, 27.350493666666665],
[1640439000.0, 27.260435666666666],
[1640525400.0, 28.044431666666668],
[1640611800.0, 26.791293333333332],
[1640698200.0, 27.728330333333332],
[1640784600.0, 29.255684000000002],
[1640871000.0, 29.38705033333333],
[1640957400.0, 28.22624566666667],
[1641043800.0, 28.989016000000003],
[1641130200.0, 27.562894999999997],
[1641216600.0, 28.93656],
[1641303000.0, 29.248192333333332],
[1641389400.0, 30.007054333333333],
[1641475800.0, 30.493167999999997],
[1641562200.0, 28.601943000000002],
[1641648600.0, 29.294226999999996],
[1641735000.0, 30.012717],
[1641821400.0, 28.970772666666665],
[1641907800.0, 31.27956133333333],
[1641994200.0, 30.349053666666666],
[1642080600.0, 29.502255666666667],
[1642167000.0, 29.82216133333333],
[1642253400.0, 29.762120333333332],
[1642339800.0, 31.231124000000005],
[1642426200.0, 29.565827000000002],
[1642512600.0, 29.98714],
[1642599000.0, 29.588690999999997],
[1642685400.0, 28.207387],
[1642771800.0, 28.900700999999998],
[1642858200.0, 28.879313999999997],
[1642944600.0, 28.104878],
[1643031000.0, 27.929660666666667],
[1643117400.0, 28.099836999999997],
[1643203800.0, 28.178847],
[1643290200.0, 29.957959333333335],
[1643376600.0, 27.207099333333332],
[1643463000.0, 28.087393666666667],
[1643549400.0, 28.17161133333333],
[1643635800.0, 28.17161133333333],
[1643722200.0, 28.17161133333333],
[1643808600.0, 26.812156],
[1643895000.0, 27.299929333333335],
[1643981400.0, 26.636616999999998],
[1644067800.0, 26.737519666666667],
[1644154200.0, 26.668702],
[1644240600.0, 27.47322033333333],
[1644327000.0, 27.037440333333336],
[1644413400.0, 26.706059],
[1644499800.0, 26.70367933333333],
[1644586200.0, 27.685568333333332],
[1644672600.0, 26.472361000000003],
[1644759000.0, 27.475983333333335],
[1644845400.0, 28.556526333333334],
[1644931800.0, 26.70663566666667],
[1645018200.0, 27.017833666666665],
[1645104600.0, 27.099226666666667],
[1645191000.0, 26.977613333333334],
[1645277400.0, 27.50925566666666],
[1645363800.0, 26.88042133333333],
[1645450200.0, 26.694823666666665],
[1645536600.0, 26.483001666666663],
[1645623000.0, 27.24260933333333],
[1645709400.0, 25.95561566666667],
[1645795800.0, 26.66991133333333],
[1645882200.0, 26.078844333333336],
[1645968600.0, 27.078143666666666],
[1646055000.0, 26.518175333333332],
[1646141400.0, 26.928175],
[1646227800.0, 28.13293566666667],
[1646314200.0, 27.215290333333332],
[1646400600.0, 25.55964933333333],
[1646487000.0, 27.00706533333333],
[1646573400.0, 26.21243766666667],
[1646659800.0, 26.368177333333335],
[1646746200.0, 27.086889],
[1646832600.0, 26.371414],
[1646919000.0, 26.542143333333332],
[1647005400.0, 26.360157666666666],
[1647091800.0, 27.004322000000002],
[1647178200.0, 27.388850333333334],
[1647264600.0, 27.720289666666662],
[1647351000.0, 28.727109333333335],
[1647437400.0, 29.509769333333328],
[1647523800.0, 28.02888366666667],
[1647610200.0, 27.876441],
[1647696600.0, 28.288300666666668],
[1647783000.0, 27.895713],
[1647869400.0, 28.11715633333333],
[1647955800.0, 28.269286000000005],
[1648042200.0, 27.35970233333333],
[1648128600.0, 28.61689433333333],
[1648215000.0, 29.381275666666664],
[1648301400.0, 30.157638333333335],
[1648387800.0, 30.761338333333338],
[1648474200.0, 28.832222333333334],
[1648560600.0, 28.214927666666668],
[1648647000.0, 28.271001333333334],
[1648733400.0, 28.414346],
[1648819800.0, 28.624959999999998],
[1648906200.0, 28.53699366666666],
[1648996200.0, 29.605411333333333],
[1649082600.0, 31.112538999999998],
[1649169000.0, 29.603520666666668],
[1649255400.0, 29.378776000000002],
[1649341800.0, 28.91975933333333],
[1649428200.0, 29.612265000000004],
[1649514600.0, 31.67583666666667],
[1649601000.0, 28.909259666666667],
[1649687400.0, 29.314434666666667],
[1649773800.0, 29.771844666666667],
[1649860200.0, 29.95515633333333],
[1649946600.0, 30.29021666666667],
[1650033000.0, 32.386886],
[1650119400.0, 30.359171999999997],
[1650205800.0, 30.089905],
[1650292200.0, 29.651863333333335],
[1650378600.0, 29.496454333333332],
[1650465000.0, 29.84967066666667],
[1650551400.0, 29.84967066666667],
[1650637800.0, 29.84967066666667],
[1650724200.0, 31.844244],
[1650810600.0, 30.213516999999996],
[1650897000.0, 31.714465],
[1650983400.0, 30.59633266666667],
[1651069800.0, 30.831417000000002],
[1651156200.0, 30.659288333333336],
[1651242600.0, 30.432614666666666],
[1651329000.0, 29.985774333333335],
[1651415400.0, 30.340464666666666],
[1651501800.0, 30.016931333333332],
[1651588200.0, 29.330130999999998],
[1651674600.0, 28.678569666666665],
[1651761000.0, 28.518225666666666],
[1651847400.0, 28.43484833333333],
[1651933800.0, 29.932800999999998],
[1652020200.0, 29.852682666666666],
[1652106600.0, 29.254109666666665],
[1652193000.0, 30.416022999999996],
[1652279400.0, 28.711149333333335],
[1652365800.0, 26.157882666666666],
[1652452200.0, 26.479745666666663],
[1652538600.0, 26.06474533333333],
[1652625000.0, 25.952320333333333],
[1652711400.0, 25.936054333333335],
[1652797800.0, 25.81298633333334],
[1652884200.0, 26.090794333333335],
[1652970600.0, 27.37294733333333],
[1653057000.0, 27.129192],
[1653143400.0, 26.802335],
[1653229800.0, 26.609132],
[1653316200.0, 27.506051333333332],
[1653402600.0, 26.926698333333334],
[1653489000.0, 26.16289066666667],
[1653575400.0, 25.516999666666663],
[1653661800.0, 25.995158666666665],
[1653748200.0, 26.174035666666665],
[1653834600.0, 26.18808633333333],
[1653921000.0, 26.348301000000003],
[1654007400.0, 26.180753],
[1654093800.0, 26.287582],
[1654180200.0, 26.124949666666666],
[1654266600.0, 25.28486],
[1654353000.0, 24.924174333333337],
[1654439400.0, 25.538336666666666],
[1654525800.0, 24.74181],
[1654612200.0, 24.617660666666666],
[1654698600.0, 25.092182666666663],
[1654785000.0, 25.997957666666668],
[1654871400.0, 25.545834666666668],
[1654957800.0, 24.93743333333333],
[1655044200.0, 25.157377333333333],
[1655130600.0, 24.55814566666667],
[1655217000.0, 24.82817],
[1655303400.0, 24.200143666666662],
[1655389800.0, 24.21527933333333],
[1655476200.0, 23.999397000000002],
[1655562600.0, 23.126289],
[1655649000.0, 24.120654],
[1655735400.0, 22.01597633333333],
[1655821800.0, 22.883973333333333],
[1655908200.0, 22.70851066666667],
[1655994600.0, 21.514837],
[1656081000.0, 21.367117666666662],
[1656167400.0, 21.274771666666666],
[1656253800.0, 22.194606000000004],
[1656340200.0, 22.078343333333333],
[1656426600.0, 20.895109666666666],
[1656513000.0, 21.327754],
[1656599400.0, 22.569209666666666],
[1656685800.0, 22.315850333333334],
[1656772200.0, 22.505118666666664],
[1656858600.0, 22.879428666666666],
[1656945000.0, 23.196608666666666],
[1657031400.0, 22.673199333333333],
[1657117800.0, 22.52126266666667],
[1657204200.0, 22.576105666666667],
[1657290600.0, 22.518191333333334],
[1657377000.0, 22.977250666666666],
[1657463400.0, 22.251092999999997],
[1657549800.0, 21.685359000000002],
[1657636200.0, 22.022814],
[1657722600.0, 20.802907],
[1657809000.0, 22.744302333333334],
[1657895400.0, 23.569314000000002],
[1657981800.0, 23.627925333333337],
[1658068200.0, 23.64360266666667],
[1658154600.0, 23.562016333333332],
[1658241000.0, 23.810018333333332],
[1658327400.0, 23.706934999999998],
[1658413800.0, 23.070129666666663],
[1658500200.0, 23.703279333333338],
[1658586600.0, 23.638312666666668],
[1658673000.0, 23.810424],
[1658759400.0, 23.28571433333333],
[1658845800.0, 23.637561333333334],
[1658932200.0, 25.092703999999998],
[1659018600.0, 24.357688333333332],
[1659105000.0, 24.672702333333337],
[1659191400.0, 24.202421333333334],
[1659277800.0, 24.138684],
[1659364200.0, 24.003438666666668],
[1659450600.0, 24.883283666666667],
[1659537000.0, 25.124332],
[1659623400.0, 25.403858333333336],
[1659709800.0, 25.479627000000004],
[1659796200.0, 26.655879999999996],
[1659882600.0, 25.121937666666668],
[1659969000.0, 25.847873000000003],
[1660055400.0, 25.385920000000002],
[1660141800.0, 25.693492000000003],
[1660228200.0, 25.545787999999998],
[1660314600.0, 25.928888666666666],
[1660401000.0, 25.928888666666666],
[1660487400.0, 25.928888666666666],
[1660573800.0, 25.928888666666666],
[1660660200.0, 25.868156],
[1660746600.0, 24.737628],
[1660833000.0, 25.554693333333333],
[1660919400.0, 26.332149666666666],
[1661005800.0, 25.079026],
[1661092200.0, 25.104609666666665],
[1661178600.0, 25.089438666666666],
[1661265000.0, 24.966724],
[1661351400.0, 25.140344],
[1661437800.0, 25.100900666666664],
[1661524200.0, 24.15597166666667],
[1661610600.0, 24.576960333333332],
[1661697000.0, 23.85707633333334],
[1661783400.0, 24.357108333333333],
[1661869800.0, 24.08763],
[1661956200.0, 23.555705333333332],
[1662042600.0, 23.870625666666665],
[1662129000.0, 23.832892],
[1662215400.0, 25.188354],
[1662301800.0, 24.995823],
[1662388200.0, 24.535633666666666],
[1662474600.0, 24.546699333333333],
[1662561000.0, 25.458961],
[1662647400.0, 24.890856333333332],
[1662733800.0, 25.96089333333333],
[1662820200.0, 24.658390999999998],
[1662906600.0, 26.201481],
[1662993000.0, 24.636820333333333],
[1663079400.0, 25.125662333333334],
[1663165800.0, 24.88832066666667],
[1663252200.0, 25.209311333333332],
[1663338600.0, 24.569387666666668],
[1663425000.0, 24.347558666666668],
[1663511400.0, 24.17366433333333],
[1663597800.0, 24.698334333333335],
[1663684200.0, 24.573836999999997],
[1663770600.0, 24.468928000000002],
[1663857000.0, 24.096551],
[1663943400.0, 24.945567666666665],
[1664029800.0, 25.225004333333334],
[1664116200.0, 24.90661366666667],
[1664202600.0, 25.000259666666665],
[1664289000.0, 24.227029],
[1664375400.0, 25.709795999999997],
[1664461800.0, 25.22],
[1664548200.0, 25.109954666666667],
[1664634600.0, 25.261999],
[1664717400.0, 25.134397000000003],
[1664803800.0, 25.180573],
[1664890200.0, 25.45488466666667],
[1664976600.0, 26.471926666666665],
[1665063000.0, 25.632791666666662],
[1665149400.0, 25.632791666666662],
[1665235800.0, 25.823019],
[1665322200.0, 25.814323333333334],
[1665408600.0, 26.343939000000002],
[1665495000.0, 26.938709666666668],
[1665581400.0, 26.487865333333332],
[1665667800.0, 25.500753],
[1665754200.0, 24.771559666666665],
[1665840600.0, 25.892740333333332],
[1665927000.0, 25.909447333333333],
[1666013400.0, 25.227840666666665],
[1666099800.0, 25.38260866666667],
[1666186200.0, 26.017448],
[1666272600.0, 25.661636],
[1666359000.0, 25.158254666666664],
[1666445400.0, 24.380723333333332],
[1666531800.0, 25.471523333333334],
[1666618200.0, 23.083542666666663],
[1666704600.0, 23.26431433333333],
[1666791000.0, 23.754735999999998],
[1666877400.0, 24.27586633333333],
[1666963800.0, 24.21951233333333],
[1667050200.0, 23.611844333333334],
[1667136600.0, 23.047728666666668],
[1667223000.0, 22.968686333333334],
[1667309400.0, 23.427649999999996],
[1667395800.0, 23.595982666666668],
[1667482200.0, 23.98250566666667],
[1667568600.0, 24.04518733333333],
[1667655000.0, 24.40394733333333],
[1667741400.0, 23.642090666666665],
[1667827800.0, 24.976607666666666],
[1667914200.0, 24.822789666666665],
[1668000600.0, 24.992377000000005],
[1668087000.0, 24.807023333333333],
[1668173400.0, 25.455758333333335],
[1668259800.0, 24.752264],
[1668346200.0, 26.250254],
[1668432600.0, 25.528774],
[1668519000.0, 25.042546666666667],
[1668605400.0, 25.58884333333333],
[1668691800.0, 25.432102],
[1668778200.0, 24.486325666666662],
[1668864600.0, 24.258471333333333],
[1668951000.0, 24.425248666666665],
[1669037400.0, 24.663522666666665],
[1669123800.0, 24.893614333333332],
[1669210200.0, 24.037049333333332],
[1669296600.0, 23.171116333333334],
[1669383000.0, 23.449409333333335],
[1669469400.0, 22.923484],
[1669555800.0, 23.181433999999996],
[1669642200.0, 22.943196333333333],
[1669728600.0, 23.779479666666663],
[1669815000.0, 23.480655333333335],
[1669901400.0, 24.323575],
[1669987800.0, 25.34002166666667],
[1670074200.0, 25.580810333333332],
[1670160600.0, 24.412210333333334],
[1670247000.0, 25.551843333333334],
[1670333400.0, 24.843762666666663],
[1670419800.0, 25.372049333333333],
[1670506200.0, 25.538522999999998],
[1670592600.0, 25.594981],
[1670679000.0, 26.413695333333333],
[1670765400.0, 26.319377333333332],
[1670851800.0, 24.416394666666665],
[1670938200.0, 24.473880666666663],
[1671024600.0, 25.761893],
[1671111000.0, 24.856833333333338],
[1671197400.0, 26.009873666666664],
[1671283800.0, 24.896968666666663],
[1671370200.0, 25.174323333333334],
[1671456600.0, 24.808876],
[1671543000.0, 24.742653],
[1671629400.0, 25.242307333333333],
[1671715800.0, 24.87710266666667],
[1671802200.0, 25.245947666666666],
[1671888600.0, 24.39686],
[1671975000.0, 25.256165666666664],
[1672061400.0, 25.575282666666666],
[1672147800.0, 24.554455],
[1672234200.0, 26.226901666666667],
[1672320600.0, 24.920461333333332],
[1672407000.0, 24.885627666666664],
[1672493400.0, 24.486808999999997],
[1672579800.0, 24.373500999999994],
[1672666200.0, 24.90328166666666],
[1672752600.0, 24.615870666666666],
[1672839000.0, 25.34230066666667],
[1672925400.0, 25.964007],
[1673011800.0, 25.903285],
[1673098200.0, 25.94439366666667],
[1673184600.0, 25.838907666666667],
[1673271000.0, 26.693228],
[1673357400.0, 25.73007266666667],
[1673443800.0, 25.926539333333334],
[1673530200.0, 26.391061333333337],
[1673616600.0, 26.940329333333334],
[1673703000.0, 26.494988333333335],
[1673789400.0, 26.07856133333333],
[1673875800.0, 26.699536],
[1673962200.0, 26.670217666666662],
[1674048600.0, 26.743446666666667],
[1674135000.0, 27.232024999999997],
[1674221400.0, 26.270083999999997],
[1674307800.0, 25.795531],
[1674394200.0, 26.24365366666667],
[1674480600.0, 25.778698666666667],
[1674567000.0, 28.070570000000004],
[1674653400.0, 26.215166999999997],
[1674739800.0, 26.259083],
[1674826200.0, 26.050902999999995],
[1674912600.0, 26.960471666666667],
[1674999000.0, 27.14175566666667],
[1675085400.0, 26.935543],
[1675171800.0, 26.618022333333332],
[1675258200.0, 27.327134],
[1675344600.0, 26.37823966666667],
[1675431000.0, 26.944273999999997],
[1675517400.0, 26.957491333333337],
[1675603800.0, 26.518968333333333],
[1675690200.0, 26.951173999999998],
[1675776600.0, 27.005236333333333],
[1675863000.0, 27.005236333333333],
[1675949400.0, 27.005236333333333],
