[1635773400.0, 2.77],
[1635859800.0, 2.79],
[1635946200.0, 2.79],
[1636032600.0, 2.81],
[1636119000.0, 2.8],
[1636205400.0, 2.79],
[1636291800.0, 2.77],
[1636378200.0, 2.77],
[1636464600.0, 2.7800000000000002],
[1636551000.0, 2.77],
[1636637400.0, 2.7800000000000002],
[1636723800.0, 2.8],
[1636810200.0, 2.8],
[1636896600.0, 2.79],
[1636983000.0, 2.8],
[1637069400.0, 2.7800000000000002],
[1637155800.0, 2.81],
[1637242200.0, 2.83],
[1637328600.0, 2.83],
[1637415000.0, 2.84],
[1637501400.0, 2.84],
[1637587800.0, 2.83],
[1637674200.0, 2.83],
[1637760600.0, 2.85],
[1637847000.0, 2.88],
[1637933400.0, 2.89],
[1638019800.0, 2.88],
[1638106200.0, 2.89],
[1638192600.0, 2.89],
[1638279000.0, 2.91],
[1638365400.0, 2.92],
[1638451800.0, 2.9],
[1638538200.0, 2.92],
[1638624600.0, 2.92],
[1638711000.0, 2.92],
[1638797400.0, 2.92],
[1638883800.0, 2.92],
[1638970200.0, 2.92],
[1639056600.0, 2.92],
[1639143000.0, 2.92],
[1639229400.0, 2.92],
[1639315800.0, 2.92],
[1639402200.0, 2.91],
[1639488600.0, 2.9],
[1639575000.0, 2.9],
[1639661400.0, 2.9],
[1639747800.0, 2.89],
[1639834200.0, 2.9],
[1639920600.0, 2.91],
[1640007000.0, 2.91],
[1640093400.0, 2.92],
[1640179800.0, 2.92],
[1640266200.0, 2.92],
[1640352600.0, 2.92],
[1640439000.0, 2.8],
[1640525400.0, 2.92],
[1640611800.0, 2.92],
[1640698200.0, 2.92],
[1640784600.0, 2.93],
[1640871000.0, 2.95],
[1640957400.0, 2.96],
[1641043800.0, 2.95],
[1641130200.0, 2.96],
[1641216600.0, 2.96],
[1641303000.0, 2.9699999999999998],
[1641389400.0, 2.96],
[1641475800.0, 2.9699999999999998],
[1641562200.0, 2.96],
[1641648600.0, 2.9699999999999998],
[1641735000.0, 2.9699999999999998],
[1641821400.0, 3],
[1641907800.0, 3.02],
[1641994200.0, 3.04],
[1642080600.0, 3.04],
[1642167000.0, 3.0300000000000002],
[1642253400.0, 3.0300000000000002],
[1642339800.0, 3.0300000000000002],
[1642426200.0, 3],
[1642512600.0, 3],
[1642599000.0, 3.01],
[1642685400.0, 3.02],
[1642771800.0, 3.01],
[1642858200.0, 3.01],
[1642944600.0, 3],
[1643031000.0, 3.02],
[1643117400.0, 3.01],
[1643203800.0, 3.02],
[1643290200.0, 3.01],
[1643376600.0, 3.0300000000000002],
[1643463000.0, 3.05],
[1643549400.0, 3.05],
[1643635800.0, 3.05],
[1643722200.0, 3.05],
[1643808600.0, 3.0300000000000002],
[1643895000.0, 3.0300000000000002],
[1643981400.0, 3.0300000000000002],
[1644067800.0, 3.0300000000000002],
[1644154200.0, 3.0300000000000002],
[1644240600.0, 3.0300000000000002],
[1644327000.0, 3.0300000000000002],
[1644413400.0, 3.0300000000000002],
[1644499800.0, 3.02],
[1644586200.0, 3.02],
[1644672600.0, 3.02],
[1644759000.0, 3.01],
[1644845400.0, 3.02],
[1644931800.0, 3.01],
[1645018200.0, 3.02],
[1645104600.0, 3.0300000000000002],
[1645191000.0, 3.0300000000000002],
[1645277400.0, 3.02],
[1645363800.0, 3.02],
[1645450200.0, 3.02],
[1645536600.0, 2.99],
[1645623000.0, 3.04],
[1645709400.0, 3.05],
[1645795800.0, 3.06],
[1645882200.0, 3.08],
[1645968600.0, 3.09],
[1646055000.0, 3.13],
[1646141400.0, 3.1],
[1646227800.0, 3.11],
[1646314200.0, 3.13],
[1646400600.0, 3.13],
[1646487000.0, 3.13],
[1646573400.0, 3.12],
[1646659800.0, 3.15],
[1646746200.0, 3.16],
[1646832600.0, 3.15],
[1646919000.0, 3.13],
[1647005400.0, 3.14],
[1647091800.0, 3.14],
[1647178200.0, 3.15],
[1647264600.0, 3.16],
[1647351000.0, 3.18],
[1647437400.0, 3.18],
[1647523800.0, 3.19],
[1647610200.0, 3.21],
[1647696600.0, 3.24],
[1647783000.0, 3.2600000000000002],
[1647869400.0, 3.25],
[1647955800.0, 3.23],
[1648042200.0, 3.2199999999999998],
[1648128600.0, 3.24],
[1648215000.0, 3.24],
[1648301400.0, 3.24],
[1648387800.0, 3.23],
[1648474200.0, 3.23],
[1648560600.0, 3.23],
[1648647000.0, 3.24],
[1648733400.0, 3.25],
[1648819800.0, 3.2600000000000002],
[1648906200.0, 3.27],
[1648996200.0, 3.25],
[1649082600.0, 3.27],
[1649169000.0, 3.2600000000000002],
[1649255400.0, 3.27],
[1649341800.0, 3.2800000000000002],
[1649428200.0, 3.29],
[1649514600.0, 3.2800000000000002],
[1649601000.0, 3.2800000000000002],
[1649687400.0, 3.2800000000000002],
[1649773800.0, 3.2800000000000002],
[1649860200.0, 3.2800000000000002],
[1649946600.0, 3.29],
[1650033000.0, 3.29],
[1650119400.0, 3.31],
[1650205800.0, 3.31],
[1650292200.0, 3.31],
[1650378600.0, 3.31],
[1650465000.0, 3.31],
[1650551400.0, 3.31],
[1650637800.0, 3.31],
[1650724200.0, 3.31],
[1650810600.0, 3.2800000000000002],
[1650897000.0, 3.35],
[1650983400.0, 3.3600000000000003],
[1651069800.0, 3.3600000000000003],
[1651156200.0, 3.39],
[1651242600.0, 3.4],
[1651329000.0, 3.4],
[1651415400.0, 3.4],
[1651501800.0, 3.42],
[1651588200.0, 3.41],
[1651674600.0, 3.41],
[1651761000.0, 3.41],
[1651847400.0, 3.41],
[1651933800.0, 3.42],
[1652020200.0, 3.42],
[1652106600.0, 3.41],
[1652193000.0, 3.39],
[1652279400.0, 3.39],
[1652365800.0, 3.38],
[1652452200.0, 3.37],
[1652538600.0, 3.38],
[1652625000.0, 3.38],
[1652711400.0, 3.38],
[1652797800.0, 3.41],
[1652884200.0, 3.41],
[1652970600.0, 3.41],
[1653057000.0, 3.43],
[1653143400.0, 3.44],
[1653229800.0, 3.45],
[1653316200.0, 3.46],
[1653402600.0, 3.46],
[1653489000.0, 3.46],
[1653575400.0, 3.46],
[1653661800.0, 3.48],
[1653748200.0, 3.54],
[1653834600.0, 3.54],
[1653921000.0, 3.68],
[1654007400.0, 3.63],
[1654093800.0, 3.68],
[1654180200.0, 3.7],
[1654266600.0, 3.7],
[1654353000.0, 3.68],
[1654439400.0, 3.67],
[1654525800.0, 3.65],
[1654612200.0, 3.6100000000000003],
[1654698600.0, 3.6100000000000003],
[1654785000.0, 3.66],
[1654871400.0, 3.62],
[1654957800.0, 3.63],
[1655044200.0, 3.6100000000000003],
[1655130600.0, 3.6],
[1655217000.0, 3.65],
[1655303400.0, 3.5100000000000002],
[1655389800.0, 3.58],
[1655476200.0, 3.56],
[1655562600.0, 3.55],
[1655649000.0, 3.5300000000000002],
[1655735400.0, 3.52],
[1655821800.0, 3.49],
[1655908200.0, 3.5],
[1655994600.0, 3.52],
[1656081000.0, 3.49],
[1656167400.0, 3.5100000000000002],
[1656253800.0, 3.49],
[1656340200.0, 3.49],
[1656426600.0, 3.48],
[1656513000.0, 3.49],
[1656599400.0, 3.5],
[1656685800.0, 3.48],
[1656772200.0, 3.47],
[1656858600.0, 3.49],
[1656945000.0, 3.49],
[1657031400.0, 3.5],
[1657117800.0, 3.5],
[1657204200.0, 3.5100000000000002],
[1657290600.0, 3.5],
[1657377000.0, 3.52],
[1657463400.0, 3.5300000000000002],
[1657549800.0, 3.52],
[1657636200.0, 3.56],
[1657722600.0, 3.5700000000000003],
[1657809000.0, 3.56],
[1657895400.0, 3.56],
[1657981800.0, 3.5700000000000003],
[1658068200.0, 3.6100000000000003],
[1658154600.0, 3.59],
[1658241000.0, 3.6100000000000003],
[1658327400.0, 3.6],
[1658413800.0, 3.6],
[1658500200.0, 3.2199999999999998],
[1658586600.0, 3.6],
[1658673000.0, 3.59],
[1658759400.0, 3.59],
[1658845800.0, 3.59],
[1658932200.0, 3.59],
[1659018600.0, 3.59],
[1659105000.0, 3.55],
[1659191400.0, 3.58],
[1659277800.0, 3.59],
[1659364200.0, 3.59],
[1659450600.0, 3.58],
[1659537000.0, 3.5700000000000003],
[1659623400.0, 3.5700000000000003],
[1659709800.0, 3.55],
[1659796200.0, 3.55],
[1659882600.0, 3.55],
[1659969000.0, 3.55],
[1660055400.0, 3.56],
[1660141800.0, 3.56],
[1660228200.0, 3.56],
[1660314600.0, 3.55],
[1660401000.0, 3.55],
[1660487400.0, 3.55],
[1660573800.0, 3.55],
[1660660200.0, 3.55],
[1660746600.0, 3.56],
[1660833000.0, 3.56],
[1660919400.0, 3.56],
[1661005800.0, 3.56],
[1661092200.0, 3.58],
[1661178600.0, 3.59],
[1661265000.0, 3.6],
[1661351400.0, 3.6],
[1661437800.0, 3.62],
[1661524200.0, 3.66],
[1661610600.0, 3.66],
[1661697000.0, 3.65],
[1661783400.0, 3.65],
[1661869800.0, 3.65],
[1661956200.0, 3.65],
[1662042600.0, 3.65],
[1662129000.0, 3.65],
[1662215400.0, 3.65],
[1662301800.0, 3.65],
[1662388200.0, 3.65],
[1662474600.0, 3.7199999999999998],
[1662561000.0, 3.77],
[1662647400.0, 3.79],
[1662733800.0, 3.8200000000000003],
[1662820200.0, 3.83],
[1662906600.0, 3.85],
[1662993000.0, 3.8600000000000003],
[1663079400.0, 3.8600000000000003],
[1663165800.0, 3.8600000000000003],
[1663252200.0, 3.85],
[1663338600.0, 3.85],
[1663425000.0, 3.85],
[1663511400.0, 3.84],
[1663597800.0, 3.84],
[1663684200.0, 3.77],
[1663770600.0, 3.84],
[1663857000.0, 3.84],
[1663943400.0, 3.84],
[1664029800.0, 3.84],
[1664116200.0, 3.84],
[1664202600.0, 3.83],
[1664289000.0, 3.83],
[1664375400.0, 3.83],
[1664461800.0, 3.83],
[1664548200.0, 3.84],
[1664634600.0, 3.85],
[1664717400.0, 3.9000000000000004],
[1664803800.0, 3.97],
[1664890200.0, 3.95],
[1664976600.0, 3.95],
[1665063000.0, 3.96],
[1665149400.0, 3.95],
[1665235800.0, 3.95],
[1665322200.0, 3.95],
[1665408600.0, 3.92],
[1665495000.0, 3.93],
[1665581400.0, 3.92],
[1665667800.0, 3.93],
[1665754200.0, 3.97],
[1665840600.0, 3.97],
[1665927000.0, 3.97],
[1666013400.0, 3.96],
[1666099800.0, 3.93],
[1666186200.0, 3.95],
[1666272600.0, 3.94],
[1666359000.0, 3.94],
[1666445400.0, 3.94],
[1666531800.0, 4.09],
[1666618200.0, 4.2],
[1666704600.0, 4.27],
[1666791000.0, 4.23],
[1666877400.0, 4.23],
[1666963800.0, 4.220000000000001],
[1667050200.0, 4.2],
[1667136600.0, 4.19],
[1667223000.0, 4.19],
[1667309400.0, 4.19],
[1667395800.0, 4.17],
[1667482200.0, 4.19],
[1667568600.0, 4.18],
[1667655000.0, 4.140000000000001],
[1667741400.0, 4.13],
[1667827800.0, 4.16],
[1667914200.0, 4.16],
[1668000600.0, 4.17],
[1668087000.0, 4.21],
[1668173400.0, 4.21],
[1668259800.0, 4.220000000000001],
[1668346200.0, 4.23],
[1668432600.0, 4.25],
[1668519000.0, 4.220000000000001],
[1668605400.0, 4.19],
[1668691800.0, 4.21],
[1668778200.0, 4.140000000000001],
[1668864600.0, 4.12],
[1668951000.0, 4.0600000000000005],
[1669037400.0, 3.99],
[1669123800.0, 3.98],
[1669210200.0, 3.94],
[1669296600.0, 3.96],
[1669383000.0, 3.92],
[1669469400.0, 4.0200000000000005],
[1669555800.0, 4.0200000000000005],
[1669642200.0, 4.03],
[1669728600.0, 4.03],
[1669815000.0, 4.03],
[1669901400.0, 4.04],
[1669987800.0, 4.04],
[1670074200.0, 4.04],
[1670160600.0, 4.05],
[1670247000.0, 4.0600000000000005],
[1670333400.0, 4.07],
[1670419800.0, 4.08],
[1670506200.0, 4.07],
[1670592600.0, 4.0600000000000005],
[1670679000.0, 4.05],
[1670765400.0, 4.04],
[1670851800.0, 4.0200000000000005],
[1670938200.0, 4.05],
[1671024600.0, 4.04],
[1671111000.0, 4.03],
[1671197400.0, 3.96],
[1671283800.0, 3.98],
[1671370200.0, 3.99],
[1671456600.0, 3.99],
[1671543000.0, 3.95],
[1671629400.0, 3.95],
[1671715800.0, 3.94],
[1671802200.0, 3.94],
[1671888600.0, 3.93],
[1671975000.0, 3.91],
[1672061400.0, 3.9000000000000004],
[1672147800.0, 3.8600000000000003],
[1672234200.0, 3.83],
[1672320600.0, 3.87],
[1672407000.0, 3.91],
[1672493400.0, 3.93],
[1672579800.0, 3.91],
[1672666200.0, 3.9000000000000004],
[1672752600.0, 3.87],
[1672839000.0, 3.91],
[1672925400.0, 3.9000000000000004],
[1673011800.0, 3.9000000000000004],
[1673098200.0, 3.8899999999999997],
[1673184600.0, 3.9000000000000004],
[1673271000.0, 3.97],
[1673357400.0, 3.96],
[1673443800.0, 4.01],
[1673530200.0, 4.05],
[1673616600.0, 4.01],
[1673703000.0, 3.99],
[1673789400.0, 4.04],
[1673875800.0, 4.03],
[1673962200.0, 4.0200000000000005],
[1674048600.0, 4.03],
[1674135000.0, 4.03],
[1674221400.0, 4.04],
[1674307800.0, 4.1],
[1674394200.0, 4.09],
[1674480600.0, 4.1],
[1674567000.0, 4.03],
[1674653400.0, 4.09],
[1674739800.0, 4.09],
[1674826200.0, 4.07],
[1674912600.0, 4.08],
[1674999000.0, 4.1],
[1675085400.0, 4.1],
[1675171800.0, 4.08],
[1675258200.0, 4.1],
[1675344600.0, 4.1],
[1675431000.0, 4.09],
[1675517400.0, 4.12],
[1675603800.0, 4.19],
[1675690200.0, 4.24],
[1675776600.0, 4.24],
[1675863000.0, 4.24],
[1675949400.0, 4.24],
