[1635773400.0, 286.3866285629132],
[1635859800.0, 286.06926353280704],
[1635946200.0, 285.57634580228165],
[1636032600.0, 288.1872315853515],
[1636119000.0, 290.08839071054445],
[1636205400.0, 292.9905937815386],
[1636291800.0, 289.2602770384529],
[1636378200.0, 289.7792715103498],
[1636464600.0, 289.1341705469243],
[1636551000.0, 286.34993314628434],
[1636637400.0, 288.2442866872715],
[1636723800.0, 286.3141521801633],
[1636810200.0, 285.79153719957907],
[1636896600.0, 285.33942418185836],
[1636983000.0, 286.10369984047725],
[1637069400.0, 285.2745853303343],
[1637155800.0, 288.9490841682593],
[1637242200.0, 288.5687313689671],
[1637328600.0, 288.47979277209197],
[1637415000.0, 288.0936695334591],
[1637501400.0, 287.1027773503232],
[1637587800.0, 286.7192964313664],
[1637674200.0, 285.0392616491142],
[1637760600.0, 292.4852835331289],
[1637847000.0, 294.3768257735701],
[1637933400.0, 295.66819936529413],
[1638019800.0, 296.10518675159904],
[1638106200.0, 296.22525905279883],
[1638192600.0, 299.44102898333887],
[1638279000.0, 299.9953554881285],
[1638365400.0, 301.15922670419826],
[1638451800.0, 303.8123080238031],
[1638538200.0, 307.36493822505787],
[1638624600.0, 309.5595458276532],
[1638711000.0, 313.0003520810749],
[1638797400.0, 313.7798224010173],
[1638883800.0, 313.14962929169707],
[1638970200.0, 313.1479843854441],
[1639056600.0, 305.36827871640776],
[1639143000.0, 314.9633733287003],
[1639229400.0, 309.41518591715425],
[1639315800.0, 307.0036613205733],
[1639402200.0, 306.20662061492726],
[1639488600.0, 306.51504761722396],
[1639575000.0, 306.1948653555512],
[1639661400.0, 308.70796491196677],
[1639747800.0, 307.993216525227],
[1639834200.0, 306.63090329243903],
[1639920600.0, 306.0553447232151],
[1640007000.0, 306.31010799006646],
[1640093400.0, 306.18960785763744],
[1640179800.0, 305.5155888979622],
[1640266200.0, 303.9531365732702],
[1640352600.0, 304.538455601304],
[1640439000.0, 304.3289890882366],
[1640525400.0, 303.44223671654],
[1640611800.0, 303.5094018122009],
[1640698200.0, 303.0744290415651],
[1640784600.0, 302.7939829871048],
[1640871000.0, 303.8984494180892],
[1640957400.0, 305.62023665464],
[1641043800.0, 306.37651349986453],
[1641130200.0, 304.9559650324992],
[1641216600.0, 305.8009386921085],
[1641303000.0, 306.1032290785576],
[1641389400.0, 306.0043549817608],
[1641475800.0, 306.2744861525794],
[1641562200.0, 306.16366620189257],
[1641648600.0, 306.872463706082],
[1641735000.0, 306.0369474788201],
[1641821400.0, 306.44239699023154],
[1641907800.0, 307.0937806741106],
[1641994200.0, 316.5564566919312],
[1642080600.0, 318.45431930281785],
[1642167000.0, 318.546717562759],
[1642253400.0, 319.62112003280794],
[1642339800.0, 320.0017467595581],
[1642426200.0, 320.38205266733803],
[1642512600.0, 319.8566617373062],
[1642599000.0, 319.52397403641373],
[1642685400.0, 317.26413010871715],
[1642771800.0, 307.15938139789256],
[1642858200.0, 309.0763859381687],
[1642944600.0, 308.40306289217557],
[1643031000.0, 308.99228031747003],
[1643117400.0, 315.9458243309307],
[1643203800.0, 309.13339161383067],
[1643290200.0, 306.5073565834102],
[1643376600.0, 306.6054771646737],
[1643463000.0, 306.2023147582303],
[1643549400.0, 307.25061833540434],
[1643635800.0, 307.25061833540434],
[1643722200.0, 307.25061833540434],
[1643808600.0, 315.30500968937656],
[1643895000.0, 315.7114296451846],
[1643981400.0, 317.6216935673412],
[1644067800.0, 314.77659935681453],
[1644154200.0, 313.0248544846789],
[1644240600.0, 311.40621233845206],
[1644327000.0, 308.137667929356],
[1644413400.0, 307.153159711516],
[1644499800.0, 309.06693113676454],
[1644586200.0, 308.7958909399701],
[1644672600.0, 308.03648014764076],
[1644759000.0, 308.36726203145037],
[1644845400.0, 309.4418349929916],
[1644931800.0, 310.4942242538176],
[1645018200.0, 311.155639249135],
[1645104600.0, 311.1577713133153],
[1645191000.0, 311.7824637855994],
[1645277400.0, 313.19877685104507],
[1645363800.0, 313.4874965904701],
[1645450200.0, 315.159685116372],
[1645536600.0, 315.8104040955597],
[1645623000.0, 315.7794112639535],
[1645709400.0, 315.25629169801834],
[1645795800.0, 315.0992044440915],
[1645882200.0, 315.0555749359597],
[1645968600.0, 314.96328676287646],
[1646055000.0, 315.76614294559425],
[1646141400.0, 317.1975410767821],
[1646227800.0, 317.7960237156866],
[1646314200.0, 318.5288151133797],
[1646400600.0, 319.84673938955905],
[1646487000.0, 321.311105529473],
[1646573400.0, 323.5279592766114],
[1646659800.0, 322.22752939174273],
[1646746200.0, 321.06380682576565],
[1646832600.0, 324.26855401141614],
[1646919000.0, 323.8852988724149],
[1647005400.0, 321.5489183844698],
[1647091800.0, 319.55617011882566],
[1647178200.0, 319.7537062266853],
[1647264600.0, 320.61591207829673],
[1647351000.0, 321.97698461414865],
[1647437400.0, 325.0257328986206],
[1647523800.0, 326.4456872106276],
[1647610200.0, 329.9978192701064],
[1647696600.0, 333.28978244549734],
[1647783000.0, 339.4181678643193],
[1647869400.0, 343.52274534731805],
[1647955800.0, 340.5306336820214],
[1648042200.0, 336.64000130507077],
[1648128600.0, 332.7016087991117],
[1648215000.0, 332.5396917699224],
[1648301400.0, 332.1377918479979],
[1648387800.0, 331.23893283666655],
[1648474200.0, 331.82754250333335],
[1648560600.0, 330.97963308666664],
[1648647000.0, 332.9319039766668],
[1648733400.0, 334.8762406100001],
[1648819800.0, 334.21205350333315],
[1648906200.0, 334.7217423099999],
[1648996200.0, 335.1126445066667],
[1649082600.0, 335.33216769999996],
[1649169000.0, 334.32710978666677],
[1649255400.0, 334.8214432803785],
[1649341800.0, 334.5368861862143],
[1649428200.0, 334.105259290346],
[1649514600.0, 336.6710478967007],
[1649601000.0, 336.6710456247756],
[1649687400.0, 336.6704275697858],
[1649773800.0, 336.6702952895394],
[1649860200.0, 336.61612581845685],
[1649946600.0, 340.93059323686765],
[1650033000.0, 342.5740281516163],
[1650119400.0, 344.2379073098327],
[1650205800.0, 343.03652362745646],
[1650292200.0, 344.8707729032214],
[1650378600.0, 345.0604805562382],
[1650465000.0, 343.8228750660956],
[1650551400.0, 343.8228750660956],
[1650637800.0, 343.8228750660956],
[1650724200.0, 341.0994469664298],
[1650810600.0, 339.46054994854853],
[1650897000.0, 339.59597974145584],
[1650983400.0, 338.13498443279815],
[1651069800.0, 337.8464512359155],
[1651156200.0, 326.7051810984842],
[1651242600.0, 327.2840092219474],
[1651329000.0, 329.0527897731766],
[1651415400.0, 328.28626365025536],
[1651501800.0, 326.84694146456366],
[1651588200.0, 327.7040859683017],
[1651674600.0, 326.8396325244831],
[1651761000.0, 324.84155092876404],
[1651847400.0, 323.0756511007767],
[1651933800.0, 321.63983488905944],
[1652020200.0, 319.68933175564797],
[1652106600.0, 315.9431952543539],
[1652193000.0, 315.9756674499002],
[1652279400.0, 314.72960297460935],
[1652365800.0, 312.37712579271806],
[1652452200.0, 310.9541201229573],
[1652538600.0, 309.7523813266673],
[1652625000.0, 308.7724819532147],
[1652711400.0, 308.1744914633335],
[1652797800.0, 308.7945951633333],
[1652884200.0, 306.35923615666667],
[1652970600.0, 306.62533111666664],
[1653057000.0, 308.79357261999996],
[1653143400.0, 306.49227249333325],
[1653229800.0, 303.8318827633333],
[1653316200.0, 304.78491687999997],
[1653402600.0, 301.82150056666666],
[1653489000.0, 300.5090107166667],
[1653575400.0, 297.5677124833332],
[1653661800.0, 299.9327135699999],
[1653748200.0, 300.31888214333327],
[1653834600.0, 301.25013802],
[1653921000.0, 303.50536161],
[1654007400.0, 305.4943364432362],
[1654093800.0, 306.0848440990777],
[1654180200.0, 307.6641979956268],
[1654266600.0, 308.4778094124391],
[1654353000.0, 307.384341495504],
[1654439400.0, 307.0888641015762],
[1654525800.0, 307.43766121966206],
[1654612200.0, 306.00047683175984],
[1654698600.0, 305.3060511549991],
[1654785000.0, 305.86571799769297],
[1654871400.0, 305.87029517274163],
[1654957800.0, 305.53884299300165],
[1655044200.0, 304.49649119659165],
[1655130600.0, 303.52587860409756],
[1655217000.0, 303.5571513482402],
[1655303400.0, 305.48546877564564],
[1655389800.0, 305.83989490840867],
[1655476200.0, 305.5093317570636],
[1655562600.0, 305.18688691373166],
[1655649000.0, 305.47119164905723],
[1655735400.0, 306.2543222975904],
[1655821800.0, 307.19804495764805],
[1655908200.0, 305.2573167328988],
[1655994600.0, 305.22475958205837],
[1656081000.0, 305.0028095789992],
[1656167400.0, 303.9435661260867],
[1656253800.0, 303.51204010229304],
[1656340200.0, 303.9112022596489],
[1656426600.0, 303.19834001858965],
[1656513000.0, 303.4352796433333],
[1656599400.0, 303.950379],
[1656685800.0, 304.1156899799999],
[1656772200.0, 303.63435024333336],
[1656858600.0, 302.8403612966667],
[1656945000.0, 304.03005370666665],
[1657031400.0, 303.31943147333317],
[1657117800.0, 303.2587849500001],
[1657204200.0, 304.1257380999999],
[1657290600.0, 304.0501256166668],
[1657377000.0, 303.9097151866667],
[1657463400.0, 304.01827412666654],
[1657549800.0, 303.28180899999995],
[1657636200.0, 302.4856849733333],
[1657722600.0, 302.61726775999995],
[1657809000.0, 301.12131283],
[1657895400.0, 301.00932106333323],
[1657981800.0, 300.42197049333333],
[1658068200.0, 300.4546746100001],
[1658154600.0, 301.64729847],
[1658241000.0, 301.47901788666667],
[1658327400.0, 301.05187212000004],
[1658413800.0, 301.53585013],
[1658500200.0, 300.9588430166668],
[1658586600.0, 300.7908917366667],
[1658673000.0, 300.62693139666663],
[1658759400.0, 301.7553657433333],
[1658845800.0, 301.67659756666666],
[1658932200.0, 302.07319583333333],
[1659018600.0, 302.70697835333334],
[1659105000.0, 302.16403361999994],
[1659191400.0, 301.9165202166666],
[1659277800.0, 302.0640495233334],
[1659364200.0, 301.3550776766666],
[1659450600.0, 301.74785913],
[1659537000.0, 301.53696041333336],
[1659623400.0, 303.0904290533333],
[1659709800.0, 303.49913946],
[1659796200.0, 302.2982576633334],
[1659882600.0, 302.58744528333324],
[1659969000.0, 302.60451641666657],
[1660055400.0, 303.23496390333344],
[1660141800.0, 304.1969350533333],
[1660228200.0, 304.3013356833333],
[1660314600.0, 303.83897942333334],
[1660401000.0, 303.83897942333334],
[1660487400.0, 303.83897942333334],
[1660573800.0, 303.83897942333334],
[1660660200.0, 302.7490109233334],
[1660746600.0, 303.71738832333335],
[1660833000.0, 304.04862216666675],
[1660919400.0, 302.79436008333334],
[1661005800.0, 303.02149211666654],
[1661092200.0, 303.24702152333333],
[1661178600.0, 303.54358566666673],
[1661265000.0, 303.6338330033332],
[1661351400.0, 303.53487173666673],
[1661437800.0, 304.7721147933333],
[1661524200.0, 304.94865045],
[1661610600.0, 304.92663872333327],
[1661697000.0, 306.09533625],
[1661783400.0, 306.2062063499999],
[1661869800.0, 307.32269670333346],
[1661956200.0, 310.16518889000014],
[1662042600.0, 311.6684951299998],
[1662129000.0, 312.398179631651],
[1662215400.0, 312.82157002401976],
[1662301800.0, 313.0979152404341],
[1662388200.0, 312.78242214858443],
[1662474600.0, 311.0268051212474],
[1662561000.0, 310.5870519711634],
[1662647400.0, 309.20762634911165],
[1662733800.0, 310.35220465703736],
[1662820200.0, 310.43503955480634],
[1662906600.0, 311.1236040870347],
[1662993000.0, 310.91348948904636],
[1663079400.0, 309.7864999508],
[1663165800.0, 309.4549346499279],
[1663252200.0, 308.1101623459783],
[1663338600.0, 307.6370627550662],
[1663425000.0, 308.1779636041829],
[1663511400.0, 308.46531156359833],
[1663597800.0, 308.73901208273577],
[1663684200.0, 308.4184829442805],
[1663770600.0, 306.95765788852657],
[1663857000.0, 307.3473194973433],
[1663943400.0, 305.0826610614224],
[1664029800.0, 305.4192977383304],
[1664116200.0, 305.5308690658015],
[1664202600.0, 304.83860485666656],
[1664289000.0, 304.7510261266667],
[1664375400.0, 306.14530518],
[1664461800.0, 307.28131949999994],
[1664548200.0, 309.7455381733334],
[1664634600.0, 310.65541119333324],
[1664717400.0, 311.6630005233334],
[1664803800.0, 313.42496306000004],
[1664890200.0, 315.5335525733333],
[1664976600.0, 316.1112597371926],
[1665063000.0, 315.95332617503533],
[1665149400.0, 316.0344921521546],
[1665235800.0, 315.1381959877527],
[1665322200.0, 315.91868180000176],
[1665408600.0, 315.44665923750733],
[1665495000.0, 314.4768923533287],
[1665581400.0, 314.0345926644519],
[1665667800.0, 314.7235069711586],
[1665754200.0, 315.73306193366733],
[1665840600.0, 316.3862018237849],
[1665927000.0, 317.46475309991837],
[1666013400.0, 314.80897554658645],
[1666099800.0, 313.03357187986944],
[1666186200.0, 315.68693350662653],
[1666272600.0, 315.8484391904741],
[1666359000.0, 317.9097626451837],
[1666445400.0, 318.290184634555],
[1666531800.0, 318.3014115701766],
[1666618200.0, 315.31500397136534],
[1666704600.0, 320.0852167232214],
[1666791000.0, 318.20297144816533],
[1666877400.0, 316.5488591910158],
[1666963800.0, 317.30756687307183],
[1667050200.0, 316.29238011],
[1667136600.0, 313.4610180866667],
[1667223000.0, 314.1386573099999],
[1667309400.0, 313.8069137833333],
[1667395800.0, 313.0996832766667],
[1667482200.0, 317.70142865],
[1667568600.0, 317.9884128433333],
[1667655000.0, 318.0200395672179],
[1667741400.0, 315.79065421],
[1667827800.0, 314.7798589333334],
[1667914200.0, 315.4992820402342],
[1668000600.0, 317.9764222425298],
[1668087000.0, 321.4183249754259],
[1668173400.0, 321.35489370923835],
[1668259800.0, 321.5243341636693],
[1668346200.0, 322.7880618618117],
[1668432600.0, 324.38806560052205],
[1668519000.0, 322.87579362410753],
[1668605400.0, 321.2697547435703],
[1668691800.0, 324.0605005351108],
[1668778200.0, 325.01179324243094],
[1668864600.0, 326.2202141503306],
[1668951000.0, 326.49888704010465],
[1669037400.0, 331.5291166885609],
[1669123800.0, 332.2909863651323],
[1669210200.0, 332.5238075004965],
[1669296600.0, 331.469689170468],
[1669383000.0, 333.2612278620375],
[1669469400.0, 330.8082617759094],
[1669555800.0, 328.64436270647474],
[1669642200.0, 330.32996392006265],
[1669728600.0, 333.9578709237892],
[1669815000.0, 336.75807476187134],
[1669901400.0, 339.097806424209],
[1669987800.0, 340.63651396528513],
[1670074200.0, 342.26673942120283],
[1670160600.0, 346.85203073473724],
[1670247000.0, 347.1284615000375],
[1670333400.0, 350.8587506178952],
[1670419800.0, 353.456647098818],
[1670506200.0, 359.84911936975215],
[1670592600.0, 360.6358792505925],
[1670679000.0, 359.6444599949984],
[1670765400.0, 355.49442726994874],
[1670851800.0, 354.6460757460039],
[1670938200.0, 353.1516503757031],
[1671024600.0, 350.49267137347306],
[1671111000.0, 350.44559779260436],
[1671197400.0, 349.64427800832823],
[1671283800.0, 349.0144488750091],
[1671370200.0, 348.1953044826201],
[1671456600.0, 348.41185400236833],
[1671543000.0, 346.4348989266667],
[1671629400.0, 344.95118502999986],
[1671715800.0, 342.58880974000004],
[1671802200.0, 340.46001304333333],
[1671888600.0, 335.83357574666655],
[1671975000.0, 339.0800706333332],
[1672061400.0, 340.0851804313149],
[1672147800.0, 339.5208451319728],
[1672234200.0, 339.4176408697427],
[1672320600.0, 340.5507143466666],
[1672407000.0, 338.58347493666685],
[1672493400.0, 338.1581009433333],
[1672579800.0, 336.8282175],
[1672666200.0, 335.13237554666665],
[1672752600.0, 334.53949825999996],
[1672839000.0, 333.97306969333346],
[1672925400.0, 334.7277028566667],
[1673011800.0, 332.98270294],
[1673098200.0, 333.1482561],
[1673184600.0, 337.46518535],
[1673271000.0, 338.01569639333337],
[1673357400.0, 340.9382131833333],
[1673443800.0, 343.85262718666667],
[1673530200.0, 347.7555134400001],
[1673616600.0, 349.18646751],
[1673703000.0, 349.4236273066665],
[1673789400.0, 348.41950245333317],
[1673875800.0, 344.87029481333326],
[1673962200.0, 345.92478895999994],
[1674048600.0, 344.8484609999999],
[1674135000.0, 344.83753225333334],
[1674221400.0, 347.71096909666664],
[1674307800.0, 351.3725917600001],
[1674394200.0, 352.61275277000004],
[1674480600.0, 352.6657359633335],
[1674567000.0, 354.38567222666677],
[1674653400.0, 353.7776235966666],
[1674739800.0, 353.38015444999996],
[1674826200.0, 353.13359996333344],
[1674912600.0, 352.2874477000001],
[1674999000.0, 353.4157816533334],
[1675085400.0, 352.95319866000006],
[1675171800.0, 353.39957723000003],
[1675258200.0, 354.7449128766666],
[1675344600.0, 353.65640937000006],
[1675431000.0, 353.13114342666665],
[1675517400.0, 353.1884312260165],
[1675603800.0, 352.17845457334363],
[1675690200.0, 352.5367628933984],
[1675776600.0, 352.78783878045004],
[1675863000.0, 353.13550046392436],
[1675949400.0, 353.13550046392436],
