[1635773400.0, 0.97983138],
[1635859800.0, 0.94716848],
[1635946200.0, 0.9198954200000001],
[1636032600.0, 0.9190650999999999],
[1636119000.0, 0.91043848],
[1636205400.0, 0.8728377200000003],
[1636291800.0, 0.83814654],
[1636378200.0, 0.8580673000000001],
[1636464600.0, 0.8435830800000002],
[1636551000.0, 0.8588463799999999],
[1636637400.0, 0.8372467],
[1636723800.0, 0.8685199200000001],
[1636810200.0, 0.8480142],
[1636896600.0, 0.82528482],
[1636983000.0, 0.8319782200000001],
[1637069400.0, 0.8085632800000001],
[1637155800.0, 0.8261696600000002],
[1637242200.0, 0.85190482],
[1637328600.0, 0.8620179199999999],
[1637415000.0, 0.8629876],
[1637501400.0, 0.85533938],
[1637587800.0, 0.82464666],
[1637674200.0, 0.8071583999999999],
[1637760600.0, 0.80875708],
[1637847000.0, 0.8268268800000002],
[1637933400.0, 0.8293687399999999],
[1638019800.0, 0.83259278],
[1638106200.0, 0.82237648],
[1638192600.0, 0.83487996],
[1638279000.0, 0.82728538],
[1638365400.0, 0.84727174],
[1638451800.0, 0.8422675],
[1638538200.0, 0.8502650800000001],
[1638624600.0, 0.8240238],
[1638711000.0, 0.8158551599999999],
[1638797400.0, 0.8184788200000002],
[1638883800.0, 0.8003608400000001],
[1638970200.0, 0.8030184],
[1639056600.0, 0.82468076],
[1639143000.0, 0.8525721800000001],
[1639229400.0, 0.8336988],
[1639315800.0, 0.8230414400000001],
[1639402200.0, 0.8193250000000001],
[1639488600.0, 0.8582617800000001],
[1639575000.0, 0.8739061400000001],
[1639661400.0, 0.8831250200000001],
[1639747800.0, 0.87619136],
[1639834200.0, 0.8803612000000001],
[1639920600.0, 0.86278474],
[1640007000.0, 0.83908502],
[1640093400.0, 0.84696418],
[1640179800.0, 0.8220330600000001],
[1640266200.0, 0.8294971],
[1640352600.0, 0.8414874000000001],
[1640439000.0, 0.8216081000000001],
[1640525400.0, 0.8151309],
[1640611800.0, 0.80143966],
[1640698200.0, 0.7882398000000002],
[1640784600.0, 0.7978414800000001],
[1640871000.0, 0.8097709],
[1640957400.0, 0.81177344],
[1641043800.0, 0.8277204600000001],
[1641130200.0, 0.80458832],
[1641216600.0, 0.7935972400000001],
[1641303000.0, 0.82454172],
[1641389400.0, 0.80117724],
[1641475800.0, 0.8092552999999999],
[1641562200.0, 0.7924407800000001],
[1641648600.0, 0.7813459399999999],
[1641735000.0, 0.77514894],
[1641821400.0, 0.75676858],
[1641907800.0, 0.7688383400000001],
[1641994200.0, 0.7599897600000001],
[1642080600.0, 0.74587402],
[1642167000.0, 0.7684069600000001],
[1642253400.0, 0.7718042],
[1642339800.0, 0.7677184800000002],
[1642426200.0, 0.76318798],
[1642512600.0, 0.77512132],
[1642599000.0, 0.77430224],
[1642685400.0, 0.79433882],
[1642771800.0, 0.8139228000000001],
[1642858200.0, 0.8010545600000002],
[1642944600.0, 0.8020543],
[1643031000.0, 0.81274102],
[1643117400.0, 0.8178646400000001],
[1643203800.0, 0.82152584],
[1643290200.0, 0.83272528],
[1643376600.0, 0.81053594],
[1643463000.0, 0.8153124999999999],
[1643549400.0, 0.8510120400000002],
[1643635800.0, 0.8510120400000002],
[1643722200.0, 0.8510120400000002],
[1643808600.0, 0.9207216200000001],
[1643895000.0, 0.9185733999999999],
[1643981400.0, 0.8949310400000001],
[1644067800.0, 0.8651796800000001],
[1644154200.0, 0.8485687000000001],
[1644240600.0, 0.82621258],
[1644327000.0, 0.8195615400000001],
[1644413400.0, 0.8007149200000002],
[1644499800.0, 0.8232595000000001],
[1644586200.0, 0.82139992],
[1644672600.0, 0.80663022],
[1644759000.0, 0.80844524],
[1644845400.0, 0.8246288200000003],
[1644931800.0, 0.8332712800000002],
[1645018200.0, 0.83733624],
[1645104600.0, 0.8459266000000001],
[1645191000.0, 0.8518926600000002],
[1645277400.0, 0.86218822],
[1645363800.0, 0.85542652],
[1645450200.0, 0.8653547600000001],
[1645536600.0, 0.86455002],
[1645623000.0, 0.87383462],
[1645709400.0, 0.8708622000000001],
[1645795800.0, 0.8776052800000003],
[1645882200.0, 0.87039222],
[1645968600.0, 0.8567737000000001],
[1646055000.0, 0.8573188999999999],
[1646141400.0, 0.86831548],
[1646227800.0, 0.85788742],
[1646314200.0, 0.8742272200000001],
[1646400600.0, 0.89265726],
[1646487000.0, 0.85941914],
[1646573400.0, 0.8530744200000001],
[1646659800.0, 0.8309308599999999],
[1646746200.0, 0.8330643600000001],
[1646832600.0, 0.823097],
[1646919000.0, 0.8421644200000001],
[1647005400.0, 0.84254044],
[1647091800.0, 0.8291805400000001],
[1647178200.0, 0.82497416],
[1647264600.0, 0.8305212000000001],
[1647351000.0, 0.82621188],
[1647437400.0, 0.82378616],
[1647523800.0, 0.8444911599999999],
[1647610200.0, 0.8509387399999999],
[1647696600.0, 0.84174422],
[1647783000.0, 0.86053286],
[1647869400.0, 0.8647004200000001],
[1647955800.0, 0.8595823200000001],
[1648042200.0, 0.8563919999999999],
[1648128600.0, 0.87189076],
[1648215000.0, 0.8731075],
[1648301400.0, 0.8674035200000001],
[1648387800.0, 0.8481673599999999],
[1648474200.0, 0.85519186],
[1648560600.0, 0.8563116000000001],
[1648647000.0, 0.8676315800000001],
[1648733400.0, 0.87801908],
[1648819800.0, 0.8771263000000001],
[1648906200.0, 0.8912436400000002],
[1648996200.0, 0.9039062600000001],
[1649082600.0, 0.9192141200000001],
[1649169000.0, 0.9020223000000002],
[1649255400.0, 0.9070474199999999],
[1649341800.0, 0.9258717200000002],
[1649428200.0, 0.9149935800000002],
[1649514600.0, 0.9256983200000001],
[1649601000.0, 0.9256983200000001],
[1649687400.0, 0.9256983200000001],
[1649773800.0, 0.9256983200000001],
[1649860200.0, 0.9256863200000002],
[1649946600.0, 0.9382894400000001],
[1650033000.0, 0.96129552],
[1650119400.0, 0.93988164],
[1650205800.0, 0.93356034],
[1650292200.0, 0.95115982],
[1650378600.0, 0.9493544399999999],
[1650465000.0, 0.93535218],
[1650551400.0, 0.93535218],
[1650637800.0, 0.93535218],
[1650724200.0, 0.9348641000000002],
[1650810600.0, 0.9257323200000002],
[1650897000.0, 0.9459774600000002],
[1650983400.0, 0.9497351400000001],
[1651069800.0, 0.9497594600000001],
[1651156200.0, 0.9189500800000001],
[1651242600.0, 0.94292376],
[1651329000.0, 0.9424531000000002],
[1651415400.0, 0.9531520000000002],
[1651501800.0, 0.9381873199999999],
[1651588200.0, 0.9532625400000001],
[1651674600.0, 0.9264291400000001],
[1651761000.0, 0.9247459600000001],
[1651847400.0, 0.9114786000000002],
[1651933800.0, 0.9046793799999999],
[1652020200.0, 0.88364328],
[1652106600.0, 0.88835156],
[1652193000.0, 0.8545940200000001],
[1652279400.0, 0.8550335800000001],
[1652365800.0, 0.85413516],
[1652452200.0, 0.84691452],
[1652538600.0, 0.84137542],
[1652625000.0, 0.82329326],
[1652711400.0, 0.8217402400000001],
[1652797800.0, 0.8101051],
[1652884200.0, 0.8065134800000001],
[1652970600.0, 0.8246938800000001],
[1653057000.0, 0.8404670800000001],
[1653143400.0, 0.84885414],
[1653229800.0, 0.8527000600000001],
[1653316200.0, 0.84602146],
[1653402600.0, 0.85237544],
[1653489000.0, 0.8517710800000001],
[1653575400.0, 0.8449574200000001],
[1653661800.0, 0.8477279799999999],
[1653748200.0, 0.83917784],
[1653834600.0, 0.83052616],
[1653921000.0, 0.8270971000000001],
[1654007400.0, 0.8569576600000002],
[1654093800.0, 0.8758189600000001],
[1654180200.0, 0.8891337399999999],
[1654266600.0, 0.8961677400000001],
[1654353000.0, 0.8853397199999999],
[1654439400.0, 0.89632614],
[1654525800.0, 0.8730144],
[1654612200.0, 0.8949530000000001],
[1654698600.0, 0.8874692600000001],
[1654785000.0, 0.90041188],
[1654871400.0, 0.8873871799999999],
[1654957800.0, 0.8887617000000001],
[1655044200.0, 0.8954627399999999],
[1655130600.0, 0.8683285000000002],
[1655217000.0, 0.8891576600000001],
[1655303400.0, 1.0487108800000002],
[1655389800.0, 1.05267476],
[1655476200.0, 1.0787604800000001],
[1655562600.0, 1.0625518],
[1655649000.0, 1.0722166800000001],
[1655735400.0, 1.0594329000000002],
[1655821800.0, 1.0683776200000001],
[1655908200.0, 1.0201419200000001],
[1655994600.0, 0.98636214],
[1656081000.0, 0.9938166200000002],
[1656167400.0, 0.9911527400000001],
[1656253800.0, 0.9923877400000001],
[1656340200.0, 1.01126382],
[1656426600.0, 1.0084676800000003],
[1656513000.0, 0.9927712000000002],
[1656599400.0, 1.0103472400000002],
[1656685800.0, 0.9972260000000001],
[1656772200.0, 1.0042115600000001],
[1656858600.0, 1.02107784],
[1656945000.0, 1.0241375400000001],
[1657031400.0, 1.0308969600000002],
[1657117800.0, 1.0252933800000001],
[1657204200.0, 1.0439694800000001],
[1657290600.0, 1.04832794],
[1657377000.0, 1.05536908],
[1657463400.0, 1.05239182],
[1657549800.0, 1.0573934800000002],
[1657636200.0, 1.0699863400000003],
[1657722600.0, 1.042677],
[1657809000.0, 1.0364655200000001],
[1657895400.0, 1.0457395000000003],
[1657981800.0, 1.0523350800000002],
[1658068200.0, 1.08508932],
[1658154600.0, 1.1024175999999999],
[1658241000.0, 1.1249638800000001],
[1658327400.0, 1.1600225000000002],
[1658413800.0, 1.1207762000000003],
[1658500200.0, 1.1477629400000002],
[1658586600.0, 1.1278785800000002],
[1658673000.0, 1.12491998],
[1658759400.0, 1.1229158600000002],
[1658845800.0, 1.13264922],
[1658932200.0, 1.1169544200000001],
[1659018600.0, 1.12124682],
[1659105000.0, 1.1155074],
[1659191400.0, 1.10372842],
[1659277800.0, 1.1123737400000002],
[1659364200.0, 1.0981634800000002],
[1659450600.0, 1.0973221],
[1659537000.0, 1.11326232],
[1659623400.0, 1.1244115000000003],
[1659709800.0, 1.1286538],
[1659796200.0, 1.13233834],
[1659882600.0, 1.1397299],
[1659969000.0, 1.13312232],
[1660055400.0, 1.1445133],
[1660141800.0, 1.1601246],
[1660228200.0, 1.1549134200000002],
[1660314600.0, 1.16163056],
[1660401000.0, 1.16163056],
[1660487400.0, 1.16163056],
[1660573800.0, 1.16163056],
[1660660200.0, 1.1864990200000003],
[1660746600.0, 1.18617128],
[1660833000.0, 1.1941517799999999],
[1660919400.0, 1.2010714800000002],
[1661005800.0, 1.2139186800000001],
[1661092200.0, 1.2132639400000003],
[1661178600.0, 1.20840082],
[1661265000.0, 1.20156924],
[1661351400.0, 1.2192824400000002],
[1661437800.0, 1.2007192],
[1661524200.0, 1.19230278],
[1661610600.0, 1.1868718999999999],
[1661697000.0, 1.1998534400000003],
[1661783400.0, 1.21352542],
[1661869800.0, 1.20090874],
[1661956200.0, 1.1956890000000002],
[1662042600.0, 1.1879230600000001],
[1662129000.0, 1.2076743600000002],
[1662215400.0, 1.2109758400000001],
[1662301800.0, 1.19500814],
[1662388200.0, 1.2052049400000002],
[1662474600.0, 1.2006113400000002],
[1662561000.0, 1.1936768],
[1662647400.0, 1.2119798400000001],
[1662733800.0, 1.24317616],
[1662820200.0, 1.21754212],
[1662906600.0, 1.222809],
[1662993000.0, 1.1986984600000001],
[1663079400.0, 1.22857536],
[1663165800.0, 1.24100988],
[1663252200.0, 1.2339311400000001],
[1663338600.0, 1.2586705800000002],
[1663425000.0, 1.26517458],
[1663511400.0, 1.2407219800000004],
[1663597800.0, 1.2439446600000001],
[1663684200.0, 1.24719692],
[1663770600.0, 1.24135588],
[1663857000.0, 1.2365936000000002],
[1663943400.0, 1.2215064],
[1664029800.0, 1.2281269400000001],
[1664116200.0, 1.21000218],
[1664202600.0, 1.21639206],
[1664289000.0, 1.20689784],
[1664375400.0, 1.20307922],
[1664461800.0, 1.23005702],
[1664548200.0, 1.2754548],
[1664634600.0, 1.29150688],
[1664717400.0, 1.3185372600000003],
[1664803800.0, 1.3127510800000002],
[1664890200.0, 1.3119956400000001],
[1664976600.0, 1.33383358],
[1665063000.0, 1.3037937400000001],
[1665149400.0, 1.30974838],
[1665235800.0, 1.2945270400000002],
[1665322200.0, 1.2852058400000002],
[1665408600.0, 1.28287722],
[1665495000.0, 1.28212762],
[1665581400.0, 1.28902428],
[1665667800.0, 1.2876940000000001],
[1665754200.0, 1.29196826],
[1665840600.0, 1.2799815],
[1665927000.0, 1.2866441400000002],
[1666013400.0, 1.2827738800000001],
[1666099800.0, 1.2736863200000001],
[1666186200.0, 1.2669376200000002],
[1666272600.0, 1.2737184799999999],
[1666359000.0, 1.2972167000000001],
[1666445400.0, 1.2820230200000002],
[1666531800.0, 1.2940289600000001],
[1666618200.0, 1.2806820400000003],
[1666704600.0, 1.29435286],
[1666791000.0, 1.31447588],
[1666877400.0, 1.30001034],
[1666963800.0, 1.2922607800000003],
[1667050200.0, 1.2686104200000003],
[1667136600.0, 1.25783704],
[1667223000.0, 1.26559394],
[1667309400.0, 1.27470242],
[1667395800.0, 1.26863524],
[1667482200.0, 1.3005871399999998],
[1667568600.0, 1.2985420600000002],
[1667655000.0, 1.2980546400000001],
[1667741400.0, 1.29042038],
[1667827800.0, 1.2834932399999999],
[1667914200.0, 1.27854],
[1668000600.0, 1.2980931000000002],
[1668087000.0, 1.3286064400000002],
[1668173400.0, 1.34848356],
[1668259800.0, 1.4424492199999999],
[1668346200.0, 1.4628123199999998],
[1668432600.0, 1.4782510800000002],
[1668519000.0, 1.4995114],
[1668605400.0, 1.46265374],
[1668691800.0, 1.5037936600000001],
[1668778200.0, 1.7590608000000003],
[1668864600.0, 1.8039424800000003],
[1668951000.0, 1.83356976],
[1669037400.0, 1.8785510200000002],
[1669123800.0, 1.7065505600000002],
[1669210200.0, 1.6291556],
[1669296600.0, 1.6404383599999999],
[1669383000.0, 1.5793912600000002],
[1669469400.0, 1.5595361200000002],
[1669555800.0, 1.58616722],
[1669642200.0, 1.6024148400000005],
[1669728600.0, 1.6014867],
[1669815000.0, 1.6338301000000004],
[1669901400.0, 1.6505071800000004],
[1669987800.0, 1.6722940400000001],
[1670074200.0, 1.6479987200000004],
[1670160600.0, 1.63029452],
[1670247000.0, 1.6523607000000002],
[1670333400.0, 1.64417802],
[1670419800.0, 1.64982234],
[1670506200.0, 1.6679353000000003],
[1670592600.0, 1.6459842200000003],
[1670679000.0, 1.68300854],
[1670765400.0, 1.65858604],
[1670851800.0, 1.6670801600000005],
[1670938200.0, 1.70802552],
[1671024600.0, 1.7081045200000002],
[1671111000.0, 1.72810548],
[1671197400.0, 1.7331136600000003],
[1671283800.0, 1.7233028400000001],
[1671370200.0, 1.6954853800000003],
[1671456600.0, 1.71207676],
[1671543000.0, 1.6958632999999999],
[1671629400.0, 1.68466232],
[1671715800.0, 1.6611805399999997],
[1671802200.0, 1.6248879999999999],
[1671888600.0, 1.5985136000000002],
[1671975000.0, 1.60240078],
[1672061400.0, 1.60115512],
[1672147800.0, 1.6096138400000002],
[1672234200.0, 1.62278752],
[1672320600.0, 1.60536578],
[1672407000.0, 1.60884712],
[1672493400.0, 1.6058425],
[1672579800.0, 1.5868266600000003],
[1672666200.0, 1.5542130200000002],
[1672752600.0, 1.56399876],
[1672839000.0, 1.5699616400000003],
[1672925400.0, 1.57388118],
[1673011800.0, 1.56764958],
[1673098200.0, 1.5649802800000003],
[1673184600.0, 1.6046629],
[1673271000.0, 1.63977036],
[1673357400.0, 1.6552817000000002],
[1673443800.0, 1.67562456],
[1673530200.0, 1.7226343],
[1673616600.0, 1.7574930800000002],
[1673703000.0, 1.7894782600000003],
[1673789400.0, 1.7854352600000003],
[1673875800.0, 1.79972362],
[1673962200.0, 1.8488419400000005],
[1674048600.0, 1.8739056000000005],
[1674135000.0, 1.8707605600000001],
[1674221400.0, 1.95358184],
[1674307800.0, 2.01243654],
[1674394200.0, 2.0481482000000004],
[1674480600.0, 2.06034832],
[1674567000.0, 2.0628621000000003],
[1674653400.0, 2.0856395],
[1674739800.0, 2.0738041400000005],
[1674826200.0, 2.04554682],
[1674912600.0, 1.9793465000000001],
[1674999000.0, 1.9505111000000004],
[1675085400.0, 1.9783499600000003],
[1675171800.0, 1.9456561200000002],
[1675258200.0, 1.9399910200000001],
[1675344600.0, 1.9736073600000001],
[1675431000.0, 1.9527325200000003],
[1675517400.0, 1.9757372],
[1675603800.0, 1.9604341399999998],
[1675690200.0, 1.9309650400000002],
[1675776600.0, 1.9524854000000005],
[1675863000.0, 1.9610163],
[1675949400.0, 1.9610163],
