[1635773400.0, 1.308],
[1635859800.0, 1.278],
[1635946200.0, 1.494],
[1636032600.0, 1.46],
[1636119000.0, 1.464],
[1636205400.0, 1.4],
[1636291800.0, 1.36],
[1636378200.0, 1.25],
[1636464600.0, 1.258],
[1636551000.0, 1.1199999999999999],
[1636637400.0, 1.1099999999999999],
[1636723800.0, 1.1],
[1636810200.0, 1.0959999999999999],
[1636896600.0, 1.084],
[1636983000.0, 1.3320000000000003],
[1637069400.0, 1.554],
[1637155800.0, 1.532],
[1637242200.0, 1.3359999999999999],
[1637328600.0, 1.5939999999999999],
[1637415000.0, 1.5059999999999998],
[1637501400.0, 1.4740000000000002],
[1637587800.0, 1.4720000000000002],
[1637674200.0, 1.3720000000000003],
[1637760600.0, 1.3619999999999999],
[1637847000.0, 1.186],
[1637933400.0, 1.218],
[1638019800.0, 1.214],
[1638106200.0, 1.22],
[1638192600.0, 1.3299999999999998],
[1638279000.0, 1.176],
[1638365400.0, 1.2479999999999998],
[1638451800.0, 1.2499999999999998],
[1638538200.0, 1.2779999999999998],
[1638624600.0, 1.252],
[1638711000.0, 1.4040000000000001],
[1638797400.0, 1.474],
[1638883800.0, 1.4300000000000002],
[1638970200.0, 1.4280000000000002],
[1639056600.0, 1.354],
[1639143000.0, 1.61],
[1639229400.0, 1.32],
[1639315800.0, 1.4140000000000001],
[1639402200.0, 1.248],
[1639488600.0, 1.534],
[1639575000.0, 1.506],
[1639661400.0, 1.9779999999999998],
[1639747800.0, 2.0020000000000002],
[1639834200.0, 2.21],
[1639920600.0, 1.526],
[1640007000.0, 1.686],
[1640093400.0, 1.996],
[1640179800.0, 1.9600000000000002],
[1640266200.0, 1.866],
[1640352600.0, 1.8519999999999999],
[1640439000.0, 1.8719999999999999],
[1640525400.0, 1.6440000000000001],
[1640611800.0, 1.476],
[1640698200.0, 1.2879999999999998],
[1640784600.0, 1.272],
[1640871000.0, 1.26],
[1640957400.0, 1.5500000000000003],
[1641043800.0, 1.4300000000000002],
[1641130200.0, 1.426],
[1641216600.0, 1.29],
[1641303000.0, 1.2479999999999998],
[1641389400.0, 1.244],
[1641475800.0, 1.566],
[1641562200.0, 1.566],
[1641648600.0, 1.558],
[1641735000.0, 1.564],
[1641821400.0, 1.55],
[1641907800.0, 1.392],
[1641994200.0, 1.3900000000000001],
[1642080600.0, 1.2280000000000002],
[1642167000.0, 1.386],
[1642253400.0, 1.494],
[1642339800.0, 1.464],
[1642426200.0, 1.638],
[1642512600.0, 1.6260000000000001],
[1642599000.0, 1.4280000000000002],
[1642685400.0, 1.262],
[1642771800.0, 1.2420000000000002],
[1642858200.0, 1.2],
[1642944600.0, 1.344],
[1643031000.0, 1.3820000000000001],
[1643117400.0, 1.372],
[1643203800.0, 1.288],
[1643290200.0, 1.342],
[1643376600.0, 1.332],
[1643463000.0, 1.384],
[1643549400.0, 1.1460000000000001],
[1643635800.0, 1.1460000000000001],
[1643722200.0, 1.1460000000000001],
[1643808600.0, 1.39],
[1643895000.0, 1.414],
[1643981400.0, 1.3219999999999998],
[1644067800.0, 1.282],
[1644154200.0, 1.372],
[1644240600.0, 1.364],
[1644327000.0, 1.344],
[1644413400.0, 1.2500000000000002],
[1644499800.0, 1.374],
[1644586200.0, 1.3720000000000003],
[1644672600.0, 1.2900000000000003],
[1644759000.0, 1.334],
[1644845400.0, 1.358],
[1644931800.0, 1.31],
[1645018200.0, 1.2680000000000002],
[1645104600.0, 1.3980000000000001],
[1645191000.0, 1.424],
[1645277400.0, 1.31],
[1645363800.0, 1.1780000000000002],
[1645450200.0, 1.16],
[1645536600.0, 1.152],
[1645623000.0, 1.156],
[1645709400.0, 1.21],
[1645795800.0, 1.3459999999999999],
[1645882200.0, 1.3159999999999998],
[1645968600.0, 1.398],
[1646055000.0, 1.69],
[1646141400.0, 1.456],
[1646227800.0, 1.454],
[1646314200.0, 1.504],
[1646400600.0, 1.464],
[1646487000.0, 1.558],
[1646573400.0, 1.46],
[1646659800.0, 1.3539999999999999],
[1646746200.0, 1.262],
[1646832600.0, 1.256],
[1646919000.0, 1.3699999999999999],
[1647005400.0, 1.2239999999999998],
[1647091800.0, 1.1960000000000002],
[1647178200.0, 1.162],
[1647264600.0, 1.136],
[1647351000.0, 1.1460000000000001],
[1647437400.0, 1.218],
[1647523800.0, 1.9200000000000004],
[1647610200.0, 1.1600000000000001],
[1647696600.0, 1.2400000000000002],
[1647783000.0, 1.344],
[1647869400.0, 1.4280000000000002],
[1647955800.0, 1.404],
[1648042200.0, 1.412],
[1648128600.0, 1.3820000000000001],
[1648215000.0, 1.206],
[1648301400.0, 1.1800000000000002],
[1648387800.0, 1.1480000000000001],
[1648474200.0, 1.1380000000000001],
[1648560600.0, 1.116],
[1648647000.0, 1.126],
[1648733400.0, 1.1300000000000001],
[1648819800.0, 1.088],
[1648906200.0, 1.082],
[1648996200.0, 1.0619999999999998],
[1649082600.0, 1.136],
[1649169000.0, 1.124],
[1649255400.0, 1.126],
[1649341800.0, 1.192],
[1649428200.0, 1.19],
[1649514600.0, 1.0939999999999999],
[1649601000.0, 1.0939999999999999],
[1649687400.0, 1.0939999999999999],
[1649773800.0, 1.0939999999999999],
[1649860200.0, 1.0939999999999999],
[1649946600.0, 1.366],
[1650033000.0, 1.4960000000000002],
[1650119400.0, 1.6800000000000002],
[1650205800.0, 1.7060000000000002],
[1650292200.0, 1.826],
[1650378600.0, 1.8240000000000003],
[1650465000.0, 1.5699999999999998],
[1650551400.0, 1.5699999999999998],
[1650637800.0, 1.5699999999999998],
[1650724200.0, 1.46],
[1650810600.0, 1.544],
[1650897000.0, 1.5420000000000003],
[1650983400.0, 1.4120000000000004],
[1651069800.0, 1.3960000000000001],
[1651156200.0, 1.426],
[1651242600.0, 1.41],
[1651329000.0, 1.4040000000000001],
[1651415400.0, 1.3980000000000001],
[1651501800.0, 1.376],
[1651588200.0, 1.366],
[1651674600.0, 1.334],
[1651761000.0, 1.312],
[1651847400.0, 1.266],
[1651933800.0, 1.2559999999999998],
[1652020200.0, 1.248],
[1652106600.0, 1.224],
[1652193000.0, 1.23],
[1652279400.0, 1.218],
[1652365800.0, 1.186],
[1652452200.0, 1.1720000000000002],
[1652538600.0, 1.158],
[1652625000.0, 1.152],
[1652711400.0, 1.152],
[1652797800.0, 1.152],
[1652884200.0, 1.1179999999999999],
[1652970600.0, 1.116],
[1653057000.0, 1.1179999999999999],
[1653143400.0, 1.142],
[1653229800.0, 1.134],
[1653316200.0, 1.182],
[1653402600.0, 1.3240000000000003],
[1653489000.0, 1.4240000000000002],
[1653575400.0, 1.4140000000000001],
[1653661800.0, 1.392],
[1653748200.0, 1.4140000000000001],
[1653834600.0, 1.2999999999999998],
[1653921000.0, 1.168],
[1654007400.0, 1.296],
[1654093800.0, 1.284],
[1654180200.0, 1.2760000000000002],
[1654266600.0, 1.21],
[1654353000.0, 1.1920000000000002],
[1654439400.0, 1.192],
[1654525800.0, 1.1880000000000002],
[1654612200.0, 1.174],
[1654698600.0, 1.158],
[1654785000.0, 1.1420000000000001],
[1654871400.0, 1.13],
[1654957800.0, 1.1099999999999999],
[1655044200.0, 1.102],
[1655130600.0, 1.0779999999999998],
[1655217000.0, 1.0619999999999998],
[1655303400.0, 1.058],
[1655389800.0, 1.04],
[1655476200.0, 1.024],
[1655562600.0, 1.012],
[1655649000.0, 0.998],
[1655735400.0, 0.998],
[1655821800.0, 1.016],
[1655908200.0, 1.004],
[1655994600.0, 0.9959999999999999],
[1656081000.0, 0.982],
[1656167400.0, 0.9780000000000001],
[1656253800.0, 0.9740000000000002],
[1656340200.0, 0.984],
[1656426600.0, 0.984],
[1656513000.0, 0.982],
[1656599400.0, 0.9740000000000002],
[1656685800.0, 0.966],
[1656772200.0, 0.9540000000000001],
[1656858600.0, 0.9339999999999999],
[1656945000.0, 0.9360000000000002],
[1657031400.0, 0.9360000000000002],
[1657117800.0, 0.9339999999999999],
[1657204200.0, 0.9620000000000001],
[1657290600.0, 0.9620000000000001],
[1657377000.0, 0.9659999999999999],
[1657463400.0, 0.962],
[1657549800.0, 1.258],
[1657636200.0, 0.9740000000000002],
[1657722600.0, 1.0399999999999998],
[1657809000.0, 1.042],
[1657895400.0, 0.9860000000000001],
[1657981800.0, 0.9780000000000001],
[1658068200.0, 0.9780000000000001],
[1658154600.0, 1.2680000000000002],
[1658241000.0, 1.2680000000000002],
[1658327400.0, 1.2660000000000002],
[1658413800.0, 1.2580000000000002],
[1658500200.0, 1.256],
[1658586600.0, 1.284],
[1658673000.0, 1.348],
[1658759400.0, 1.2899999999999998],
[1658845800.0, 1.08],
[1658932200.0, 1.0619999999999998],
[1659018600.0, 1.0619999999999998],
[1659105000.0, 1.06],
[1659191400.0, 1.118],
[1659277800.0, 1.118],
[1659364200.0, 1.106],
[1659450600.0, 1.124],
[1659537000.0, 1.124],
[1659623400.0, 1.12],
[1659709800.0, 1.164],
[1659796200.0, 1.164],
[1659882600.0, 1.164],
[1659969000.0, 1.166],
[1660055400.0, 1.37],
[1660141800.0, 1.104],
[1660228200.0, 1.3960000000000001],
[1660314600.0, 1.3940000000000001],
[1660401000.0, 1.3940000000000001],
[1660487400.0, 1.3940000000000001],
[1660573800.0, 1.3940000000000001],
[1660660200.0, 2.5080000000000005],
[1660746600.0, 1.8940000000000001],
[1660833000.0, 1.56],
[1660919400.0, 1.4300000000000002],
[1661005800.0, 1.4140000000000001],
[1661092200.0, 1.274],
[1661178600.0, 1.092],
[1661265000.0, 1.222],
[1661351400.0, 1.3080000000000003],
[1661437800.0, 1.528],
[1661524200.0, 1.716],
[1661610600.0, 1.6480000000000001],
[1661697000.0, 1.6320000000000003],
[1661783400.0, 1.6179999999999999],
[1661869800.0, 1.6139999999999997],
[1661956200.0, 1.504],
[1662042600.0, 1.4760000000000002],
[1662129000.0, 1.3820000000000001],
[1662215400.0, 1.1],
[1662301800.0, 1.1],
[1662388200.0, 1.322],
[1662474600.0, 1.366],
[1662561000.0, 1.338],
[1662647400.0, 1.138],
[1662733800.0, 1.1380000000000001],
[1662820200.0, 1.334],
[1662906600.0, 1.096],
[1662993000.0, 1.0859999999999999],
[1663079400.0, 1.074],
[1663165800.0, 1.066],
[1663252200.0, 1.1039999999999999],
[1663338600.0, 1.1600000000000001],
[1663425000.0, 1.1280000000000001],
[1663511400.0, 1.184],
[1663597800.0, 1.184],
[1663684200.0, 1.1800000000000002],
[1663770600.0, 1.272],
[1663857000.0, 1.272],
[1663943400.0, 1.2100000000000002],
[1664029800.0, 1.182],
[1664116200.0, 1.1800000000000002],
[1664202600.0, 1.1800000000000002],
[1664289000.0, 1.176],
[1664375400.0, 1.1620000000000001],
[1664461800.0, 1.1420000000000001],
[1664548200.0, 1.436],
[1664634600.0, 1.47],
[1664717400.0, 1.484],
[1664803800.0, 1.356],
[1664890200.0, 1.26],
[1664976600.0, 1.6079999999999999],
[1665063000.0, 1.6019999999999999],
[1665149400.0, 1.5559999999999998],
[1665235800.0, 1.514],
[1665322200.0, 1.258],
[1665408600.0, 1.21],
[1665495000.0, 1.4899999999999998],
[1665581400.0, 1.126],
[1665667800.0, 1.124],
[1665754200.0, 1.2760000000000002],
[1665840600.0, 1.1420000000000001],
[1665927000.0, 1.1059999999999999],
[1666013400.0, 1.096],
[1666099800.0, 1.108],
[1666186200.0, 1.114],
[1666272600.0, 1.1440000000000001],
[1666359000.0, 1.102],
[1666445400.0, 1.482],
[1666531800.0, 1.51],
[1666618200.0, 1.472],
[1666704600.0, 1.5500000000000003],
[1666791000.0, 1.7900000000000003],
[1666877400.0, 1.718],
[1666963800.0, 1.7260000000000002],
[1667050200.0, 1.7260000000000002],
[1667136600.0, 1.5500000000000003],
[1667223000.0, 1.32],
[1667309400.0, 1.5739999999999998],
[1667395800.0, 1.544],
[1667482200.0, 1.4680000000000002],
[1667568600.0, 1.642],
[1667655000.0, 1.452],
[1667741400.0, 1.4140000000000001],
[1667827800.0, 1.4100000000000001],
[1667914200.0, 1.534],
[1668000600.0, 1.532],
[1668087000.0, 1.546],
[1668173400.0, 1.65],
[1668259800.0, 1.56],
[1668346200.0, 1.5400000000000003],
[1668432600.0, 1.5759999999999998],
[1668519000.0, 1.5219999999999998],
[1668605400.0, 1.4900000000000002],
[1668691800.0, 1.5340000000000003],
[1668778200.0, 1.5820000000000003],
[1668864600.0, 1.58],
[1668951000.0, 1.57],
[1669037400.0, 1.8240000000000003],
[1669123800.0, 1.794],
[1669210200.0, 1.4220000000000002],
[1669296600.0, 1.5639999999999998],
[1669383000.0, 1.578],
[1669469400.0, 1.5560000000000003],
[1669555800.0, 1.468],
[1669642200.0, 1.508],
[1669728600.0, 1.3720000000000003],
[1669815000.0, 1.4680000000000002],
[1669901400.0, 1.67],
[1669987800.0, 1.6020000000000003],
[1670074200.0, 1.516],
[1670160600.0, 1.448],
[1670247000.0, 1.474],
[1670333400.0, 1.4300000000000002],
[1670419800.0, 1.458],
[1670506200.0, 1.4860000000000002],
[1670592600.0, 1.348],
[1670679000.0, 1.4380000000000002],
[1670765400.0, 1.4300000000000002],
[1670851800.0, 1.394],
[1670938200.0, 1.3780000000000001],
[1671024600.0, 1.366],
[1671111000.0, 1.358],
[1671197400.0, 1.3519999999999999],
[1671283800.0, 1.414],
[1671370200.0, 1.41],
[1671456600.0, 1.4920000000000002],
[1671543000.0, 1.468],
[1671629400.0, 1.3800000000000001],
[1671715800.0, 1.3220000000000003],
[1671802200.0, 1.318],
[1671888600.0, 1.296],
[1671975000.0, 1.2920000000000003],
[1672061400.0, 1.2720000000000002],
[1672147800.0, 1.266],
[1672234200.0, 1.3720000000000003],
[1672320600.0, 1.4100000000000001],
[1672407000.0, 1.4040000000000001],
[1672493400.0, 1.266],
[1672579800.0, 1.1860000000000002],
[1672666200.0, 1.294],
[1672752600.0, 1.3519999999999999],
[1672839000.0, 1.278],
[1672925400.0, 1.236],
[1673011800.0, 1.2360000000000002],
[1673098200.0, 1.2],
[1673184600.0, 1.1600000000000001],
[1673271000.0, 1.1520000000000001],
[1673357400.0, 1.122],
[1673443800.0, 1.124],
[1673530200.0, 1.114],
[1673616600.0, 1.1199999999999999],
[1673703000.0, 1.088],
[1673789400.0, 1.1460000000000001],
[1673875800.0, 1.1280000000000001],
[1673962200.0, 1.1280000000000001],
[1674048600.0, 1.1600000000000001],
[1674135000.0, 1.154],
[1674221400.0, 1.262],
[1674307800.0, 1.2260000000000002],
[1674394200.0, 1.2100000000000002],
[1674480600.0, 1.2],
[1674567000.0, 1.234],
[1674653400.0, 1.2560000000000002],
[1674739800.0, 1.2560000000000002],
[1674826200.0, 1.5880000000000003],
[1674912600.0, 1.322],
[1674999000.0, 1.532],
[1675085400.0, 1.634],
[1675171800.0, 1.714],
[1675258200.0, 1.566],
[1675344600.0, 1.682],
[1675431000.0, 1.5160000000000002],
[1675517400.0, 1.834],
[1675603800.0, 1.83],
[1675690200.0, 1.9060000000000001],
[1675776600.0, 1.746],
[1675863000.0, 1.7280000000000002],
[1675949400.0, 1.7280000000000002],
