[1633098600, 0.6242],
[1633185000, 0.5859],
[1633267800, 0.5537],
[1633354200, 0.6587],
[1633440600, 0.6126],
[1633527000, 0.5631],
[1633613400, 0.5437],
[1633699800, 0.5878],
[1633786200, 0.6564],
[1633872600, 0.5504],
[1633959000, 0.5521],
[1634045400, 0.612],
[1634131800, 0.5936],
[1634218200, 0.6026],
[1634304600, 0.6455],
[1634391000, 0.5902],
[1634477400, 0.6487],
[1634563800, 0.6117],
[1634650200, 0.567],
[1634736600, 0.5726],
[1634823000, 0.505],
[1634909400, 0.6104],
[1634995800, 0.6107],
[1635082200, 0.648],
[1635168600, 0.6478],
[1635255000, 0.5851],
[1635341400, 0.6561],
[1635427800, 0.6347],
[1635514200, 0.6237],
[1635600600, 0.6612],
[1635687000, 0.6311],
[1635773400, 0.6542],
[1635859800, 0.6742],
[1635946200, 0.654],
[1636032600, 0.5955],
[1636119000, 0.6565],
[1636205400, 0.6539],
[1636291800, 0.6636],
[1636464600, 0.7323],
[1636551000, 0.6308],
[1636637400, 0.6705],
[1636896600, 0.6736],
[1636983000, 0.6266],
[1637069400, 0.6909],
[1637155800, 0.6299],
[1637242200, 0.6599],
[1637328600, 0.7006],
[1637415000, 0.6096],
[1637501400, 0.6278],
[1637587800, 0.6244],
[1637674200, 0.5997],
[1637760600, 0.6022],
[1637847000, 0.6065],
[1637933400, 0.5949],
[1638019800, 0.645],
[1638106200, 0.5861],
[1638192600, 0.616],
[1638279000, 0.6191],
[1638365400, 0.6068],
[1638451800, 0.6423],
[1638538200, 0.6016],
[1638624600, 0.583],
[1638711000, 0.6278],
[1638797400, 0.6369],
[1638883800, 0.5955],
[1638970200, 0.6339],
[1639056600, 0.6053],
[1639143000, 0.5937],
[1639229400, 0.6111],
[1639315800, 0.6187],
[1639402200, 0.6003],
[1639488600, 0.5992],
[1639575000, 0.587],
[1639661400, 0.6835],
[1639747800, 0.6202],
[1639834200, 0.5844],
[1639920600, 0.6163],
[1640007000, 0.5473],
[1640093400, 0.6703],
[1640179800, 0.634],
[1640266200, 0.5834],
[1640352600, 0.5985],
[1640439000, 0.6585],
[1640525400, 0.6396],
[1640611800, 0.6062],
[1640698200, 0.6088],
[1640784600, 0.6206],
[1640871000, 0.6081],
[1640957400, 0.5871],
[1641043800, 0.6726],
[1641130200, 0.6497],
[1641216600, 0.6889],
[1641303000, 0.7085],
[1641389400, 0.6644],
[1641475800, 0.6603],
[1641562200, 0.6583],
[1641648600, 0.6543],
[1641735000, 0.6127],
[1641821400, 0.5641],
[1641907800, 0.6864],
[1641994200, 0.6918],
[1642080600, 0.6257],
[1642167000, 0.6154],
[1642253400, 0.6358],
[1642339800, 0.5919],
[1642426200, 0.5738],
[1642512600, 0.5835],
[1642599000, 0.6448],
[1642685400, 0.593],
[1642771800, 0.6228],
[1642858200, 0.676],
[1642944600, 0.607],
[1643031000, 0.6567],
[1643117400, 0.6418],
[1643203800, 0.6997],
[1643290200, 0.6758],
[1643376600, 0.6917],
[1643463000, 0.6971],
[1643549400, 0.6874],
[1643635800, 0.6874],
[1643722200, 0.6874],
[1643808600, 0.708],
[1643895000, 0.7277],
[1643981400, 0.7883],
[1644067800, 0.7392],
[1644154200, 0.7226],
[1644240600, 0.707],
[1644327000, 0.7217],
[1644413400, 0.7614],
[1644499800, 0.6757],
[1644586200, 0.7052],
[1644672600, 0.6943],
[1644759000, 0.7189],
[1644845400, 0.7601],
[1644931800, 0.7613],
[1645018200, 0.7011],
[1645104600, 0.7233],
[1645191000, 0.7069],
[1645277400, 0.6977],
[1645363800, 0.6579],
[1645450200, 0.723],
[1645536600, 0.7354],
[1645623000, 0.6945],
[1645709400, 0.645],
[1645795800, 0.5951],
[1645882200, 0.6357],
[1645968600, 0.6177],
[1646055000, 0.6533],
[1646141400, 0.5748],
[1646227800, 0.6207],
[1646314200, 0.5418],
[1646400600, 0.6077],
[1646487000, 0.5966],
[1646573400, 0.6017],
[1646659800, 0.6225],
[1646746200, 0.6744],
[1646832600, 0.7043],
[1646919000, 0.6996],
[1647005400, 0.6972],
[1647091800, 0.694],
[1647178200, 0.6747],
[1647264600, 0.6614],
[1647351000, 0.6765],
[1647437400, 0.6755],
[1647523800, 0.6779],
[1647610200, 0.7211],
[1647696600, 0.725],
[1647783000, 0.7183],
[1647869400, 0.7038],
[1647955800, 0.6882],
[1648042200, 0.6863],
[1648128600, 0.6389],
[1648215000, 0.6641],
[1648301400, 0.6859],
[1648387800, 0.6754],
[1648474200, 0.6652],
[1648560600, 0.6794],
[1648647000, 0.6896],
[1648733400, 0.6885],
[1648819800, 0.6999],
[1648906200, 0.6508],
[1648996200, 0.6473],
[1649082600, 0.6501],
[1649169000, 0.677],
[1649255400, 0.7132],
[1649341800, 0.6345],
[1649514600, 0.6508],
[1649601000, 0.6795],
[1649687400, 0.6865],
[1649773800, 0.6372],
[1649860200, 0.6514],
[1649946600, 0.6687],
[1650033000, 0.7018],
[1650119400, 0.7175],
[1650205800, 0.6374],
[1650292200, 0.671],
[1650378600, 0.6814],
[1650465000, 0.6506],
[1650551400, 0.6506],
[1650637800, 0.6506],
[1650724200, 0.6449],
[1650810600, 0.6183],
[1650897000, 0.5937],
[1650983400, 0.5923],
[1651069800, 0.6089],
[1651156200, 0.7072],
[1651242600, 0.6867],
[1651329000, 0.7611],
[1651415400, 0.7417],
[1651501800, 0.6956],
[1651588200, 0.7464],
[1651674600, 0.6883],
[1651761000, 0.7363],
[1651847400, 0.7156],
[1651933800, 0.7017],
[1652020200, 0.7201],
[1652106600, 0.7355],
[1652193000, 0.6835],
[1652279400, 0.6604],
[1652365800, 0.622],
[1652970600, 0.6828],
[1653057000, 0.6685],
[1653143400, 0.7199],
[1653229800, 0.6976],
[1653316200, 0.624],
[1653402600, 0.6331],
[1653489000, 0.6139],
[1653575400, 0.6735],
[1653661800, 0.6314],
[1653748200, 0.5564],
[1653834600, 0.6334],
[1653921000, 0.5715],
[1654007400, 0.5636],
[1654093800, 0.5937],
[1654180200, 0.5128],
[1654266600, 0.5233],
[1654353000, 0.5371],
[1654439400, 0.5918],
[1654525800, 0.5634],
[1654612200, 0.5585],
[1654698600, 0.5703],
[1654785000, 0.6093],
[1654871400, 0.5913],
[1654957800, 0.561],
[1655044200, 0.5645],
[1655130600, 0.5582],
[1655217000, 0.5443],
[1655303400, 0.5808],
[1655389800, 0.6323],
[1655476200, 0.6333],
[1655562600, 0.5705],
[1655649000, 0.6669],
[1655735400, 0.6367],
[1655821800, 0.5597],
[1655908200, 0.6069],
[1655994600, 0.6067],
[1656081000, 0.6198],
[1656167400, 0.6947],
[1656253800, 0.5588],
[1656340200, 0.6565],
[1656426600, 0.6755],
[1656513000, 0.6167],
[1656599400, 0.6445],
[1656685800, 0.6296],
[1656772200, 0.621],
[1656858600, 0.6729],
[1656945000, 0.6088],
[1657031400, 0.5962],
[1657117800, 0.6502],
[1657290600, 0.737],
[1657377000, 0.7901],
[1657463400, 0.6545],
[1657549800, 0.5969],
[1657636200, 0.6172],
[1657722600, 0.6043],
[1657809000, 0.5852],
[1657895400, 0.6426],
[1657981800, 0.6508],
[1658068200, 0.6092],
[1658154600, 0.6999],
[1658241000, 0.6185],
[1658327400, 0.6139],
[1658413800, 0.6982],
[1658673000, 0.6343],
[1658759400, 0.5881],
[1658845800, 0.584],
[1658932200, 0.6137],
[1659018600, 0.6022],
[1659105000, 0.6853],
[1659191400, 0.6207],
[1659277800, 0.6549],
[1659364200, 0.6576],
[1659450600, 0.6786],
[1659537000, 0.6583],
[1659623400, 0.646],
[1659709800, 0.6916],
[1659796200, 0.6697],
[1659882600, 0.7111],
[1659969000, 0.6658],
[1660055400, 0.655],
[1660228200, 0.6653],
[1660314600, 0.6239],
[1660401000, 0.6239],
[1660487400, 0.6239],
[1660573800, 0.6239],
[1660660200, 0.6437],
[1660746600, 0.6071],
[1660833000, 0.6055],
[1660919400, 0.6281],
[1661005800, 0.6076],
[1661178600, 0.6441],
[1661265000, 0.6718],
[1661351400, 0.743],
[1661437800, 0.7113],
[1661524200, 0.6705],
[1661610600, 0.6882],
[1661697000, 0.6377],
[1661783400, 0.6967],
[1661869800, 0.6199],
[1661956200, 0.6431],
[1662042600, 0.6593],
[1662129000, 0.6539],
[1662215400, 0.6949],
[1662301800, 0.7258],
[1662561000, 0.7148],
[1662647400, 0.6654],
[1662733800, 0.7073],
[1662820200, 0.6734],
[1662906600, 0.693],
[1662993000, 0.7299],
[1663079400, 0.7274],
[1663165800, 0.6316],
[1663252200, 0.6943],
[1663338600, 0.7341],
[1663425000, 0.7002],
[1663511400, 0.6662],
[1663597800, 0.6923],
[1663684200, 0.7004],
[1663770600, 0.7045],
[1663857000, 0.6996],
[1663943400, 0.6603],
[1664029800, 0.6918],
[1664116200, 0.671],
[1664202600, 0.6479],
[1664289000, 0.638],
[1664375400, 0.6892],
[1664461800, 0.7647],
[1664548200, 0.6729],
[1664634600, 0.6262],
[1664717400, 0.6317],
[1664803800, 0.6855],
[1664890200, 0.7092],
[1664976600, 0.6772],
[1665063000, 0.6357],
[1665149400, 0.6859],
[1665235800, 0.6772],
[1665322200, 0.6407],
[1665408600, 0.6644],
[1665495000, 0.6533],
[1665581400, 0.6901],
[1665667800, 0.6941],
[1665754200, 0.6229],
[1665840600, 0.6495],
[1665927000, 0.6372],
[1666013400, 0.6238],
[1666099800, 0.6692],
[1666186200, 0.6571],
[1666272600, 0.6149],
[1666359000, 0.687],
[1666445400, 0.6197],
[1666531800, 0.6199],
[1666618200, 0.6554],
[1666704600, 0.607],
[1666791000, 0.6285],
[1666877400, 0.6757],
[1666963800, 0.6418],
[1667050200, 0.6665],
[1667136600, 0.5966],
[1667223000, 0.6207],
[1667309400, 0.6136],
[1667395800, 0.6409],
[1667482200, 0.6507],
[1667568600, 0.6601],
[1667655000, 0.656],
[1667741400, 0.6702],
[1667827800, 0.7656],
[1667914200, 0.661],
[1668000600, 0.6959],
[1668087000, 0.6885],
[1668173400, 0.7101],
[1668259800, 0.7494],
[1668346200, 0.6608],
[1668432600, 0.6485],
[1668519000, 0.6521],
[1668605400, 0.634],
[1668691800, 0.6335],
[1668778200, 0.7043],
[1668864600, 0.7212],
[1668951000, 0.7014],
[1669037400, 0.6512],
[1669123800, 0.6875],
[1669210200, 0.7136],
[1669296600, 0.7227],
[1669383000, 0.6613],
[1669469400, 0.7182],
[1669555800, 0.6393],
[1669642200, 0.6228],
[1669728600, 0.6853],
[1669815000, 0.644],
[1669901400, 0.6706],
[1669987800, 0.6995],
[1670074200, 0.6957],
[1670160600, 0.704],
[1670247000, 0.714],
[1670333400, 0.6412],
[1670419800, 0.6785],
[1670506200, 0.6036],
[1670592600, 0.6153],
[1670679000, 0.6252],
[1670765400, 0.6752],
[1670851800, 0.6642],
[1670938200, 0.6655],
[1671024600, 0.6658],
[1671111000, 0.6303],
[1671197400, 0.6569],
[1671283800, 0.6516],
[1671370200, 0.6664],
[1671456600, 0.6993],
[1671543000, 0.7335],
[1671629400, 0.7175],
[1671715800, 0.5843],
[1671802200, 0.6016],
[1671888600, 0.6797],
[1671975000, 0.5997],
[1672061400, 0.6197],
[1672147800, 0.6433],
[1672234200, 0.7454],
[1672320600, 0.7351],
[1672407000, 0.6558],
[1672493400, 0.6266],
[1672579800, 0.658],
[1672666200, 0.644],
[1672752600, 0.6918],
[1672839000, 0.6648],
[1672925400, 0.6708],
[1673011800, 0.7024],
[1673098200, 0.6604],
[1673184600, 0.7889],
[1673271000, 0.7315],
[1673357400, 0.6753],
[1673443800, 0.6686],
[1673530200, 0.6626],
[1673616600, 0.6953],
[1673703000, 0.6442],
[1673789400, 0.6519],
[1673875800, 0.6458],
[1673962200, 0.6787],
[1674048600, 0.6613],
[1674135000, 0.7459],
[1674221400, 0.6887],
[1674307800, 0.6691],
[1674394200, 0.7333],
[1674480600, 0.6576],
[1674567000, 0.63],
[1674653400, 0.6568],
[1674739800, 0.6074],
[1674826200, 0.6848],
[1674912600, 0.6429],
[1674999000, 0.6043],
[1675085400, 0.6365],
[1675171800, 0.6253],
[1675258200, 0.6806],
[1675344600, 0.6204],
[1675431000, 0.6347],
[1675517400, 0.644],
[1675603800, 0.6664],
[1675690200, 0.6113],
[1675776600, 0.6505],
[1675863000, 0.6267],
[1675949400, 0.6163],
[1676035800, 0.6355],
[1676122200, 0.6319],
[1676208600, 0.7131],
[1676295000, 0.7198],
[1676381400, 0.7028],
[1676467800, 0.7215],
[1676554200, 0.714],
[1676640600, 0.7821],
[1676727000, 0.6947],
[1676813400, 0.7206],
[1676899800, 0.681],
[1677072600, 0.6776],
[1677159000, 0.7208],
[1677245400, 0.704],
[1677331800, 0.7135],
[1677418200, 0.6828],
[1677504600, 0.7265],
[1677591000, 0.6866],
[1677677400, 0.6814],
[1677763800, 0.7122],
[1677850200, 0.6945],
[1677936600, 0.7471],
[1678023000, 0.7191],
[1678109400, 0.7083],
[1678195800, 0.7069],
[1678282200, 0.6854],
[1678368600, 0.6771],
[1678455000, 0.6898],
[1678541400, 0.6526],
[1678627800, 0.6827],
[1678714200, 0.6461],
[1678800600, 0.7442],
[1678887000, 0.7587],
[1678973400, 0.7799],
[1679059800, 0.7603],
[1679146200, 0.7616],
[1679232600, 0.7114],
[1679319000, 0.7028],
[1679405400, 0.7117],
[1679491800, 0.7588],
[1679578200, 0.8027],
[1679664600, 0.7523],
[1679751000, 0.7902],
[1679837400, 0.7948],
[1679923800, 0.8014],
[1680010200, 0.8249],
[1680096600, 0.7839],
[1680183000, 0.8033],
[1680269400, 0.7868],
[1680355800, 0.7868],
