[1666445400.0, 0.27184287078271896],
[1666531800.0, 0.2717282616347741],
[1666618200.0, 0.2693866603523112],
[1666704600.0, 0.27234050757128353],
[1666791000.0, 0.26505409928419943],
[1666877400.0, 0.2625349750714374],
[1666963800.0, 0.26487591128326005],
[1667050200.0, 0.2708087375695303],
[1667136600.0, 0.4455993981162785],
[1667223000.0, 0.5366666666666666],
[1667309400.0, 0.5744444444444443],
[1667395800.0, 0.5455555555555556],
[1667482200.0, 0.5244444444444444],
[1667568600.0, 0.5911111111111111],
[1667655000.0, 0.4088888888888888],
[1667741400.0, 0.39777777777777773],
[1667827800.0, 0.3855555555555556],
[1667914200.0, 0.3755555555555556],
[1668000600.0, 0.38888888888888895],
[1668087000.0, 0.4822222222222222],
[1668173400.0, 0.5366666666666666],
[1668259800.0, 0.7255555555555555],
[1668346200.0, 0.26],
[1668432600.0, 0.2577777777777778],
[1668519000.0, 0.24555555555555555],
[1668605400.0, 0.22666666666666668],
[1668691800.0, 0.22999999999999998],
[1668778200.0, 0.2422222222222222],
[1668864600.0, 0.23555555555555557],
[1668951000.0, 0.24555555555555555],
[1669037400.0, 0.24555555555555555],
[1669123800.0, 0.2633333333333334],
[1669210200.0, 0.23333333333333334],
[1669296600.0, 0.23222222222222225],
[1669383000.0, 0.23555555555555557],
[1669469400.0, 0.25666666666666665],
[1669555800.0, 0.23333333333333334],
[1669642200.0, 0.23666666666666666],
[1669728600.0, 0.24000000000000002],
[1669815000.0, 0.2611111111111111],
[1669901400.0, 0.2633333333333333],
[1669987800.0, 0.27333333333333326],
[1670074200.0, 0.2788888888888889],
[1670160600.0, 0.27555555555555555],
[1670247000.0, 0.2711111111111111],
[1670333400.0, 0.3277777777777777],
[1670419800.0, 0.31555555555555553],
[1670506200.0, 0.31333333333333335],
[1670592600.0, 0.30999999999999994],
[1670679000.0, 0.32000000000000006],
[1670765400.0, 0.3433333333333333],
[1670851800.0, 0.3322222222222222],
[1670938200.0, 0.21666666666666667],
[1671024600.0, 0.21666666666666667],
[1671111000.0, 0.28],
[1671197400.0, 0.2777777777777778],
[1671283800.0, 0.23777777777777778],
[1671370200.0, 0.26777777777777784],
[1671456600.0, 0.2733333333333334],
[1671543000.0, 0.13888888888888892],
[1671629400.0, 0.08555555555555558],
[1671715800.0, 0.07555555555555557],
[1671802200.0, 0.06777777777777778],
[1671888600.0, 0.06555555555555556],
[1671975000.0, 0.0688888888888889],
[1672061400.0, 0.07222222222222224],
[1672147800.0, 0.07333333333333335],
[1672234200.0, 0.07444444444444447],
[1672320600.0, 0.08333333333333333],
[1672407000.0, 0.10222222222222226],
[1672493400.0, 0.08666666666666667],
[1672579800.0, 0.08111111111111113],
[1672666200.0, 0.07888888888888891],
[1672752600.0, 0.10444444444444445],
[1672839000.0, 0.10333333333333333],
[1672925400.0, 0.10666666666666669],
[1673011800.0, 0.11666666666666667],
[1673098200.0, 0.1111111111111111],
[1673184600.0, 0.10888888888888888],
[1673271000.0, 0.11777777777777781],
[1673357400.0, 0.12333333333333335],
[1673443800.0, 0.11111111111111113],
[1673530200.0, 0.1166666666666667],
[1673616600.0, 0.11111111111111113],
[1673703000.0, 0.11000000000000003],
[1673789400.0, 0.10333333333333335],
[1673875800.0, 0.10000000000000002],
[1673962200.0, 0.10555555555555557],
[1674048600.0, 0.10888888888888891],
[1674135000.0, 0.11000000000000003],
[1674221400.0, 0.1111111111111111],
[1674307800.0, 0.11222222222222222],
[1674394200.0, 0.12000000000000001],
[1674480600.0, 0.12444444444444445],
[1674567000.0, 0.12444444444444445],
[1674653400.0, 0.1488888888888889],
[1674739800.0, 0.14],
[1674826200.0, 0.1266666666666667],
[1674912600.0, 0.12888888888888891],
[1674999000.0, 0.12222222222222223],
[1675085400.0, 0.12444444444444445],
[1675171800.0, 0.12111111111111111],
[1675258200.0, 0.12333333333333335],
[1675344600.0, 0.13333333333333336],
[1675431000.0, 0.14111111111111113],
[1675517400.0, 0.14555555555555558],
[1675603800.0, 0.1366666666666667],
[1675690200.0, 0.13222222222222224],
[1675776600.0, 0.13555555555555557],
[1675863000.0, 0.1377777777777778],
[1675949400.0, 0.1377777777777778],
