[1635773400.0, 27.958725],
[1635859800.0, 27.822715000000002],
[1635946200.0, 28.129075000000004],
[1636032600.0, 28.413955],
[1636119000.0, 28.343215],
[1636205400.0, 28.392989999999998],
[1636291800.0, 28.36228],
[1636378200.0, 28.0855],
[1636464600.0, 27.806244999999997],
[1636551000.0, 28.151699999999998],
[1636637400.0, 28.07613],
[1636723800.0, 28.028959999999998],
[1636810200.0, 27.998524999999994],
[1636896600.0, 28.05485],
[1636983000.0, 28.533475000000003],
[1637069400.0, 28.552885000000003],
[1637155800.0, 28.802405],
[1637242200.0, 29.109275000000004],
[1637328600.0, 29.069185],
[1637415000.0, 29.187794999999994],
[1637501400.0, 29.231700000000004],
[1637587800.0, 29.055190000000003],
[1637674200.0, 29.017449999999997],
[1637760600.0, 28.85317],
[1637847000.0, 28.969185000000003],
[1637933400.0, 29.067880000000002],
[1638019800.0, 29.369079999999997],
[1638106200.0, 29.430629999999994],
[1638192600.0, 29.48009],
[1638279000.0, 29.834345],
[1638365400.0, 29.760195000000003],
[1638451800.0, 30.251084999999996],
[1638538200.0, 30.717095000000004],
[1638624600.0, 30.807955],
[1638711000.0, 30.8013],
[1638797400.0, 30.926340000000003],
[1638883800.0, 30.95176],
[1638970200.0, 30.847975000000005],
[1639056600.0, 30.582005000000002],
[1639143000.0, 30.861199999999997],
[1639229400.0, 30.788375000000002],
[1639315800.0, 30.80384],
[1639402200.0, 30.76039],
[1639488600.0, 31.029785000000004],
[1639575000.0, 31.23588],
[1639661400.0, 31.287525],
[1639747800.0, 31.450725],
[1639834200.0, 31.547870000000003],
[1639920600.0, 31.563785000000003],
[1640007000.0, 31.88078],
[1640093400.0, 31.859434999999998],
[1640179800.0, 31.57274],
[1640266200.0, 31.347920000000002],
[1640352600.0, 31.494205],
[1640439000.0, 31.415225],
[1640525400.0, 31.662755],
[1640611800.0, 31.635385],
[1640698200.0, 31.530825000000004],
[1640784600.0, 31.54597],
[1640871000.0, 31.61755],
[1640957400.0, 31.640295],
[1641043800.0, 31.852715],
[1641130200.0, 31.86991],
[1641216600.0, 31.52794],
[1641303000.0, 31.76596],
[1641389400.0, 31.732689999999998],
[1641475800.0, 31.60446],
[1641562200.0, 31.582085],
[1641648600.0, 31.27868],
[1641735000.0, 31.485575000000004],
[1641821400.0, 31.408744999999996],
[1641907800.0, 31.65493],
[1641994200.0, 31.728465000000003],
[1642080600.0, 31.953490000000002],
[1642167000.0, 31.921445000000002],
[1642253400.0, 32.026540000000004],
[1642339800.0, 31.946125000000006],
[1642426200.0, 32.084585000000004],
[1642512600.0, 31.9713],
[1642599000.0, 32.140085],
[1642685400.0, 32.382835],
[1642771800.0, 32.20572],
[1642858200.0, 32.131265000000006],
[1642944600.0, 32.18609000000001],
[1643031000.0, 31.885240000000003],
[1643117400.0, 32.017165000000006],
[1643203800.0, 32.267615],
[1643290200.0, 32.24947],
[1643376600.0, 32.402915],
[1643463000.0, 32.64643],
[1643549400.0, 33.085425],
[1643635800.0, 33.085425],
[1643722200.0, 33.085425],
[1643808600.0, 34.60922000000001],
[1643895000.0, 34.5305],
[1643981400.0, 34.40722],
[1644067800.0, 33.94167],
[1644154200.0, 33.467435],
[1644240600.0, 33.148430000000005],
[1644327000.0, 32.68365],
[1644413400.0, 32.917609999999996],
[1644499800.0, 32.812055],
[1644586200.0, 32.67899],
[1644672600.0, 32.850475],
[1644759000.0, 32.97519500000001],
[1644845400.0, 33.286294999999996],
[1644931800.0, 33.59621],
[1645018200.0, 33.88931],
[1645104600.0, 33.979385],
[1645191000.0, 34.10964],
[1645277400.0, 34.15629],
[1645363800.0, 34.348555000000005],
[1645450200.0, 34.47989499999999],
[1645536600.0, 34.54461499999999],
[1645623000.0, 34.46016],
[1645709400.0, 34.27368],
[1645795800.0, 34.514514999999996],
[1645882200.0, 34.835705],
[1645968600.0, 34.845265],
[1646055000.0, 35.021005],
[1646141400.0, 34.8436],
[1646227800.0, 34.837140000000005],
[1646314200.0, 34.87545],
[1646400600.0, 35.159235],
[1646487000.0, 35.186505000000004],
[1646573400.0, 35.09491],
[1646659800.0, 34.87892],
[1646746200.0, 35.02412],
[1646832600.0, 35.252705],
[1646919000.0, 35.45660000000001],
[1647005400.0, 35.893119999999996],
[1647091800.0, 35.5354],
[1647178200.0, 35.601895],
[1647264600.0, 35.574774999999995],
[1647351000.0, 35.79806000000001],
[1647437400.0, 35.997445],
[1647523800.0, 36.24001],
[1647610200.0, 36.28899499999999],
[1647696600.0, 36.978694999999995],
[1647783000.0, 37.588715],
[1647869400.0, 38.15468],
[1647955800.0, 37.996449999999996],
[1648042200.0, 37.14971],
[1648128600.0, 37.161685],
[1648215000.0, 37.094069999999995],
[1648301400.0, 37.111940000000004],
[1648387800.0, 36.91514],
[1648474200.0, 36.79835],
[1648560600.0, 36.83149],
[1648647000.0, 37.05278],
[1648733400.0, 37.383145],
[1648819800.0, 37.21965],
[1648906200.0, 37.039435000000005],
[1648996200.0, 37.47972],
[1649082600.0, 37.24509],
[1649169000.0, 37.565250000000006],
[1649255400.0, 37.638250000000006],
[1649341800.0, 37.718379999999996],
[1649428200.0, 37.76269],
[1649514600.0, 37.56774],
[1649601000.0, 37.56774],
[1649687400.0, 37.56774],
[1649773800.0, 37.56774],
[1649860200.0, 37.562695],
[1649946600.0, 38.48666],
[1650033000.0, 38.66003500000001],
[1650119400.0, 38.625945],
[1650205800.0, 38.630174999999994],
[1650292200.0, 39.197109999999995],
[1650378600.0, 39.12178],
[1650465000.0, 38.923035000000006],
[1650551400.0, 38.923035000000006],
[1650637800.0, 38.923035000000006],
[1650724200.0, 38.78243],
[1650810600.0, 38.66042000000001],
[1650897000.0, 38.876945000000006],
[1650983400.0, 38.65356],
[1651069800.0, 38.422529999999995],
[1651156200.0, 37.41843],
[1651242600.0, 37.626155],
[1651329000.0, 37.346365],
[1651415400.0, 37.53351],
[1651501800.0, 37.37644],
[1651588200.0, 37.18808],
[1651674600.0, 37.341165000000004],
[1651761000.0, 36.803115],
[1651847400.0, 36.909435],
[1651933800.0, 36.936075],
[1652020200.0, 36.141135],
[1652106600.0, 35.980740000000004],
[1652193000.0, 36.06062],
[1652279400.0, 35.783190000000005],
[1652365800.0, 35.36005],
[1652452200.0, 35.430775000000004],
[1652538600.0, 35.370765000000006],
[1652625000.0, 34.650375000000004],
[1652711400.0, 35.095369999999996],
[1652797800.0, 35.002824999999994],
[1652884200.0, 34.895129999999995],
[1652970600.0, 35.04602],
[1653057000.0, 34.97937],
[1653143400.0, 34.96083],
[1653229800.0, 34.624610000000004],
[1653316200.0, 35.003490000000006],
[1653402600.0, 34.731265],
[1653489000.0, 34.7599],
[1653575400.0, 34.465484999999994],
[1653661800.0, 34.476645000000005],
[1653748200.0, 34.339495],
[1653834600.0, 34.408195],
[1653921000.0, 34.45496],
[1654007400.0, 35.110825],
[1654093800.0, 35.08712],
[1654180200.0, 35.583439999999996],
[1654266600.0, 35.420764999999996],
[1654353000.0, 35.475300000000004],
[1654439400.0, 35.525819999999996],
[1654525800.0, 35.50118],
[1654612200.0, 35.594735],
[1654698600.0, 35.187865],
[1654785000.0, 35.239905],
[1654871400.0, 35.036680000000004],
[1654957800.0, 34.99044],
[1655044200.0, 34.70386499999999],
[1655130600.0, 34.52939],
[1655217000.0, 34.68832999999999],
[1655303400.0, 34.678380000000004],
[1655389800.0, 34.765095],
[1655476200.0, 35.001194999999996],
[1655562600.0, 34.914435000000005],
[1655649000.0, 34.856995],
[1655735400.0, 34.844055],
[1655821800.0, 35.027865],
[1655908200.0, 34.970045],
[1655994600.0, 34.763414999999995],
[1656081000.0, 34.848905],
[1656167400.0, 34.480855000000005],
[1656253800.0, 34.84989999999999],
[1656340200.0, 34.992309999999996],
[1656426600.0, 34.75334],
[1656513000.0, 34.777480000000004],
[1656599400.0, 35.10902500000001],
[1656685800.0, 34.810210000000005],
[1656772200.0, 34.528785],
[1656858600.0, 34.71505500000001],
[1656945000.0, 34.59405000000001],
[1657031400.0, 34.750265000000006],
[1657117800.0, 34.823825],
[1657204200.0, 34.73125],
[1657290600.0, 34.818035],
[1657377000.0, 34.788635],
[1657463400.0, 34.84547],
[1657549800.0, 34.83155],
[1657636200.0, 34.517465],
[1657722600.0, 34.4893],
[1657809000.0, 34.405425],
[1657895400.0, 34.231525],
[1657981800.0, 34.42278],
[1658068200.0, 34.519325],
[1658154600.0, 34.75876],
[1658241000.0, 34.617675],
[1658327400.0, 34.569649999999996],
[1658413800.0, 34.76557],
[1658500200.0, 34.885785],
[1658586600.0, 34.649145000000004],
[1658673000.0, 34.955365],
[1658759400.0, 34.974965],
[1658845800.0, 35.108430000000006],
[1658932200.0, 35.130750000000006],
[1659018600.0, 34.821415],
[1659105000.0, 35.457605],
[1659191400.0, 35.24255],
[1659277800.0, 35.052074999999995],
[1659364200.0, 35.189355],
[1659450600.0, 35.334785],
[1659537000.0, 35.360710000000005],
[1659623400.0, 35.38039],
[1659709800.0, 35.371445],
[1659796200.0, 35.39172],
[1659882600.0, 35.55577],
[1659969000.0, 35.30017],
[1660055400.0, 35.56961],
[1660141800.0, 35.655525],
[1660228200.0, 35.647115],
[1660314600.0, 35.797965],
[1660401000.0, 35.797965],
[1660487400.0, 35.797965],
[1660573800.0, 35.797965],
[1660660200.0, 36.607234999999996],
[1660746600.0, 36.60037],
[1660833000.0, 36.607225],
[1660919400.0, 36.400785],
[1661005800.0, 36.680365],
[1661092200.0, 36.777744999999996],
[1661178600.0, 36.92036],
[1661265000.0, 37.3425],
[1661351400.0, 37.339425],
[1661437800.0, 37.407365],
[1661524200.0, 37.628530000000005],
[1661610600.0, 37.569915],
[1661697000.0, 37.874044999999995],
[1661783400.0, 37.91587],
[1661869800.0, 38.33776999999999],
[1661956200.0, 38.215885],
[1662042600.0, 38.25704],
[1662129000.0, 38.475874999999995],
[1662215400.0, 38.350985],
[1662301800.0, 38.46444],
[1662388200.0, 38.15315],
[1662474600.0, 38.015950000000004],
[1662561000.0, 37.921145],
[1662647400.0, 37.238434999999996],
[1662733800.0, 37.652925],
[1662820200.0, 37.46623],
[1662906600.0, 37.47389],
[1662993000.0, 37.584825],
[1663079400.0, 37.57499],
[1663165800.0, 37.58074],
[1663252200.0, 37.62228],
[1663338600.0, 37.612695],
[1663425000.0, 37.388735],
[1663511400.0, 37.57885],
[1663597800.0, 37.476600000000005],
[1663684200.0, 37.801095],
[1663770600.0, 37.61507],
[1663857000.0, 37.35057],
[1663943400.0, 37.292625],
[1664029800.0, 37.31908500000001],
[1664116200.0, 37.28292],
[1664202600.0, 37.283010000000004],
[1664289000.0, 37.06191],
[1664375400.0, 37.163335000000004],
[1664461800.0, 37.465379999999996],
[1664548200.0, 38.113285000000005],
[1664634600.0, 38.273375],
[1664717400.0, 38.67684500000001],
[1664803800.0, 38.55928],
[1664890200.0, 38.373985000000005],
[1664976600.0, 38.710995],
[1665063000.0, 38.69408],
[1665149400.0, 38.07506],
[1665235800.0, 37.755305],
[1665322200.0, 37.50852],
[1665408600.0, 37.604525],
[1665495000.0, 37.753960000000006],
[1665581400.0, 37.876485],
[1665667800.0, 37.83051999999999],
[1665754200.0, 38.0947],
[1665840600.0, 38.064679999999996],
[1665927000.0, 38.226535],
[1666013400.0, 37.416265],
[1666099800.0, 37.50015],
[1666186200.0, 37.70943],
[1666272600.0, 38.977475],
[1666359000.0, 39.864205],
[1666445400.0, 39.219265],
[1666531800.0, 38.78234500000001],
[1666618200.0, 38.7387],
[1666704600.0, 39.49898],
[1666791000.0, 39.385844999999996],
[1666877400.0, 39.105185],
[1666963800.0, 38.865035],
[1667050200.0, 38.864779999999996],
[1667136600.0, 38.31968],
[1667223000.0, 38.214020000000005],
[1667309400.0, 38.38088],
[1667395800.0, 37.970299999999995],
[1667482200.0, 39.010155000000005],
[1667568600.0, 39.08481],
[1667655000.0, 39.26674],
[1667741400.0, 38.744580000000006],
[1667827800.0, 38.426215],
[1667914200.0, 38.37475],
[1668000600.0, 38.666615],
[1668087000.0, 38.741654999999994],
[1668173400.0, 38.81856],
[1668259800.0, 39.2815],
[1668346200.0, 39.387995000000004],
[1668432600.0, 39.74854],
[1668519000.0, 39.720690000000005],
[1668605400.0, 39.27634],
[1668691800.0, 39.941195],
[1668778200.0, 39.184535000000004],
[1668864600.0, 39.75812499999999],
[1668951000.0, 39.83543],
[1669037400.0, 40.707744999999996],
[1669123800.0, 40.93816],
[1669210200.0, 40.587305],
[1669296600.0, 40.57405500000001],
[1669383000.0, 40.14075],
[1669469400.0, 39.999165000000005],
[1669555800.0, 39.794375],
[1669642200.0, 40.12646],
[1669728600.0, 40.752195],
[1669815000.0, 41.135850000000005],
[1669901400.0, 41.63829],
[1669987800.0, 41.665215],
[1670074200.0, 41.852665],
[1670160600.0, 41.934020000000004],
[1670247000.0, 41.842255],
[1670333400.0, 42.21521],
[1670419800.0, 42.87929999999999],
[1670506200.0, 43.169039999999995],
[1670592600.0, 43.164680000000004],
[1670679000.0, 43.253184999999995],
[1670765400.0, 43.25741],
[1670851800.0, 42.87397],
[1670938200.0, 42.7586],
[1671024600.0, 42.422304999999994],
[1671111000.0, 42.36671],
[1671197400.0, 42.17278],
[1671283800.0, 41.91784],
[1671370200.0, 41.759125],
[1671456600.0, 41.815740000000005],
[1671543000.0, 41.252950000000006],
[1671629400.0, 40.938410000000005],
[1671715800.0, 40.720909999999996],
[1671802200.0, 39.799885],
[1671888600.0, 39.103305],
[1671975000.0, 39.369555],
[1672061400.0, 39.78101],
[1672147800.0, 39.377325],
[1672234200.0, 39.422754999999995],
[1672320600.0, 39.591105],
[1672407000.0, 39.34382],
[1672493400.0, 39.3036],
[1672579800.0, 39.013295],
[1672666200.0, 38.716539999999995],
[1672752600.0, 38.893190000000004],
[1672839000.0, 38.389835000000005],
[1672925400.0, 38.651160000000004],
[1673011800.0, 38.942215000000004],
[1673098200.0, 38.454055],
[1673184600.0, 38.913745000000006],
[1673271000.0, 39.40738],
[1673357400.0, 39.566355],
[1673443800.0, 40.023745000000005],
[1673530200.0, 40.4315],
[1673616600.0, 40.668215000000004],
[1673703000.0, 40.855214999999994],
[1673789400.0, 40.76446],
[1673875800.0, 40.73480000000001],
[1673962200.0, 41.242665],
[1674048600.0, 41.063125],
[1674135000.0, 41.234205],
[1674221400.0, 41.95736],
[1674307800.0, 42.5159],
[1674394200.0, 43.326499999999996],
[1674480600.0, 42.810599999999994],
[1674567000.0, 42.768705000000004],
[1674653400.0, 42.85209],
[1674739800.0, 42.58495],
[1674826200.0, 42.75526500000001],
[1674912600.0, 42.725165],
[1674999000.0, 42.98273999999999],
[1675085400.0, 42.866614999999996],
[1675171800.0, 42.889715],
[1675258200.0, 43.171339999999994],
[1675344600.0, 42.72423],
[1675431000.0, 42.955815],
[1675517400.0, 43.24399],
[1675603800.0, 42.894545],
[1675690200.0, 43.12771],
[1675776600.0, 43.401345],
[1675863000.0, 43.33581],
[1675949400.0, 43.33581],
