[1635773400.0, 2.961986],
[1635859800.0, 2.9568293333333333],
[1635946200.0, 2.9462910000000004],
[1636032600.0, 2.9039016666666666],
[1636119000.0, 2.844898],
[1636205400.0, 2.6789540000000005],
[1636291800.0, 2.614988666666667],
[1636378200.0, 2.6875870000000006],
[1636464600.0, 2.6714176666666667],
[1636551000.0, 2.679059],
[1636637400.0, 2.6761313333333328],
[1636723800.0, 2.662144666666667],
[1636810200.0, 2.620533333333333],
[1636896600.0, 2.6129390000000003],
[1636983000.0, 2.6368190000000005],
[1637069400.0, 2.6016843333333335],
[1637155800.0, 2.568675666666667],
[1637242200.0, 2.5317410000000002],
[1637328600.0, 2.557166666666667],
[1637415000.0, 2.544742666666667],
[1637501400.0, 2.5620963333333338],
[1637587800.0, 2.5821080000000003],
[1637674200.0, 2.5526743333333335],
[1637760600.0, 2.5510240000000004],
[1637847000.0, 2.5474923333333335],
[1637933400.0, 2.5271433333333335],
[1638019800.0, 2.528096666666667],
[1638106200.0, 2.537924666666667],
[1638192600.0, 2.5468260000000003],
[1638279000.0, 2.572696],
[1638365400.0, 2.5901506666666667],
[1638451800.0, 2.574596],
[1638538200.0, 2.5959780000000006],
[1638624600.0, 2.6118543333333335],
[1638711000.0, 2.6209813333333334],
[1638797400.0, 2.6182353333333337],
[1638883800.0, 2.60407],
[1638970200.0, 2.6743736666666664],
[1639056600.0, 2.5464963333333333],
[1639143000.0, 2.5636286666666668],
[1639229400.0, 2.535248333333333],
[1639315800.0, 2.479961],
[1639402200.0, 2.5819953333333334],
[1639488600.0, 2.565996],
[1639575000.0, 2.580413666666667],
[1639661400.0, 2.600327666666667],
[1639747800.0, 2.6341043333333336],
[1639834200.0, 2.6235096666666666],
[1639920600.0, 2.511874666666667],
[1640007000.0, 2.539705333333334],
[1640093400.0, 2.484803],
[1640179800.0, 2.533781666666667],
[1640266200.0, 2.593938333333334],
[1640352600.0, 2.555216],
[1640439000.0, 2.4699546666666667],
[1640525400.0, 2.472678333333333],
[1640611800.0, 2.471527],
[1640698200.0, 2.4456453333333332],
[1640784600.0, 2.4290713333333334],
[1640871000.0, 2.458859],
[1640957400.0, 2.410156666666667],
[1641043800.0, 2.4075550000000003],
[1641130200.0, 2.3925183333333333],
[1641216600.0, 2.217948666666667],
[1641303000.0, 2.309889666666667],
[1641389400.0, 2.536414666666667],
[1641475800.0, 2.286016],
[1641562200.0, 2.334137333333333],
[1641648600.0, 2.5372173333333334],
[1641735000.0, 2.5329583333333336],
[1641821400.0, 2.616931],
[1641907800.0, 2.591264333333333],
[1641994200.0, 2.5579516666666664],
[1642080600.0, 2.5476900000000002],
[1642167000.0, 2.569945666666667],
[1642253400.0, 2.579026666666667],
[1642339800.0, 2.5731223333333335],
[1642426200.0, 2.5422913333333335],
[1642512600.0, 2.555530333333334],
[1642599000.0, 2.5493483333333335],
[1642685400.0, 2.711527333333334],
[1642771800.0, 2.7396636666666665],
[1642858200.0, 2.7260573333333333],
[1642944600.0, 2.7005630000000003],
[1643031000.0, 2.680766666666667],
[1643117400.0, 2.667297000000001],
[1643203800.0, 2.661856666666667],
[1643290200.0, 2.6767483333333337],
[1643376600.0, 2.6879256666666667],
[1643463000.0, 2.717782666666667],
[1643549400.0, 2.719052666666667],
[1643635800.0, 2.719052666666667],
[1643722200.0, 2.719052666666667],
[1643808600.0, 2.747581333333333],
[1643895000.0, 2.732021666666667],
[1643981400.0, 2.6876870000000004],
[1644067800.0, 2.7345246666666667],
[1644154200.0, 2.7173083333333334],
[1644240600.0, 2.6422353333333333],
[1644327000.0, 2.6942546666666662],
[1644413400.0, 2.6876933333333333],
[1644499800.0, 2.684364],
[1644586200.0, 2.693216666666667],
[1644672600.0, 2.6458256666666666],
[1644759000.0, 2.6553630000000004],
[1644845400.0, 2.7756850000000006],
[1644931800.0, 2.801034333333334],
[1645018200.0, 2.820698666666667],
[1645104600.0, 2.8164906666666667],
[1645191000.0, 2.800781333333333],
[1645277400.0, 2.804252333333334],
[1645363800.0, 2.789417333333334],
[1645450200.0, 2.7941203333333333],
[1645536600.0, 2.7932490000000008],
[1645623000.0, 2.6085343333333335],
[1645709400.0, 2.5783453333333335],
[1645795800.0, 2.574681],
[1645882200.0, 2.783450333333333],
[1645968600.0, 2.7469156666666668],
[1646055000.0, 2.749275666666667],
[1646141400.0, 2.8159406666666666],
[1646227800.0, 2.8748889999999996],
[1646314200.0, 2.8827716666666667],
[1646400600.0, 2.842426666666667],
[1646487000.0, 2.832020333333333],
[1646573400.0, 2.802152333333334],
[1646659800.0, 2.7913673333333335],
[1646746200.0, 2.753518],
[1646832600.0, 2.7501983333333335],
[1646919000.0, 2.7554646666666667],
[1647005400.0, 2.6872803333333337],
[1647091800.0, 2.664140666666667],
[1647178200.0, 2.658930666666667],
[1647264600.0, 2.632453],
[1647351000.0, 2.609999666666667],
[1647437400.0, 2.736501666666667],
[1647523800.0, 2.725652],
[1647610200.0, 2.666468],
[1647696600.0, 2.6124783333333332],
[1647783000.0, 2.6533443333333335],
[1647869400.0, 2.6815673333333336],
[1647955800.0, 2.654277],
[1648042200.0, 2.6533606666666665],
[1648128600.0, 2.6829403333333333],
[1648215000.0, 2.6784683333333335],
[1648301400.0, 2.7148296666666667],
[1648387800.0, 2.6991073333333335],
[1648474200.0, 2.6957733333333334],
[1648560600.0, 2.6961816666666665],
[1648647000.0, 2.711163333333334],
[1648733400.0, 2.704107666666667],
[1648819800.0, 2.6845580000000004],
[1648906200.0, 2.6771923333333336],
[1648996200.0, 2.737162],
[1649082600.0, 2.7416420000000006],
[1649169000.0, 2.730366666666667],
[1649255400.0, 2.7046820000000005],
[1649341800.0, 2.712757333333334],
[1649428200.0, 2.695911],
[1649514600.0, 2.701930666666667],
[1649601000.0, 2.701930666666667],
[1649687400.0, 2.701930666666667],
[1649773800.0, 2.701930666666667],
[1649860200.0, 2.7015530000000005],
[1649946600.0, 2.7674943333333335],
[1650033000.0, 2.8065676666666666],
[1650119400.0, 2.7699803333333333],
[1650205800.0, 2.7413856666666674],
[1650292200.0, 2.7706700000000004],
[1650378600.0, 2.7661336666666667],
[1650465000.0, 2.755223666666667],
[1650551400.0, 2.755223666666667],
[1650637800.0, 2.755223666666667],
[1650724200.0, 2.7863573333333336],
[1650810600.0, 2.788972],
[1650897000.0, 2.743560666666667],
[1650983400.0, 2.713478333333333],
[1651069800.0, 2.7050513333333335],
[1651156200.0, 2.639577],
[1651242600.0, 2.6497413333333335],
[1651329000.0, 2.679767],
[1651415400.0, 2.657036666666667],
[1651501800.0, 2.658386],
[1651588200.0, 2.652056],
[1651674600.0, 2.6802906666666666],
[1651761000.0, 2.6926039999999998],
[1651847400.0, 2.692276666666667],
[1651933800.0, 2.6603473333333336],
[1652020200.0, 2.6648713333333336],
[1652106600.0, 2.6733266666666666],
[1652193000.0, 2.6883743333333334],
[1652279400.0, 2.682843666666667],
[1652365800.0, 2.6578626666666665],
[1652452200.0, 2.6487356666666666],
[1652538600.0, 2.6182693333333336],
[1652625000.0, 2.5852800000000005],
[1652711400.0, 2.560267666666667],
[1652797800.0, 2.571674666666667],
[1652884200.0, 2.5400280000000004],
[1652970600.0, 2.5251810000000003],
[1653057000.0, 2.5328413333333337],
[1653143400.0, 2.5417316666666667],
[1653229800.0, 2.604239],
[1653316200.0, 2.5425760000000004],
[1653402600.0, 2.621350666666667],
[1653489000.0, 2.610894333333334],
[1653575400.0, 2.5885640000000003],
[1653661800.0, 2.4734193333333336],
[1653748200.0, 2.6150613333333332],
[1653834600.0, 2.5868520000000004],
[1653921000.0, 2.3821956666666666],
[1654007400.0, 2.3811753333333336],
[1654093800.0, 2.4133513333333334],
[1654180200.0, 2.3722993333333333],
[1654266600.0, 2.3788523333333336],
[1654353000.0, 2.4238190000000004],
[1654439400.0, 2.6598616666666666],
[1654525800.0, 2.657880666666667],
[1654612200.0, 2.7148753333333335],
[1654698600.0, 2.701094],
[1654785000.0, 2.7371863333333333],
[1654871400.0, 2.6557223333333333],
[1654957800.0, 2.7331946666666664],
[1655044200.0, 2.7167540000000003],
[1655130600.0, 2.6963063333333337],
[1655217000.0, 2.6881750000000006],
[1655303400.0, 2.713153],
[1655389800.0, 2.6839983333333337],
[1655476200.0, 2.6703646666666665],
[1655562600.0, 2.6472886666666664],
[1655649000.0, 2.642708],
[1655735400.0, 2.669264333333334],
[1655821800.0, 2.6714553333333337],
[1655908200.0, 2.6815073333333337],
[1655994600.0, 2.6631739999999997],
[1656081000.0, 2.7096423333333335],
[1656167400.0, 2.705067666666667],
[1656253800.0, 2.714221666666667],
[1656340200.0, 2.7155386666666668],
[1656426600.0, 2.6062673333333337],
[1656513000.0, 2.591421333333334],
[1656599400.0, 2.5641963333333337],
[1656685800.0, 2.577821333333333],
[1656772200.0, 2.643332333333334],
[1656858600.0, 2.6494396666666664],
[1656945000.0, 2.6434003333333336],
[1657031400.0, 2.640496666666667],
[1657117800.0, 2.626622666666667],
[1657204200.0, 2.6177946666666667],
[1657290600.0, 2.596424],
[1657377000.0, 2.560573666666667],
[1657463400.0, 2.5457263333333335],
[1657549800.0, 2.5460973333333334],
[1657636200.0, 2.5589060000000003],
[1657722600.0, 2.5870600000000006],
[1657809000.0, 2.5567530000000005],
[1657895400.0, 2.5272989999999997],
[1657981800.0, 2.4811653333333337],
[1658068200.0, 2.476053333333333],
[1658154600.0, 2.526032666666667],
[1658241000.0, 2.505027666666667],
[1658327400.0, 2.493170333333334],
[1658413800.0, 2.537255333333334],
[1658500200.0, 2.535213666666667],
[1658586600.0, 2.5226056666666667],
[1658673000.0, 2.5092543333333333],
[1658759400.0, 2.512268],
[1658845800.0, 2.515012333333334],
[1658932200.0, 2.5464596666666672],
[1659018600.0, 2.5493733333333335],
[1659105000.0, 2.526187],
[1659191400.0, 2.532741666666667],
[1659277800.0, 2.5603996666666666],
[1659364200.0, 2.5492433333333335],
[1659450600.0, 2.4980803333333337],
[1659537000.0, 2.5334016666666668],
[1659623400.0, 2.546086666666667],
[1659709800.0, 2.543382],
[1659796200.0, 2.5832720000000005],
[1659882600.0, 2.5708283333333335],
[1659969000.0, 2.560884666666667],
[1660055400.0, 2.559803666666667],
[1660141800.0, 2.574408],
[1660228200.0, 2.5671516666666667],
[1660314600.0, 2.562358],
[1660401000.0, 2.562358],
[1660487400.0, 2.562358],
[1660573800.0, 2.562358],
[1660660200.0, 2.5435646666666667],
[1660746600.0, 2.553730666666667],
[1660833000.0, 2.526707666666667],
[1660919400.0, 2.5295733333333335],
[1661005800.0, 2.518174333333334],
[1661092200.0, 2.5049300000000003],
[1661178600.0, 2.5004413333333333],
[1661265000.0, 2.5930716666666664],
[1661351400.0, 2.589233333333333],
[1661437800.0, 2.5756983333333334],
[1661524200.0, 2.560265],
[1661610600.0, 2.544931],
[1661697000.0, 2.6128066666666667],
[1661783400.0, 2.5954703333333335],
[1661869800.0, 2.5907810000000002],
[1661956200.0, 2.5571873333333333],
[1662042600.0, 2.5535636666666672],
[1662129000.0, 2.6096960000000005],
[1662215400.0, 2.6166826666666667],
[1662301800.0, 2.6658389999999996],
[1662388200.0, 2.632353666666667],
[1662474600.0, 2.61877],
[1662561000.0, 2.6352100000000003],
[1662647400.0, 2.667892333333333],
[1662733800.0, 2.6712833333333332],
[1662820200.0, 2.667078],
[1662906600.0, 2.708189666666667],
[1662993000.0, 2.7094183333333333],
[1663079400.0, 2.7021599999999997],
[1663165800.0, 2.6863053333333333],
[1663252200.0, 2.6877530000000003],
[1663338600.0, 2.6677603333333333],
[1663425000.0, 2.426008],
[1663511400.0, 2.4123976666666667],
[1663597800.0, 2.5935253333333335],
[1663684200.0, 2.6930330000000002],
[1663770600.0, 2.643139666666667],
[1663857000.0, 2.8160996666666662],
[1663943400.0, 2.819517],
[1664029800.0, 2.874114],
[1664116200.0, 2.8792186666666666],
[1664202600.0, 2.8633923333333335],
[1664289000.0, 2.8220899999999998],
[1664375400.0, 2.8771393333333335],
[1664461800.0, 2.8597043333333336],
[1664548200.0, 2.8842440000000003],
[1664634600.0, 2.8772179999999996],
[1664717400.0, 2.9019790000000008],
[1664803800.0, 2.932183],
[1664890200.0, 2.964501666666667],
[1664976600.0, 3.0106826666666673],
[1665063000.0, 2.990488333333334],
[1665149400.0, 2.994243666666667],
[1665235800.0, 2.9889156666666667],
[1665322200.0, 2.967924333333334],
[1665408600.0, 2.607913],
[1665495000.0, 2.5705596666666666],
[1665581400.0, 2.5908700000000002],
[1665667800.0, 2.629372666666667],
[1665754200.0, 2.639765666666667],
[1665840600.0, 2.7014626666666666],
[1665927000.0, 2.6914040000000004],
[1666013400.0, 2.8024533333333337],
[1666099800.0, 2.75037],
[1666186200.0, 2.872351666666667],
[1666272600.0, 2.8707146666666667],
[1666359000.0, 2.8214643333333336],
[1666445400.0, 2.828401],
[1666531800.0, 2.840649666666667],
[1666618200.0, 2.799107],
[1666704600.0, 2.849776666666667],
[1666791000.0, 2.8007996666666664],
[1666877400.0, 2.8137260000000004],
[1666963800.0, 2.801330666666667],
[1667050200.0, 2.5873969999999997],
[1667136600.0, 2.5480126666666667],
[1667223000.0, 2.5402076666666673],
[1667309400.0, 2.707355],
[1667395800.0, 2.7180526666666673],
[1667482200.0, 2.8111],
[1667568600.0, 2.873198],
[1667655000.0, 2.883410000000001],
[1667741400.0, 2.8465670000000003],
[1667827800.0, 2.8353523333333333],
[1667914200.0, 2.7681610000000005],
[1668000600.0, 2.7992103333333334],
[1668087000.0, 2.810087],
[1668173400.0, 2.8239509999999997],
[1668259800.0, 2.818858333333333],
[1668346200.0, 2.8077466666666666],
[1668432600.0, 2.7936549999999998],
[1668519000.0, 2.7617833333333337],
[1668605400.0, 2.649414333333334],
[1668691800.0, 2.776066],
[1668778200.0, 2.8900043333333336],
[1668864600.0, 2.802560666666667],
[1668951000.0, 2.8290743333333332],
[1669037400.0, 2.8528723333333335],
[1669123800.0, 2.877734333333333],
[1669210200.0, 2.898182666666667],
[1669296600.0, 2.9116613333333334],
[1669383000.0, 2.7989526666666666],
[1669469400.0, 2.749478],
[1669555800.0, 2.6964053333333333],
[1669642200.0, 2.712224666666667],
[1669728600.0, 2.7717200000000006],
[1669815000.0, 2.793623333333333],
[1669901400.0, 2.7966320000000002],
[1669987800.0, 2.7930646666666665],
[1670074200.0, 2.8092536666666668],
[1670160600.0, 2.859488666666667],
[1670247000.0, 2.8895693333333337],
[1670333400.0, 2.8839920000000006],
[1670419800.0, 2.854060666666667],
[1670506200.0, 3.0564673333333334],
[1670592600.0, 3.060057666666667],
[1670679000.0, 3.118206666666667],
[1670765400.0, 3.1167650000000005],
[1670851800.0, 3.1194350000000006],
[1670938200.0, 3.1128203333333335],
[1671024600.0, 3.1167490000000004],
[1671111000.0, 3.012248],
[1671197400.0, 3.057478333333334],
[1671283800.0, 3.036053000000001],
[1671370200.0, 3.0215739999999998],
[1671456600.0, 2.9987790000000003],
[1671543000.0, 2.963552666666667],
[1671629400.0, 3.006472],
[1671715800.0, 2.975061333333333],
[1671802200.0, 2.9812426666666667],
[1671888600.0, 2.9338053333333334],
[1671975000.0, 2.9035983333333335],
[1672061400.0, 2.899886666666667],
[1672147800.0, 2.8885990000000006],
[1672234200.0, 2.8651530000000007],
[1672320600.0, 2.8611756666666674],
[1672407000.0, 2.857397666666667],
[1672493400.0, 2.899626666666667],
[1672579800.0, 2.8887206666666665],
[1672666200.0, 2.865619666666667],
[1672752600.0, 2.8597066666666664],
[1672839000.0, 2.8499086666666664],
[1672925400.0, 2.8440619999999996],
[1673011800.0, 2.7661746666666667],
[1673098200.0, 2.756827],
[1673184600.0, 2.7700400000000003],
[1673271000.0, 2.7464253333333333],
[1673357400.0, 2.760245],
[1673443800.0, 2.8258726666666667],
[1673530200.0, 2.842893333333334],
[1673616600.0, 2.8249340000000003],
[1673703000.0, 2.804733666666667],
[1673789400.0, 2.823124],
[1673875800.0, 2.8674606666666667],
[1673962200.0, 2.9803156666666664],
[1674048600.0, 3.1032496666666667],
[1674135000.0, 3.0975940000000004],
[1674221400.0, 3.0958360000000003],
[1674307800.0, 3.084963333333334],
[1674394200.0, 3.137414666666667],
[1674480600.0, 3.264033333333334],
[1674567000.0, 3.2517453333333335],
[1674653400.0, 3.2678966666666667],
[1674739800.0, 3.238315666666667],
[1674826200.0, 3.2144130000000004],
[1674912600.0, 3.273088],
[1674999000.0, 3.2710256666666666],
[1675085400.0, 3.2818609999999997],
[1675171800.0, 3.279215666666667],
[1675258200.0, 3.291278],
[1675344600.0, 3.322305666666667],
[1675431000.0, 3.3483490000000007],
[1675517400.0, 3.368054666666667],
[1675603800.0, 3.3545883333333335],
[1675690200.0, 3.3146093333333333],
[1675776600.0, 3.3460233333333336],
[1675863000.0, 3.3476743333333334],
[1675949400.0, 3.3476743333333334],
