[1635773400.0, 0.39733333333333337],
[1635859800.0, 0.396],
[1635946200.0, 0.3906666666666666],
[1636032600.0, 0.39377777777777767],
[1636119000.0, 0.3791111111111112],
[1636205400.0, 0.3751111111111111],
[1636291800.0, 0.3813333333333333],
[1636378200.0, 0.38400000000000006],
[1636464600.0, 0.37333333333333335],
[1636551000.0, 0.37288888888888894],
[1636637400.0, 0.37155555555555553],
[1636723800.0, 0.3871111111111112],
[1636810200.0, 0.3866666666666667],
[1636896600.0, 0.3968888888888889],
[1636983000.0, 0.39377777777777784],
[1637069400.0, 0.37155555555555553],
[1637155800.0, 0.396],
[1637242200.0, 0.404],
[1637328600.0, 0.40355555555555556],
[1637415000.0, 0.40355555555555556],
[1637501400.0, 0.3857777777777778],
[1637587800.0, 0.3999999999999999],
[1637674200.0, 0.3906666666666667],
[1637760600.0, 0.39555555555555555],
[1637847000.0, 0.4026666666666667],
[1637933400.0, 0.40622222222222226],
[1638019800.0, 0.4115555555555555],
[1638106200.0, 0.42044444444444445],
[1638192600.0, 0.42533333333333334],
[1638279000.0, 0.4311111111111111],
[1638365400.0, 0.44488888888888883],
[1638451800.0, 0.45644444444444443],
[1638538200.0, 0.4408888888888889],
[1638624600.0, 0.4422222222222222],
[1638711000.0, 0.448],
[1638797400.0, 0.43155555555555547],
[1638883800.0, 0.4386666666666667],
[1638970200.0, 0.4431111111111112],
[1639056600.0, 0.4577777777777778],
[1639143000.0, 0.456],
[1639229400.0, 0.4377777777777778],
[1639315800.0, 0.4404444444444445],
[1639402200.0, 0.44577777777777783],
[1639488600.0, 0.4591111111111111],
[1639575000.0, 0.45644444444444443],
[1639661400.0, 0.464],
[1639747800.0, 0.45422222222222225],
[1639834200.0, 0.45288888888888884],
[1639920600.0, 0.4537777777777777],
[1640007000.0, 0.45333333333333337],
[1640093400.0, 0.4600000000000001],
[1640179800.0, 0.45511111111111113],
[1640266200.0, 0.4577777777777777],
[1640352600.0, 0.4573333333333333],
[1640439000.0, 0.44533333333333336],
[1640525400.0, 0.45199999999999996],
[1640611800.0, 0.4422222222222222],
[1640698200.0, 0.44577777777777783],
[1640784600.0, 0.4480000000000001],
[1640871000.0, 0.45999999999999996],
[1640957400.0, 0.4546666666666667],
[1641043800.0, 0.46044444444444443],
[1641130200.0, 0.4502222222222223],
[1641216600.0, 0.4577777777777778],
[1641303000.0, 0.45199999999999996],
[1641389400.0, 0.4484444444444444],
[1641475800.0, 0.4546666666666667],
[1641562200.0, 0.4546666666666667],
[1641648600.0, 0.4546666666666667],
[1641735000.0, 0.4635555555555556],
[1641821400.0, 0.46044444444444443],
[1641907800.0, 0.4582222222222223],
[1641994200.0, 0.4444444444444444],
[1642080600.0, 0.4537777777777777],
[1642167000.0, 0.46666666666666656],
[1642253400.0, 0.4671111111111112],
[1642339800.0, 0.4715555555555556],
[1642426200.0, 0.47644444444444445],
[1642512600.0, 0.4693333333333334],
[1642599000.0, 0.47733333333333344],
[1642685400.0, 0.484888888888889],
[1642771800.0, 0.48488888888888887],
[1642858200.0, 0.4702222222222223],
[1642944600.0, 0.48577777777777775],
[1643031000.0, 0.48355555555555557],
[1643117400.0, 0.49022222222222234],
[1643203800.0, 0.4942222222222223],
[1643290200.0, 0.4902222222222222],
[1643376600.0, 0.4977777777777778],
[1643463000.0, 0.4999999999999999],
[1643549400.0, 0.5208888888888888],
[1643635800.0, 0.5208888888888888],
[1643722200.0, 0.5208888888888888],
[1643808600.0, 0.5586666666666668],
[1643895000.0, 0.5546666666666666],
[1643981400.0, 0.5479999999999999],
[1644067800.0, 0.528],
[1644154200.0, 0.5377777777777779],
[1644240600.0, 0.532888888888889],
[1644327000.0, 0.528],
[1644413400.0, 0.5226666666666667],
[1644499800.0, 0.5404444444444444],
[1644586200.0, 0.536],
[1644672600.0, 0.5297777777777779],
[1644759000.0, 0.5355555555555556],
[1644845400.0, 0.5417777777777778],
[1644931800.0, 0.5657777777777778],
[1645018200.0, 0.5711111111111111],
[1645104600.0, 0.5800000000000001],
[1645191000.0, 0.5853333333333333],
[1645277400.0, 0.5755555555555555],
[1645363800.0, 0.5791111111111111],
[1645450200.0, 0.5862222222222222],
[1645536600.0, 0.5826666666666667],
[1645623000.0, 0.588],
[1645709400.0, 0.5977777777777779],
[1645795800.0, 0.6008888888888888],
[1645882200.0, 0.5808888888888889],
[1645968600.0, 0.596888888888889],
[1646055000.0, 0.5862222222222223],
[1646141400.0, 0.5964444444444444],
[1646227800.0, 0.5888888888888889],
[1646314200.0, 0.5986666666666667],
[1646400600.0, 0.6088888888888888],
[1646487000.0, 0.6208888888888889],
[1646573400.0, 0.6137777777777776],
[1646659800.0, 0.5982222222222222],
[1646746200.0, 0.6031111111111112],
[1646832600.0, 0.6231111111111111],
[1646919000.0, 0.6293333333333334],
[1647005400.0, 0.6133333333333334],
[1647091800.0, 0.6066666666666667],
[1647178200.0, 0.5968888888888889],
[1647264600.0, 0.6088888888888888],
[1647351000.0, 0.612],
[1647437400.0, 0.6337777777777779],
[1647523800.0, 0.632],
[1647610200.0, 0.6364444444444445],
[1647696600.0, 0.6324444444444444],
[1647783000.0, 0.6391111111111112],
[1647869400.0, 0.6542222222222223],
[1647955800.0, 0.6524444444444445],
[1648042200.0, 0.6591111111111112],
[1648128600.0, 0.6622222222222223],
[1648215000.0, 0.6475555555555557],
[1648301400.0, 0.6617777777777778],
[1648387800.0, 0.6524444444444445],
[1648474200.0, 0.6591111111111112],
[1648560600.0, 0.6617777777777777],
[1648647000.0, 0.6724444444444444],
[1648733400.0, 0.6777777777777778],
[1648819800.0, 0.6946666666666668],
[1648906200.0, 0.6995555555555556],
[1648996200.0, 0.6937777777777778],
[1649082600.0, 0.7013333333333333],
[1649169000.0, 0.6933333333333334],
[1649255400.0, 0.700888888888889],
[1649341800.0, 0.7155555555555556],
[1649428200.0, 0.713777777777778],
[1649514600.0, 0.7173333333333334],
[1649601000.0, 0.7173333333333334],
[1649687400.0, 0.7173333333333334],
[1649773800.0, 0.7173333333333334],
[1649860200.0, 0.7173333333333334],
[1649946600.0, 0.7266666666666666],
[1650033000.0, 0.7386666666666667],
[1650119400.0, 0.7235555555555556],
[1650205800.0, 0.708888888888889],
[1650292200.0, 0.7213333333333333],
[1650378600.0, 0.7044444444444445],
[1650465000.0, 0.7066666666666666],
[1650551400.0, 0.7066666666666666],
[1650637800.0, 0.7066666666666666],
[1650724200.0, 0.7133333333333334],
[1650810600.0, 0.704],
[1650897000.0, 0.7155555555555555],
[1650983400.0, 0.7057777777777778],
[1651069800.0, 0.719111111111111],
[1651156200.0, 0.7057777777777778],
[1651242600.0, 0.724],
[1651329000.0, 0.720888888888889],
[1651415400.0, 0.7106666666666668],
[1651501800.0, 0.7315555555555556],
[1651588200.0, 0.7297777777777777],
[1651674600.0, 0.7266666666666666],
[1651761000.0, 0.7182222222222223],
[1651847400.0, 0.7177777777777776],
[1651933800.0, 0.6982222222222223],
[1652020200.0, 0.6955555555555556],
[1652106600.0, 0.692888888888889],
[1652193000.0, 0.6871111111111111],
[1652279400.0, 0.6742222222222222],
[1652365800.0, 0.6711111111111112],
[1652452200.0, 0.6737777777777778],
[1652538600.0, 0.6675555555555557],
[1652625000.0, 0.6662222222222223],
[1652711400.0, 0.6662222222222224],
[1652797800.0, 0.6657777777777779],
[1652884200.0, 0.6551111111111112],
[1652970600.0, 0.6724444444444446],
[1653057000.0, 0.6715555555555555],
[1653143400.0, 0.6742222222222223],
[1653229800.0, 0.6635555555555556],
[1653316200.0, 0.6751111111111111],
[1653402600.0, 0.6644444444444444],
[1653489000.0, 0.664],
[1653575400.0, 0.6631111111111112],
[1653661800.0, 0.6617777777777778],
[1653748200.0, 0.664888888888889],
[1653834600.0, 0.6622222222222223],
[1653921000.0, 0.6697777777777778],
[1654007400.0, 0.6742222222222222],
[1654093800.0, 0.6880000000000001],
[1654180200.0, 0.6933333333333334],
[1654266600.0, 0.6933333333333334],
[1654353000.0, 0.6817777777777779],
[1654439400.0, 0.6933333333333334],
[1654525800.0, 0.6857777777777777],
[1654612200.0, 0.6853333333333332],
[1654698600.0, 0.6791111111111111],
[1654785000.0, 0.6795555555555557],
[1654871400.0, 0.6773333333333335],
[1654957800.0, 0.6844444444444444],
[1655044200.0, 0.6648888888888889],
[1655130600.0, 0.6746666666666667],
[1655217000.0, 0.6720000000000002],
[1655303400.0, 0.6786666666666668],
[1655389800.0, 0.6888888888888889],
[1655476200.0, 0.6782222222222223],
[1655562600.0, 0.6715555555555556],
[1655649000.0, 0.6684444444444444],
[1655735400.0, 0.6915555555555555],
[1655821800.0, 0.6893333333333334],
[1655908200.0, 0.6884444444444445],
[1655994600.0, 0.6897777777777778],
[1656081000.0, 0.6862222222222223],
[1656167400.0, 0.6871111111111111],
[1656253800.0, 0.687111111111111],
[1656340200.0, 0.6866666666666666],
[1656426600.0, 0.6866666666666668],
[1656513000.0, 0.687111111111111],
[1656599400.0, 0.6915555555555556],
[1656685800.0, 0.688],
[1656772200.0, 0.692888888888889],
[1656858600.0, 0.692888888888889],
[1656945000.0, 0.6831111111111112],
[1657031400.0, 0.6782222222222223],
[1657117800.0, 0.6848888888888889],
[1657204200.0, 0.6808888888888889],
[1657290600.0, 0.6848888888888889],
[1657377000.0, 0.6826666666666666],
[1657463400.0, 0.680888888888889],
[1657549800.0, 0.7022222222222222],
[1657636200.0, 0.6893333333333334],
[1657722600.0, 0.6875555555555556],
[1657809000.0, 0.6764444444444445],
[1657895400.0, 0.695111111111111],
[1657981800.0, 0.7004444444444444],
[1658068200.0, 0.7035555555555555],
[1658154600.0, 0.7164444444444444],
[1658241000.0, 0.7102222222222222],
[1658327400.0, 0.7377777777777779],
[1658413800.0, 0.7173333333333334],
[1658500200.0, 0.7333333333333333],
[1658586600.0, 0.7306666666666667],
[1658673000.0, 0.7133333333333333],
[1658759400.0, 0.7319999999999999],
[1658845800.0, 0.727111111111111],
[1658932200.0, 0.7475555555555555],
[1659018600.0, 0.7524444444444445],
[1659105000.0, 0.760888888888889],
[1659191400.0, 0.7684444444444444],
[1659277800.0, 0.7871111111111112],
[1659364200.0, 0.7786666666666666],
[1659450600.0, 0.7924444444444444],
[1659537000.0, 0.7915555555555556],
[1659623400.0, 0.7866666666666666],
[1659709800.0, 0.7848888888888889],
[1659796200.0, 0.7817777777777777],
[1659882600.0, 0.7902222222222223],
[1659969000.0, 0.7804444444444444],
[1660055400.0, 0.7902222222222223],
[1660141800.0, 0.8106666666666666],
[1660228200.0, 0.8346666666666667],
[1660314600.0, 0.8328888888888889],
[1660401000.0, 0.8328888888888889],
[1660487400.0, 0.8328888888888889],
[1660573800.0, 0.8328888888888889],
[1660660200.0, 0.8884444444444444],
[1660746600.0, 0.9124444444444444],
[1660833000.0, 0.9235555555555555],
[1660919400.0, 0.908],
[1661005800.0, 0.900888888888889],
[1661092200.0, 0.8937777777777778],
[1661178600.0, 0.8964444444444444],
[1661265000.0, 0.892],
[1661351400.0, 0.8693333333333333],
[1661437800.0, 0.8893333333333335],
[1661524200.0, 0.8751111111111112],
[1661610600.0, 0.8866666666666666],
[1661697000.0, 0.888],
[1661783400.0, 0.8564444444444445],
[1661869800.0, 0.8822222222222225],
[1661956200.0, 0.8902222222222222],
[1662042600.0, 0.8968888888888888],
[1662129000.0, 0.8999999999999999],
[1662215400.0, 0.9013333333333333],
[1662301800.0, 0.9004444444444444],
[1662388200.0, 0.8924444444444445],
[1662474600.0, 0.8937777777777778],
[1662561000.0, 0.8720000000000001],
[1662647400.0, 0.8937777777777778],
[1662733800.0, 0.8911111111111111],
[1662820200.0, 0.8915555555555554],
[1662906600.0, 0.8986666666666666],
[1662993000.0, 1.1426666666666667],
[1663079400.0, 1.1079999999999999],
[1663165800.0, 1.077777777777778],
[1663252200.0, 1.082222222222222],
[1663338600.0, 1.1133333333333333],
[1663425000.0, 1.0631111111111113],
[1663511400.0, 1.0813333333333335],
[1663597800.0, 1.0746666666666667],
[1663684200.0, 1.0426666666666666],
[1663770600.0, 1.0386666666666668],
[1663857000.0, 1.0462222222222222],
[1663943400.0, 1.0066666666666666],
[1664029800.0, 1.0346666666666668],
[1664116200.0, 1.04],
[1664202600.0, 1.0515555555555558],
[1664289000.0, 1.039111111111111],
[1664375400.0, 1.0684444444444445],
[1664461800.0, 1.072],
[1664548200.0, 1.104888888888889],
[1664634600.0, 1.1351111111111112],
[1664717400.0, 1.183111111111111],
[1664803800.0, 1.1711111111111112],
[1664890200.0, 1.1551111111111112],
[1664976600.0, 1.14],
[1665063000.0, 1.1413333333333335],
[1665149400.0, 1.1204444444444444],
[1665235800.0, 1.1022222222222224],
[1665322200.0, 1.1031111111111112],
[1665408600.0, 1.1075555555555556],
[1665495000.0, 1.102666666666667],
[1665581400.0, 1.1306666666666667],
[1665667800.0, 1.1302222222222222],
[1665754200.0, 1.1488888888888888],
[1665840600.0, 1.1320000000000001],
[1665927000.0, 1.1573333333333333],
[1666013400.0, 1.1475555555555554],
[1666099800.0, 1.1444444444444446],
[1666186200.0, 1.1564444444444444],
[1666272600.0, 1.150222222222222],
[1666359000.0, 1.1706666666666665],
[1666445400.0, 1.1662222222222223],
[1666531800.0, 1.1586666666666667],
[1666618200.0, 1.1613333333333333],
[1666704600.0, 1.1448888888888886],
[1666791000.0, 1.1506666666666667],
[1666877400.0, 1.1773333333333333],
[1666963800.0, 1.1795555555555555],
[1667050200.0, 1.1671111111111112],
[1667136600.0, 1.1546666666666665],
[1667223000.0, 1.186222222222222],
[1667309400.0, 1.1515555555555554],
[1667395800.0, 1.1635555555555555],
[1667482200.0, 1.1937777777777776],
[1667568600.0, 1.2026666666666668],
[1667655000.0, 1.2004444444444444],
[1667741400.0, 1.195111111111111],
[1667827800.0, 1.1791111111111112],
[1667914200.0, 1.1800000000000002],
[1668000600.0, 1.196888888888889],
[1668087000.0, 1.2253333333333336],
[1668173400.0, 1.2195555555555557],
[1668259800.0, 1.255111111111111],
[1668346200.0, 1.2475555555555553],
[1668432600.0, 1.3026666666666666],
[1668519000.0, 1.2995555555555556],
[1668605400.0, 1.3071111111111111],
[1668691800.0, 1.3844444444444441],
[1668778200.0, 1.332],
[1668864600.0, 1.3599999999999999],
[1668951000.0, 1.3142222222222222],
[1669037400.0, 1.3124444444444445],
[1669123800.0, 1.2515555555555555],
[1669210200.0, 1.216],
[1669296600.0, 1.2275555555555553],
[1669383000.0, 1.252888888888889],
[1669469400.0, 1.2151111111111108],
[1669555800.0, 1.2222222222222223],
[1669642200.0, 1.2275555555555553],
[1669728600.0, 1.273777777777778],
[1669815000.0, 1.2751111111111113],
[1669901400.0, 1.3057777777777777],
[1669987800.0, 1.301777777777778],
[1670074200.0, 1.296444444444444],
[1670160600.0, 1.2773333333333332],
[1670247000.0, 1.3013333333333332],
[1670333400.0, 1.3071111111111111],
[1670419800.0, 1.2751111111111113],
[1670506200.0, 1.2995555555555558],
[1670592600.0, 1.2720000000000002],
[1670679000.0, 1.2773333333333332],
[1670765400.0, 1.2751111111111113],
[1670851800.0, 1.2755555555555556],
[1670938200.0, 1.277777777777778],
[1671024600.0, 1.2746666666666666],
[1671111000.0, 1.2893333333333332],
[1671197400.0, 1.2875555555555556],
[1671283800.0, 1.264888888888889],
[1671370200.0, 1.2813333333333334],
[1671456600.0, 1.2844444444444443],
[1671543000.0, 1.2724444444444447],
[1671629400.0, 1.2457777777777777],
[1671715800.0, 1.2368888888888891],
[1671802200.0, 1.186222222222222],
[1671888600.0, 1.1546666666666665],
[1671975000.0, 1.207111111111111],
[1672061400.0, 1.2195555555555555],
[1672147800.0, 1.2133333333333334],
[1672234200.0, 1.1906666666666663],
[1672320600.0, 1.1884444444444446],
[1672407000.0, 1.1937777777777778],
[1672493400.0, 1.1760000000000002],
[1672579800.0, 1.1502222222222223],
[1672666200.0, 1.1368888888888888],
[1672752600.0, 1.1311111111111112],
[1672839000.0, 1.1155555555555556],
[1672925400.0, 1.1346666666666667],
[1673011800.0, 1.1782222222222223],
[1673098200.0, 1.1791111111111112],
[1673184600.0, 1.1835555555555552],
[1673271000.0, 1.2137777777777778],
[1673357400.0, 1.2346666666666666],
[1673443800.0, 1.251111111111111],
[1673530200.0, 1.2804444444444445],
[1673616600.0, 1.3035555555555556],
[1673703000.0, 1.3115555555555554],
[1673789400.0, 1.3226666666666667],
[1673875800.0, 1.3199999999999998],
[1673962200.0, 1.3244444444444445],
[1674048600.0, 1.3413333333333333],
[1674135000.0, 1.3635555555555556],
[1674221400.0, 1.4035555555555557],
[1674307800.0, 1.4675555555555553],
[1674394200.0, 1.4715555555555555],
[1674480600.0, 1.4577777777777776],
[1674567000.0, 1.4604444444444444],
[1674653400.0, 1.4693333333333334],
[1674739800.0, 1.4408888888888887],
[1674826200.0, 1.417777777777778],
[1674912600.0, 1.4048888888888889],
[1674999000.0, 1.390666666666667],
[1675085400.0, 1.412888888888889],
[1675171800.0, 1.4288888888888889],
[1675258200.0, 1.4204444444444446],
[1675344600.0, 1.4275555555555555],
[1675431000.0, 1.4004444444444444],
[1675517400.0, 1.4137777777777778],
[1675603800.0, 1.424888888888889],
[1675690200.0, 1.4044444444444446],
[1675776600.0, 1.4191111111111112],
[1675863000.0, 1.4266666666666665],
[1675949400.0, 1.4266666666666665],
