[1635773400.0, 27.73],
[1635859800.0, 27.58],
[1635946200.0, 27.419999999999998],
[1636032600.0, 27.340000000000003],
[1636119000.0, 27.26],
[1636205400.0, 27.02],
[1636291800.0, 27.02],
[1636378200.0, 26.78],
[1636464600.0, 26.7],
[1636551000.0, 26.619999999999997],
[1636637400.0, 26.54],
[1636723800.0, 26.380000000000003],
[1636810200.0, 26.299999999999997],
[1636896600.0, 26.299999999999997],
[1636983000.0, 26.299999999999997],
[1637069400.0, 26.220000000000002],
[1637155800.0, 27.590000000000003],
[1637242200.0, 27.57],
[1637328600.0, 27.57],
[1637415000.0, 27.49],
[1637501400.0, 27.48],
[1637587800.0, 27.48],
[1637674200.0, 27.4],
[1637760600.0, 27.23],
[1637847000.0, 27.15],
[1637933400.0, 27.15],
[1638019800.0, 27.07],
[1638106200.0, 26.91],
[1638192600.0, 26.76],
[1638279000.0, 26.669999999999998],
[1638365400.0, 26.66],
[1638451800.0, 26.66],
[1638538200.0, 26.44],
[1638624600.0, 26.44],
[1638711000.0, 26.39],
[1638797400.0, 26.36],
[1638883800.0, 26.36],
[1638970200.0, 26.31],
[1639056600.0, 26.209999999999997],
[1639143000.0, 26.18],
[1639229400.0, 26.15],
[1639315800.0, 26.130000000000003],
[1639402200.0, 26.1],
[1639488600.0, 26.089999999999996],
[1639575000.0, 26.089999999999996],
[1639661400.0, 24.39],
[1639747800.0, 24.39],
[1639834200.0, 24.32],
[1639920600.0, 24.16],
[1640007000.0, 24.08],
[1640093400.0, 24.07],
[1640179800.0, 23.91],
[1640266200.0, 23.91],
[1640352600.0, 23.91],
[1640439000.0, 23.91],
[1640525400.0, 24.07],
[1640611800.0, 24.02],
[1640698200.0, 24.07],
[1640784600.0, 24.07],
[1640871000.0, 24.07],
[1640957400.0, 24.07],
[1641043800.0, 24.029999999999998],
[1641130200.0, 24.029999999999998],
[1641216600.0, 24.029999999999998],
[1641303000.0, 24.029999999999998],
[1641389400.0, 24.029999999999998],
[1641475800.0, 24.029999999999998],
[1641562200.0, 24.029999999999998],
[1641648600.0, 24.029999999999998],
[1641735000.0, 23.95],
[1641821400.0, 23.869999999999997],
[1641907800.0, 23.82],
[1641994200.0, 23.83],
[1642080600.0, 23.83],
[1642167000.0, 23.83],
[1642253400.0, 23.86],
[1642339800.0, 23.880000000000003],
[1642426200.0, 23.619999999999997],
[1642512600.0, 23.61],
[1642599000.0, 23.43],
[1642685400.0, 23.48],
[1642771800.0, 23.32],
[1642858200.0, 23.540000000000003],
[1642944600.0, 24.41],
[1643031000.0, 24.47],
[1643117400.0, 24.48],
[1643203800.0, 24.49],
[1643290200.0, 24.35],
[1643376600.0, 24.31],
[1643463000.0, 24.29],
[1643549400.0, 24.29],
[1643635800.0, 24.29],
[1643722200.0, 24.29],
[1643808600.0, 24.279999999999998],
[1643895000.0, 24.3],
[1643981400.0, 24.279999999999998],
[1644067800.0, 24.26],
[1644154200.0, 24.24],
[1644240600.0, 24.27],
[1644327000.0, 24.249999999999996],
[1644413400.0, 23.8],
[1644499800.0, 23.8],
[1644586200.0, 23.77],
[1644672600.0, 23.74],
[1644759000.0, 23.67],
[1644845400.0, 23.74],
[1644931800.0, 24.34],
[1645018200.0, 24.369999999999997],
[1645104600.0, 24.380000000000003],
[1645191000.0, 24.380000000000003],
[1645277400.0, 24.369999999999997],
[1645363800.0, 24.619999999999997],
[1645450200.0, 24.64],
[1645536600.0, 24.65],
[1645623000.0, 24.68],
[1645709400.0, 24.65],
[1645795800.0, 24.68],
[1645882200.0, 24.66],
[1645968600.0, 23.619999999999997],
[1646055000.0, 23.43],
[1646141400.0, 23.189999999999998],
[1646227800.0, 23.17],
[1646314200.0, 23.01],
[1646400600.0, 22.98],
[1646487000.0, 22.790000000000003],
[1646573400.0, 22.540000000000003],
[1646659800.0, 22.580000000000002],
[1646746200.0, 22.76],
[1646832600.0, 23.02],
[1646919000.0, 22.84],
[1647005400.0, 22.52],
[1647091800.0, 24.51],
[1647178200.0, 24.48],
[1647264600.0, 24.459999999999997],
[1647351000.0, 24.44],
[1647437400.0, 24.499999999999996],
[1647523800.0, 24.380000000000003],
[1647610200.0, 24.33],
[1647696600.0, 24.18],
[1647783000.0, 24.24],
[1647869400.0, 26.88],
[1647955800.0, 26.839999999999996],
[1648042200.0, 26.799999999999997],
[1648128600.0, 26.810000000000002],
[1648215000.0, 26.799999999999997],
[1648301400.0, 28.03],
[1648387800.0, 31.310000000000002],
[1648474200.0, 31.37],
[1648560600.0, 31.41],
[1648647000.0, 31.479999999999997],
[1648733400.0, 31.520000000000003],
[1648819800.0, 31.419999999999998],
[1648906200.0, 31.37],
[1648996200.0, 31.37],
[1649082600.0, 31.419999999999998],
[1649169000.0, 31.400000000000002],
[1649255400.0, 31.45],
[1649341800.0, 31.29],
[1649428200.0, 31.169999999999998],
[1649514600.0, 31.169999999999998],
[1649601000.0, 31.169999999999998],
[1649687400.0, 31.169999999999998],
[1649773800.0, 31.169999999999998],
[1649860200.0, 31.16],
[1649946600.0, 28.85],
[1650033000.0, 28.7],
[1650119400.0, 28.54],
[1650205800.0, 28.53],
[1650292200.0, 28.14],
[1650378600.0, 28.14],
[1650465000.0, 27.85],
[1650551400.0, 27.85],
[1650637800.0, 27.85],
[1650724200.0, 27.69],
[1650810600.0, 27.669999999999998],
[1650897000.0, 26.130000000000003],
[1650983400.0, 30.66],
[1651069800.0, 30.2],
[1651156200.0, 29.12],
[1651242600.0, 29.150000000000002],
[1651329000.0, 28.35],
[1651415400.0, 26.95],
[1651501800.0, 26.970000000000002],
[1651588200.0, 27.01],
[1651674600.0, 29.33],
[1651761000.0, 29.19],
[1651847400.0, 25.419999999999998],
[1651933800.0, 25.36],
[1652020200.0, 25.36],
[1652106600.0, 25.26],
[1652193000.0, 25.250000000000004],
[1652279400.0, 25.24],
[1652365800.0, 25.01],
[1652452200.0, 25.01],
[1652538600.0, 24.99],
[1652625000.0, 24.98],
[1652711400.0, 25.04],
[1652797800.0, 28.759999999999998],
[1652884200.0, 28.720000000000002],
[1652970600.0, 28.82],
[1653057000.0, 28.95],
[1653143400.0, 28.91],
[1653229800.0, 28.919999999999998],
[1653316200.0, 29.13],
[1653402600.0, 29.139999999999997],
[1653489000.0, 29],
[1653575400.0, 28.799999999999997],
[1653661800.0, 28.88],
[1653748200.0, 28.84],
[1653834600.0, 28.86],
[1653921000.0, 29.08],
[1654007400.0, 29.1],
[1654093800.0, 29.02],
[1654180200.0, 29.03],
[1654266600.0, 29.04],
[1654353000.0, 29.02],
[1654439400.0, 28.99],
[1654525800.0, 29.02],
[1654612200.0, 28.87],
[1654698600.0, 28.79],
[1654785000.0, 28.78],
[1654871400.0, 28.669999999999998],
[1654957800.0, 28.63],
[1655044200.0, 28.58],
[1655130600.0, 28.5],
[1655217000.0, 28.459999999999997],
[1655303400.0, 28.560000000000002],
[1655389800.0, 28.59],
[1655476200.0, 28.45],
[1655562600.0, 28.2],
[1655649000.0, 28.2],
[1655735400.0, 28.310000000000002],
[1655821800.0, 28.169999999999998],
[1655908200.0, 28.03],
[1655994600.0, 28.049999999999997],
[1656081000.0, 28],
[1656167400.0, 27.83],
[1656253800.0, 27.810000000000002],
[1656340200.0, 27.88],
[1656426600.0, 27.75],
[1656513000.0, 27.75],
[1656599400.0, 27.759999999999998],
[1656685800.0, 27.65],
[1656772200.0, 27.63],
[1656858600.0, 27.64],
[1656945000.0, 27.69],
[1657031400.0, 27.709999999999997],
[1657117800.0, 27.63],
[1657204200.0, 27.679999999999996],
[1657290600.0, 27.679999999999996],
[1657377000.0, 27.69],
[1657463400.0, 27.75],
[1657549800.0, 27.69],
[1657636200.0, 27.66],
[1657722600.0, 27.65],
[1657809000.0, 27.53],
[1657895400.0, 27.49],
[1657981800.0, 27.459999999999997],
[1658068200.0, 27.459999999999997],
[1658154600.0, 27.549999999999997],
[1658241000.0, 27.58],
[1658327400.0, 27.51],
[1658413800.0, 27.35],
[1658500200.0, 27.35],
[1658586600.0, 27.44],
[1658673000.0, 27.45],
[1658759400.0, 27.41],
[1658845800.0, 27.369999999999997],
[1658932200.0, 27.4],
[1659018600.0, 27.429999999999996],
[1659105000.0, 27.4],
[1659191400.0, 27.36],
[1659277800.0, 27.41],
[1659364200.0, 27.35],
[1659450600.0, 27.28],
[1659537000.0, 27.16],
[1659623400.0, 27.169999999999998],
[1659709800.0, 27.13],
[1659796200.0, 27.089999999999996],
[1659882600.0, 27.11],
[1659969000.0, 27.16],
[1660055400.0, 27.169999999999998],
[1660141800.0, 27.25],
[1660228200.0, 27.24],
[1660314600.0, 27.209999999999997],
[1660401000.0, 27.209999999999997],
[1660487400.0, 27.209999999999997],
[1660573800.0, 27.209999999999997],
[1660660200.0, 26.970000000000002],
[1660746600.0, 26.98],
[1660833000.0, 26.69],
[1660919400.0, 26.6],
[1661005800.0, 26.549999999999997],
[1661092200.0, 26.549999999999997],
[1661178600.0, 26.5],
[1661265000.0, 26.52],
[1661351400.0, 26.380000000000003],
[1661437800.0, 26.27],
[1661524200.0, 26.089999999999996],
[1661610600.0, 25.95],
[1661697000.0, 25.880000000000003],
[1661783400.0, 25.619999999999997],
[1661869800.0, 25.470000000000002],
[1661956200.0, 25.250000000000004],
[1662042600.0, 25.119999999999997],
[1662129000.0, 24.970000000000002],
[1662215400.0, 24.749999999999996],
[1662301800.0, 24.66],
[1662388200.0, 24.49],
[1662474600.0, 24.29],
[1662561000.0, 24.19],
[1662647400.0, 24.82],
[1662733800.0, 24.869999999999997],
[1662820200.0, 24.84],
[1662906600.0, 24.86],
[1662993000.0, 24.93],
[1663079400.0, 24.86],
[1663165800.0, 24.81],
[1663252200.0, 24.68],
[1663338600.0, 28.14],
[1663425000.0, 28.1],
[1663511400.0, 28.1],
[1663597800.0, 28.14],
[1663684200.0, 28.08],
[1663770600.0, 27.929999999999996],
[1663857000.0, 27.869999999999997],
[1663943400.0, 27.66],
[1664029800.0, 27.590000000000003],
[1664116200.0, 27.549999999999997],
[1664202600.0, 27.49],
[1664289000.0, 27.39],
[1664375400.0, 27.419999999999998],
[1664461800.0, 27.429999999999996],
[1664548200.0, 27.679999999999996],
[1664634600.0, 28.11],
[1664717400.0, 27.4],
[1664803800.0, 26.7],
[1664890200.0, 27.54],
[1664976600.0, 27.54],
[1665063000.0, 27.54],
[1665149400.0, 27.54],
[1665235800.0, 27.54],
[1665322200.0, 27.54],
[1665408600.0, 27.54],
[1665495000.0, 27.33],
[1665581400.0, 26.91],
[1665667800.0, 26.76],
[1665754200.0, 26.69],
[1665840600.0, 26.6],
[1665927000.0, 26.28],
[1666013400.0, 25.01],
[1666099800.0, 23.3],
[1666186200.0, 27.169999999999998],
[1666272600.0, 30.25],
[1666359000.0, 30.25],
[1666445400.0, 30.25],
[1666531800.0, 32.800000000000004],
[1666618200.0, 32.300000000000004],
[1666704600.0, 32.68],
[1666791000.0, 32.53],
[1666877400.0, 31.520000000000003],
[1666963800.0, 31.45],
[1667050200.0, 31.45],
[1667136600.0, 29.919999999999998],
[1667223000.0, 30.04],
[1667309400.0, 29.430000000000003],
[1667395800.0, 29.310000000000002],
[1667482200.0, 29.72],
[1667568600.0, 29.24],
[1667655000.0, 29.09],
[1667741400.0, 28.78],
[1667827800.0, 28.470000000000002],
[1667914200.0, 28.220000000000002],
[1668000600.0, 28.41],
[1668087000.0, 28.62],
[1668173400.0, 28.560000000000002],
[1668259800.0, 28.49],
[1668346200.0, 28.5],
[1668432600.0, 31.019999999999996],
[1668519000.0, 30.84],
[1668605400.0, 30.54],
[1668691800.0, 30.69],
[1668778200.0, 30.69],
[1668864600.0, 30.69],
[1668951000.0, 30.5],
[1669037400.0, 30.54],
[1669123800.0, 30.38],
[1669210200.0, 30.560000000000002],
[1669296600.0, 30.5],
[1669383000.0, 30.5],
[1669469400.0, 30.5],
[1669555800.0, 30.310000000000002],
[1669642200.0, 30.5],
[1669728600.0, 30.83],
[1669815000.0, 31.019999999999996],
[1669901400.0, 30.919999999999998],
[1669987800.0, 30.919999999999998],
[1670074200.0, 30.919999999999998],
[1670160600.0, 31.169999999999998],
[1670247000.0, 31.03],
[1670333400.0, 31.13],
[1670419800.0, 31.16],
[1670506200.0, 31.2],
[1670592600.0, 31.2],
[1670679000.0, 31.2],
[1670765400.0, 31.099999999999998],
[1670851800.0, 31.25],
[1670938200.0, 31.08],
[1671024600.0, 30.98],
[1671111000.0, 30.990000000000002],
[1671197400.0, 30.91],
[1671283800.0, 30.91],
[1671370200.0, 30.889999999999997],
[1671456600.0, 30.96],
[1671543000.0, 30.87],
[1671629400.0, 30.86],
[1671715800.0, 30.84],
[1671802200.0, 30.84],
[1671888600.0, 30.769999999999996],
[1671975000.0, 30.88],
[1672061400.0, 30.889999999999997],
[1672147800.0, 30.810000000000002],
[1672234200.0, 30.88],
[1672320600.0, 31.169999999999998],
[1672407000.0, 31.169999999999998],
[1672493400.0, 31.169999999999998],
[1672579800.0, 31.169999999999998],
[1672666200.0, 31.11],
[1672752600.0, 29.04],
[1672839000.0, 29.07],
[1672925400.0, 29.25],
[1673011800.0, 29.25],
[1673098200.0, 29.25],
[1673184600.0, 29.54],
[1673271000.0, 29.509999999999998],
[1673357400.0, 29.54],
[1673443800.0, 31.919999999999998],
[1673530200.0, 32.09],
[1673616600.0, 32.09],
[1673703000.0, 32.09],
[1673789400.0, 31.94],
[1673875800.0, 31.75],
[1673962200.0, 31.88],
[1674048600.0, 31.740000000000002],
[1674135000.0, 31.68],
[1674221400.0, 31.7],
[1674307800.0, 31.7],
[1674394200.0, 31.7],
[1674480600.0, 31.7],
[1674567000.0, 31.7],
[1674653400.0, 31.7],
[1674739800.0, 31.7],
[1674826200.0, 31.7],
[1674912600.0, 31.7],
[1674999000.0, 31.86],
[1675085400.0, 31.69],
[1675171800.0, 31.75],
[1675258200.0, 31.81],
[1675344600.0, 31.599999999999998],
[1675431000.0, 31.740000000000002],
[1675517400.0, 31.740000000000002],
[1675603800.0, 39.589999999999996],
[1675690200.0, 35.339999999999996],
[1675776600.0, 35.36],
[1675863000.0, 35.36],
[1675949400.0, 35.36],
