[1635773400.0, 3.5740000000000003],
[1635859800.0, 3.588],
[1635946200.0, 3.5860000000000007],
[1636032600.0, 3.502],
[1636119000.0, 3.564],
[1636205400.0, 3.724],
[1636291800.0, 3.59],
[1636378200.0, 3.5119999999999996],
[1636464600.0, 3.4799999999999995],
[1636551000.0, 3.4620000000000006],
[1636637400.0, 3.434],
[1636723800.0, 3.4760000000000004],
[1636810200.0, 3.472],
[1636896600.0, 3.418],
[1636983000.0, 3.3880000000000003],
[1637069400.0, 3.386],
[1637155800.0, 3.408],
[1637242200.0, 3.254],
[1637328600.0, 3.404],
[1637415000.0, 3.386],
[1637501400.0, 3.2619999999999996],
[1637587800.0, 3.178],
[1637674200.0, 3.226],
[1637760600.0, 3.2299999999999995],
[1637847000.0, 3.276],
[1637933400.0, 3.4259999999999997],
[1638019800.0, 3.332],
[1638106200.0, 3.318],
[1638192600.0, 3.154],
[1638279000.0, 3.274],
[1638365400.0, 3.428],
[1638451800.0, 3.4019999999999997],
[1638538200.0, 3.4959999999999996],
[1638624600.0, 3.4859999999999998],
[1638711000.0, 3.6399999999999997],
[1638797400.0, 3.658],
[1638883800.0, 3.482],
[1638970200.0, 3.4139999999999993],
[1639056600.0, 3.4219999999999993],
[1639143000.0, 3.598],
[1639229400.0, 3.7379999999999995],
[1639315800.0, 3.6379999999999995],
[1639402200.0, 3.6339999999999995],
[1639488600.0, 3.468],
[1639575000.0, 3.46],
[1639661400.0, 3.4519999999999995],
[1639747800.0, 3.5980000000000003],
[1639834200.0, 3.5900000000000007],
[1639920600.0, 3.588],
[1640007000.0, 3.5620000000000003],
[1640093400.0, 3.6040000000000005],
[1640179800.0, 3.6040000000000005],
[1640266200.0, 3.3440000000000003],
[1640352600.0, 3.4260000000000006],
[1640439000.0, 3.414],
[1640525400.0, 3.3659999999999997],
[1640611800.0, 3.368],
[1640698200.0, 3.354],
[1640784600.0, 3.308],
[1640871000.0, 3.3120000000000003],
[1640957400.0, 3.35],
[1641043800.0, 3.368],
[1641130200.0, 3.354],
[1641216600.0, 3.364],
[1641303000.0, 3.4619999999999997],
[1641389400.0, 3.46],
[1641475800.0, 4.087999999999999],
[1641562200.0, 3.8560000000000003],
[1641648600.0, 3.7440000000000007],
[1641735000.0, 3.6659999999999995],
[1641821400.0, 3.7079999999999993],
[1641907800.0, 3.6999999999999993],
[1641994200.0, 3.8619999999999997],
[1642080600.0, 3.8699999999999997],
[1642167000.0, 3.7559999999999993],
[1642253400.0, 3.7419999999999995],
[1642339800.0, 3.839999999999999],
[1642426200.0, 3.845999999999999],
[1642512600.0, 3.8559999999999994],
[1642599000.0, 3.816],
[1642685400.0, 3.79],
[1642771800.0, 3.5060000000000002],
[1642858200.0, 3.468],
[1642944600.0, 3.4579999999999997],
[1643031000.0, 3.696],
[1643117400.0, 3.6420000000000003],
[1643203800.0, 3.632],
[1643290200.0, 3.5340000000000003],
[1643376600.0, 3.5059999999999993],
[1643463000.0, 3.4739999999999993],
[1643549400.0, 3.3899999999999997],
[1643635800.0, 3.3899999999999997],
[1643722200.0, 3.3899999999999997],
[1643808600.0, 3.4840000000000004],
[1643895000.0, 3.468000000000001],
[1643981400.0, 3.4260000000000006],
[1644067800.0, 3.406],
[1644154200.0, 3.402],
[1644240600.0, 3.3920000000000003],
[1644327000.0, 3.3800000000000003],
[1644413400.0, 3.2399999999999998],
[1644499800.0, 3.2619999999999996],
[1644586200.0, 3.2880000000000003],
[1644672600.0, 3.4240000000000004],
[1644759000.0, 3.3339999999999996],
[1644845400.0, 3.5159999999999996],
[1644931800.0, 3.5199999999999996],
[1645018200.0, 3.518],
[1645104600.0, 3.7699999999999996],
[1645191000.0, 3.482],
[1645277400.0, 3.382],
[1645363800.0, 3.35],
[1645450200.0, 3.178],
[1645536600.0, 3.304],
[1645623000.0, 3.732],
[1645709400.0, 3.728],
[1645795800.0, 3.81],
[1645882200.0, 3.9899999999999998],
[1645968600.0, 3.918],
[1646055000.0, 3.9619999999999997],
[1646141400.0, 3.9580000000000006],
[1646227800.0, 3.845999999999999],
[1646314200.0, 3.936],
[1646400600.0, 3.496],
[1646487000.0, 3.5479999999999996],
[1646573400.0, 3.5100000000000002],
[1646659800.0, 3.5160000000000005],
[1646746200.0, 3.5120000000000005],
[1646832600.0, 3.3880000000000003],
[1646919000.0, 3.8440000000000003],
[1647005400.0, 3.844],
[1647091800.0, 3.3899999999999997],
[1647178200.0, 3.929999999999999],
[1647264600.0, 3.9219999999999993],
[1647351000.0, 3.906],
[1647437400.0, 3.8839999999999995],
[1647523800.0, 3.8040000000000007],
[1647610200.0, 3.414],
[1647696600.0, 3.8],
[1647783000.0, 3.436],
[1647869400.0, 3.38],
[1647955800.0, 3.3600000000000003],
[1648042200.0, 3.372],
[1648128600.0, 3.322],
[1648215000.0, 3.3300000000000005],
[1648301400.0, 3.3160000000000003],
[1648387800.0, 3.2279999999999993],
[1648474200.0, 3.2979999999999996],
[1648560600.0, 3.2959999999999994],
[1648647000.0, 3.594],
[1648733400.0, 3.6180000000000008],
[1648819800.0, 3.614],
[1648906200.0, 3.5119999999999996],
[1648996200.0, 3.534],
[1649082600.0, 3.532],
[1649169000.0, 3.5340000000000003],
[1649255400.0, 3.664],
[1649341800.0, 3.4779999999999993],
[1649428200.0, 3.476],
[1649514600.0, 3.47],
[1649601000.0, 3.47],
[1649687400.0, 3.47],
[1649773800.0, 3.47],
[1649860200.0, 3.47],
[1649946600.0, 3.508],
[1650033000.0, 3.5419999999999994],
[1650119400.0, 3.5180000000000007],
[1650205800.0, 3.4219999999999997],
[1650292200.0, 3.7959999999999994],
[1650378600.0, 3.8059999999999996],
[1650465000.0, 3.7980000000000005],
[1650551400.0, 3.7980000000000005],
[1650637800.0, 3.7980000000000005],
[1650724200.0, 4.164],
[1650810600.0, 3.8560000000000003],
[1650897000.0, 3.8540000000000005],
[1650983400.0, 3.896000000000001],
[1651069800.0, 3.819999999999999],
[1651156200.0, 3.658],
[1651242600.0, 3.6339999999999995],
[1651329000.0, 3.6440000000000006],
[1651415400.0, 4.804],
[1651501800.0, 4.776],
[1651588200.0, 3.848],
[1651674600.0, 3.8160000000000003],
[1651761000.0, 3.7980000000000005],
[1651847400.0, 3.752],
[1651933800.0, 3.654],
[1652020200.0, 3.646],
[1652106600.0, 3.6439999999999997],
[1652193000.0, 3.5620000000000003],
[1652279400.0, 3.556],
[1652365800.0, 3.504],
[1652452200.0, 4.184],
[1652538600.0, 3.4260000000000006],
[1652625000.0, 3.468],
[1652711400.0, 3.378],
[1652797800.0, 3.3839999999999995],
[1652884200.0, 3.4379999999999997],
[1652970600.0, 3.4520000000000004],
[1653057000.0, 3.464],
[1653143400.0, 3.4560000000000004],
[1653229800.0, 3.434],
[1653316200.0, 3.404],
[1653402600.0, 3.2860000000000005],
[1653489000.0, 3.2479999999999998],
[1653575400.0, 3.21],
[1653661800.0, 3.1979999999999995],
[1653748200.0, 3.17],
[1653834600.0, 3.1699999999999995],
[1653921000.0, 3.1639999999999997],
[1654007400.0, 3.3120000000000003],
[1654093800.0, 3.3040000000000007],
[1654180200.0, 3.4],
[1654266600.0, 3.3900000000000006],
[1654353000.0, 3.3840000000000003],
[1654439400.0, 3.382],
[1654525800.0, 3.3860000000000006],
[1654612200.0, 3.3480000000000003],
[1654698600.0, 3.276],
[1654785000.0, 3.19],
[1654871400.0, 3.1719999999999997],
[1654957800.0, 3.154],
[1655044200.0, 3.132],
[1655130600.0, 3.07],
[1655217000.0, 3.0639999999999996],
[1655303400.0, 3.1079999999999997],
[1655389800.0, 3.032],
[1655476200.0, 2.982],
[1655562600.0, 2.972],
[1655649000.0, 2.966],
[1655735400.0, 2.968],
[1655821800.0, 2.9619999999999997],
[1655908200.0, 2.96],
[1655994600.0, 2.9620000000000006],
[1656081000.0, 2.962],
[1656167400.0, 2.9520000000000004],
[1656253800.0, 2.9360000000000004],
[1656340200.0, 2.95],
[1656426600.0, 2.964],
[1656513000.0, 2.96],
[1656599400.0, 2.962],
[1656685800.0, 2.9539999999999997],
[1656772200.0, 2.9499999999999997],
[1656858600.0, 2.9379999999999997],
[1656945000.0, 2.9400000000000004],
[1657031400.0, 2.9219999999999997],
[1657117800.0, 2.912],
[1657204200.0, 2.938],
[1657290600.0, 2.9360000000000004],
[1657377000.0, 2.934],
[1657463400.0, 2.9320000000000004],
[1657549800.0, 2.9200000000000004],
[1657636200.0, 2.9160000000000004],
[1657722600.0, 2.9099999999999997],
[1657809000.0, 2.994],
[1657895400.0, 2.934],
[1657981800.0, 3.088],
[1658068200.0, 3.072],
[1658154600.0, 3.1479999999999997],
[1658241000.0, 3.15],
[1658327400.0, 3.138],
[1658413800.0, 3.1700000000000004],
[1658500200.0, 3.1279999999999997],
[1658586600.0, 3.168],
[1658673000.0, 3.17],
[1658759400.0, 3.226],
[1658845800.0, 3.2080000000000006],
[1658932200.0, 3.248],
[1659018600.0, 3.2380000000000004],
[1659105000.0, 3.2260000000000004],
[1659191400.0, 3.214000000000001],
[1659277800.0, 3.2359999999999998],
[1659364200.0, 3.3480000000000003],
[1659450600.0, 3.3480000000000003],
[1659537000.0, 3.368],
[1659623400.0, 3.404],
[1659709800.0, 3.3800000000000003],
[1659796200.0, 3.368],
[1659882600.0, 3.2739999999999996],
[1659969000.0, 3.2760000000000007],
[1660055400.0, 3.232],
[1660141800.0, 3.2560000000000002],
[1660228200.0, 3.25],
[1660314600.0, 3.228],
[1660401000.0, 3.228],
[1660487400.0, 3.228],
[1660573800.0, 3.228],
[1660660200.0, 3.2640000000000002],
[1660746600.0, 3.2940000000000005],
[1660833000.0, 3.2900000000000005],
[1660919400.0, 3.2380000000000004],
[1661005800.0, 5.262],
[1661092200.0, 4.38],
[1661178600.0, 5.219999999999999],
[1661265000.0, 5.264],
[1661351400.0, 4.816],
[1661437800.0, 4.794],
[1661524200.0, 3.056],
[1661610600.0, 3.1960000000000006],
[1661697000.0, 3.184],
[1661783400.0, 3.3],
[1661869800.0, 3.1020000000000008],
[1661956200.0, 3.1340000000000003],
[1662042600.0, 3.130000000000001],
[1662129000.0, 3.2380000000000004],
[1662215400.0, 3.2479999999999998],
[1662301800.0, 3.414],
[1662388200.0, 3.8340000000000005],
[1662474600.0, 3.812],
[1662561000.0, 3.8099999999999996],
[1662647400.0, 3.646],
[1662733800.0, 3.9],
[1662820200.0, 3.81],
[1662906600.0, 3.8980000000000006],
[1662993000.0, 3.464],
[1663079400.0, 3.4579999999999997],
[1663165800.0, 3.7900000000000014],
[1663252200.0, 3.7020000000000004],
[1663338600.0, 4.470000000000001],
[1663425000.0, 4.46],
[1663511400.0, 3.9120000000000004],
[1663597800.0, 3.5180000000000007],
[1663684200.0, 3.536],
[1663770600.0, 3.8519999999999994],
[1663857000.0, 3.748],
[1663943400.0, 3.632],
[1664029800.0, 3.564],
[1664116200.0, 3.7239999999999993],
[1664202600.0, 3.6119999999999997],
[1664289000.0, 3.636],
[1664375400.0, 3.5460000000000003],
[1664461800.0, 3.500000000000001],
[1664548200.0, 3.9059999999999997],
[1664634600.0, 3.9539999999999997],
[1664717400.0, 3.918],
[1664803800.0, 3.978],
[1664890200.0, 3.95],
[1664976600.0, 4.482],
[1665063000.0, 4.272],
[1665149400.0, 4.3759999999999994],
[1665235800.0, 6.336],
[1665322200.0, 4.648],
[1665408600.0, 4.686],
[1665495000.0, 4.098000000000001],
[1665581400.0, 4.128000000000001],
[1665667800.0, 4.038],
[1665754200.0, 4.078],
[1665840600.0, 4.0200000000000005],
[1665927000.0, 3.996],
[1666013400.0, 4.0040000000000004],
[1666099800.0, 4.036],
[1666186200.0, 3.94],
[1666272600.0, 4.005999999999999],
[1666359000.0, 3.9879999999999995],
[1666445400.0, 4.458],
[1666531800.0, 4.458],
[1666618200.0, 4.472],
[1666704600.0, 3.942],
[1666791000.0, 3.9299999999999997],
[1666877400.0, 4.056],
[1666963800.0, 3.9800000000000004],
[1667050200.0, 4.098000000000001],
[1667136600.0, 4.112],
[1667223000.0, 3.9619999999999997],
[1667309400.0, 3.9240000000000004],
[1667395800.0, 3.938000000000001],
[1667482200.0, 4.002000000000001],
[1667568600.0, 3.968000000000001],
[1667655000.0, 3.942],
[1667741400.0, 3.7479999999999998],
[1667827800.0, 3.8359999999999994],
[1667914200.0, 3.8839999999999995],
[1668000600.0, 4.21],
[1668087000.0, 4.334],
[1668173400.0, 4.284000000000001],
[1668259800.0, 22.533999999999995],
[1668346200.0, 16.497999999999998],
[1668432600.0, 9.416],
[1668519000.0, 9.122],
[1668605400.0, 9.115999999999998],
[1668691800.0, 4.279999999999999],
[1668778200.0, 4.058],
[1668864600.0, 4.178000000000001],
[1668951000.0, 4.23],
[1669037400.0, 4.232],
[1669123800.0, 4.212000000000001],
[1669210200.0, 4.2],
[1669296600.0, 4.208],
[1669383000.0, 4.196],
[1669469400.0, 4.246],
[1669555800.0, 4.194],
[1669642200.0, 4.144],
[1669728600.0, 4.0600000000000005],
[1669815000.0, 4.156000000000001],
[1669901400.0, 4.156],
[1669987800.0, 4.113999999999999],
[1670074200.0, 4.025999999999999],
[1670160600.0, 4.056],
[1670247000.0, 4.16],
[1670333400.0, 4.108],
[1670419800.0, 4.066],
[1670506200.0, 4.185999999999999],
[1670592600.0, 4.296000000000001],
[1670679000.0, 4.266000000000001],
[1670765400.0, 4.252],
[1670851800.0, 4.138],
[1670938200.0, 4.13],
[1671024600.0, 4.1160000000000005],
[1671111000.0, 4.1160000000000005],
[1671197400.0, 4.101999999999999],
[1671283800.0, 4.096000000000001],
[1671370200.0, 4.134],
[1671456600.0, 4.156],
[1671543000.0, 3.97],
[1671629400.0, 4.072000000000001],
[1671715800.0, 4.034],
[1671802200.0, 4.032],
[1671888600.0, 3.9840000000000004],
[1671975000.0, 4.016],
[1672061400.0, 3.9559999999999995],
[1672147800.0, 4.026000000000001],
[1672234200.0, 4.037999999999999],
[1672320600.0, 4.058000000000001],
[1672407000.0, 3.972],
[1672493400.0, 3.978],
[1672579800.0, 3.978],
[1672666200.0, 3.9659999999999997],
[1672752600.0, 3.9840000000000004],
[1672839000.0, 3.9840000000000004],
[1672925400.0, 4.032],
[1673011800.0, 4.031999999999999],
[1673098200.0, 4.038],
[1673184600.0, 4.052000000000001],
[1673271000.0, 4.048],
[1673357400.0, 4.058],
[1673443800.0, 4.044],
[1673530200.0, 4.034000000000001],
[1673616600.0, 4.098],
[1673703000.0, 4.076],
[1673789400.0, 4.052],
[1673875800.0, 4.01],
[1673962200.0, 4.0040000000000004],
[1674048600.0, 4.048],
[1674135000.0, 4.0120000000000005],
[1674221400.0, 3.9560000000000004],
[1674307800.0, 3.9260000000000006],
[1674394200.0, 3.8680000000000008],
[1674480600.0, 3.9900000000000007],
[1674567000.0, 3.9779999999999993],
[1674653400.0, 4.026],
[1674739800.0, 3.9620000000000006],
[1674826200.0, 3.9400000000000004],
[1674912600.0, 4.191999999999999],
[1674999000.0, 4.140000000000001],
[1675085400.0, 4.1240000000000006],
[1675171800.0, 4.109999999999999],
[1675258200.0, 5.29],
[1675344600.0, 5.142],
[1675431000.0, 4.724],
[1675517400.0, 4.622],
[1675603800.0, 4.486],
[1675690200.0, 4.478],
[1675776600.0, 4.354000000000001],
[1675863000.0, 4.428000000000001],
[1675949400.0, 4.428000000000001],
