[1635773400.0, 6.9215588],
[1635859800.0, 6.960690799999999],
[1635946200.0, 7.0157872],
[1636032600.0, 7.050625200000001],
[1636119000.0, 7.259499],
[1636205400.0, 7.182734199999999],
[1636291800.0, 7.057588399999998],
[1636378200.0, 7.1144768],
[1636464600.0, 7.2662648],
[1636551000.0, 7.184963200000001],
[1636637400.0, 7.2791746],
[1636723800.0, 7.2651411999999995],
[1636810200.0, 7.242793000000001],
[1636896600.0, 7.270214],
[1636983000.0, 7.5427778000000005],
[1637069400.0, 7.537307],
[1637155800.0, 7.2044326],
[1637242200.0, 7.7479214],
[1637328600.0, 7.7629428],
[1637415000.0, 7.655744200000001],
[1637501400.0, 7.358039199999999],
[1637587800.0, 7.7078050000000005],
[1637674200.0, 7.6984982],
[1637760600.0, 7.689091599999999],
[1637847000.0, 7.6856526],
[1637933400.0, 7.455585200000002],
[1638019800.0, 7.3114126],
[1638106200.0, 7.455211],
[1638192600.0, 7.6106679999999995],
[1638279000.0, 7.430041399999999],
[1638365400.0, 7.573620999999998],
[1638451800.0, 7.9158706],
[1638538200.0, 7.8882584],
[1638624600.0, 7.773968199999999],
[1638711000.0, 8.0614638],
[1638797400.0, 8.363513999999999],
[1638883800.0, 8.529958399999998],
[1638970200.0, 8.4751616],
[1639056600.0, 8.490538800000001],
[1639143000.0, 8.527917799999999],
[1639229400.0, 8.310825],
[1639315800.0, 8.497711599999999],
[1639402200.0, 8.453034200000001],
[1639488600.0, 8.5419664],
[1639575000.0, 8.6362066],
[1639661400.0, 8.617440199999999],
[1639747800.0, 8.518549000000002],
[1639834200.0, 8.6310912],
[1639920600.0, 8.6012106],
[1640007000.0, 8.6904656],
[1640093400.0, 8.521912],
[1640179800.0, 8.402114200000002],
[1640266200.0, 8.448883200000001],
[1640352600.0, 8.559354599999999],
[1640439000.0, 8.5798822],
[1640525400.0, 8.0797768],
[1640611800.0, 8.391822200000002],
[1640698200.0, 8.4097418],
[1640784600.0, 8.314332],
[1640871000.0, 8.154265399999998],
[1640957400.0, 8.4805046],
[1641043800.0, 8.509122600000001],
[1641130200.0, 8.7144762],
[1641216600.0, 8.883669399999999],
[1641303000.0, 8.8590716],
[1641389400.0, 8.754713200000001],
[1641475800.0, 9.129760200000002],
[1641562200.0, 8.9187368],
[1641648600.0, 9.0079854],
[1641735000.0, 9.272667799999999],
[1641821400.0, 9.171692799999999],
[1641907800.0, 9.0678172],
[1641994200.0, 8.968946800000001],
[1642080600.0, 9.2329336],
[1642167000.0, 9.2893312],
[1642253400.0, 9.3355576],
[1642339800.0, 9.2295272],
[1642426200.0, 9.333887200000001],
[1642512600.0, 8.9540782],
[1642599000.0, 9.0710126],
[1642685400.0, 9.247805],
[1642771800.0, 9.2572392],
[1642858200.0, 9.070620600000002],
[1642944600.0, 9.2052044],
[1643031000.0, 9.4139752],
[1643117400.0, 9.342991000000001],
[1643203800.0, 9.2732136],
[1643290200.0, 9.1078362],
[1643376600.0, 9.0675726],
[1643463000.0, 9.1338414],
[1643549400.0, 9.110236600000002],
[1643635800.0, 9.110236600000002],
[1643722200.0, 9.110236600000002],
[1643808600.0, 9.135379400000001],
[1643895000.0, 9.111068799999998],
[1643981400.0, 9.288781799999999],
[1644067800.0, 9.296544800000001],
[1644154200.0, 9.025687199999998],
[1644240600.0, 9.0554324],
[1644327000.0, 9.265694199999999],
[1644413400.0, 9.1916378],
[1644499800.0, 9.1850104],
[1644586200.0, 9.304516],
[1644672600.0, 9.3720584],
[1644759000.0, 9.461488],
[1644845400.0, 9.166395],
[1644931800.0, 9.347201],
[1645018200.0, 9.343486799999999],
[1645104600.0, 9.3421292],
[1645191000.0, 9.3896032],
[1645277400.0, 9.8423928],
[1645363800.0, 9.7797786],
[1645450200.0, 9.653412],
[1645536600.0, 9.796847999999999],
[1645623000.0, 9.835665800000001],
[1645709400.0, 9.8387754],
[1645795800.0, 9.8908796],
[1645882200.0, 9.7031648],
[1645968600.0, 9.869846599999999],
[1646055000.0, 10.124839600000001],
[1646141400.0, 9.8349416],
[1646227800.0, 9.9813148],
[1646314200.0, 9.740302799999998],
[1646400600.0, 10.0851002],
[1646487000.0, 9.869292600000001],
[1646573400.0, 9.962059399999998],
[1646659800.0, 9.7698956],
[1646746200.0, 10.1799958],
[1646832600.0, 10.2615768],
[1646919000.0, 10.2773632],
[1647005400.0, 10.455896599999999],
[1647091800.0, 10.252444799999997],
[1647178200.0, 10.558132599999999],
[1647264600.0, 10.5680576],
[1647351000.0, 10.623700199999998],
[1647437400.0, 10.8742792],
[1647523800.0, 11.020099599999998],
[1647610200.0, 11.183450399999998],
[1647696600.0, 11.033044199999999],
[1647783000.0, 10.6913588],
[1647869400.0, 10.6519118],
[1647955800.0, 10.775291999999999],
[1648042200.0, 10.639297000000003],
[1648128600.0, 10.665507400000001],
[1648215000.0, 10.702307600000001],
[1648301400.0, 10.974463400000001],
[1648387800.0, 10.939336399999998],
[1648474200.0, 10.746058399999999],
[1648560600.0, 10.8377656],
[1648647000.0, 11.1170912],
[1648733400.0, 10.931181599999999],
[1648819800.0, 11.149912400000002],
[1648906200.0, 10.7144382],
[1648996200.0, 10.7974274],
[1649082600.0, 10.986425200000001],
[1649169000.0, 11.152227800000002],
[1649255400.0, 11.5016228],
[1649341800.0, 11.9374164],
[1649428200.0, 11.358026],
[1649514600.0, 11.6675836],
[1649601000.0, 11.8106604],
[1649687400.0, 11.8483794],
[1649773800.0, 12.1574782],
[1649860200.0, 12.236492799999999],
[1649946600.0, 12.3805468],
[1650033000.0, 12.4983838],
[1650119400.0, 12.227931000000002],
[1650205800.0, 12.303301000000001],
[1650292200.0, 12.2432298],
[1650378600.0, 12.241571],
[1650465000.0, 12.255656599999998],
[1650551400.0, 12.255656599999998],
[1650637800.0, 12.255656599999998],
[1650724200.0, 12.7775594],
[1650810600.0, 12.369784399999999],
[1650897000.0, 12.3714362],
[1650983400.0, 12.4023446],
[1651069800.0, 12.5297278],
[1651156200.0, 12.3385362],
[1651242600.0, 12.4444636],
[1651329000.0, 12.3723126],
[1651415400.0, 12.328452],
[1651501800.0, 12.343746],
[1651588200.0, 12.680584399999999],
[1651674600.0, 12.2097762],
[1651761000.0, 11.8726654],
[1651847400.0, 12.1001712],
[1651933800.0, 12.161757399999999],
[1652020200.0, 12.161112400000002],
[1652106600.0, 12.096003999999999],
[1652193000.0, 12.0125886],
[1652279400.0, 11.8008422],
[1652365800.0, 12.1406756],
[1652452200.0, 12.2070074],
[1652538600.0, 12.186253799999998],
[1652625000.0, 12.198544799999999],
[1652711400.0, 12.193549999999998],
[1652797800.0, 12.1275784],
[1652884200.0, 12.199920600000002],
[1652970600.0, 12.297811800000002],
[1653057000.0, 12.315550199999999],
[1653143400.0, 12.5789418],
[1653229800.0, 12.3034704],
[1653316200.0, 12.246090599999999],
[1653402600.0, 12.382102],
[1653489000.0, 12.386801600000002],
[1653575400.0, 12.3067504],
[1653661800.0, 12.415674000000001],
[1653748200.0, 12.546210799999997],
[1653834600.0, 12.9598538],
[1653921000.0, 12.3887886],
[1654007400.0, 12.768537199999999],
[1654093800.0, 12.764866800000002],
[1654180200.0, 12.81395],
[1654266600.0, 12.730971],
[1654353000.0, 12.555656200000001],
[1654439400.0, 12.3216052],
[1654525800.0, 12.1415054],
[1654612200.0, 12.2617722],
[1654698600.0, 12.5895846],
[1654785000.0, 12.350992399999999],
[1654871400.0, 12.495876599999999],
[1654957800.0, 12.456588199999999],
[1655044200.0, 12.7104484],
[1655130600.0, 12.594482199999998],
[1655217000.0, 12.298487799999998],
[1655303400.0, 12.3549546],
[1655389800.0, 12.3427492],
[1655476200.0, 12.0451378],
[1655562600.0, 11.73744],
[1655649000.0, 11.817849800000001],
[1655735400.0, 11.8612152],
[1655821800.0, 11.6803788],
[1655908200.0, 11.323026199999997],
[1655994600.0, 11.5898932],
[1656081000.0, 11.698923],
[1656167400.0, 11.176598799999999],
[1656253800.0, 11.367178399999998],
[1656340200.0, 11.474874600000001],
[1656426600.0, 11.338352],
[1656513000.0, 11.642501399999997],
[1656599400.0, 11.674635199999999],
[1656685800.0, 11.826552799999998],
[1656772200.0, 11.450584],
[1656858600.0, 11.3665998],
[1656945000.0, 11.5079518],
[1657031400.0, 10.9426908],
[1657117800.0, 11.544851399999999],
[1657204200.0, 11.38647],
[1657290600.0, 11.581152600000001],
[1657377000.0, 11.3950402],
[1657463400.0, 11.439111800000001],
[1657549800.0, 11.3535902],
[1657636200.0, 11.409848],
[1657722600.0, 11.8338166],
[1657809000.0, 11.7060362],
[1657895400.0, 11.624849600000001],
[1657981800.0, 11.796618599999999],
[1658068200.0, 11.7356274],
[1658154600.0, 11.976210399999998],
[1658241000.0, 11.9698334],
[1658327400.0, 12.4622826],
[1658413800.0, 11.8152486],
[1658500200.0, 11.966450599999998],
[1658586600.0, 11.9729646],
[1658673000.0, 11.8575654],
[1658759400.0, 11.833460599999999],
[1658845800.0, 11.5509444],
[1658932200.0, 11.5380202],
[1659018600.0, 11.6733118],
[1659105000.0, 11.775939000000003],
[1659191400.0, 11.49839],
[1659277800.0, 11.6189492],
[1659364200.0, 11.6573338],
[1659450600.0, 11.550186400000001],
[1659537000.0, 11.9898192],
[1659623400.0, 12.1699548],
[1659709800.0, 12.273563999999999],
[1659796200.0, 12.3380376],
[1659882600.0, 12.6568696],
[1659969000.0, 12.0485692],
[1660055400.0, 12.4814334],
[1660141800.0, 12.318243800000001],
[1660228200.0, 13.020336599999998],
[1660314600.0, 13.268794399999999],
[1660401000.0, 13.268794399999999],
[1660487400.0, 13.268794399999999],
[1660573800.0, 13.268794399999999],
[1660660200.0, 12.795555400000001],
[1660746600.0, 12.7104106],
[1660833000.0, 12.646142399999999],
[1660919400.0, 12.7253198],
[1661005800.0, 12.565536999999999],
[1661092200.0, 12.460516199999999],
[1661178600.0, 12.499609000000003],
[1661265000.0, 12.5558314],
[1661351400.0, 12.432601199999999],
[1661437800.0, 12.7882066],
[1661524200.0, 12.494447599999999],
[1661610600.0, 12.632676600000002],
[1661697000.0, 12.992225600000001],
[1661783400.0, 12.762769800000001],
[1661869800.0, 12.571644400000002],
[1661956200.0, 12.820848399999997],
[1662042600.0, 13.0714786],
[1662129000.0, 12.6876434],
[1662215400.0, 12.996041199999999],
[1662301800.0, 13.052943799999998],
[1662388200.0, 12.824594999999999],
[1662474600.0, 12.8918394],
[1662561000.0, 13.482497199999997],
[1662647400.0, 13.516124599999998],
[1662733800.0, 13.330194999999998],
[1662820200.0, 13.192465200000001],
[1662906600.0, 12.9088752],
[1662993000.0, 13.166191800000002],
[1663079400.0, 12.618600599999999],
[1663165800.0, 13.070247600000002],
[1663252200.0, 12.729749],
[1663338600.0, 12.771947],
[1663425000.0, 12.914926599999998],
[1663511400.0, 12.556125],
[1663597800.0, 12.989524],
[1663684200.0, 12.738578999999998],
[1663770600.0, 12.950098599999999],
[1663857000.0, 12.6438328],
[1663943400.0, 12.562659],
[1664029800.0, 12.384477],
[1664116200.0, 12.888561999999999],
[1664202600.0, 12.952091999999999],
[1664289000.0, 12.9731324],
[1664375400.0, 12.393633600000001],
[1664461800.0, 12.5083594],
[1664548200.0, 12.556607199999998],
[1664634600.0, 13.227589599999998],
[1664717400.0, 12.901960599999999],
[1664803800.0, 13.0796032],
[1664890200.0, 13.261791800000001],
[1664976600.0, 13.5491332],
[1665063000.0, 13.683838600000001],
[1665149400.0, 13.651271],
[1665235800.0, 13.4509188],
[1665322200.0, 13.461292],
[1665408600.0, 13.7829686],
[1665495000.0, 14.048862799999998],
[1665581400.0, 13.903542000000002],
[1665667800.0, 13.955887],
[1665754200.0, 13.746132399999999],
[1665840600.0, 14.020110400000002],
[1665927000.0, 13.808033599999998],
[1666013400.0, 13.817031600000002],
[1666099800.0, 13.779975799999999],
[1666186200.0, 13.770952600000001],
[1666272600.0, 13.489777600000002],
[1666359000.0, 13.503430200000002],
[1666445400.0, 13.0539908],
[1666531800.0, 13.3715724],
[1666618200.0, 13.0345304],
[1666704600.0, 12.700589],
[1666791000.0, 12.892518999999998],
[1666877400.0, 12.885373399999997],
[1666963800.0, 12.7898362],
[1667050200.0, 13.107596800000001],
[1667136600.0, 13.1254662],
[1667223000.0, 12.893570400000002],
[1667309400.0, 12.878155000000001],
[1667395800.0, 12.806905800000001],
[1667482200.0, 12.794054399999998],
[1667568600.0, 12.854429199999998],
[1667655000.0, 13.186294],
[1667741400.0, 13.1276858],
[1667827800.0, 13.233821800000001],
[1667914200.0, 13.235673],
[1668000600.0, 13.288993],
[1668087000.0, 13.143696599999998],
[1668173400.0, 13.2087738],
[1668259800.0, 13.383929599999998],
[1668346200.0, 13.485052000000001],
[1668432600.0, 13.8167],
[1668519000.0, 13.112097600000002],
[1668605400.0, 13.3768542],
[1668691800.0, 12.8538092],
[1668778200.0, 13.089787999999999],
[1668864600.0, 13.4570326],
[1668951000.0, 13.1811604],
[1669037400.0, 13.248139400000003],
[1669123800.0, 12.772711400000002],
[1669210200.0, 12.361729],
[1669296600.0, 12.167082400000002],
[1669383000.0, 12.2462064],
[1669469400.0, 12.018324199999999],
[1669555800.0, 11.758284],
[1669642200.0, 12.227222600000001],
[1669728600.0, 12.178348199999999],
[1669815000.0, 12.464717399999998],
[1669901400.0, 12.490775199999998],
[1669987800.0, 12.467851799999998],
[1670074200.0, 12.920247],
[1670160600.0, 12.6722924],
[1670247000.0, 12.664494200000002],
[1670333400.0, 12.921821799999998],
[1670419800.0, 12.535769199999999],
[1670506200.0, 12.605329],
[1670592600.0, 12.8304044],
[1670679000.0, 12.809159],
[1670765400.0, 13.196770600000002],
[1670851800.0, 13.4834342],
[1670938200.0, 13.3581274],
[1671024600.0, 13.1828872],
[1671111000.0, 13.2408098],
[1671197400.0, 13.511101400000001],
[1671283800.0, 13.6051118],
[1671370200.0, 13.249751999999997],
[1671456600.0, 13.5875236],
[1671543000.0, 13.440475600000003],
[1671629400.0, 13.416961999999998],
[1671715800.0, 13.0088018],
[1671802200.0, 12.863851],
[1671888600.0, 13.087674599999996],
[1671975000.0, 12.796361399999999],
[1672061400.0, 12.828534599999998],
[1672147800.0, 13.079314199999999],
[1672234200.0, 12.975390200000001],
[1672320600.0, 12.862084000000001],
[1672407000.0, 12.953773799999999],
[1672493400.0, 12.805330399999999],
[1672579800.0, 13.009383],
[1672666200.0, 13.053127800000002],
[1672752600.0, 13.211697800000001],
[1672839000.0, 12.9182142],
[1672925400.0, 13.3327102],
[1673011800.0, 13.340680600000002],
[1673098200.0, 13.499057200000001],
[1673184600.0, 13.230294000000004],
[1673271000.0, 13.176383200000004],
[1673357400.0, 13.402687799999999],
[1673443800.0, 13.530721799999998],
[1673530200.0, 13.437017],
[1673616600.0, 13.483436000000001],
[1673703000.0, 13.518890200000001],
[1673789400.0, 13.483770000000002],
[1673875800.0, 13.4774354],
[1673962200.0, 13.6192792],
[1674048600.0, 13.544875600000001],
[1674135000.0, 13.4190558],
[1674221400.0, 13.2540998],
[1674307800.0, 13.318340000000001],
[1674394200.0, 13.067249],
[1674480600.0, 13.3082628],
[1674567000.0, 13.6257564],
[1674653400.0, 13.373918600000001],
[1674739800.0, 13.565449000000001],
[1674826200.0, 13.6946008],
[1674912600.0, 13.726621],
[1674999000.0, 13.618788999999998],
[1675085400.0, 14.0279574],
[1675171800.0, 13.753726],
[1675258200.0, 13.5412126],
[1675344600.0, 13.778411],
[1675431000.0, 13.8984688],
[1675517400.0, 13.693855600000001],
[1675603800.0, 13.795646399999999],
[1675690200.0, 13.8080062],
[1675776600.0, 13.781308],
[1675863000.0, 13.781308],
[1675949400.0, 13.781308],
