[1632234600, 0.95],
[1632321000, 0.87],
[1632407400, 0.87],
[1632493800, 0.86],
[1632580200, 0.91],
[1632666600, 0.91],
[1632753000, 0.91],
[1632839400, 0.9],
[1632925800, 0.91],
[1633012200, 0.91],
[1633098600, 0.92],
[1633185000, 0.98],
[1633267800, 0.96],
[1633354200, 0.95],
[1633440600, 0.95],
[1633527000, 0.77],
[1633613400, 0.96],
[1633699800, 0.97],
[1633786200, 0.97],
[1633872600, 0.98],
[1633959000, 0.98],
[1634045400, 0.99],
[1634131800, 1],
[1634218200, 0.97],
[1634304600, 0.98],
[1634391000, 0.99],
[1634477400, 1],
[1634563800, 0.95],
[1634650200, 0.97],
[1634736600, 0.98],
[1634823000, 0.97],
[1634909400, 0.91],
[1634995800, 0.92],
[1635082200, 0.95],
[1635168600, 0.93],
[1635255000, 0.94],
[1635341400, 0.91],
[1635427800, 0.93],
[1635514200, 0.93],
[1635600600, 0.92],
[1635687000, 0.93],
[1635773400, 0.92],
[1635859800, 0.95],
[1635946200, 0.95],
[1636032600, 0.97],
[1636119000, 0.96],
[1636205400, 0.93],
[1636291800, 0.95],
[1636378200, 0.95],
[1636464600, 0.97],
[1636551000, 0.89],
[1636637400, 0.93],
[1636723800, 0.93],
[1636810200, 0.93],
[1636896600, 0.98],
[1636983000, 0.99],
[1637069400, 0.99],
[1637155800, 0.98],
[1637242200, 0.9],
[1637328600, 0.98],
[1637415000, 0.97],
[1637501400, 0.98],
[1637587800, 0.97],
[1637674200, 0.96],
[1637760600, 0.92],
[1637847000, 0.94],
[1637933400, 0.94],
[1638019800, 0.96],
[1638106200, 0.97],
[1638192600, 1.01],
[1638279000, 0.98],
[1638365400, 0.91],
[1638451800, 0.94],
[1638538200, 0.99],
[1638624600, 1.08],
[1638711000, 1.06],
[1638797400, 1.06],
[1638883800, 1.02],
[1638970200, 0.99],
[1639056600, 1],
[1639143000, 1.01],
[1639229400, 1.03],
[1639315800, 1.09],
[1639402200, 1.09],
[1639488600, 1.09],
[1639575000, 1.06],
[1639661400, 1.05],
[1639747800, 1.06],
[1639834200, 1.07],
[1639920600, 1.06],
[1640007000, 1.1],
[1640093400, 0.98],
[1640179800, 0.98],
[1640266200, 0.96],
[1640352600, 0.98],
[1640439000, 0.98],
[1640525400, 0.98],
[1640611800, 0.99],
[1640698200, 0.97],
[1640784600, 1.12],
[1640871000, 1.17],
[1640957400, 1.16],
[1641043800, 1.14],
[1641130200, 1.15],
[1641216600, 1.24],
[1641303000, 1.2],
[1641389400, 1.08],
[1641475800, 0.98],
[1641562200, 0.98],
[1641648600, 0.99],
[1641735000, 0.99],
[1641821400, 0.99],
[1641907800, 1.2],
[1641994200, 1.24],
[1642080600, 1.26],
[1642167000, 1.3],
[1642253400, 1.25],
[1642339800, 1.34],
[1642426200, 1.27],
[1642512600, 1.11],
[1642599000, 1.06],
[1642685400, 1.05],
[1642771800, 1.23],
[1642858200, 1.1],
[1642944600, 1.23],
[1643031000, 1.03],
[1643117400, 1.11],
[1643203800, 1.08],
[1643290200, 1.08],
[1643376600, 0.97],
[1643463000, 0.97],
[1643549400, 0.97],
[1643635800, 0.97],
[1643722200, 0.97],
[1643808600, 1.11],
[1643895000, 1.11],
[1643981400, 1.03],
[1644067800, 1.13],
[1644154200, 1.18],
[1644240600, 1.33],
[1644327000, 1.3],
[1644413400, 1.09],
[1644499800, 1.06],
[1644586200, 1.01],
[1644672600, 1],
[1644759000, 1],
[1644845400, 1.02],
[1644931800, 1],
[1645018200, 1.01],
[1645104600, 1],
[1645191000, 1.01],
[1645277400, 1.01],
[1645363800, 1.01],
[1645450200, 1.01],
[1645536600, 1.01],
[1645623000, 1.01],
[1645709400, 1.01],
[1645795800, 1],
[1645882200, 0.99],
[1645968600, 0.99],
[1646055000, 0.99],
[1646141400, 0.87],
[1646227800, 1.01],
[1646314200, 1.01],
[1646400600, 1.03],
[1646487000, 1.01],
[1646573400, 1.01],
[1646659800, 0.99],
[1646746200, 0.92],
[1646832600, 0.93],
[1646919000, 0.94],
[1647005400, 0.94],
[1647091800, 0.95],
[1647178200, 0.96],
[1647264600, 0.97],
[1647351000, 0.97],
[1647437400, 0.96],
[1647523800, 0.95],
[1647610200, 0.93],
[1647696600, 0.93],
[1647783000, 0.93],
[1647869400, 0.93],
[1647955800, 0.94],
[1648042200, 0.94],
[1648128600, 0.94],
[1648215000, 0.94],
[1648301400, 0.94],
[1648387800, 0.95],
[1648474200, 0.95],
[1648560600, 0.94],
[1648647000, 0.95],
[1648733400, 0.95],
[1648819800, 0.95],
[1648906200, 0.95],
[1648996200, 0.96],
[1649082600, 0.96],
[1649169000, 0.98],
[1649255400, 0.93],
[1649341800, 1.01],
[1649428200, 0.99],
[1649514600, 1.01],
[1649601000, 1.01],
[1649687400, 1.01],
[1649773800, 1.01],
[1649860200, 1],
[1649946600, 1.01],
[1650033000, 1],
[1650119400, 0.93],
[1650205800, 1],
[1650292200, 1.01],
[1650378600, 1],
[1650465000, 1],
[1650551400, 1],
[1650637800, 1],
[1650724200, 1],
[1650810600, 1],
[1650897000, 1.01],
[1650983400, 0.99],
[1651069800, 0.99],
[1651156200, 0.98],
[1651242600, 0.98],
[1651329000, 0.98],
[1651415400, 0.98],
[1651501800, 0.98],
[1651588200, 0.98],
[1651674600, 0.97],
[1651761000, 0.94],
[1651847400, 0.97],
[1651933800, 0.97],
[1652020200, 0.97],
[1652106600, 0.97],
[1652193000, 0.96],
[1652279400, 0.97],
[1652365800, 0.98],
[1652452200, 0.97],
[1652538600, 0.97],
[1652625000, 0.97],
[1652711400, 0.97],
[1652797800, 0.98],
[1652884200, 0.98],
[1652970600, 0.96],
[1653057000, 0.98],
[1653143400, 0.98],
[1653229800, 0.98],
[1653316200, 1],
[1653402600, 0.99],
[1653489000, 0.99],
[1653575400, 0.99],
[1653661800, 0.99],
[1653748200, 1],
[1653834600, 1],
[1653921000, 1],
[1654007400, 0.99],
[1654093800, 1],
[1654180200, 1.05],
[1654266600, 0.97],
[1654353000, 0.99],
[1654439400, 0.94],
[1654525800, 1],
[1654612200, 0.99],
[1654698600, 1],
[1654785000, 0.97],
[1654871400, 1],
[1654957800, 0.98],
[1655044200, 0.98],
[1655130600, 0.98],
[1655217000, 0.97],
[1655303400, 0.97],
[1655389800, 0.96],
[1655476200, 0.97],
[1655562600, 0.97],
[1655649000, 0.97],
[1655735400, 0.98],
[1655821800, 0.97],
[1655908200, 0.98],
[1655994600, 0.98],
[1656081000, 0.98],
[1656167400, 0.97],
[1656253800, 0.98],
[1656340200, 0.98],
[1656426600, 0.98],
[1656513000, 0.98],
[1656599400, 0.97],
[1656685800, 0.96],
[1656772200, 0.97],
[1656858600, 0.97],
[1656945000, 0.97],
[1657031400, 0.96],
[1657117800, 0.96],
[1657204200, 0.96],
[1657290600, 0.94],
[1657377000, 0.95],
[1657463400, 0.95],
[1657549800, 0.94],
[1657636200, 0.94],
[1657722600, 1.01],
[1657809000, 1.13],
[1657895400, 1.06],
[1657981800, 1.08],
[1658068200, 0.96],
[1658154600, 1.04],
[1658241000, 0.97],
[1658327400, 1],
[1658413800, 0.95],
[1658500200, 0.99],
[1658586600, 0.98],
[1658673000, 0.99],
[1658759400, 1.02],
[1658845800, 1.02],
[1658932200, 1.01],
[1659018600, 1.01],
[1659105000, 0.99],
[1659191400, 1.01],
[1659277800, 1],
[1659364200, 1.01],
[1659450600, 1.02],
[1659537000, 1.2],
[1659623400, 1.2],
[1659709800, 1.23],
[1659796200, 1.2],
[1659882600, 1.24],
[1659969000, 1.4],
[1660055400, 1.18],
[1660141800, 1.24],
[1660228200, 1.45],
[1660314600, 1.41],
[1660401000, 1.41],
[1660487400, 1.41],
[1660573800, 1.41],
[1660660200, 1.37],
[1660746600, 1.15],
[1660833000, 1.07],
[1660919400, 1.06],
[1661005800, 1.06],
[1661092200, 1.17],
[1661178600, 1.12],
[1661265000, 1.09],
[1661351400, 0.91],
[1661437800, 1.01],
[1661524200, 0.99],
[1661610600, 1.02],
[1661697000, 0.9],
[1661783400, 0.99],
[1661869800, 0.98],
[1661956200, 0.98],
[1662042600, 1.03],
[1662129000, 0.95],
[1662215400, 0.94],
[1662301800, 0.98],
[1662388200, 0.98],
[1662474600, 0.98],
[1662561000, 0.97],
[1662647400, 0.97],
[1662733800, 1.01],
[1662820200, 1.03],
[1662906600, 1.04],
[1662993000, 1.04],
[1663079400, 1.03],
[1663165800, 1.05],
[1663252200, 1.03],
[1663338600, 1.05],
[1663425000, 1.04],
[1663511400, 1.04],
[1663597800, 1.03],
[1663684200, 1.04],
[1663770600, 1.03],
[1663857000, 1.03],
[1663943400, 1.03],
[1664029800, 1.02],
[1664116200, 1.02],
[1664202600, 1.01],
[1664289000, 1.02],
[1664375400, 1.01],
[1664461800, 1.01],
[1664548200, 1.02],
[1664634600, 1.01],
[1664717400, 1.03],
[1664803800, 1.01],
[1664890200, 1.07],
[1664976600, 1.07],
[1665063000, 1.11],
[1665149400, 1.12],
[1665235800, 1.13],
[1665322200, 1.11],
[1665408600, 1.15],
[1665495000, 1.14],
[1665581400, 1.06],
[1665667800, 1.13],
[1665754200, 1.12],
[1665840600, 1.15],
[1665927000, 1.16],
[1666013400, 1.14],
[1666099800, 1.2],
[1666186200, 1.2],
[1666272600, 1.2],
[1666359000, 1.16],
[1666445400, 1.26],
[1666531800, 1.14],
[1666618200, 1.11],
[1666704600, 1.06],
[1666791000, 1.02],
[1666877400, 1.08],
[1666963800, 1.05],
[1667050200, 1.06],
[1667136600, 1.07],
[1667223000, 1.07],
[1667309400, 0.99],
[1667395800, 1.06],
[1667482200, 1.07],
[1667568600, 1.07],
[1667655000, 1.09],
[1667741400, 1.12],
[1667827800, 1.12],
[1667914200, 1.12],
[1668000600, 1.13],
[1668087000, 1.19],
[1668173400, 1.28],
[1668259800, 1.35],
[1668346200, 1.35],
[1668432600, 1.23],
[1668519000, 1.18],
[1668605400, 1.09],
[1668691800, 1.05],
[1668778200, 1.1],
[1668864600, 1.11],
[1668951000, 1.06],
[1669037400, 1.11],
[1669123800, 1.09],
[1669210200, 1.06],
[1669296600, 1.05],
[1669383000, 1.05],
[1669469400, 1.06],
[1669555800, 1.01],
[1669642200, 1.07],
[1669728600, 1.08],
[1669815000, 1.1],
[1669901400, 1.13],
[1669987800, 1.22],
[1670074200, 1.33],
[1670160600, 1.31],
[1670247000, 1.25],
[1670333400, 1.25],
[1670419800, 1.07],
[1670506200, 1.1],
[1670592600, 1.14],
[1670679000, 1.14],
[1670765400, 1.08],
[1670851800, 1.13],
[1670938200, 1.12],
[1671024600, 1.1],
[1671111000, 1.12],
[1671197400, 1.11],
[1671283800, 1.1],
[1671370200, 1.11],
[1671456600, 1.12],
[1671543000, 1.1],
[1671629400, 1.09],
[1671715800, 1.1],
[1671802200, 1.05],
[1671888600, 1.04],
[1671975000, 1.07],
[1672061400, 1.07],
[1672147800, 1.04],
[1672234200, 1.07],
[1672320600, 1.06],
[1672407000, 1.07],
[1672493400, 1.09],
[1672579800, 1.09],
[1672666200, 1.09],
[1672752600, 1.1],
[1672839000, 1.1],
[1672925400, 1.09],
[1673011800, 1.09],
[1673098200, 1.09],
[1673184600, 1.08],
[1673271000, 1.11],
[1673357400, 1.09],
[1673443800, 1.09],
[1673530200, 1.07],
[1673616600, 1.09],
[1673703000, 1.11],
[1673789400, 1.12],
[1673875800, 1.12],
[1673962200, 1.13],
[1674048600, 1.13],
[1674135000, 1.18],
[1674221400, 1.12],
[1674307800, 1.2],
[1674394200, 1.25],
[1674480600, 1.28],
[1674567000, 1.29],
[1674653400, 1.11],
[1674739800, 1.13],
[1674826200, 1.22],
[1674912600, 1.2],
[1674999000, 1.21],
[1675085400, 1.2],
[1675171800, 1.18],
[1675258200, 1.15],
[1675344600, 1.1],
[1675431000, 1.14],
[1675517400, 1.19],
[1675603800, 1.18],
[1675690200, 1.17],
[1675776600, 1.17],
[1675863000, 1.18],
[1675949400, 1.16],
[1676035800, 1.17],
[1676122200, 1.24],
[1676208600, 1.16],
[1676295000, 1.22],
[1676381400, 1.18],
[1676467800, 1.19],
[1676554200, 1.18],
[1676640600, 1.13],
[1676727000, 1.13],
