[[1656772200, 6.79],
[1656858600, 7.12],
[1656945000, 6.2],
[1657031400, 6.08],
[1657117800, 6.05],
[1657204200, 6.13],
[1657290600, 6.68],
[1657377000, 5.64],
[1657463400, 5.49],
[1657549800, 4.88],
[1657636200, 5.19],
[1657722600, 5.01],
[1657809000, 5.17],
[1657895400, 5.18],
[1657981800, 4.94],
[1658068200, 4.86],
[1658154600, 4.56],
[1658241000, 4.58],
[1658327400, 4.5],
[1658413800, 4.42],
[1658500200, 4.35],
[1658586600, 4.18],
[1658673000, 4.12],
[1658759400, 4.04],
[1658845800, 4.02],
[1658932200, 4.01],
[1659018600, 3.95],
[1659105000, 4.16],
[1659191400, 4.02],
[1659277800, 4.06],
[1659364200, 4.15],
[1659450600, 4.12],
[1659537000, 3.96],
[1659623400, 3.97],
[1659709800, 3.87],
[1659796200, 3.87],
[1659882600, 3.89],
[1659969000, 3.94],
[1660055400, 3.89],
[1660141800, 3.74],
[1660228200, 3.81],
[1660314600, 3.76],
[1660401000, 3.76],
[1660487400, 3.76],
[1660573800, 3.76],
[1660660200, 3.72],
[1660746600, 3.68],
[1660833000, 3.72],
[1660919400, 3.81],
[1661005800, 3.82],
[1661092200, 3.84],
[1661178600, 3.76],
[1661265000, 3.74],
[1661351400, 3.76],
[1661437800, 3.8],
[1661524200, 3.82],
[1661610600, 3.92],
[1661697000, 3.78],
[1661783400, 3.79],
[1661869800, 3.75],
[1661956200, 3.77],
[1662042600, 3.76],
[1662129000, 3.77],
[1662215400, 3.73],
[1662301800, 3.76],
[1662388200, 3.76],
[1662474600, 3.74],
[1662561000, 3.72],
[1662647400, 3.79],
[1662733800, 3.78],
[1662820200, 3.78],
[1662906600, 3.73],
[1662993000, 3.73],
[1663079400, 3.72],
[1663165800, 3.72],
[1663252200, 3.7],
[1663338600, 3.68],
[1663425000, 3.65],
[1663511400, 3.57],
[1663597800, 3.57],
[1663684200, 3.55],
[1663770600, 3.49],
[1663857000, 3.5],
[1663943400, 3.54],
[1664029800, 3.5],
[1664116200, 3.48],
[1664202600, 3.45],
[1664289000, 3.44],
[1664375400, 3.44],
[1664461800, 3.53],
[1664548200, 3.5],
[1664634600, 3.54],
[1664717400, 3.5],
[1664803800, 3.51],
[1664890200, 3.53],
[1664976600, 3.51],
[1665063000, 3.48],
[1665149400, 3.54],
[1665235800, 3.51],
[1665322200, 3.51],
[1665408600, 3.52],
[1665495000, 3.54],
[1665581400, 3.5],
[1665667800, 3.52],
[1665754200, 3.48],
[1665840600, 3.47],
[1665927000, 3.44],
[1666013400, 3.46],
[1666099800, 3.45],
[1666186200, 3.45],
[1666272600, 3.45],
[1666359000, 3.43],
[1666445400, 3.39],
[1666531800, 3.38],
[1666618200, 3.37],
[1666704600, 3.36],
[1666791000, 3.37],
[1666877400, 3.35],
[1666963800, 3.34],
[1667050200, 3.31],
[1667136600, 3.28],
[1667223000, 3.31],
[1667309400, 3.33],
[1667395800, 3.28],
[1667482200, 3.33],
[1667568600, 3.35],
[1667655000, 3.31],
[1667741400, 3.29],
[1667827800, 3.28],
[1667914200, 3.31],
[1668000600, 3.28],
[1668087000, 3.34],
[1668173400, 3.31],
[1668259800, 3.33],
[1668346200, 3.29],
[1668432600, 3.32],
[1668519000, 3.3],
[1668605400, 3.31],
[1668691800, 3.33],
[1668778200, 3.3],
[1668864600, 3.29],
[1668951000, 3.25],
[1669037400, 3.23],
[1669123800, 3.21],
[1669210200, 3.14],
[1669296600, 3.14],
[1669383000, 3.16],
[1669469400, 3.13],
[1669555800, 3.09],
[1669642200, 3.11],
[1669728600, 3.12],
[1669815000, 3.11],
[1669901400, 3.13],
[1669987800, 3.13],
[1670074200, 3.1],
[1670160600, 3.09],
[1670247000, 3.1],
[1670333400, 3.07],
[1670419800, 3.07],
[1670506200, 3.06],
[1670592600, 3.08],
[1670679000, 3.08],
[1670765400, 3.07],
[1670851800, 3.07],
[1670938200, 3.09],
[1671024600, 3.07],
[1671111000, 3.07],
[1671197400, 3.09],
[1671283800, 3.08],
[1671370200, 3.07],
[1671456600, 3.06],
[1671543000, 3.06],
[1671629400, 3.06],
[1671715800, 3.05],
[1671802200, 3.03],
[1671888600, 3.04],
[1671975000, 3.01],
[1672061400, 2.95],
[1672147800, 2.97],
[1672234200, 2.96],
[1672320600, 3],
[1672407000, 3.01],
[1672493400, 3.01],
[1672579800, 3],
[1672666200, 2.99],
[1672752600, 2.99],
[1672839000, 2.99],
[1672925400, 2.97],
[1673011800, 2.95],
[1673098200, 2.94],
[1673184600, 2.94],
[1673271000, 2.93],
[1673357400, 2.93],
[1673443800, 2.95],
[1673530200, 2.96],
[1673616600, 2.97],
[1673703000, 2.96],
[1673789400, 2.97],
[1673875800, 3],
[1673962200, 3.02],
[1674048600, 3.03],
[1674135000, 3.04],
[1674221400, 3.12],
[1674307800, 3.13],
[1674394200, 3.09],
[1674480600, 3.09],
[1674567000, 3.09],
[1674653400, 3.13],
[1674739800, 3.13],
[1674826200, 3.12],
[1674912600, 3.1],
[1674999000, 3.11],
[1675085400, 3.09],
[1675171800, 3.11],
[1675258200, 3.09],
[1675344600, 3.09],
[1675431000, 3.09],
[1675517400, 3.1],
[1675603800, 3.09],
[1675690200, 3.07],
[1675776600, 3.07],
[1675863000, 3.02],
[1675949400, 3.06],
[1676035800, 3.07],
[1676122200, 3.07],
[1676208600, 3.07],
[1676295000, 3.1],
[1676381400, 3.1],
[1676467800, 3.13],
[1676554200, 3.1],
[1676640600, 3.1],
[1676727000, 3.1]]
