[1651674600.0, 1.9252499999999997],
[1651761000.0, 2.8329999999999997],
[1651847400.0, 3.1847500000000006],
[1651933800.0, 3.260749999999999],
[1652020200.0, 3.2325000000000004],
[1652106600.0, 3.0067499999999994],
[1652193000.0, 2.905],
[1652279400.0, 3.1637499999999994],
[1652365800.0, 3.7837499999999986],
[1652452200.0, 3.144750000000001],
[1652538600.0, 3.147],
[1652625000.0, 3.1495],
[1652711400.0, 3.22725],
[1652797800.0, 3.3505084590187884],
[1652884200.0, 3.703749999999998],
[1652970600.0, 3.283500000000001],
[1653057000.0, 2.97975],
[1653143400.0, 2.5702499999999993],
[1653229800.0, 2.2815000000000003],
[1653316200.0, 2.2529999999999997],
[1653402600.0, 2.2832500000000002],
[1653489000.0, 2.41525],
[1653575400.0, 2.479],
[1653661800.0, 2.5695000000000006],
[1653748200.0, 2.5800000000000005],
[1653834600.0, 2.55675],
[1653921000.0, 2.5307500000000007],
[1654007400.0, 2.5899999999999994],
[1654093800.0, 2.5392500000000005],
[1654180200.0, 2.56],
[1654266600.0, 1.11375],
[1654353000.0, 1.3487500000000003],
[1654439400.0, 1.3997499999999998],
[1654525800.0, 1.32175],
[1654612200.0, 1.3044999999999995],
[1654698600.0, 1.30975],
[1654785000.0, 1.3640000000000003],
[1654871400.0, 1.36675],
[1654957800.0, 1.3842500000000002],
[1655044200.0, 1.3135000000000001],
[1655130600.0, 1.3184999999999998],
[1655217000.0, 1.5090000000000001],
[1655303400.0, 1.579],
[1655389800.0, 1.5252500000000002],
[1655476200.0, 1.5760000000000005],
[1655562600.0, 1.5885000000000002],
[1655649000.0, 1.4999999999999996],
[1655735400.0, 1.3967499999999997],
[1655821800.0, 1.3950000000000002],
[1655908200.0, 1.4102499999999996],
[1655994600.0, 1.3415000000000001],
[1656081000.0, 1.3197500000000002],
[1656167400.0, 1.349],
[1656253800.0, 1.3319999999999999],
[1656340200.0, 1.31075],
[1656426600.0, 1.3609999999999998],
[1656513000.0, 1.4532500000000008],
[1656599400.0, 1.4405],
[1656685800.0, 1.4945],
[1656772200.0, 1.4615],
[1656858600.0, 1.4122500000000002],
[1656945000.0, 1.3834999999999997],
[1657031400.0, 1.3619999999999999],
[1657117800.0, 1.3395000000000004],
[1657204200.0, 1.4049999999999998],
[1657290600.0, 1.27725],
[1657377000.0, 1.3035],
[1657463400.0, 1.3062499999999997],
[1657549800.0, 1.2294999999999994],
[1657636200.0, 1.1584999999999999],
[1657722600.0, 1.2470000000000006],
[1657809000.0, 1.1532499999999994],
[1657895400.0, 1.1054999999999997],
[1657981800.0, 1.1215000000000006],
[1658068200.0, 1.1405],
[1658154600.0, 1.1487500000000004],
[1658241000.0, 1.1677499999999994],
[1658327400.0, 1.2442499999999996],
[1658413800.0, 1.2487499999999998],
[1658500200.0, 1.17675],
[1658586600.0, 1.1877500000000003],
[1658673000.0, 1.1997499999999997],
[1658759400.0, 1.2212499999999997],
[1658845800.0, 1.2259999999999998],
[1658932200.0, 1.2587499999999996],
[1659018600.0, 1.2455],
[1659105000.0, 1.2232499999999997],
[1659191400.0, 1.2474999999999998],
[1659277800.0, 1.2644999999999995],
[1659364200.0, 1.2374999999999998],
[1659450600.0, 1.2652499999999995],
[1659537000.0, 1.277],
[1659623400.0, 1.2874999999999994],
[1659709800.0, 1.2955],
[1659796200.0, 1.3019999999999994],
[1659882600.0, 1.3129999999999993],
[1659969000.0, 1.3925],
[1660055400.0, 1.4875],
[1660141800.0, 1.3370000000000004],
[1660228200.0, 1.32775],
[1660314600.0, 1.2952499999999998],
[1660401000.0, 1.2952499999999998],
[1660487400.0, 1.2952499999999998],
[1660573800.0, 1.2952499999999998],
[1660660200.0, 1.1205],
[1660746600.0, 1.0284999999999997],
[1660833000.0, 1.1284999999999998],
[1660919400.0, 0.9984999999999997],
[1661005800.0, 0.9872500000000002],
[1661092200.0, 1.0345],
[1661178600.0, 0.9692499999999994],
[1661265000.0, 0.9577500000000001],
[1661351400.0, 0.9237500000000001],
[1661437800.0, 0.9725000000000001],
[1661524200.0, 0.8702499999999995],
[1661610600.0, 0.8847499999999998],
[1661697000.0, 0.8667499999999995],
[1661783400.0, 0.8435],
[1661869800.0, 0.8405000000000001],
[1661956200.0, 0.8172499999999999],
[1662042600.0, 0.8045000000000002],
[1662129000.0, 0.7717499999999998],
[1662215400.0, 0.7890000000000001],
[1662301800.0, 0.7897499999999998],
[1662388200.0, 0.8034999999999999],
[1662474600.0, 0.7945],
[1662561000.0, 0.8297500000000001],
[1662647400.0, 0.8420000000000002],
[1662733800.0, 0.8622500000000002],
[1662820200.0, 0.86825],
[1662906600.0, 0.9047499999999999],
[1662993000.0, 0.9277499999999999],
[1663079400.0, 0.9422500000000001],
[1663165800.0, 0.9319999999999995],
[1663252200.0, 0.9482500000000001],
[1663338600.0, 0.9464999999999998],
[1663425000.0, 0.9639999999999999],
[1663511400.0, 0.9587500000000004],
[1663597800.0, 0.921],
[1663684200.0, 0.8939999999999999],
[1663770600.0, 0.8794999999999998],
[1663857000.0, 0.8822499999999998],
[1663943400.0, 0.8625],
[1664029800.0, 0.8689999999999996],
[1664116200.0, 0.8440000000000001],
[1664202600.0, 0.8424999999999999],
[1664289000.0, 0.8415000000000001],
[1664375400.0, 0.8295],
[1664461800.0, 0.8374999999999998],
[1664548200.0, 0.8602499999999997],
[1664634600.0, 0.9059999999999999],
[1664717400.0, 0.9664999999999999],
[1664803800.0, 0.8952500000000001],
[1664890200.0, 0.8942499999999998],
[1664976600.0, 0.9072499999999994],
[1665063000.0, 0.9177499999999996],
[1665149400.0, 1.05775],
[1665235800.0, 1.0387500000000005],
[1665322200.0, 1.0027500000000003],
[1665408600.0, 0.9595],
[1665495000.0, 0.9302499999999998],
[1665581400.0, 0.9047500000000002],
[1665667800.0, 0.9119999999999997],
[1665754200.0, 0.908],
[1665840600.0, 0.9184999999999997],
[1665927000.0, 0.9272499999999997],
[1666013400.0, 0.9127500000000002],
[1666099800.0, 0.9039999999999996],
[1666186200.0, 0.9159999999999993],
[1666272600.0, 0.9372499999999995],
[1666359000.0, 0.9489999999999995],
[1666445400.0, 1.003],
[1666531800.0, 0.9887500000000001],
[1666618200.0, 0.9734999999999999],
[1666704600.0, 1.0322499999999997],
[1666791000.0, 1.0892499999999994],
[1666877400.0, 1.1664999999999999],
[1666963800.0, 1.2149999999999996],
[1667050200.0, 1.1827500000000004],
[1667136600.0, 1.1084999999999998],
[1667223000.0, 1.10225],
[1667309400.0, 1.1],
[1667395800.0, 1.0935000000000001],
[1667482200.0, 1.1275000000000002],
[1667568600.0, 1.1452500000000003],
[1667655000.0, 1.1257500000000003],
[1667741400.0, 1.0980000000000003],
[1667827800.0, 1.1077500000000002],
[1667914200.0, 1.0675000000000003],
[1668000600.0, 1.06175],
[1668087000.0, 1.0627499999999994],
[1668173400.0, 1.0735000000000001],
[1668259800.0, 1.0985],
[1668346200.0, 1.1184999999999998],
[1668432600.0, 1.0854999999999997],
[1668519000.0, 1.1700000000000002],
[1668605400.0, 1.17775],
[1668691800.0, 1.1515000000000006],
[1668778200.0, 1.06425],
[1668864600.0, 1.0617499999999997],
[1668951000.0, 0.9879999999999999],
[1669037400.0, 0.9832499999999993],
[1669123800.0, 0.999],
[1669210200.0, 0.9797499999999998],
[1669296600.0, 0.9867499999999996],
[1669383000.0, 0.9685],
[1669469400.0, 0.9425000000000001],
[1669555800.0, 0.9279999999999999],
[1669642200.0, 0.9319999999999998],
[1669728600.0, 0.91625],
[1669815000.0, 0.937],
[1669901400.0, 0.9532499999999992],
[1669987800.0, 0.9560000000000001],
[1670074200.0, 0.9759999999999998],
[1670160600.0, 0.9922499999999996],
[1670247000.0, 1.0242499999999997],
[1670333400.0, 1.0059999999999998],
[1670419800.0, 0.9940000000000001],
[1670506200.0, 1.00575],
[1670592600.0, 1.00575],
[1670679000.0, 1.02075],
[1670765400.0, 1.0025],
[1670851800.0, 1.0234999999999996],
[1670938200.0, 1.0049999999999997],
[1671024600.0, 0.9857499999999997],
[1671111000.0, 1.0002499999999996],
[1671197400.0, 0.9944999999999998],
[1671283800.0, 1.0539999999999998],
[1671370200.0, 1.0274999999999996],
[1671456600.0, 0.9899999999999993],
[1671543000.0, 0.9804999999999996],
[1671629400.0, 1.0032500000000002],
[1671715800.0, 0.983],
[1671802200.0, 0.9702500000000001],
[1671888600.0, 0.92925],
[1671975000.0, 0.9482499999999996],
[1672061400.0, 0.9612499999999999],
[1672147800.0, 0.946],
[1672234200.0, 0.95425],
[1672320600.0, 0.9387499999999998],
[1672407000.0, 0.9570000000000001],
[1672493400.0, 0.9795],
[1672579800.0, 0.9707500000000001],
[1672666200.0, 0.9882500000000001],
[1672752600.0, 1.0285],
[1672839000.0, 1.0299999999999998],
[1672925400.0, 1.02175],
[1673011800.0, 1.0967499999999997],
[1673098200.0, 1.0882500000000002],
[1673184600.0, 1.0982499999999997],
[1673271000.0, 1.2137500000000006],
[1673357400.0, 1.3802500000000004],
[1673443800.0, 1.3627499999999997],
[1673530200.0, 1.3102499999999997],
[1673616600.0, 1.4152500000000001],
[1673703000.0, 1.37375],
[1673789400.0, 1.380500000000001],
[1673875800.0, 1.3417500000000002],
[1673962200.0, 1.4599999999999995],
[1674048600.0, 1.469],
[1674135000.0, 1.5067500000000003],
[1674221400.0, 1.45975],
[1674307800.0, 1.4810000000000003],
[1674394200.0, 1.4295000000000002],
[1674480600.0, 1.4762500000000005],
[1674567000.0, 1.5394999999999999],
[1674653400.0, 1.5787500000000008],
[1674739800.0, 1.53675],
[1674826200.0, 1.60775],
[1674912600.0, 1.62625],
[1674999000.0, 1.62225],
[1675085400.0, 1.6455000000000002],
[1675171800.0, 1.6160000000000003],
[1675258200.0, 1.6972500000000008],
[1675344600.0, 1.73375],
[1675431000.0, 1.7619999999999993],
[1675517400.0, 1.7930000000000006],
[1675603800.0, 1.8967500000000002],
[1675690200.0, 1.9052499999999999],
[1675776600.0, 1.9255000000000002],
[1675863000.0, 1.9255000000000002],
[1675949400.0, 1.9255000000000002],
