[1635773400.0, 0.10542690356207483],
[1635859800.0, 0.08745573726524346],
[1635946200.0, 0.08696710227250097],
[1636032600.0, 0.08544969423018844],
[1636119000.0, 0.08385894848886552],
[1636205400.0, 0.08405686746252991],
[1636291800.0, 0.07126229523934112],
[1636378200.0, 0.06996367739848001],
[1636464600.0, 0.07573340539024591],
[1636551000.0, 0.06511581950199147],
[1636637400.0, 0.07620785731792874],
[1636723800.0, 0.07825970225537919],
[1636810200.0, 0.07834713912921956],
[1636896600.0, 0.0808174456442995],
[1636983000.0, 0.08459049098364456],
[1637069400.0, 0.08555760884763768],
[1637155800.0, 0.08415748451762833],
[1637242200.0, 0.08136180581706079],
[1637328600.0, 0.05977924591569196],
[1637415000.0, 0.07633530353811367],
[1637501400.0, 0.07807805690159816],
[1637587800.0, 0.0765022266251654],
[1637674200.0, 0.06163450953395974],
[1637760600.0, 0.05798298446192487],
[1637847000.0, 0.05928744247399461],
[1637933400.0, 0.05780389505016287],
[1638019800.0, 0.05961208061102796],
[1638106200.0, 0.06004995351206171],
[1638192600.0, 0.05948715461801122],
[1638279000.0, 0.07387323513200711],
[1638365400.0, 0.07540673919324158],
[1638451800.0, 0.0763061905410955],
[1638538200.0, 0.05863468964665208],
[1638624600.0, 0.057110470421242024],
[1638711000.0, 0.06010324306095562],
[1638797400.0, 0.05755689844872029],
[1638883800.0, 0.05952851173698576],
[1638970200.0, 0.06875982611155784],
[1639056600.0, 0.08378888516725483],
[1639143000.0, 0.08170953047099651],
[1639229400.0, 0.08118814808203562],
[1639315800.0, 0.0839703651609775],
[1639402200.0, 0.08331156000889182],
[1639488600.0, 0.08183926354735953],
[1639575000.0, 0.08116317979074625],
[1639661400.0, 0.06247476779648031],
[1639747800.0, 0.062310876000882254],
[1639834200.0, 0.06681459482856153],
[1639920600.0, 0.0684501004157013],
[1640007000.0, 0.07004474485857834],
[1640093400.0, 0.0687026059093245],
[1640179800.0, 0.07426458172755579],
[1640266200.0, 0.07501557249358894],
[1640352600.0, 0.09597227950404287],
[1640439000.0, 0.08733930403466175],
[1640525400.0, 0.10077788089630711],
[1640611800.0, 0.09932266286266708],
[1640698200.0, 0.10109436270372843],
[1640784600.0, 0.10301832237259254],
[1640871000.0, 0.10230861641864927],
[1640957400.0, 0.08286243169218367],
[1641043800.0, 0.08674576506756426],
[1641130200.0, 0.09150017876074186],
[1641216600.0, 0.08073914711921856],
[1641303000.0, 0.07816772762684746],
[1641389400.0, 0.08211070044072243],
[1641475800.0, 0.07692237610803133],
[1641562200.0, 0.07146870604403023],
[1641648600.0, 0.07062591341585854],
[1641735000.0, 0.069873750625435],
[1641821400.0, 0.07656209918922326],
[1641907800.0, 0.08083299598280035],
[1641994200.0, 0.07744236420088278],
[1642080600.0, 0.08247668285124403],
[1642167000.0, 0.08464661141546223],
[1642253400.0, 0.08195786310673747],
[1642339800.0, 0.08994251552989087],
[1642426200.0, 0.08999677124442561],
[1642512600.0, 0.07540349445065338],
[1642599000.0, 0.08426864787797232],
[1642685400.0, 0.08584932596006445],
[1642771800.0, 0.08350399845126426],
[1642858200.0, 0.08619329692885616],
[1642944600.0, 0.0818458798264549],
[1643031000.0, 0.0793223713551319],
[1643117400.0, 0.07188696063807522],
[1643203800.0, 0.07316367807396627],
[1643290200.0, 0.07152036339284226],
[1643376600.0, 0.07936834303412371],
[1643463000.0, 0.0853095283483644],
[1643549400.0, 0.08411596132336308],
[1643635800.0, 0.08411596132336308],
[1643722200.0, 0.08411596132336308],
[1643808600.0, 0.07581736720050633],
[1643895000.0, 0.07277720322852944],
[1643981400.0, 0.08949275090327445],
[1644067800.0, 0.09087090017601718],
[1644154200.0, 0.08376325248043492],
[1644240600.0, 0.08692560584775649],
[1644327000.0, 0.08630858641591986],
[1644413400.0, 0.08706985949446938],
[1644499800.0, 0.09115687193153599],
[1644586200.0, 0.08392222325071953],
[1644672600.0, 0.08953078289991677],
[1644759000.0, 0.08684727767426206],
[1644845400.0, 0.08799670321276093],
[1644931800.0, 0.09226381100734597],
[1645018200.0, 0.08690012587135497],
[1645104600.0, 0.09160583908602526],
[1645191000.0, 0.09028176122940297],
[1645277400.0, 0.09051167848053707],
[1645363800.0, 0.08867216368504105],
[1645450200.0, 0.0800639934111574],
[1645536600.0, 0.08438714617843876],
[1645623000.0, 0.08397886080403288],
[1645709400.0, 0.07601580620829584],
[1645795800.0, 0.08048116376785361],
[1645882200.0, 0.07237846120832875],
[1645968600.0, 0.09560841789136748],
[1646055000.0, 0.07983776202749766],
[1646141400.0, 0.0781366951756154],
[1646227800.0, 0.07707346256922327],
[1646314200.0, 0.07415276603509124],
[1646400600.0, 0.07720457788691341],
[1646487000.0, 0.09658831334825592],
[1646573400.0, 0.10073717827270967],
[1646659800.0, 0.12244747991384097],
[1646746200.0, 0.08699470886842454],
[1646832600.0, 0.09961597878687303],
[1646919000.0, 0.08938321278021155],
[1647005400.0, 0.1312842764010527],
[1647091800.0, 0.09540261726707866],
[1647178200.0, 0.12201050107932346],
[1647264600.0, 0.09855770920820536],
[1647351000.0, 0.10018879388272096],
[1647437400.0, 0.10872686673744676],
[1647523800.0, 0.10701176007401611],
[1647610200.0, 0.10475594721207879],
[1647696600.0, 0.09473459201942691],
[1647783000.0, 0.07918929743682716],
[1647869400.0, 0.0755576738157054],
[1647955800.0, 0.0756016618826759],
[1648042200.0, 0.0749483647305254],
[1648128600.0, 0.0756485820638694],
[1648215000.0, 0.07622012235954956],
[1648301400.0, 0.07588283778130982],
[1648387800.0, 0.0824366639351148],
[1648474200.0, 0.0870109957065092],
[1648560600.0, 0.08452717659606845],
[1648647000.0, 0.10165963137863107],
[1648733400.0, 0.10411175527135563],
[1648819800.0, 0.08767197054028704],
[1648906200.0, 0.08726722070461802],
[1648996200.0, 0.07948400923650253],
[1649082600.0, 0.07838624237732468],
[1649169000.0, 0.08094199391494597],
[1649255400.0, 0.08331915267206524],
[1649341800.0, 0.0769152343116134],
[1649428200.0, 0.08321496328049735],
[1649514600.0, 0.08443008007673708],
[1649601000.0, 0.08277349620508404],
[1649687400.0, 0.12693552424092336],
[1649773800.0, 0.12624192622172103],
[1649860200.0, 0.1232012219272507],
[1649946600.0, 0.12613563346515033],
[1650033000.0, 0.1268005458550277],
[1650119400.0, 0.07921423572517783],
[1650205800.0, 0.08683287048500307],
[1650292200.0, 0.0816456958266805],
[1650378600.0, 0.08713903920278385],
[1650465000.0, 0.08925883386019819],
[1650551400.0, 0.08925883386019819],
[1650637800.0, 0.08925883386019819],
[1650724200.0, 0.08691818846186304],
[1650810600.0, 0.0861518362099274],
[1650897000.0, 0.09744453788923929],
[1650983400.0, 0.08523396619192443],
[1651069800.0, 0.08799992688832353],
[1651156200.0, 0.09322073658374125],
[1651242600.0, 0.08083557432900781],
[1651329000.0, 0.08870959438348505],
[1651415400.0, 0.09201074920226703],
[1651501800.0, 0.07804112065140269],
[1651588200.0, 0.0808558361544946],
[1651674600.0, 0.0791180624654315],
[1651761000.0, 0.07919385041689983],
[1651847400.0, 0.07964505561227267],
[1651933800.0, 0.07775732409153749],
[1652020200.0, 0.0799524009372852],
[1652106600.0, 0.07893841056681537],
[1652193000.0, 0.0805380175756611],
[1652279400.0, 0.08279195389263697],
[1652365800.0, 0.08276090569377192],
[1652452200.0, 0.0797110471652326],
[1652538600.0, 0.08079833875131978],
[1652625000.0, 0.07922509862285612],
[1652711400.0, 0.08488841548300673],
[1652797800.0, 0.08522762012056648],
[1652884200.0, 0.08544907375336173],
[1652970600.0, 0.07432708409076391],
[1653057000.0, 0.08438616085212279],
[1653143400.0, 0.08963881403522521],
[1653229800.0, 0.09569393606817037],
[1653316200.0, 0.08365399903657313],
[1653402600.0, 0.12163240333531929],
[1653489000.0, 0.11985785305940584],
[1653575400.0, 0.09980476175889845],
[1653661800.0, 0.09662424056115455],
[1653748200.0, 0.10258781019508792],
[1653834600.0, 0.07256096973205828],
[1653921000.0, 0.08558331011560022],
[1654007400.0, 0.08098350286384227],
[1654093800.0, 0.08447846175921883],
[1654180200.0, 0.072675442901367],
[1654266600.0, 0.0719864646266809],
[1654353000.0, 0.0924372106220873],
[1654439400.0, 0.09121957223467984],
[1654525800.0, 0.09273057814579792],
[1654612200.0, 0.09233155520154564],
[1654698600.0, 0.0965710238205271],
[1654785000.0, 0.09465851499512962],
[1654871400.0, 0.10187198797925329],
[1654957800.0, 0.09448943921398625],
[1655044200.0, 0.08740525811857265],
[1655130600.0, 0.08833950825715134],
[1655217000.0, 0.08590863882500485],
[1655303400.0, 0.08275134600767611],
[1655389800.0, 0.08518571533924084],
[1655476200.0, 0.07464765964706573],
[1655562600.0, 0.07239548092254632],
[1655649000.0, 0.0829510302907463],
[1655735400.0, 0.08364062501357233],
[1655821800.0, 0.0857178283329135],
[1655908200.0, 0.08536215077587447],
[1655994600.0, 0.08565341002037594],
[1656081000.0, 0.08537432501511855],
[1656167400.0, 0.08488425709672612],
[1656253800.0, 0.08702930627838837],
[1656340200.0, 0.08743043461093061],
[1656426600.0, 0.08214723644012203],
[1656513000.0, 0.086604797541892],
[1656599400.0, 0.0849894632667861],
[1656685800.0, 0.099312966409918],
[1656772200.0, 0.09189865429820544],
[1656858600.0, 0.09459424319857608],
[1656945000.0, 0.09606631927654292],
[1657031400.0, 0.0927956745290847],
[1657117800.0, 0.09350456966609634],
[1657204200.0, 0.10618799590331517],
[1657290600.0, 0.10246167459860775],
[1657377000.0, 0.09639920057405017],
[1657463400.0, 0.09515777691054302],
[1657549800.0, 0.09493862734852411],
[1657636200.0, 0.0838000379886071],
[1657722600.0, 0.0930767139971227],
[1657809000.0, 0.09338506444488383],
[1657895400.0, 0.0950977065972705],
[1657981800.0, 0.09989925481971372],
[1658068200.0, 0.093731734757108],
[1658154600.0, 0.07221049528062415],
[1658241000.0, 0.09266840502232186],
[1658327400.0, 0.09434786537524315],
[1658413800.0, 0.11250635321767634],
[1658500200.0, 0.09659396956782483],
[1658586600.0, 0.09496126380300501],
[1658673000.0, 0.1085913613772307],
[1658759400.0, 0.09182199870205804],
[1658845800.0, 0.09529743220665073],
[1658932200.0, 0.09579132069848646],
[1659018600.0, 0.09532375758408067],
[1659105000.0, 0.1158497045752307],
[1659191400.0, 0.09941098865898403],
[1659277800.0, 0.08991468231158324],
[1659364200.0, 0.09092864775978682],
[1659450600.0, 0.09997975511012042],
[1659537000.0, 0.09583727791190277],
[1659623400.0, 0.10774642974349097],
[1659709800.0, 0.10862646857164111],
[1659796200.0, 0.11218360720978354],
[1659882600.0, 0.11012993051173853],
[1659969000.0, 0.111761886280453],
[1660055400.0, 0.11135494703627653],
[1660141800.0, 0.11093493394525222],
[1660228200.0, 0.10982750602840417],
[1660314600.0, 0.10791503834786373],
[1660401000.0, 0.10791503834786373],
[1660487400.0, 0.10791503834786373],
[1660573800.0, 0.10791503834786373],
[1660660200.0, 0.09317398355632109],
[1660746600.0, 0.09452991095129437],
[1660833000.0, 0.09572171268613998],
[1660919400.0, 0.09583311797519495],
[1661005800.0, 0.09484353561569389],
[1661092200.0, 0.09394715845511624],
[1661178600.0, 0.0935312220540314],
[1661265000.0, 0.09196441855714316],
[1661351400.0, 0.06302723972131309],
[1661437800.0, 0.06381977078462486],
[1661524200.0, 0.06314451276227402],
[1661610600.0, 0.06133762694058407],
[1661697000.0, 0.06108888383602695],
[1661783400.0, 0.06431041922290985],
[1661869800.0, 0.0682072582028085],
[1661956200.0, 0.064622606946781],
[1662042600.0, 0.06352349119809483],
[1662129000.0, 0.07392676925036422],
[1662215400.0, 0.0744556679953989],
[1662301800.0, 0.07534603641092616],
[1662388200.0, 0.07600241374384417],
[1662474600.0, 0.07886926674873831],
[1662561000.0, 0.08195818975943332],
[1662647400.0, 0.07824597868966965],
[1662733800.0, 0.07905863763905513],
[1662820200.0, 0.07863072293052208],
[1662906600.0, 0.08003590675598485],
[1662993000.0, 0.08968519576258331],
[1663079400.0, 0.08673799785644505],
[1663165800.0, 0.08917735619100195],
[1663252200.0, 0.09097976478865959],
[1663338600.0, 0.09685194388680202],
[1663425000.0, 0.09486631111911203],
[1663511400.0, 0.092288108256006],
[1663597800.0, 0.09223701720536992],
[1663684200.0, 0.09190655133895792],
[1663770600.0, 0.09288519342311742],
[1663857000.0, 0.09052461132607263],
[1663943400.0, 0.07989800847970564],
[1664029800.0, 0.072905039851075],
[1664116200.0, 0.07350878754698811],
[1664202600.0, 0.07276469375471405],
[1664289000.0, 0.07393819578385945],
[1664375400.0, 0.07294661305182097],
[1664461800.0, 0.07519652085775577],
[1664548200.0, 0.08342583805890888],
[1664634600.0, 0.08250246180148095],
[1664717400.0, 0.08194097943356464],
[1664803800.0, 0.08230759835827646],
[1664890200.0, 0.08481430146972271],
[1664976600.0, 0.07694480756354359],
[1665063000.0, 0.07911979435736063],
[1665149400.0, 0.08751753659412544],
[1665235800.0, 0.08602933771451764],
[1665322200.0, 0.08448370312270738],
[1665408600.0, 0.08320133778833894],
[1665495000.0, 0.08296495413056389],
[1665581400.0, 0.08529953790323132],
[1665667800.0, 0.08237766286623197],
[1665754200.0, 0.08473252520186626],
[1665840600.0, 0.08254239485001354],
[1665927000.0, 0.0699435093443107],
[1666013400.0, 0.09436042206709848],
[1666099800.0, 0.13447131303563312],
[1666186200.0, 0.1309359755620536],
[1666272600.0, 0.1316516326716491],
[1666359000.0, 0.13168605953084808],
[1666445400.0, 0.12907632410856001],
[1666531800.0, 0.11875490925791093],
[1666618200.0, 0.09730428655097688],
[1666704600.0, 0.08715406764478514],
[1666791000.0, 0.0870924619389586],
[1666877400.0, 0.08401969998198584],
[1666963800.0, 0.08433124493313052],
[1667050200.0, 0.08580365693875837],
[1667136600.0, 0.0843291110700936],
[1667223000.0, 0.08360173412842538],
[1667309400.0, 0.09000147726388259],
[1667395800.0, 0.09081120930331012],
[1667482200.0, 0.08966794814253153],
[1667568600.0, 0.0927818743011339],
[1667655000.0, 0.09526342116427905],
[1667741400.0, 0.10335512279604116],
[1667827800.0, 0.10359806062841284],
[1667914200.0, 0.10547099770274489],
[1668000600.0, 0.10249828609075821],
[1668087000.0, 0.1033435703136301],
[1668173400.0, 0.10519884161920388],
[1668259800.0, 0.08590272736587867],
[1668346200.0, 0.10196316298638605],
[1668432600.0, 0.10004572754002097],
[1668519000.0, 0.09933192133135059],
[1668605400.0, 0.09976505327399303],
[1668691800.0, 0.0927316619263277],
[1668778200.0, 0.08818535227588195],
[1668864600.0, 0.08630592239140024],
[1668951000.0, 0.08736062812900637],
[1669037400.0, 0.08343555506468527],
[1669123800.0, 0.08804388436572716],
[1669210200.0, 0.08116975997238444],
[1669296600.0, 0.0926617986575652],
[1669383000.0, 0.0888767683178208],
[1669469400.0, 0.09367334823915287],
[1669555800.0, 0.08798163666654997],
[1669642200.0, 0.09210563278775537],
[1669728600.0, 0.08505387485189168],
[1669815000.0, 0.08873423051756431],
[1669901400.0, 0.09249614395919353],
[1669987800.0, 0.09402832343341855],
[1670074200.0, 0.09330939243635113],
[1670160600.0, 0.07946147389454024],
[1670247000.0, 0.07892071541858908],
[1670333400.0, 0.07860777240451731],
[1670419800.0, 0.08064010834702166],
[1670506200.0, 0.08676554932000834],
[1670592600.0, 0.08449424276581854],
[1670679000.0, 0.0838473043558674],
[1670765400.0, 0.08505065732670172],
[1670851800.0, 0.0848782248553711],
[1670938200.0, 0.08433715770607231],
[1671024600.0, 0.08613841919736157],
[1671111000.0, 0.10125723162916485],
[1671197400.0, 0.10166315503083806],
[1671283800.0, 0.1051816182088604],
[1671370200.0, 0.10382290696085489],
[1671456600.0, 0.10351510805245988],
[1671543000.0, 0.10537499036902728],
[1671629400.0, 0.11071318450278723],
[1671715800.0, 0.09298835178486882],
[1671802200.0, 0.0903442495051398],
[1671888600.0, 0.08804173075446758],
[1671975000.0, 0.08915962414774704],
[1672061400.0, 0.09031601010443757],
[1672147800.0, 0.09741457297782287],
[1672234200.0, 0.08991812546668045],
[1672320600.0, 0.08768905641827239],
[1672407000.0, 0.08620663326856773],
[1672493400.0, 0.08820927467334617],
[1672579800.0, 0.08910186256670065],
[1672666200.0, 0.08881015369082208],
[1672752600.0, 0.08838413321620864],
[1672839000.0, 0.0817219828286832],
[1672925400.0, 0.09892120079937725],
[1673011800.0, 0.08754124120273186],
[1673098200.0, 0.09362141986596259],
[1673184600.0, 0.10348814659178443],
[1673271000.0, 0.10240030655086296],
[1673357400.0, 0.10392909384491716],
[1673443800.0, 0.10523293980692591],
[1673530200.0, 0.09253552426494326],
[1673616600.0, 0.09337383252737672],
[1673703000.0, 0.09143653549759298],
[1673789400.0, 0.09234943782484678],
[1673875800.0, 0.09225420256803309],
[1673962200.0, 0.08770128503430366],
[1674048600.0, 0.08773655160791173],
[1674135000.0, 0.08899751426851779],
[1674221400.0, 0.09444647397460731],
[1674307800.0, 0.09498218637127911],
[1674394200.0, 0.09536790953510854],
[1674480600.0, 0.10463732956901482],
[1674567000.0, 0.10040956473847339],
[1674653400.0, 0.10188884476855037],
[1674739800.0, 0.11493875976403334],
[1674826200.0, 0.09903439974163947],
[1674912600.0, 0.09862998709247313],
[1674999000.0, 0.09716568535053562],
[1675085400.0, 0.10327777705687109],
[1675171800.0, 0.11266685066345226],
[1675258200.0, 0.1206968717266893],
[1675344600.0, 0.1175697294613443],
[1675431000.0, 0.11817814491852666],
[1675517400.0, 0.11016555899549159],
[1675603800.0, 0.10682571907134482],
[1675690200.0, 0.10418860953239692],
[1675776600.0, 0.10452539059149091],
[1675863000.0, 0.104504697845982],
[1675949400.0, 0.104504697845982],
