[1660660200.0, 2.655],
[1660746600.0, 8.593333333333334],
[1660833000.0, 8.738333333333333],
[1660919400.0, 8.746666666666668],
[1661005800.0, 9.026666666666666],
[1661092200.0, 8.661666666666667],
[1661178600.0, 9.805000000000001],
[1661265000.0, 9.736666666666668],
[1661351400.0, 8.815000000000001],
[1661437800.0, 9.121666666666666],
[1661524200.0, 7.25],
[1661610600.0, 6.983333333333333],
[1661697000.0, 6.701666666666665],
[1661783400.0, 6.461666666666666],
[1661869800.0, 6.613333333333333],
[1661956200.0, 6.458333333333333],
[1662042600.0, 6.271666666666667],
[1662129000.0, 6.298333333333333],
[1662215400.0, 6.346666666666667],
[1662301800.0, 5.9799999999999995],
[1662388200.0, 6.366666666666667],
[1662474600.0, 6.3],
[1662561000.0, 5.57],
[1662647400.0, 5.548333333333333],
[1662733800.0, 5.596666666666667],
[1662820200.0, 5.685000000000001],
[1662906600.0, 5.6816666666666675],
[1662993000.0, 5.961666666666666],
[1663079400.0, 6.218333333333334],
[1663165800.0, 6.43],
[1663252200.0, 6.613333333333333],
[1663338600.0, 6.940000000000001],
[1663425000.0, 6.580000000000001],
[1663511400.0, 6.716666666666666],
[1663597800.0, 6.675],
[1663684200.0, 6.348333333333334],
[1663770600.0, 6.313333333333333],
[1663857000.0, 6.06],
[1663943400.0, 6.101666666666667],
[1664029800.0, 5.953333333333333],
[1664116200.0, 5.748333333333332],
[1664202600.0, 5.6866666666666665],
[1664289000.0, 5.925],
[1664375400.0, 5.706666666666667],
[1664461800.0, 5.88],
[1664548200.0, 5.876666666666666],
[1664634600.0, 5.786666666666666],
[1664717400.0, 5.890000000000001],
[1664803800.0, 5.751666666666668],
[1664890200.0, 5.9049999999999985],
[1664976600.0, 5.873333333333334],
[1665063000.0, 5.901666666666666],
[1665149400.0, 5.978333333333334],
[1665235800.0, 6.138333333333333],
[1665322200.0, 6.1016666666666675],
[1665408600.0, 6.178333333333334],
[1665495000.0, 6.401666666666667],
[1665581400.0, 6.241666666666666],
[1665667800.0, 6.4866666666666655],
[1665754200.0, 6.353333333333334],
[1665840600.0, 6.2749999999999995],
[1665927000.0, 6.285],
[1666013400.0, 6.196666666666666],
[1666099800.0, 6.246666666666666],
[1666186200.0, 6.426666666666666],
[1666272600.0, 6.419999999999999],
[1666359000.0, 6.3083333333333345],
[1666445400.0, 6.053333333333335],
[1666531800.0, 5.841666666666666],
[1666618200.0, 5.8616666666666655],
[1666704600.0, 5.911666666666666],
[1666791000.0, 6.008333333333333],
[1666877400.0, 6.151666666666666],
[1666963800.0, 6.175],
[1667050200.0, 5.953333333333334],
[1667136600.0, 5.961666666666665],
[1667223000.0, 6.096666666666665],
[1667309400.0, 6.6433333333333335],
[1667395800.0, 7.109999999999999],
[1667482200.0, 7.821666666666666],
[1667568600.0, 8.046666666666665],
[1667655000.0, 7.79],
[1667741400.0, 8.055],
[1667827800.0, 9.266666666666666],
[1667914200.0, 10.161666666666667],
[1668000600.0, 9.968333333333334],
[1668087000.0, 10.683333333333332],
[1668173400.0, 10.933333333333332],
[1668259800.0, 10.561666666666666],
[1668346200.0, 10.048333333333334],
[1668432600.0, 10.49],
[1668519000.0, 8.688333333333333],
[1668605400.0, 8.303333333333333],
[1668691800.0, 8.756666666666668],
[1668778200.0, 8.388333333333334],
[1668864600.0, 8.233333333333333],
[1668951000.0, 7.655],
[1669037400.0, 8.049999999999999],
[1669123800.0, 7.965000000000001],
[1669210200.0, 7.816666666666667],
[1669296600.0, 8.593333333333332],
[1669383000.0, 8.128333333333332],
[1669469400.0, 8.043333333333335],
[1669555800.0, 7.8183333333333325],
[1669642200.0, 7.528333333333333],
[1669728600.0, 7.475000000000001],
[1669815000.0, 7.275000000000001],
[1669901400.0, 7.47],
[1669987800.0, 7.695],
[1670074200.0, 7.723333333333333],
[1670160600.0, 7.515],
[1670247000.0, 7.696666666666666],
[1670333400.0, 7.75],
[1670419800.0, 8.095],
[1670506200.0, 8.033333333333333],
[1670592600.0, 8.078333333333333],
[1670679000.0, 7.826666666666665],
[1670765400.0, 7.906666666666666],
[1670851800.0, 7.958333333333332],
[1670938200.0, 7.885000000000001],
[1671024600.0, 7.633333333333333],
[1671111000.0, 7.559999999999999],
[1671197400.0, 7.255],
[1671283800.0, 7.1433333333333335],
[1671370200.0, 6.989999999999999],
[1671456600.0, 7.323333333333334],
[1671543000.0, 6.988333333333333],
[1671629400.0, 6.998333333333332],
[1671715800.0, 7.486666666666667],
[1671802200.0, 6.403333333333333],
[1671888600.0, 6.666666666666667],
[1671975000.0, 6.8883333333333345],
[1672061400.0, 6.814999999999998],
[1672147800.0, 7.013333333333333],
[1672234200.0, 6.666666666666665],
[1672320600.0, 6.9750000000000005],
[1672407000.0, 6.713333333333334],
[1672493400.0, 7.116666666666667],
[1672579800.0, 7.308333333333333],
[1672666200.0, 7.073333333333334],
[1672752600.0, 6.653333333333333],
[1672839000.0, 7.114999999999999],
[1672925400.0, 6.576666666666665],
[1673011800.0, 6.819999999999999],
[1673098200.0, 6.876666666666666],
[1673184600.0, 6.925],
[1673271000.0, 6.743333333333333],
[1673357400.0, 6.905000000000001],
[1673443800.0, 6.851666666666666],
[1673530200.0, 7.185],
[1673616600.0, 7.128333333333333],
[1673703000.0, 7.178333333333335],
[1673789400.0, 6.991666666666666],
[1673875800.0, 7.721666666666668],
[1673962200.0, 7.863333333333333],
[1674048600.0, 7.711666666666666],
[1674135000.0, 7.791666666666668],
[1674221400.0, 7.516666666666667],
[1674307800.0, 7.3133333333333335],
[1674394200.0, 7.371666666666667],
[1674480600.0, 7.426666666666665],
[1674567000.0, 7.496666666666666],
[1674653400.0, 7.401666666666666],
[1674739800.0, 7.408333333333335],
[1674826200.0, 7.573333333333333],
[1674912600.0, 7.376666666666666],
[1674999000.0, 7.135000000000001],
[1675085400.0, 7.476666666666667],
[1675171800.0, 7.218333333333333],
[1675258200.0, 7.468333333333334],
[1675344600.0, 7.1450000000000005],
[1675431000.0, 7.551666666666667],
[1675517400.0, 7.321666666666668],
[1675603800.0, 8.1],
[1675690200.0, 7.22],
[1675776600.0, 7.1933333333333325],
[1675863000.0, 7.1933333333333325],
[1675949400.0, 7.1933333333333325],
