[1660660200.0, 0.02236842105263158],
[1660746600.0, 0.11605263157894742],
[1660833000.0, 0.15157894736842115],
[1660919400.0, 0.18394736842105272],
[1661005800.0, 0.16710526315789478],
[1661092200.0, 0.15605263157894744],
[1661178600.0, 0.1660526315789474],
[1661265000.0, 0.1621052631578948],
[1661351400.0, 0.1444736842105264],
[1661437800.0, 0.163421052631579],
[1661524200.0, 0.12184210526315799],
[1661610600.0, 0.1286842105263159],
[1661697000.0, 0.13315789473684222],
[1661783400.0, 0.13684210526315801],
[1661869800.0, 0.13657894736842116],
[1661956200.0, 0.1363157894736843],
[1662042600.0, 0.13289473684210543],
[1662129000.0, 0.12736842105263174],
[1662215400.0, 0.12473684210526326],
[1662301800.0, 0.1242105263157896],
[1662388200.0, 0.13131578947368433],
[1662474600.0, 0.12947368421052646],
[1662561000.0, 0.1210526315789475],
[1662647400.0, 0.12052631578947377],
[1662733800.0, 0.12078947368421064],
[1662820200.0, 0.12184210526315799],
[1662906600.0, 0.12289473684210538],
[1662993000.0, 0.12421052631578959],
[1663079400.0, 0.1260526315789475],
[1663165800.0, 0.12526315789473697],
[1663252200.0, 0.126842105263158],
[1663338600.0, 0.13263157894736857],
[1663425000.0, 0.1365789473684212],
[1663511400.0, 0.13447368421052647],
[1663597800.0, 0.13289473684210543],
[1663684200.0, 0.1347368421052633],
[1663770600.0, 0.13342105263157908],
[1663857000.0, 0.13000000000000014],
[1663943400.0, 0.12842105263157907],
[1664029800.0, 0.13000000000000012],
[1664116200.0, 0.12394736842105276],
[1664202600.0, 0.12368421052631591],
[1664289000.0, 0.12131578947368431],
[1664375400.0, 0.12131578947368431],
[1664461800.0, 0.12026315789473695],
[1664548200.0, 0.12052631578947377],
[1664634600.0, 0.11973684210526325],
[1664717400.0, 0.12289473684210538],
[1664803800.0, 0.12105263157894748],
[1664890200.0, 0.12342105263157907],
[1664976600.0, 0.12447368421052644],
[1665063000.0, 0.12210526315789487],
[1665149400.0, 0.126842105263158],
[1665235800.0, 0.13000000000000012],
[1665322200.0, 0.13000000000000012],
[1665408600.0, 0.1313157894736843],
[1665495000.0, 0.1355263157894738],
[1665581400.0, 0.13447368421052644],
[1665667800.0, 0.13763157894736852],
[1665754200.0, 0.138421052631579],
[1665840600.0, 0.14078947368421058],
[1665927000.0, 0.1486842105263159],
[1666013400.0, 0.1507894736842106],
[1666099800.0, 0.14815789473684218],
[1666186200.0, 0.14710526315789477],
[1666272600.0, 0.1457894736842106],
[1666359000.0, 0.1421052631578948],
[1666445400.0, 0.1355263157894738],
[1666531800.0, 0.1339473684210527],
[1666618200.0, 0.13263157894736852],
[1666704600.0, 0.13473684210526324],
[1666791000.0, 0.13605263157894745],
[1666877400.0, 0.14289473684210532],
[1666963800.0, 0.14078947368421058],
[1667050200.0, 0.1389473684210527],
[1667136600.0, 0.13631578947368425],
[1667223000.0, 0.13289473684210532],
[1667309400.0, 0.13473684210526324],
[1667395800.0, 0.1326315789473685],
[1667482200.0, 0.1323684210526317],
[1667568600.0, 0.1326315789473685],
[1667655000.0, 0.13736842105263167],
[1667741400.0, 0.1339473684210527],
[1667827800.0, 0.13921052631578956],
[1667914200.0, 0.14736842105263168],
[1668000600.0, 0.15157894736842106],
[1668087000.0, 0.1628947368421053],
[1668173400.0, 0.17763157894736845],
[1668259800.0, 0.1857894736842106],
[1668346200.0, 0.20578947368421058],
[1668432600.0, 0.173421052631579],
[1668519000.0, 0.1839473684210527],
[1668605400.0, 0.15973684210526323],
[1668691800.0, 0.16026315789473694],
[1668778200.0, 0.1536842105263158],
[1668864600.0, 0.1523684210526316],
[1668951000.0, 0.1442105263157895],
[1669037400.0, 0.14447368421052637],
[1669123800.0, 0.14552631578947373],
[1669210200.0, 0.13921052631578953],
[1669296600.0, 0.13578947368421054],
[1669383000.0, 0.13526315789473692],
[1669469400.0, 0.12789473684210534],
[1669555800.0, 0.12815789473684222],
[1669642200.0, 0.12868421052631587],
[1669728600.0, 0.13078947368421065],
[1669815000.0, 0.1344736842105264],
[1669901400.0, 0.138421052631579],
[1669987800.0, 0.14105263157894743],
[1670074200.0, 0.14263157894736844],
[1670160600.0, 0.13973684210526324],
[1670247000.0, 0.13973684210526327],
[1670333400.0, 0.13789473684210535],
[1670419800.0, 0.14000000000000004],
[1670506200.0, 0.14289473684210532],
[1670592600.0, 0.14184210526315794],
[1670679000.0, 0.14631578947368426],
[1670765400.0, 0.14447368421052637],
[1670851800.0, 0.14368421052631586],
[1670938200.0, 0.1402631578947369],
[1671024600.0, 0.138421052631579],
[1671111000.0, 0.14000000000000007],
[1671197400.0, 0.13842105263157903],
[1671283800.0, 0.13631578947368428],
[1671370200.0, 0.1407894736842106],
[1671456600.0, 0.13815789473684215],
[1671543000.0, 0.13789473684210532],
[1671629400.0, 0.13921052631578953],
[1671715800.0, 0.13473684210526324],
[1671802200.0, 0.13447368421052638],
[1671888600.0, 0.13473684210526327],
[1671975000.0, 0.13342105263157905],
[1672061400.0, 0.13210526315789484],
[1672147800.0, 0.13342105263157905],
[1672234200.0, 0.12947368421052646],
[1672320600.0, 0.13105263157894745],
[1672407000.0, 0.12842105263157902],
[1672493400.0, 0.12921052631578958],
[1672579800.0, 0.12894736842105273],
[1672666200.0, 0.1273684210526317],
[1672752600.0, 0.12947368421052638],
[1672839000.0, 0.13289473684210534],
[1672925400.0, 0.1286842105263159],
[1673011800.0, 0.1350000000000001],
[1673098200.0, 0.1331578947368422],
[1673184600.0, 0.13578947368421057],
[1673271000.0, 0.13815789473684215],
[1673357400.0, 0.14236842105263162],
[1673443800.0, 0.13973684210526321],
[1673530200.0, 0.14605263157894743],
[1673616600.0, 0.15105263157894744],
[1673703000.0, 0.1552631578947369],
[1673789400.0, 0.16105263157894742],
[1673875800.0, 0.16078947368421054],
[1673962200.0, 0.16210526315789475],
[1674048600.0, 0.16289473684210531],
[1674135000.0, 0.16447368421052633],
[1674221400.0, 0.16052631578947374],
[1674307800.0, 0.16157894736842113],
[1674394200.0, 0.16157894736842104],
[1674480600.0, 0.1615789473684211],
[1674567000.0, 0.1647368421052632],
[1674653400.0, 0.1673684210526316],
[1674739800.0, 0.16447368421052638],
[1674826200.0, 0.16500000000000004],
[1674912600.0, 0.16973684210526319],
[1674999000.0, 0.16578947368421054],
[1675085400.0, 0.1713157894736842],
[1675171800.0, 0.1692105263157895],
[1675258200.0, 0.17500000000000002],
[1675344600.0, 0.17552631578947372],
[1675431000.0, 0.17552631578947367],
[1675517400.0, 0.17368421052631577],
[1675603800.0, 0.17289473684210527],
[1675690200.0, 0.17157894736842105],
[1675776600.0, 0.1728947368421052],
[1675863000.0, 0.1728947368421052],
[1675949400.0, 0.1728947368421052],
