[1635773400.0, 0.5459163945155765],
[1635859800.0, 0.47421936830997363],
[1635946200.0, 0.47501501484645553],
[1636032600.0, 0.4674149766778739],
[1636119000.0, 0.48401681850860956],
[1636205400.0, 0.46635600369581803],
[1636291800.0, 0.48234869036759737],
[1636378200.0, 0.4807908351920767],
[1636464600.0, 0.47306942660723733],
[1636551000.0, 0.46704373165624713],
[1636637400.0, 0.46041096630184325],
[1636723800.0, 0.45677059097254535],
[1636810200.0, 0.46404786435801754],
[1636896600.0, 0.4639783936973543],
[1636983000.0, 0.4732018802458782],
[1637069400.0, 0.4749544816789724],
[1637155800.0, 0.47336866826977764],
[1637242200.0, 0.4817257002732735],
[1637328600.0, 0.4728844691284677],
[1637415000.0, 0.4733532854917304],
[1637501400.0, 0.4850936084274876],
[1637587800.0, 0.49240148675214696],
[1637674200.0, 0.4504950713777608],
[1637760600.0, 0.45602237431019177],
[1637847000.0, 0.4583632892147041],
[1637933400.0, 0.4608972621306587],
[1638019800.0, 0.4202357599535018],
[1638106200.0, 0.43110987342585627],
[1638192600.0, 0.42673319819952504],
[1638279000.0, 0.4149837354296558],
[1638365400.0, 0.4225204349729966],
[1638451800.0, 0.3809876543209876],
[1638538200.0, 0.3915087027069857],
[1638624600.0, 0.4014621807976161],
[1638711000.0, 0.4497043126075384],
[1638797400.0, 0.4333423285036187],
[1638883800.0, 0.4616789769486043],
[1638970200.0, 0.4692429516141561],
[1639056600.0, 0.4459168732053322],
[1639143000.0, 0.47544137806799114],
[1639229400.0, 0.49517638299156813],
[1639315800.0, 0.45429849792265903],
[1639402200.0, 0.452293893912485],
[1639488600.0, 0.4487706922740261],
[1639575000.0, 0.4590705321150755],
[1639661400.0, 0.4969910866233791],
[1639747800.0, 0.510806562123573],
[1639834200.0, 0.5017001678646753],
[1639920600.0, 0.5171419221675561],
[1640007000.0, 0.5138583388393119],
[1640093400.0, 0.5188035897378116],
[1640179800.0, 0.520135814490653],
[1640266200.0, 0.5266471579320742],
[1640352600.0, 0.5191714430388364],
[1640439000.0, 0.5046746868050692],
[1640525400.0, 0.4863279937806528],
[1640611800.0, 0.46515251896572646],
[1640698200.0, 0.4742486329620721],
[1640784600.0, 0.4751219250043664],
[1640871000.0, 0.47001937593724913],
[1640957400.0, 0.47270647258414034],
[1641043800.0, 0.4761773780278774],
[1641130200.0, 0.4814629197276583],
[1641216600.0, 0.4813104992913479],
[1641303000.0, 0.483538467034341],
[1641389400.0, 0.4917204575869242],
[1641475800.0, 0.4918083916583542],
[1641562200.0, 0.4376493596375098],
[1641648600.0, 0.44333958908551374],
[1641735000.0, 0.4469797523352173],
[1641821400.0, 0.4575145308607806],
[1641907800.0, 0.47181790629541276],
[1641994200.0, 0.4909928780896523],
[1642080600.0, 0.49170573990971234],
[1642167000.0, 0.4912415681560141],
[1642253400.0, 0.49104283513508096],
[1642339800.0, 0.5026369157291648],
[1642426200.0, 0.501474572646371],
[1642512600.0, 0.4924872280214149],
[1642599000.0, 0.48907658496610307],
[1642685400.0, 0.4712351130221288],
[1642771800.0, 0.47411765317447313],
[1642858200.0, 0.47290883137029954],
[1642944600.0, 0.46999405591085686],
[1643031000.0, 0.431289658150892],
[1643117400.0, 0.4649492986053309],
[1643203800.0, 0.4694800015193527],
[1643290200.0, 0.45177692523852525],
[1643376600.0, 0.44720481068134327],
[1643463000.0, 0.458710359047765],
[1643549400.0, 0.46058288305531414],
[1643635800.0, 0.46058288305531414],
[1643722200.0, 0.46058288305531414],
[1643808600.0, 0.45278732972628133],
[1643895000.0, 0.468585992695871],
[1643981400.0, 0.46675618762779625],
[1644067800.0, 0.4452471679165063],
[1644154200.0, 0.4517138581405293],
[1644240600.0, 0.44433170207147255],
[1644327000.0, 0.4447075870587676],
[1644413400.0, 0.4439839452950795],
[1644499800.0, 0.4551700777853182],
[1644586200.0, 0.4657486362591774],
[1644672600.0, 0.46672017030231583],
[1644759000.0, 0.457948397785492],
[1644845400.0, 0.4645232489338561],
[1644931800.0, 0.4907699355916674],
[1645018200.0, 0.5000214732748827],
[1645104600.0, 0.5145804089761102],
[1645191000.0, 0.4619776140732389],
[1645277400.0, 0.4663673160247677],
[1645363800.0, 0.4660987732708973],
[1645450200.0, 0.4470407896212659],
[1645536600.0, 0.4536291083527628],
[1645623000.0, 0.4375906382707134],
[1645709400.0, 0.43646014413861284],
[1645795800.0, 0.4435810271710486],
[1645882200.0, 0.46869628195842916],
[1645968600.0, 0.44261056821111733],
[1646055000.0, 0.4457985075257549],
[1646141400.0, 0.4507552079547602],
[1646227800.0, 0.45886725137505563],
[1646314200.0, 0.46158287929835956],
[1646400600.0, 0.47332220484002063],
[1646487000.0, 0.47835539897335455],
[1646573400.0, 0.49356454521364274],
[1646659800.0, 0.4780751179973386],
[1646746200.0, 0.4758079710981746],
[1646832600.0, 0.48240496835216073],
[1646919000.0, 0.4851278859583759],
[1647005400.0, 0.4900474986331329],
[1647091800.0, 0.4777027958891537],
[1647178200.0, 0.4805353158441687],
[1647264600.0, 0.4738914940840746],
[1647351000.0, 0.4720537869018491],
[1647437400.0, 0.4826085031477849],
[1647523800.0, 0.4949220318565118],
[1647610200.0, 0.48277487713177836],
[1647696600.0, 0.4735819565398078],
[1647783000.0, 0.4766778372555652],
[1647869400.0, 0.47878622777492186],
[1647955800.0, 0.5121109794308164],
[1648042200.0, 0.5077076997705182],
[1648128600.0, 0.4984059097519635],
[1648215000.0, 0.4982930499388695],
[1648301400.0, 0.5014213323445803],
[1648387800.0, 0.4874690840626838],
[1648474200.0, 0.4896436442739789],
[1648560600.0, 0.4858998912751738],
[1648647000.0, 0.4899451742214704],
[1648733400.0, 0.5011255524299926],
[1648819800.0, 0.49591218508035284],
[1648906200.0, 0.49327995391705065],
[1648996200.0, 0.49802304147465426],
[1649082600.0, 0.5069674982838962],
[1649169000.0, 0.5033917470794098],
[1649255400.0, 0.49841785743305206],
[1649341800.0, 0.485514596720239],
[1649428200.0, 0.48666906503577556],
[1649514600.0, 0.4822640604389016],
[1649601000.0, 0.4822640604389016],
[1649687400.0, 0.4822640604389016],
[1649773800.0, 0.4822640604389016],
[1649860200.0, 0.4822012460098561],
[1649946600.0, 0.4758320290646924],
[1650033000.0, 0.48253592561284864],
[1650119400.0, 0.48707041295266673],
[1650205800.0, 0.4850150657911383],
[1650292200.0, 0.5043884486311317],
[1650378600.0, 0.5052105914797945],
[1650465000.0, 0.46323508100744865],
[1650551400.0, 0.46323508100744865],
[1650637800.0, 0.46323508100744865],
[1650724200.0, 0.46516108686585084],
[1650810600.0, 0.46983207544477895],
[1650897000.0, 0.5147108345782585],
[1650983400.0, 0.4709405068814936],
[1651069800.0, 0.4694580102643531],
[1651156200.0, 0.4661858257475861],
[1651242600.0, 0.46485510559523985],
[1651329000.0, 0.46569839208364205],
[1651415400.0, 0.4532080011968503],
[1651501800.0, 0.4537336386279708],
[1651588200.0, 0.45173442885642223],
[1651674600.0, 0.4554967881580784],
[1651761000.0, 0.4555958577273184],
[1651847400.0, 0.45671378977928095],
[1651933800.0, 0.4576212721058375],
[1652020200.0, 0.46169959073184874],
[1652106600.0, 0.48079123150164227],
[1652193000.0, 0.47261002612031766],
[1652279400.0, 0.47455149831667753],
[1652365800.0, 0.4766906855851422],
[1652452200.0, 0.4702017685888653],
[1652538600.0, 0.4632973231598298],
[1652625000.0, 0.46777812628175724],
[1652711400.0, 0.46450157652195007],
[1652797800.0, 0.45868353350026847],
[1652884200.0, 0.4564202151856173],
[1652970600.0, 0.45540397574997427],
[1653057000.0, 0.46551014967437254],
[1653143400.0, 0.46308041365635433],
[1653229800.0, 0.4613873325354383],
[1653316200.0, 0.47356094934721155],
[1653402600.0, 0.47277811593960445],
[1653489000.0, 0.46843111090422923],
[1653575400.0, 0.47850803648112544],
[1653661800.0, 0.476816115775699],
[1653748200.0, 0.48115795610117684],
[1653834600.0, 0.4709980803130083],
[1653921000.0, 0.4660297267475822],
[1654007400.0, 0.4502039502865741],
[1654093800.0, 0.4536611733321989],
[1654180200.0, 0.471100842552016],
[1654266600.0, 0.4732205469845723],
[1654353000.0, 0.4670275759975212],
[1654439400.0, 0.46789259364480834],
[1654525800.0, 0.45894702369153595],
[1654612200.0, 0.4613450100218498],
[1654698600.0, 0.4519992712805044],
[1654785000.0, 0.43763120097226826],
[1654871400.0, 0.4386029363370816],
[1654957800.0, 0.43400863995233124],
[1655044200.0, 0.43701896476697544],
[1655130600.0, 0.43138794487467835],
[1655217000.0, 0.42524508624919427],
[1655303400.0, 0.4330618368877932],
[1655389800.0, 0.4605112275038681],
[1655476200.0, 0.46929074194978054],
[1655562600.0, 0.46888775280376666],
[1655649000.0, 0.4672154290028124],
[1655735400.0, 0.47322180457588703],
[1655821800.0, 0.47379661594268657],
[1655908200.0, 0.4691122870939257],
[1655994600.0, 0.4585888073107865],
[1656081000.0, 0.44384048768097545],
[1656167400.0, 0.44385922562692337],
[1656253800.0, 0.43156521646155654],
[1656340200.0, 0.42648127576383055],
[1656426600.0, 0.44099578874229983],
[1656513000.0, 0.4515075361669402],
[1656599400.0, 0.45080111087374486],
[1656685800.0, 0.45166626243026914],
[1656772200.0, 0.4537852647693505],
[1656858600.0, 0.4476622565779694],
[1656945000.0, 0.4467323636907487],
[1657031400.0, 0.4502574532116993],
[1657117800.0, 0.45070257901578714],
[1657204200.0, 0.44118396843981245],
[1657290600.0, 0.4385733400580815],
[1657377000.0, 0.43826907277632343],
[1657463400.0, 0.44486175697503927],
[1657549800.0, 0.4450543162182552],
[1657636200.0, 0.4414879812581979],
[1657722600.0, 0.4323416429593198],
[1657809000.0, 0.43257230325658247],
[1657895400.0, 0.43775984032404824],
[1657981800.0, 0.45046746100070645],
[1658068200.0, 0.4542528555647577],
[1658154600.0, 0.449756151390045],
[1658241000.0, 0.4491926506673052],
[1658327400.0, 0.4541019664329267],
[1658413800.0, 0.45913170021828764],
[1658500200.0, 0.42649815760553356],
[1658586600.0, 0.42702135514383305],
[1658673000.0, 0.43102089310708824],
[1658759400.0, 0.438917920289513],
[1658845800.0, 0.4424828270360993],
[1658932200.0, 0.4444048800218487],
[1659018600.0, 0.44060157646741893],
[1659105000.0, 0.4397030338423465],
[1659191400.0, 0.4345943574788181],
[1659277800.0, 0.4142986367857581],
[1659364200.0, 0.41315743821504186],
[1659450600.0, 0.42580554178172236],
[1659537000.0, 0.43497700502680814],
[1659623400.0, 0.4461666271921862],
[1659709800.0, 0.4591845602256475],
[1659796200.0, 0.4508302245629435],
[1659882600.0, 0.44884452799869895],
[1659969000.0, 0.4315549072820357],
[1660055400.0, 0.4245378976535373],
[1660141800.0, 0.4117626201796558],
[1660228200.0, 0.3940918270379261],
[1660314600.0, 0.391777500183702],
[1660401000.0, 0.391777500183702],
[1660487400.0, 0.391777500183702],
[1660573800.0, 0.391777500183702],
[1660660200.0, 0.3399672793586828],
[1660746600.0, 0.3378972480653856],
[1660833000.0, 0.34340900378672484],
[1660919400.0, 0.3417393745046817],
[1661005800.0, 0.34706576058274313],
[1661092200.0, 0.34180454876237104],
[1661178600.0, 0.35185465755861056],
[1661265000.0, 0.37179292969559735],
[1661351400.0, 0.38470106784968167],
[1661437800.0, 0.39310064109087206],
[1661524200.0, 0.38016655680025674],
[1661610600.0, 0.38521039189566475],
[1661697000.0, 0.40287662838363164],
[1661783400.0, 0.40389242867679787],
[1661869800.0, 0.41222447295533265],
[1661956200.0, 0.4134052027185376],
[1662042600.0, 0.3776406003206285],
[1662129000.0, 0.3815604406339371],
[1662215400.0, 0.3831154309993692],
[1662301800.0, 0.3927469002215037],
[1662388200.0, 0.3918341013824885],
[1662474600.0, 0.39617080752078687],
[1662561000.0, 0.40402846800672043],
[1662647400.0, 0.4010977457783192],
[1662733800.0, 0.41355828061131505],
[1662820200.0, 0.40636952602621584],
[1662906600.0, 0.4107779447749884],
[1662993000.0, 0.40679644154857547],
[1663079400.0, 0.40970660936316095],
[1663165800.0, 0.41239547928352477],
[1663252200.0, 0.41046838287607335],
[1663338600.0, 0.4171959689703869],
[1663425000.0, 0.4107451330114269],
[1663511400.0, 0.4169265028659267],
[1663597800.0, 0.4098326864733233],
[1663684200.0, 0.4189575179654676],
[1663770600.0, 0.41171304067339043],
[1663857000.0, 0.428549247917395],
[1663943400.0, 0.4146662563084851],
[1664029800.0, 0.4317332251161487],
[1664116200.0, 0.4591458129368994],
[1664202600.0, 0.45008906101905405],
[1664289000.0, 0.4161478181525414],
[1664375400.0, 0.4263702489100955],
[1664461800.0, 0.4378759858852224],
[1664548200.0, 0.4439695286585684],
[1664634600.0, 0.4445258263804854],
[1664717400.0, 0.4429445737794456],
[1664803800.0, 0.4441711797722449],
[1664890200.0, 0.44557072458635477],
[1664976600.0, 0.46128033955179426],
[1665063000.0, 0.461186055180685],
[1665149400.0, 0.4646233958067043],
[1665235800.0, 0.4395652683987049],
[1665322200.0, 0.4243800469728804],
[1665408600.0, 0.42002716468590834],
[1665495000.0, 0.41586476144045004],
[1665581400.0, 0.43078053426280577],
[1665667800.0, 0.4268850561843396],
[1665754200.0, 0.41983611522087594],
[1665840600.0, 0.4077456996851758],
[1665927000.0, 0.4099296150803577],
[1666013400.0, 0.43601373934099075],
[1666099800.0, 0.43700050604408264],
[1666186200.0, 0.43433572587520275],
[1666272600.0, 0.4425948091846708],
[1666359000.0, 0.4667643136956868],
[1666445400.0, 0.47261509189563183],
[1666531800.0, 0.5141025993295597],
[1666618200.0, 0.49128070468228624],
[1666704600.0, 0.5031483210062472],
[1666791000.0, 0.4830118595541518],
[1666877400.0, 0.478954803635974],
[1666963800.0, 0.4726799476713052],
[1667050200.0, 0.4745873337947544],
[1667136600.0, 0.45270649483672654],
[1667223000.0, 0.4534407853151997],
[1667309400.0, 0.46242029117010525],
[1667395800.0, 0.46119877537486503],
[1667482200.0, 0.45778977615761446],
[1667568600.0, 0.4556083673124713],
[1667655000.0, 0.44613936578008595],
[1667741400.0, 0.4682783863098516],
[1667827800.0, 0.4717134496060494],
[1667914200.0, 0.4837716296317635],
[1668000600.0, 0.48292562586960597],
[1668087000.0, 0.4826565073449899],
[1668173400.0, 0.4805979142843448],
[1668259800.0, 0.49155822199035826],
[1668346200.0, 0.4701141299622338],
[1668432600.0, 0.472187846486116],
[1668519000.0, 0.46574110207888236],
[1668605400.0, 0.4611653470601424],
[1668691800.0, 0.4606546373435464],
[1668778200.0, 0.4616647936826385],
[1668864600.0, 0.46372781564544097],
[1668951000.0, 0.4623513418773458],
[1669037400.0, 0.4732244774076667],
[1669123800.0, 0.47709501125060905],
[1669210200.0, 0.46498213638481845],
[1669296600.0, 0.4606483316160735],
[1669383000.0, 0.46051063869930053],
[1669469400.0, 0.45916918621379277],
[1669555800.0, 0.45698433711925024],
[1669642200.0, 0.4560712352229921],
[1669728600.0, 0.45247054256186847],
[1669815000.0, 0.45300422698293863],
[1669901400.0, 0.4527702924441527],
[1669987800.0, 0.45396479303462384],
[1670074200.0, 0.4401339451371213],
[1670160600.0, 0.41963008681291397],
[1670247000.0, 0.4221445410249087],
[1670333400.0, 0.42999002522426094],
[1670419800.0, 0.45441997307808657],
[1670506200.0, 0.4677469159558929],
[1670592600.0, 0.47454184545793326],
[1670679000.0, 0.46602775205437164],
[1670765400.0, 0.46093253342140816],
[1670851800.0, 0.46302643852590253],
[1670938200.0, 0.4781620162675533],
[1671024600.0, 0.47765395548486034],
[1671111000.0, 0.47697288438674446],
[1671197400.0, 0.48212385115369943],
[1671283800.0, 0.4815759541804917],
[1671370200.0, 0.46648005181540014],
[1671456600.0, 0.4681652794536439],
[1671543000.0, 0.4652401031691119],
[1671629400.0, 0.4612146108623827],
[1671715800.0, 0.45903732615463594],
[1671802200.0, 0.469950300785316],
[1671888600.0, 0.468863717201565],
[1671975000.0, 0.46907395961287196],
[1672061400.0, 0.46340483232291474],
[1672147800.0, 0.45900779354204047],
[1672234200.0, 0.4719154179679457],
[1672320600.0, 0.4858434221146085],
[1672407000.0, 0.4723273969780707],
[1672493400.0, 0.47426306920166933],
[1672579800.0, 0.4742103521144692],
[1672666200.0, 0.4723109522755304],
[1672752600.0, 0.4702465777086842],
[1672839000.0, 0.4724227979359944],
[1672925400.0, 0.46193803503599973],
[1673011800.0, 0.4633737510952187],
[1673098200.0, 0.4697188183292732],
[1673184600.0, 0.47594182348740544],
[1673271000.0, 0.48559069962295764],
[1673357400.0, 0.4755298814758548],
[1673443800.0, 0.48339303997082994],
[1673530200.0, 0.49320458714748694],
[1673616600.0, 0.5036762099380695],
[1673703000.0, 0.4746294789449623],
[1673789400.0, 0.4797449595520848],
[1673875800.0, 0.47678244751215654],
[1673962200.0, 0.4785668534586345],
[1674048600.0, 0.47839116113260116],
[1674135000.0, 0.4833349545452702],
[1674221400.0, 0.4657868128876702],
[1674307800.0, 0.4670621191905497],
[1674394200.0, 0.472297628797763],
[1674480600.0, 0.47031710156838574],
[1674567000.0, 0.4758960519074581],
[1674653400.0, 0.47629052857084003],
[1674739800.0, 0.4762841168478792],
[1674826200.0, 0.47826986065347227],
[1674912600.0, 0.44214583274293656],
[1674999000.0, 0.44486867996173696],
[1675085400.0, 0.4419313224738962],
[1675171800.0, 0.44793403508518387],
[1675258200.0, 0.44817561281668505],
[1675344600.0, 0.4504976413164999],
[1675431000.0, 0.44128331211825284],
[1675517400.0, 0.4350031881566909],
[1675603800.0, 0.4161218168557014],
[1675690200.0, 0.4083051905303386],
[1675776600.0, 0.4137308379573027],
[1675863000.0, 0.41387965375745056],
[1675949400.0, 0.41387965375745056],
