[1635773400.0, 0.582831819673925],
[1635859800.0, 0.5702543183312414],
[1635946200.0, 0.582173809096886],
[1636032600.0, 0.5774258421317247],
[1636119000.0, 0.5810602246436748],
[1636205400.0, 0.5816669070888479],
[1636291800.0, 0.5762024409877596],
[1636378200.0, 0.5784573836657171],
[1636464600.0, 0.5744084663987576],
[1636551000.0, 0.5803520269302392],
[1636637400.0, 0.5618059189487762],
[1636723800.0, 0.5721175709238465],
[1636810200.0, 0.5668127303641323],
[1636896600.0, 0.5704367130778423],
[1636983000.0, 0.5659474180672027],
[1637069400.0, 0.5902146262021088],
[1637155800.0, 0.5871850333940499],
[1637242200.0, 0.5819759702956424],
[1637328600.0, 0.5904071228968629],
[1637415000.0, 0.5902989699159329],
[1637501400.0, 0.5967472260221918],
[1637587800.0, 0.5874548388228279],
[1637674200.0, 0.5859713891519638],
[1637760600.0, 0.6149991501554002],
[1637847000.0, 0.6155348557692306],
[1637933400.0, 0.6262641438422689],
[1638019800.0, 0.6182938155594407],
[1638106200.0, 0.6204487786519037],
[1638192600.0, 0.6194304827117328],
[1638279000.0, 0.6258577533577532],
[1638365400.0, 0.6541046319272126],
[1638451800.0, 0.6786337524042441],
[1638538200.0, 0.6888134164510312],
[1638624600.0, 0.6942254605298083],
[1638711000.0, 0.6870705226371383],
[1638797400.0, 0.7068166059975731],
[1638883800.0, 0.7166506909497565],
[1638970200.0, 0.6686222593831289],
[1639056600.0, 0.6471223684366939],
[1639143000.0, 0.6268603711232362],
[1639229400.0, 0.6282747726922484],
[1639315800.0, 0.6271471247199403],
[1639402200.0, 0.6231655345733017],
[1639488600.0, 0.6222823832047133],
[1639575000.0, 0.6277813340920136],
[1639661400.0, 0.6346213035963729],
[1639747800.0, 0.6275743472661282],
[1639834200.0, 0.620807564913256],
[1639920600.0, 0.6382350193825604],
[1640007000.0, 0.6264632731366603],
[1640093400.0, 0.618905661244371],
[1640179800.0, 0.6188514453992247],
[1640266200.0, 0.615917363558873],
[1640352600.0, 0.6323530261030261],
[1640439000.0, 0.6241972741972741],
[1640525400.0, 0.6379793254793255],
[1640611800.0, 0.6337722337722338],
[1640698200.0, 0.6171930794572306],
[1640784600.0, 0.6181909023890156],
[1640871000.0, 0.6139018826518826],
[1640957400.0, 0.6358968599534637],
[1641043800.0, 0.6345132921512465],
[1641130200.0, 0.6287141526037893],
[1641216600.0, 0.6301233161933026],
[1641303000.0, 0.6336908007500203],
[1641389400.0, 0.640391247678697],
[1641475800.0, 0.6543032054165657],
[1641562200.0, 0.6632897320397321],
[1641648600.0, 0.6522341671595404],
[1641735000.0, 0.6556845175714385],
[1641821400.0, 0.6635766840405314],
[1641907800.0, 0.6556493140055728],
[1641994200.0, 0.6514353843821784],
[1642080600.0, 0.649391737891738],
[1642167000.0, 0.6696195595449326],
[1642253400.0, 0.6723255854353416],
[1642339800.0, 0.6850881916938828],
[1642426200.0, 0.6834122688317547],
[1642512600.0, 0.6663721413721414],
[1642599000.0, 0.6696615521916728],
[1642685400.0, 0.6679711951016877],
[1642771800.0, 0.676357650656716],
[1642858200.0, 0.6763806046894283],
[1642944600.0, 0.6695280813913521],
[1643031000.0, 0.6746522033820421],
[1643117400.0, 0.686022703711383],
[1643203800.0, 0.6977307518352295],
[1643290200.0, 0.692145553934172],
[1643376600.0, 0.7021872677443329],
[1643463000.0, 0.7090077911506483],
[1643549400.0, 0.7106779463922319],
[1643635800.0, 0.7106779463922319],
[1643722200.0, 0.7106779463922319],
[1643808600.0, 0.7223704866562011],
[1643895000.0, 0.6497280734750173],
[1643981400.0, 0.6851195463940561],
[1644067800.0, 0.6583907786797234],
[1644154200.0, 0.6605528071480152],
[1644240600.0, 0.6537037037037038],
[1644327000.0, 0.6123998639077048],
[1644413400.0, 0.6084388837400887],
[1644499800.0, 0.6035089074245702],
[1644586200.0, 0.61336929897994],
[1644672600.0, 0.6262955520245923],
[1644759000.0, 0.6333554825932874],
[1644845400.0, 0.6419346749420101],
[1644931800.0, 0.6320721284135918],
[1645018200.0, 0.6446652509693303],
[1645104600.0, 0.6859223462202738],
[1645191000.0, 0.6850547142268134],
[1645277400.0, 0.6732736927289457],
[1645363800.0, 0.6920180806367576],
[1645450200.0, 0.6642944194314058],
[1645536600.0, 0.6620574631796579],
[1645623000.0, 0.6787305810890717],
[1645709400.0, 0.6794966341426518],
[1645795800.0, 0.6709753772491415],
[1645882200.0, 0.6696118098209354],
[1645968600.0, 0.6536440650564233],
[1646055000.0, 0.6679223116801932],
[1646141400.0, 0.6794357892459159],
[1646227800.0, 0.6646530359355638],
[1646314200.0, 0.6694356413457538],
[1646400600.0, 0.6675605863897004],
[1646487000.0, 0.6681244125297834],
[1646573400.0, 0.6728472978472979],
[1646659800.0, 0.6950081098802497],
[1646746200.0, 0.7352726201002064],
[1646832600.0, 0.7374742116121428],
[1646919000.0, 0.7248387134750771],
[1647005400.0, 0.7413126100885438],
[1647091800.0, 0.6498714327104158],
[1647178200.0, 0.6501120747444278],
[1647264600.0, 0.6935772744791312],
[1647351000.0, 0.7337765115542894],
[1647437400.0, 0.7070465212667048],
[1647523800.0, 0.7162412868934608],
[1647610200.0, 0.7118481357611793],
[1647696600.0, 0.6744035127986535],
[1647783000.0, 0.67120464638847],
[1647869400.0, 0.7243698761555905],
[1647955800.0, 0.6835256146133774],
[1648042200.0, 0.7099462365591398],
[1648128600.0, 0.6787124739550114],
[1648215000.0, 0.6854092640609494],
[1648301400.0, 0.6533726103472481],
[1648387800.0, 0.5946089367069542],
[1648474200.0, 0.6953500600961539],
[1648560600.0, 0.6116163408550953],
[1648647000.0, 0.6579299339060044],
[1648733400.0, 0.6720754057918807],
[1648819800.0, 0.6834233743061063],
[1648906200.0, 0.6187865822860028],
[1648996200.0, 0.6251364940389331],
[1649082600.0, 0.6348604021770496],
[1649169000.0, 0.6430296439257014],
[1649255400.0, 0.6797579784654186],
[1649341800.0, 0.6984642955610698],
[1649428200.0, 0.6976947153003491],
[1649514600.0, 0.7040959980413106],
[1649601000.0, 0.7040959980413106],
[1649687400.0, 0.7040959980413106],
[1649773800.0, 0.7040959980413106],
[1649860200.0, 0.7040264423076922],
[1649946600.0, 0.7292367241137734],
[1650033000.0, 0.7013924836939642],
[1650119400.0, 0.7256177102516881],
[1650205800.0, 0.7365915014851184],
[1650292200.0, 0.7267494658119658],
[1650378600.0, 0.7292299943973586],
[1650465000.0, 0.7374427764385031],
[1650551400.0, 0.7374427764385031],
[1650637800.0, 0.7374427764385031],
[1650724200.0, 0.7057588637777318],
[1650810600.0, 0.7102779524441649],
[1650897000.0, 0.7213957146248814],
[1650983400.0, 0.7291868388022235],
[1651069800.0, 0.6998343580428049],
[1651156200.0, 0.6972249422744473],
[1651242600.0, 0.6839812132699162],
[1651329000.0, 0.693884033996236],
[1651415400.0, 0.698739194832945],
[1651501800.0, 0.700045371494439],
[1651588200.0, 0.676884226884227],
[1651674600.0, 0.701108931987119],
[1651761000.0, 0.7249642821018559],
[1651847400.0, 0.7412634149476256],
[1651933800.0, 0.7374773374773373],
[1652020200.0, 0.7166647358665431],
[1652106600.0, 0.7110310234361829],
[1652193000.0, 0.7017921564063774],
[1652279400.0, 0.6923757830434614],
[1652365800.0, 0.7045556860442356],
[1652452200.0, 0.6873740786625122],
[1652538600.0, 0.6474586288416075],
[1652625000.0, 0.6682471046376373],
[1652711400.0, 0.6209244550828709],
[1652797800.0, 0.6387326144710112],
[1652884200.0, 0.6444195770704392],
[1652970600.0, 0.6466789383456051],
[1653057000.0, 0.6508129482267413],
[1653143400.0, 0.6293253968253969],
[1653229800.0, 0.6372302910764449],
[1653316200.0, 0.633815586419753],
[1653402600.0, 0.6352584847730479],
[1653489000.0, 0.6332370751826819],
[1653575400.0, 0.633212390761548],
[1653661800.0, 0.6431578468812511],
[1653748200.0, 0.6755202662962546],
[1653834600.0, 0.6909854765117924],
[1653921000.0, 0.6875840117679881],
[1654007400.0, 0.6564487239592726],
[1654093800.0, 0.6704406704406705],
[1654180200.0, 0.6717853272248085],
[1654266600.0, 0.6853178183823344],
[1654353000.0, 0.6866483153630255],
[1654439400.0, 0.7030218864926512],
[1654525800.0, 0.6862546290957087],
[1654612200.0, 0.6937241728908394],
[1654698600.0, 0.6856251047427516],
[1654785000.0, 0.702380490580188],
[1654871400.0, 0.6498453943799499],
[1654957800.0, 0.6513177146201398],
[1655044200.0, 0.6535641148266687],
[1655130600.0, 0.6580651491365778],
[1655217000.0, 0.6602909246081051],
[1655303400.0, 0.6452991452991453],
[1655389800.0, 0.6632066387221025],
[1655476200.0, 0.6445495959484482],
[1655562600.0, 0.6227308045489863],
[1655649000.0, 0.6270091405508071],
[1655735400.0, 0.6213234435570503],
[1655821800.0, 0.6335089045994398],
[1655908200.0, 0.6316681402888299],
[1655994600.0, 0.6319473715021661],
[1656081000.0, 0.6305921437770753],
[1656167400.0, 0.64056312137225],
[1656253800.0, 0.6625383637186212],
[1656340200.0, 0.6596138473836315],
[1656426600.0, 0.6625172118640915],
[1656513000.0, 0.6294814934520817],
[1656599400.0, 0.653090583783653],
[1656685800.0, 0.6488654791079898],
[1656772200.0, 0.6588675213675215],
[1656858600.0, 0.6541223533411035],
[1656945000.0, 0.5667774129664372],
[1657031400.0, 0.5648793271192293],
[1657117800.0, 0.567408557625949],
[1657204200.0, 0.5785256410256411],
[1657290600.0, 0.6133681629660181],
[1657377000.0, 0.6118801700236016],
[1657463400.0, 0.6104838340093032],
[1657549800.0, 0.6270941931999624],
[1657636200.0, 0.622827978226878],
[1657722600.0, 0.6231657309063168],
[1657809000.0, 0.6429332386363636],
[1657895400.0, 0.6460154952960709],
[1657981800.0, 0.6385171484181386],
[1658068200.0, 0.6227919257551411],
[1658154600.0, 0.6417779558404558],
[1658241000.0, 0.641284191006027],
[1658327400.0, 0.6555549485236986],
[1658413800.0, 0.6554396894185628],
[1658500200.0, 0.642156862745098],
[1658586600.0, 0.6459274274808255],
[1658673000.0, 0.655146979937775],
[1658759400.0, 0.6633794704674594],
[1658845800.0, 0.6548665130125805],
[1658932200.0, 0.6374162624162625],
[1659018600.0, 0.6409380692167578],
[1659105000.0, 0.691625816993464],
[1659191400.0, 0.7228130665630665],
[1659277800.0, 0.7300273029439697],
[1659364200.0, 0.7051233853865433],
[1659450600.0, 0.7334621238730828],
[1659537000.0, 0.7119166477573557],
[1659623400.0, 0.7180305305305306],
[1659709800.0, 0.7170146885715748],
[1659796200.0, 0.7253296331040234],
[1659882600.0, 0.6957163207163207],
[1659969000.0, 0.6969152565334122],
[1660055400.0, 0.6564111333263181],
[1660141800.0, 0.6713346482577253],
[1660228200.0, 0.6870668331986384],
[1660314600.0, 0.6654092240468645],
[1660401000.0, 0.6654092240468645],
[1660487400.0, 0.6654092240468645],
[1660573800.0, 0.6654092240468645],
[1660660200.0, 0.6944771346718497],
[1660746600.0, 0.7226682432993111],
[1660833000.0, 0.7157901027273469],
[1660919400.0, 0.7118073824640173],
[1661005800.0, 0.6022298481742282],
[1661092200.0, 0.5726966376746113],
[1661178600.0, 0.5977337699846291],
[1661265000.0, 0.5830552628497835],
[1661351400.0, 0.5892528821307891],
[1661437800.0, 0.5895590860585027],
[1661524200.0, 0.6107198183760684],
[1661610600.0, 0.6496756255792401],
[1661697000.0, 0.6701855008641713],
[1661783400.0, 0.6825215488581825],
[1661869800.0, 0.6837908638756097],
[1661956200.0, 0.6689545621584456],
[1662042600.0, 0.674692841880342],
[1662129000.0, 0.6750591395932146],
[1662215400.0, 0.6811384423586387],
[1662301800.0, 0.6899672243951905],
[1662388200.0, 0.6960890405096414],
[1662474600.0, 0.7070292632701923],
[1662561000.0, 0.7083457743938094],
[1662647400.0, 0.6718561332481001],
[1662733800.0, 0.6725880555852739],
[1662820200.0, 0.6743877037994684],
[1662906600.0, 0.6730140774258422],
[1662993000.0, 0.6663752913752913],
[1663079400.0, 0.5188410033686908],
[1663165800.0, 0.5727808670579756],
[1663252200.0, 0.5853077342047931],
[1663338600.0, 0.6695680408915703],
[1663425000.0, 0.6288834622167957],
[1663511400.0, 0.5942669988152662],
[1663597800.0, 0.5950258212975335],
[1663684200.0, 0.5948093728992605],
[1663770600.0, 0.5905934343434344],
[1663857000.0, 0.595546258237098],
[1663943400.0, 0.5980769230769231],
[1664029800.0, 0.4975148391995629],
[1664116200.0, 0.5181896658034283],
[1664202600.0, 0.5404630214126112],
[1664289000.0, 0.584353830832704],
[1664375400.0, 0.5418780497743549],
[1664461800.0, 0.5011424219345012],
[1664548200.0, 0.516063293045672],
[1664634600.0, 0.5108779039120449],
[1664717400.0, 0.5217165713854457],
[1664803800.0, 0.5233329078738371],
[1664890200.0, 0.5137637428852181],
[1664976600.0, 0.5386524925552076],
[1665063000.0, 0.5645829490253952],
[1665149400.0, 0.5750642336531907],
[1665235800.0, 0.5975448028673835],
[1665322200.0, 0.6256022282445047],
[1665408600.0, 0.589553293751767],
[1665495000.0, 0.6105671342909563],
[1665581400.0, 0.6182070629474091],
[1665667800.0, 0.6250618306472949],
[1665754200.0, 0.6276014522965743],
[1665840600.0, 0.6437963745656053],
[1665927000.0, 0.6551761130509411],
[1666013400.0, 0.6460029640739947],
[1666099800.0, 0.6332557683392176],
[1666186200.0, 0.6188046042414973],
[1666272600.0, 0.5996571586849364],
[1666359000.0, 0.6220677408177409],
[1666445400.0, 0.6234814004122947],
[1666531800.0, 0.6274938491855272],
[1666618200.0, 0.613129963436503],
[1666704600.0, 0.6193039063844433],
[1666791000.0, 0.6290234897377754],
[1666877400.0, 0.638905348464172],
[1666963800.0, 0.6229486002213275],
[1667050200.0, 0.6253384662475572],
[1667136600.0, 0.6240026517034828],
[1667223000.0, 0.624543177129384],
[1667309400.0, 0.6001410728620672],
[1667395800.0, 0.6203600264803585],
[1667482200.0, 0.6206779331779333],
[1667568600.0, 0.6202747662479207],
[1667655000.0, 0.6153032017002605],
[1667741400.0, 0.5393322524470068],
[1667827800.0, 0.5421590817029206],
[1667914200.0, 0.552211348808982],
[1668000600.0, 0.5535142165576948],
[1668087000.0, 0.5540170442673353],
[1668173400.0, 0.5740850838948341],
[1668259800.0, 0.5768579008710588],
[1668346200.0, 0.5828997137065598],
[1668432600.0, 0.5929967494366036],
[1668519000.0, 0.5899488957934491],
[1668605400.0, 0.6058295531319372],
[1668691800.0, 0.6132357379204795],
[1668778200.0, 0.6164706617950892],
[1668864600.0, 0.5860689851188664],
[1668951000.0, 0.599914581840463],
[1669037400.0, 0.6373779580577547],
[1669123800.0, 0.5960625649253809],
[1669210200.0, 0.5900746717194869],
[1669296600.0, 0.5883841865024663],
[1669383000.0, 0.5970215822189507],
[1669469400.0, 0.5613325651721557],
[1669555800.0, 0.5861218209934592],
[1669642200.0, 0.5453357753357754],
[1669728600.0, 0.5546114375931938],
[1669815000.0, 0.5683974358974359],
[1669901400.0, 0.5704020818861808],
[1669987800.0, 0.585438662644545],
[1670074200.0, 0.5693767478041671],
[1670160600.0, 0.5851679057300359],
[1670247000.0, 0.5722516946654878],
[1670333400.0, 0.5582933431770641],
[1670419800.0, 0.5470702068926264],
[1670506200.0, 0.5604671849015741],
[1670592600.0, 0.552155958897532],
[1670679000.0, 0.5536919402869629],
[1670765400.0, 0.5585491839733921],
[1670851800.0, 0.5670143167282755],
[1670938200.0, 0.5835269066976386],
[1671024600.0, 0.5817890217542191],
[1671111000.0, 0.5899483308019894],
[1671197400.0, 0.5965422337373557],
[1671283800.0, 0.5816479731519916],
[1671370200.0, 0.556928329274698],
[1671456600.0, 0.5594901598838606],
[1671543000.0, 0.564703144948299],
[1671629400.0, 0.5818756654030229],
[1671715800.0, 0.5778010248496359],
[1671802200.0, 0.5710084973166369],
[1671888600.0, 0.5502584499965175],
[1671975000.0, 0.556212252370576],
[1672061400.0, 0.5524534942182001],
[1672147800.0, 0.56323579265286],
[1672234200.0, 0.585640655411695],
[1672320600.0, 0.6454861819583305],
[1672407000.0, 0.6562929388201867],
[1672493400.0, 0.6552848610964156],
[1672579800.0, 0.6337892905515857],
[1672666200.0, 0.6209782226905516],
[1672752600.0, 0.6300883425369022],
[1672839000.0, 0.6361137709685427],
[1672925400.0, 0.6407794370434036],
[1673011800.0, 0.6431023720349565],
[1673098200.0, 0.6578401673338382],
[1673184600.0, 0.5702330387165954],
[1673271000.0, 0.6315054441716677],
[1673357400.0, 0.6001911265730362],
[1673443800.0, 0.6526037244580292],
[1673530200.0, 0.6610031399487634],
[1673616600.0, 0.6854336667918559],
[1673703000.0, 0.6886138388797963],
[1673789400.0, 0.687597125097125],
[1673875800.0, 0.584149403640929],
[1673962200.0, 0.604581594116478],
[1674048600.0, 0.6155350730794518],
[1674135000.0, 0.604146268078249],
[1674221400.0, 0.6359310097129829],
[1674307800.0, 0.6366301108099408],
[1674394200.0, 0.6514741510179466],
[1674480600.0, 0.6285537297861242],
[1674567000.0, 0.6262186751635755],
[1674653400.0, 0.624570898136472],
[1674739800.0, 0.6127792121715733],
[1674826200.0, 0.18107894636671618],
[1674912600.0, 0.5001264776288838],
[1674999000.0, 0.50514472108675],
[1675085400.0, 0.5512564280812456],
[1675171800.0, 0.515531660692951],
[1675258200.0, 0.52748899889989],
[1675344600.0, 0.5383726855420242],
[1675431000.0, 0.5526699416886334],
[1675517400.0, 0.5690666451421962],
[1675603800.0, 0.6127221543888212],
[1675690200.0, 0.6341862514389331],
[1675776600.0, 0.6363350567629585],
[1675863000.0, 0.6332912001926086],
[1675949400.0, 0.6332912001926086],
