[1635773400.0, 0.10792916666666667],
[1635859800.0, 0.12098650000000001],
[1635946200.0, 0.121324],
[1636032600.0, 0.11541833333333333],
[1636119000.0, 0.14398533333333333],
[1636205400.0, 0.10785483333333334],
[1636291800.0, 0.105482],
[1636378200.0, 0.09995633333333333],
[1636464600.0, 0.09775099999999999],
[1636551000.0, 0.09624700000000001],
[1636637400.0, 0.09067466666666668],
[1636723800.0, 0.09164850000000001],
[1636810200.0, 0.09333283333333335],
[1636896600.0, 0.09665933333333336],
[1636983000.0, 0.09546500000000001],
[1637069400.0, 0.0938035],
[1637155800.0, 0.10312716666666667],
[1637242200.0, 0.0983135],
[1637328600.0, 0.10630333333333335],
[1637415000.0, 0.11042033333333334],
[1637501400.0, 0.10964733333333333],
[1637587800.0, 0.10676533333333332],
[1637674200.0, 0.09850683333333336],
[1637760600.0, 0.10468500000000001],
[1637847000.0, 0.10883949999999999],
[1637933400.0, 0.10779],
[1638019800.0, 0.11606383333333335],
[1638106200.0, 0.11189816666666667],
[1638192600.0, 0.11512766666666667],
[1638279000.0, 0.12210616666666667],
[1638365400.0, 0.1092915],
[1638451800.0, 0.11659733333333334],
[1638538200.0, 0.11591383333333334],
[1638624600.0, 0.1183895],
[1638711000.0, 0.13151416666666668],
[1638797400.0, 0.12388516666666667],
[1638883800.0, 0.11206966666666666],
[1638970200.0, 0.10938099999999999],
[1639056600.0, 0.11625566666666666],
[1639143000.0, 0.11164166666666665],
[1639229400.0, 0.10737150000000001],
[1639315800.0, 0.10593566666666666],
[1639402200.0, 0.11351383333333333],
[1639488600.0, 0.11403016666666667],
[1639575000.0, 0.11256616666666668],
[1639661400.0, 0.11210083333333333],
[1639747800.0, 0.11260650000000001],
[1639834200.0, 0.11619383333333334],
[1639920600.0, 0.12438883333333334],
[1640007000.0, 0.12170199999999999],
[1640093400.0, 0.1226655],
[1640179800.0, 0.11715583333333335],
[1640266200.0, 0.12339600000000002],
[1640352600.0, 0.12546200000000002],
[1640439000.0, 0.12014133333333332],
[1640525400.0, 0.11604566666666666],
[1640611800.0, 0.11271766666666666],
[1640698200.0, 0.11442216666666667],
[1640784600.0, 0.11094116666666669],
[1640871000.0, 0.11257516666666667],
[1640957400.0, 0.11152483333333335],
[1641043800.0, 0.11716416666666667],
[1641130200.0, 0.11444900000000002],
[1641216600.0, 0.11219716666666667],
[1641303000.0, 0.11363350000000001],
[1641389400.0, 0.10953233333333334],
[1641475800.0, 0.11413550000000001],
[1641562200.0, 0.10805100000000001],
[1641648600.0, 0.10934650000000001],
[1641735000.0, 0.11128683333333333],
[1641821400.0, 0.11214500000000001],
[1641907800.0, 0.11117683333333335],
[1641994200.0, 0.11282466666666667],
[1642080600.0, 0.11367083333333333],
[1642167000.0, 0.11058933333333333],
[1642253400.0, 0.11546866666666666],
[1642339800.0, 0.11989133333333334],
[1642426200.0, 0.11919933333333332],
[1642512600.0, 0.116786],
[1642599000.0, 0.11911183333333335],
[1642685400.0, 0.12346666666666667],
[1642771800.0, 0.12260866666666666],
[1642858200.0, 0.12054749999999999],
[1642944600.0, 0.117043],
[1643031000.0, 0.12070466666666667],
[1643117400.0, 0.12011233333333332],
[1643203800.0, 0.12612650000000003],
[1643290200.0, 0.12989116666666667],
[1643376600.0, 0.11652333333333335],
[1643463000.0, 0.11306216666666667],
[1643549400.0, 0.11981233333333334],
[1643635800.0, 0.11981233333333334],
[1643722200.0, 0.11981233333333334],
[1643808600.0, 0.12659516666666668],
[1643895000.0, 0.1304315],
[1643981400.0, 0.12060766666666668],
[1644067800.0, 0.12789],
[1644154200.0, 0.11982433333333332],
[1644240600.0, 0.11607666666666666],
[1644327000.0, 0.11259316666666669],
[1644413400.0, 0.1170175],
[1644499800.0, 0.125147],
[1644586200.0, 0.12213900000000001],
[1644672600.0, 0.12230116666666668],
[1644759000.0, 0.12402616666666666],
[1644845400.0, 0.12187483333333334],
[1644931800.0, 0.123143],
[1645018200.0, 0.12539783333333332],
[1645104600.0, 0.12242366666666665],
[1645191000.0, 0.12060516666666667],
[1645277400.0, 0.12298466666666669],
[1645363800.0, 0.12415349999999999],
[1645450200.0, 0.1307825],
[1645536600.0, 0.1264795],
[1645623000.0, 0.125269],
[1645709400.0, 0.12271533333333334],
[1645795800.0, 0.1227775],
[1645882200.0, 0.12814550000000002],
[1645968600.0, 0.12989900000000001],
[1646055000.0, 0.12224966666666669],
[1646141400.0, 0.11974200000000003],
[1646227800.0, 0.12193750000000002],
[1646314200.0, 0.12096116666666668],
[1646400600.0, 0.1235895],
[1646487000.0, 0.12738683333333337],
[1646573400.0, 0.12388233333333333],
[1646659800.0, 0.12223183333333336],
[1646746200.0, 0.11999316666666666],
[1646832600.0, 0.120776],
[1646919000.0, 0.12195083333333334],
[1647005400.0, 0.12152183333333333],
[1647091800.0, 0.11860833333333333],
[1647178200.0, 0.11914466666666666],
[1647264600.0, 0.11479583333333333],
[1647351000.0, 0.11839766666666668],
[1647437400.0, 0.11966883333333335],
[1647523800.0, 0.11847666666666669],
[1647610200.0, 0.11967000000000004],
[1647696600.0, 0.11781200000000001],
[1647783000.0, 0.12092533333333334],
[1647869400.0, 0.12134933333333335],
[1647955800.0, 0.11781033333333334],
[1648042200.0, 0.12117816666666668],
[1648128600.0, 0.12242216666666668],
[1648215000.0, 0.1237265],
[1648301400.0, 0.11964983333333334],
[1648387800.0, 0.11981366666666667],
[1648474200.0, 0.12311116666666666],
[1648560600.0, 0.13089283333333335],
[1648647000.0, 0.12883033333333335],
[1648733400.0, 0.1359441666666667],
[1648819800.0, 0.1376166666666667],
[1648906200.0, 0.12816633333333335],
[1648996200.0, 0.13388866666666668],
[1649082600.0, 0.1375746666666667],
[1649169000.0, 0.12988316666666666],
[1649255400.0, 0.13178466666666666],
[1649341800.0, 0.13266683333333334],
[1649428200.0, 0.12885333333333335],
[1649514600.0, 0.1289655],
[1649601000.0, 0.1289655],
[1649687400.0, 0.1289655],
[1649773800.0, 0.1289655],
[1649860200.0, 0.1289655],
[1649946600.0, 0.12531850000000003],
[1650033000.0, 0.10680450000000001],
[1650119400.0, 0.1296305],
[1650205800.0, 0.12460850000000001],
[1650292200.0, 0.13055583333333334],
[1650378600.0, 0.1302355],
[1650465000.0, 0.12815483333333336],
[1650551400.0, 0.12815483333333336],
[1650637800.0, 0.12815483333333336],
[1650724200.0, 0.13350133333333333],
[1650810600.0, 0.14890566666666671],
[1650897000.0, 0.141701],
[1650983400.0, 0.140876],
[1651069800.0, 0.13515533333333332],
[1651156200.0, 0.12959083333333335],
[1651242600.0, 0.14044416666666668],
[1651329000.0, 0.1421475],
[1651415400.0, 0.129406],
[1651501800.0, 0.13006183333333332],
[1651588200.0, 0.123031],
[1651674600.0, 0.1232815],
[1651761000.0, 0.12163583333333333],
[1651847400.0, 0.11960916666666666],
[1651933800.0, 0.12022216666666667],
[1652020200.0, 0.11450166666666667],
[1652106600.0, 0.11837416666666668],
[1652193000.0, 0.12967533333333334],
[1652279400.0, 0.1283301666666667],
[1652365800.0, 0.12131216666666667],
[1652452200.0, 0.11909900000000001],
[1652538600.0, 0.11849416666666668],
[1652625000.0, 0.12608683333333334],
[1652711400.0, 0.11781600000000002],
[1652797800.0, 0.10774099999999999],
[1652884200.0, 0.11352566666666668],
[1652970600.0, 0.11830049999999999],
[1653057000.0, 0.11239800000000001],
[1653143400.0, 0.11321333333333333],
[1653229800.0, 0.11598500000000002],
[1653316200.0, 0.10945850000000001],
[1653402600.0, 0.118622],
[1653489000.0, 0.11082933333333334],
[1653575400.0, 0.11431600000000001],
[1653661800.0, 0.10914249999999999],
[1653748200.0, 0.11441833333333336],
[1653834600.0, 0.11305733333333334],
[1653921000.0, 0.113512],
[1654007400.0, 0.119865],
[1654093800.0, 0.12661566666666668],
[1654180200.0, 0.12265549999999999],
[1654266600.0, 0.11786666666666668],
[1654353000.0, 0.11372633333333333],
[1654439400.0, 0.11200066666666668],
[1654525800.0, 0.1101545],
[1654612200.0, 0.10996133333333334],
[1654698600.0, 0.1140525],
[1654785000.0, 0.11198216666666667],
[1654871400.0, 0.11257616666666666],
[1654957800.0, 0.10949416666666666],
[1655044200.0, 0.11099583333333334],
[1655130600.0, 0.10696166666666668],
[1655217000.0, 0.10537916666666668],
[1655303400.0, 0.09986083333333334],
[1655389800.0, 0.11133933333333335],
[1655476200.0, 0.10960866666666667],
[1655562600.0, 0.10414783333333333],
[1655649000.0, 0.10459283333333334],
[1655735400.0, 0.1041295],
[1655821800.0, 0.10611500000000001],
[1655908200.0, 0.11469],
[1655994600.0, 0.11027300000000002],
[1656081000.0, 0.11135850000000001],
[1656167400.0, 0.10959983333333334],
[1656253800.0, 0.11562800000000001],
[1656340200.0, 0.11621550000000001],
[1656426600.0, 0.11244433333333335],
[1656513000.0, 0.11150883333333333],
[1656599400.0, 0.10542983333333335],
[1656685800.0, 0.09908833333333335],
[1656772200.0, 0.099512],
[1656858600.0, 0.10333766666666666],
[1656945000.0, 0.10174783333333332],
[1657031400.0, 0.10364283333333335],
[1657117800.0, 0.10081250000000001],
[1657204200.0, 0.09877983333333334],
[1657290600.0, 0.09979066666666668],
[1657377000.0, 0.10042499999999999],
[1657463400.0, 0.09789149999999998],
[1657549800.0, 0.09576533333333333],
[1657636200.0, 0.09404066666666668],
[1657722600.0, 0.09129233333333332],
[1657809000.0, 0.10272666666666667],
[1657895400.0, 0.09799200000000002],
[1657981800.0, 0.09480966666666668],
[1658068200.0, 0.09220766666666667],
[1658154600.0, 0.09710266666666667],
[1658241000.0, 0.10267366666666666],
[1658327400.0, 0.11157483333333335],
[1658413800.0, 0.10820916666666669],
[1658500200.0, 0.10309616666666667],
[1658586600.0, 0.10537933333333334],
[1658673000.0, 0.102744],
[1658759400.0, 0.097391],
[1658845800.0, 0.10370350000000002],
[1658932200.0, 0.10125416666666669],
[1659018600.0, 0.101228],
[1659105000.0, 0.0983175],
[1659191400.0, 0.09226849999999999],
[1659277800.0, 0.09062616666666667],
[1659364200.0, 0.10260599999999999],
[1659450600.0, 0.09920866666666667],
[1659537000.0, 0.10629233333333336],
[1659623400.0, 0.1054551666666667],
[1659709800.0, 0.1117025],
[1659796200.0, 0.10609750000000001],
[1659882600.0, 0.102753],
[1659969000.0, 0.10933683333333334],
[1660055400.0, 0.11514050000000002],
[1660141800.0, 0.11813933333333333],
[1660228200.0, 0.11335200000000001],
[1660314600.0, 0.10924500000000002],
[1660401000.0, 0.10924500000000002],
[1660487400.0, 0.10924500000000002],
[1660573800.0, 0.10924500000000002],
[1660660200.0, 0.11132750000000001],
[1660746600.0, 0.11425366666666668],
[1660833000.0, 0.11404316666666665],
[1660919400.0, 0.11767166666666666],
[1661005800.0, 0.1181815],
[1661092200.0, 0.1287605],
[1661178600.0, 0.1252965],
[1661265000.0, 0.11805833333333332],
[1661351400.0, 0.11319833333333335],
[1661437800.0, 0.11515983333333335],
[1661524200.0, 0.11894883333333334],
[1661610600.0, 0.11719766666666666],
[1661697000.0, 0.120979],
[1661783400.0, 0.1272735],
[1661869800.0, 0.12720633333333334],
[1661956200.0, 0.12416866666666666],
[1662042600.0, 0.1334101666666667],
[1662129000.0, 0.12465833333333333],
[1662215400.0, 0.12668516666666668],
[1662301800.0, 0.12589150000000002],
[1662388200.0, 0.12015100000000002],
[1662474600.0, 0.11803833333333331],
[1662561000.0, 0.116054],
[1662647400.0, 0.11324816666666666],
[1662733800.0, 0.11376316666666668],
[1662820200.0, 0.10721733333333333],
[1662906600.0, 0.104868],
[1662993000.0, 0.11577383333333334],
[1663079400.0, 0.10770566666666666],
[1663165800.0, 0.10772349999999999],
[1663252200.0, 0.10712116666666667],
[1663338600.0, 0.11075166666666668],
[1663425000.0, 0.10914083333333335],
[1663511400.0, 0.10847366666666669],
[1663597800.0, 0.1130165],
[1663684200.0, 0.10860066666666666],
[1663770600.0, 0.11305933333333335],
[1663857000.0, 0.11757450000000001],
[1663943400.0, 0.11427116666666669],
[1664029800.0, 0.11376066666666668],
[1664116200.0, 0.11396500000000002],
[1664202600.0, 0.11635899999999999],
[1664289000.0, 0.11167583333333332],
[1664375400.0, 0.11502016666666666],
[1664461800.0, 0.134366],
[1664548200.0, 0.12809366666666666],
[1664634600.0, 0.12530083333333333],
[1664717400.0, 0.12489616666666668],
[1664803800.0, 0.127711],
[1664890200.0, 0.12829700000000002],
[1664976600.0, 0.12597516666666667],
[1665063000.0, 0.11964100000000001],
[1665149400.0, 0.12237533333333334],
[1665235800.0, 0.12627666666666668],
[1665322200.0, 0.12871249999999998],
[1665408600.0, 0.118755],
[1665495000.0, 0.12335233333333333],
[1665581400.0, 0.12168433333333335],
[1665667800.0, 0.12359433333333336],
[1665754200.0, 0.12098816666666667],
[1665840600.0, 0.11835633333333334],
[1665927000.0, 0.12103200000000001],
[1666013400.0, 0.11997066666666667],
[1666099800.0, 0.12757633333333332],
[1666186200.0, 0.12288500000000001],
[1666272600.0, 0.12787516666666665],
[1666359000.0, 0.1308615],
[1666445400.0, 0.12171066666666665],
[1666531800.0, 0.12131399999999999],
[1666618200.0, 0.11761299999999998],
[1666704600.0, 0.1178975],
[1666791000.0, 0.12821583333333333],
[1666877400.0, 0.12452583333333334],
[1666963800.0, 0.12040100000000002],
[1667050200.0, 0.12478466666666667],
[1667136600.0, 0.124328],
[1667223000.0, 0.12096916666666667],
[1667309400.0, 0.11918266666666666],
[1667395800.0, 0.13683583333333335],
[1667482200.0, 0.13415116666666668],
[1667568600.0, 0.12716666666666668],
[1667655000.0, 0.12910833333333332],
[1667741400.0, 0.1313035],
[1667827800.0, 0.12642116666666667],
[1667914200.0, 0.121264],
[1668000600.0, 0.12482733333333335],
[1668087000.0, 0.12645783333333335],
[1668173400.0, 0.12986950000000003],
[1668259800.0, 0.12993800000000003],
[1668346200.0, 0.12805033333333335],
[1668432600.0, 0.12601150000000003],
[1668519000.0, 0.12279616666666669],
[1668605400.0, 0.1302605],
[1668691800.0, 0.1295605],
[1668778200.0, 0.1255031666666667],
[1668864600.0, 0.12834533333333334],
[1668951000.0, 0.12987183333333335],
[1669037400.0, 0.13450516666666668],
[1669123800.0, 0.13768816666666667],
[1669210200.0, 0.14133183333333332],
[1669296600.0, 0.1387763333333333],
[1669383000.0, 0.13164066666666668],
[1669469400.0, 0.128523],
[1669555800.0, 0.12515833333333334],
[1669642200.0, 0.12424483333333332],
[1669728600.0, 0.125048],
[1669815000.0, 0.128078],
[1669901400.0, 0.12299666666666666],
[1669987800.0, 0.1185],
[1670074200.0, 0.11948316666666665],
[1670160600.0, 0.119219],
[1670247000.0, 0.12457183333333334],
[1670333400.0, 0.11856000000000001],
[1670419800.0, 0.12185116666666666],
[1670506200.0, 0.1201085],
[1670592600.0, 0.12055116666666667],
[1670679000.0, 0.11444150000000002],
[1670765400.0, 0.111209],
[1670851800.0, 0.12230450000000002],
[1670938200.0, 0.12318333333333333],
[1671024600.0, 0.11452683333333331],
[1671111000.0, 0.10949433333333335],
[1671197400.0, 0.11089683333333333],
[1671283800.0, 0.11406933333333334],
[1671370200.0, 0.11627849999999999],
[1671456600.0, 0.11620316666666668],
[1671543000.0, 0.11199750000000001],
[1671629400.0, 0.11480433333333334],
[1671715800.0, 0.10915199999999999],
[1671802200.0, 0.10179516666666666],
[1671888600.0, 0.10275383333333332],
[1671975000.0, 0.10263933333333335],
[1672061400.0, 0.10850016666666668],
[1672147800.0, 0.10284549999999999],
[1672234200.0, 0.09880683333333334],
[1672320600.0, 0.10054366666666668],
[1672407000.0, 0.10120750000000002],
[1672493400.0, 0.097288],
[1672579800.0, 0.09929516666666667],
[1672666200.0, 0.097848],
[1672752600.0, 0.09707383333333335],
[1672839000.0, 0.10104399999999998],
[1672925400.0, 0.099311],
[1673011800.0, 0.0981115],
[1673098200.0, 0.0970935],
[1673184600.0, 0.10039749999999999],
[1673271000.0, 0.09982049999999999],
[1673357400.0, 0.10177049999999999],
[1673443800.0, 0.10261783333333334],
[1673530200.0, 0.10508983333333333],
[1673616600.0, 0.10268433333333334],
[1673703000.0, 0.10691483333333333],
[1673789400.0, 0.10697016666666669],
[1673875800.0, 0.11730250000000002],
[1673962200.0, 0.11028233333333336],
[1674048600.0, 0.10835816666666669],
[1674135000.0, 0.11171950000000001],
[1674221400.0, 0.10889233333333333],
[1674307800.0, 0.11022833333333333],
[1674394200.0, 0.11631716666666665],
[1674480600.0, 0.12685716666666666],
[1674567000.0, 0.12662983333333333],
[1674653400.0, 0.120934],
[1674739800.0, 0.121986],
[1674826200.0, 0.12242733333333335],
[1674912600.0, 0.12756333333333333],
[1674999000.0, 0.129722],
[1675085400.0, 0.12384533333333335],
[1675171800.0, 0.1239725],
[1675258200.0, 0.12575683333333332],
[1675344600.0, 0.12110549999999999],
[1675431000.0, 0.12371283333333334],
[1675517400.0, 0.12186649999999999],
[1675603800.0, 0.11196050000000002],
[1675690200.0, 0.11436883333333332],
[1675776600.0, 0.11910483333333337],
[1675863000.0, 0.12144466666666669],
[1675949400.0, 0.12144466666666669],
