[1635773400.0, 0.6452261306532664],
[1635859800.0, 0.6452261306532664],
[1635946200.0, 0.6341708542713568],
[1636032600.0, 0.571689497716895],
[1636119000.0, 0.571689497716895],
[1636205400.0, 0.576958525345622],
[1636291800.0, 0.5705069124423963],
[1636378200.0, 0.5705069124423963],
[1636464600.0, 0.5705069124423963],
[1636551000.0, 0.5677419354838709],
[1636637400.0, 0.5806451612903226],
[1636723800.0, 0.5769585253456221],
[1636810200.0, 0.34777777777777785],
[1636896600.0, 0.3638888888888889],
[1636983000.0, 0.41853035143769973],
[1637069400.0, 0.41853035143769973],
[1637155800.0, 0.47923322683706077],
[1637242200.0, 0.47731629392971253],
[1637328600.0, 0.47731629392971253],
[1637415000.0, 0.47731629392971253],
[1637501400.0, 0.47731629392971253],
[1637587800.0, 0.47731629392971253],
[1637674200.0, 0.4779552715654952],
[1637760600.0, 0.4115015974440895],
[1637847000.0, 0.41661341853035144],
[1637933400.0, 0.41661341853035144],
[1638019800.0, 0.48242811501597455],
[1638106200.0, 0.48242811501597455],
[1638192600.0, 0.48242811501597455],
[1638279000.0, 0.48242811501597455],
[1638365400.0, 0.48242811501597455],
[1638451800.0, 0.48242811501597455],
[1638538200.0, 0.48306709265175724],
[1638624600.0, 0.48306709265175724],
[1638711000.0, 0.48370607028754],
[1638797400.0, 0.48370607028754],
[1638883800.0, 0.48370607028754],
[1638970200.0, 0.48152866242038217],
[1639056600.0, 0.48152866242038217],
[1639143000.0, 0.48152866242038217],
[1639229400.0, 0.4802547770700637],
[1639315800.0, 0.47961783439490446],
[1639402200.0, 0.47961783439490446],
[1639488600.0, 0.578343949044586],
[1639575000.0, 0.5815286624203821],
[1639661400.0, 0.5821656050955414],
[1639747800.0, 0.5821656050955414],
[1639834200.0, 0.5821656050955414],
[1639920600.0, 0.5815286624203821],
[1640007000.0, 0.5815286624203821],
[1640093400.0, 0.580891719745223],
[1640179800.0, 0.580891719745223],
[1640266200.0, 0.580891719745223],
[1640352600.0, 0.580891719745223],
[1640439000.0, 0.580891719745223],
[1640525400.0, 0.580891719745223],
[1640611800.0, 0.580891719745223],
[1640698200.0, 0.580891719745223],
[1640784600.0, 0.580891719745223],
[1640871000.0, 0.580891719745223],
[1640957400.0, 0.5821656050955414],
[1641043800.0, 0.7249011857707509],
[1641130200.0, 0.7249011857707509],
[1641216600.0, 0.7249011857707509],
[1641303000.0, 0.7249011857707509],
[1641389400.0, 0.7249011857707509],
[1641475800.0, 0.7249011857707509],
[1641562200.0, 0.7249011857707509],
[1641648600.0, 0.7249011857707509],
[1641735000.0, 0.7249011857707509],
[1641821400.0, 0.6916996047430829],
[1641907800.0, 0.6901185770750987],
[1641994200.0, 0.6909090909090908],
[1642080600.0, 0.6909090909090908],
[1642167000.0, 0.6766798418972332],
[1642253400.0, 0.6573248407643312],
[1642339800.0, 0.6579617834394904],
[1642426200.0, 0.6577777777777777],
[1642512600.0, 0.6292063492063491],
[1642599000.0, 0.6584126984126983],
[1642685400.0, 0.6584126984126983],
[1642771800.0, 0.6584126984126983],
[1642858200.0, 0.784126984126984],
[1642944600.0, 0.7619047619047621],
[1643031000.0, 0.7486166007905138],
[1643117400.0, 0.7604743083003952],
[1643203800.0, 0.758893280632411],
[1643290200.0, 0.7587301587301588],
[1643376600.0, 0.7656050955414015],
[1643463000.0, 0.7649681528662422],
[1643549400.0, 0.8089171974522295],
[1643635800.0, 0.8089171974522295],
[1643722200.0, 0.8089171974522295],
[1643808600.0, 0.6901587301587302],
[1643895000.0, 0.8826446280991734],
[1643981400.0, 0.8158333333333334],
[1644067800.0, 0.8480349344978164],
[1644154200.0, 0.7297297297297298],
[1644240600.0, 0.6540540540540541],
[1644327000.0, 0.6540540540540541],
[1644413400.0, 0.6569491525423728],
[1644499800.0, 0.6562711864406781],
[1644586200.0, 0.6564625850340137],
[1644672600.0, 0.6537414965986393],
[1644759000.0, 0.6197278911564627],
[1644845400.0, 0.6176271186440678],
[1644931800.0, 0.6020270270270272],
[1645018200.0, 0.6013513513513515],
[1645104600.0, 0.5986486486486488],
[1645191000.0, 0.5858108108108108],
[1645277400.0, 0.5858108108108108],
[1645363800.0, 0.585810810810811],
[1645450200.0, 0.5858108108108108],
[1645536600.0, 0.5858108108108108],
[1645623000.0, 0.6896825396825397],
[1645709400.0, 0.5844594594594594],
[1645795800.0, 0.5844594594594594],
[1645882200.0, 0.6641891891891893],
[1645968600.0, 0.6648648648648648],
[1646055000.0, 0.6626262626262626],
[1646141400.0, 0.664625850340136],
[1646227800.0, 0.6639455782312925],
[1646314200.0, 0.664625850340136],
[1646400600.0, 0.6653061224489796],
[1646487000.0, 0.6662116040955632],
[1646573400.0, 0.6684931506849316],
[1646659800.0, 0.6691780821917809],
[1646746200.0, 0.673972602739726],
[1646832600.0, 0.5761092150170648],
[1646919000.0, 0.5773972602739726],
[1647005400.0, 0.5821305841924399],
[1647091800.0, 0.5780068728522336],
[1647178200.0, 0.5641379310344826],
[1647264600.0, 0.6567474048442907],
[1647351000.0, 0.32886762360446575],
[1647437400.0, 0.1928197456993269],
[1647523800.0, 0.2218236173393124],
[1647610200.0, 0.21228464419475657],
[1647696600.0, 0.18844711177794451],
[1647783000.0, 0.19835082458770614],
[1647869400.0, 0.19850299401197605],
[1647955800.0, 0.22512733446519528],
[1648042200.0, 0.5909502262443437],
[1648128600.0, 0.5453703703703704],
[1648215000.0, 0.5582159624413144],
[1648301400.0, 0.5460465116279071],
[1648387800.0, 0.59846547314578],
[1648474200.0, 0.6212765957446809],
[1648560600.0, 0.6083769633507854],
[1648647000.0, 0.6153439153439153],
[1648733400.0, 0.5767195767195767],
[1648819800.0, 0.5596816976127321],
[1648906200.0, 0.5601063829787235],
[1648996200.0, 0.548936170212766],
[1649082600.0, 0.5474801061007958],
[1649169000.0, 0.5560975609756098],
[1649255400.0, 0.5602179836512261],
[1649341800.0, 0.5620879120879121],
[1649428200.0, 0.5619834710743801],
[1649514600.0, 0.5650969529085873],
[1649601000.0, 0.5650969529085873],
[1649687400.0, 0.5650969529085873],
[1649773800.0, 0.5650969529085873],
[1649860200.0, 0.5645429362880887],
[1649946600.0, 0.6412903225806452],
[1650033000.0, 0.6361290322580646],
[1650119400.0, 0.5391256342327546],
[1650205800.0, 0.635598705501618],
[1650292200.0, 0.6901960784313724],
[1650378600.0, 0.6623376623376623],
[1650465000.0, 0.6623728813559322],
[1650551400.0, 0.6623728813559322],
[1650637800.0, 0.6623728813559322],
[1650724200.0, 0.16063386155129275],
[1650810600.0, 0.19898063200815494],
[1650897000.0, 0.22275862068965513],
[1650983400.0, 0.28145985401459855],
[1651069800.0, 0.28169838945827236],
[1651156200.0, 0.28090909090909094],
[1651242600.0, 0.3205298013245033],
[1651329000.0, 0.31840796019900497],
[1651415400.0, 0.3599236641221374],
[1651501800.0, 0.40663716814159284],
[1651588200.0, 0.38503118503118494],
[1651674600.0, 0.42420091324200915],
[1651761000.0, 0.43453237410071943],
[1651847400.0, 0.4361858190709046],
[1651933800.0, 0.43243243243243257],
[1652020200.0, 0.4670241286863271],
[1652106600.0, 0.4598382749326146],
[1652193000.0, 0.45745257452574534],
[1652279400.0, 0.4542005420054201],
[1652365800.0, 0.4526027397260275],
[1652452200.0, 0.4521978021978022],
[1652538600.0, 0.44835164835164837],
[1652625000.0, 0.4467032967032967],
[1652711400.0, 0.4498614958448754],
[1652797800.0, 0.44821917808219175],
[1652884200.0, 0.4478021978021978],
[1652970600.0, 0.4567415730337079],
[1653057000.0, 0.459025787965616],
[1653143400.0, 0.46099706744868035],
[1653229800.0, 0.4652694610778443],
[1653316200.0, 0.5103896103896103],
[1653402600.0, 0.48209876543209873],
[1653489000.0, 0.44901408450704217],
[1653575400.0, 0.43815028901734115],
[1653661800.0, 0.44235294117647067],
[1653748200.0, 0.43892215568862275],
[1653834600.0, 0.5113846153846154],
[1653921000.0, 0.5322981366459627],
[1654007400.0, 0.5442307692307692],
[1654093800.0, 0.5537953795379539],
[1654180200.0, 0.5722972972972974],
[1654266600.0, 0.5818815331010453],
[1654353000.0, 0.5935943060498222],
[1654439400.0, 0.5920577617328521],
[1654525800.0, 0.6022222222222222],
[1654612200.0, 0.6076045627376426],
[1654698600.0, 0.6228346456692914],
[1654785000.0, 0.6349593495934959],
[1654871400.0, 0.6462184873949579],
[1654957800.0, 0.6646288209606986],
[1655044200.0, 0.7022421524663679],
[1655130600.0, 0.6878923766816143],
[1655217000.0, 0.7154545454545455],
[1655303400.0, 0.7464114832535886],
[1655389800.0, 0.7108108108108108],
[1655476200.0, 0.692093023255814],
[1655562600.0, 0.6511627906976744],
[1655649000.0, 0.6437209302325582],
[1655735400.0, 0.6472222222222224],
[1655821800.0, 0.6435185185185187],
[1655908200.0, 0.6383177570093458],
[1655994600.0, 0.6269767441860465],
[1656081000.0, 0.6232558139534884],
[1656167400.0, 0.6291079812206571],
[1656253800.0, 0.6189573459715639],
[1656340200.0, 0.6199052132701421],
[1656426600.0, 0.5952606635071092],
[1656513000.0, 0.6056872037914692],
[1656599400.0, 0.5990521327014219],
[1656685800.0, 0.5876777251184835],
[1656772200.0, 0.5857142857142856],
[1656858600.0, 0.583732057416268],
[1656945000.0, 0.5865384615384615],
[1657031400.0, 0.5873786407766991],
[1657117800.0, 0.5863414634146342],
[1657204200.0, 0.5745098039215686],
[1657290600.0, 0.6356435643564355],
[1657377000.0, 0.6397959183673468],
[1657463400.0, 0.6443298969072164],
[1657549800.0, 0.6258064516129033],
[1657636200.0, 0.6634408602150538],
[1657722600.0, 0.7846994535519126],
[1657809000.0, 0.70989010989011],
[1657895400.0, 0.6593406593406593],
[1657981800.0, 0.6353591160220993],
[1658068200.0, 0.6375690607734805],
[1658154600.0, 0.6296703296703298],
[1658241000.0, 0.6384615384615385],
[1658327400.0, 0.6307692307692309],
[1658413800.0, 0.6305084745762712],
[1658500200.0, 0.6237288135593221],
[1658586600.0, 0.6203389830508474],
[1658673000.0, 0.6350282485875707],
[1658759400.0, 0.6955056179775281],
[1658845800.0, 0.7050847457627119],
[1658932200.0, 0.697752808988764],
[1659018600.0, 0.6966292134831461],
[1659105000.0, 0.7820224719101123],
[1659191400.0, 0.7864406779661016],
[1659277800.0, 0.7820224719101123],
[1659364200.0, 0.7175141242937854],
[1659450600.0, 0.7129943502824859],
[1659537000.0, 0.6395480225988701],
[1659623400.0, 0.7073446327683616],
[1659709800.0, 0.87953216374269],
[1659796200.0, 0.8920454545454545],
[1659882600.0, 0.8282485875706215],
[1659969000.0, 0.8101694915254237],
[1660055400.0, 0.8056497175141242],
[1660141800.0, 0.7910112359550563],
[1660228200.0, 0.619730941704036],
[1660314600.0, 0.6144144144144144],
[1660401000.0, 0.6144144144144144],
[1660487400.0, 0.6144144144144144],
[1660573800.0, 0.6144144144144144],
[1660660200.0, 0.45051194539249145],
[1660746600.0, 0.4238907849829352],
[1660833000.0, 0.40819112627986354],
[1660919400.0, 0.39118644067796615],
[1661005800.0, 0.38231292517006804],
[1661092200.0, 0.3625850340136054],
[1661178600.0, 0.37142857142857133],
[1661265000.0, 0.3619047619047619],
[1661351400.0, 0.35958904109589046],
[1661437800.0, 0.3486301369863014],
[1661524200.0, 0.3621993127147766],
[1661610600.0, 0.390344827586207],
[1661697000.0, 0.3594501718213058],
[1661783400.0, 0.39655172413793094],
[1661869800.0, 0.38344827586206887],
[1661956200.0, 0.39034482758620687],
[1662042600.0, 0.38482758620689655],
[1662129000.0, 0.4552727272727272],
[1662215400.0, 0.4325259515570934],
[1662301800.0, 0.43183391003460203],
[1662388200.0, 0.39446366782006925],
[1662474600.0, 0.43414634146341463],
[1662561000.0, 0.46689895470383275],
[1662647400.0, 0.49084249084249093],
[1662733800.0, 0.4897810218978103],
[1662820200.0, 0.48424908424908436],
[1662906600.0, 0.4744525547445256],
[1662993000.0, 0.4744525547445256],
[1663079400.0, 0.47080291970802923],
[1663165800.0, 0.46886446886446886],
[1663252200.0, 0.4624999999999999],
[1663338600.0, 0.4832684824902724],
[1663425000.0, 0.47548638132295723],
[1663511400.0, 0.47159533073929966],
[1663597800.0, 0.6754863813229571],
[1663684200.0, 0.6453125],
[1663770600.0, 0.6188235294117647],
[1663857000.0, 0.5945098039215686],
[1663943400.0, 0.5699604743083004],
[1664029800.0, 0.5674603174603176],
[1664116200.0, 0.553968253968254],
[1664202600.0, 0.5015873015873016],
[1664289000.0, 0.5187250996015936],
[1664375400.0, 0.5253968253968254],
[1664461800.0, 0.5222222222222221],
[1664548200.0, 0.49887640449438214],
[1664634600.0, 0.5018726591760301],
[1664717400.0, 0.48988764044943833],
[1664803800.0, 0.4876404494382023],
[1664890200.0, 0.5015384615384615],
[1664976600.0, 0.46769230769230774],
[1665063000.0, 0.5219512195121951],
[1665149400.0, 0.4347517730496454],
[1665235800.0, 0.45460992907801423],
[1665322200.0, 0.4304964539007092],
[1665408600.0, 0.43829787234042555],
[1665495000.0, 0.41921708185053386],
[1665581400.0, 0.46021505376344085],
[1665667800.0, 0.4981273408239701],
[1665754200.0, 0.4764044943820225],
[1665840600.0, 0.504119850187266],
[1665927000.0, 0.4981273408239701],
[1666013400.0, 0.5090909090909091],
[1666099800.0, 0.5049429657794677],
[1666186200.0, 0.5053435114503817],
[1666272600.0, 0.5046511627906977],
[1666359000.0, 0.4999999999999999],
[1666445400.0, 0.48828125],
[1666531800.0, 0.48671875],
[1666618200.0, 0.4858267716535433],
[1666704600.0, 0.4829457364341085],
[1666791000.0, 0.48404669260700395],
[1666877400.0, 0.4828125],
[1666963800.0, 0.47265625],
[1667050200.0, 0.471875],
[1667136600.0, 0.4708661417322834],
[1667223000.0, 0.43345454545454537],
[1667309400.0, 0.42481751824817526],
[1667395800.0, 0.4116788321167883],
[1667482200.0, 0.42877697841726625],
[1667568600.0, 0.25646551724137934],
[1667655000.0, 0.3610942249240122],
[1667741400.0, 0.3614678899082569],
[1667827800.0, 0.36408668730650146],
[1667914200.0, 0.36397515527950314],
[1668000600.0, 0.36656346749226],
[1668087000.0, 0.3668711656441718],
[1668173400.0, 0.36024464831804287],
[1668259800.0, 0.3889908256880734],
[1668346200.0, 0.3878787878787879],
[1668432600.0, 0.39629629629629637],
[1668519000.0, 0.39627329192546584],
[1668605400.0, 0.39623824451410655],
[1668691800.0, 0.39686520376175544],
[1668778200.0, 0.39810725552050474],
[1668864600.0, 0.3993670886075949],
[1668951000.0, 0.40781758957654723],
[1669037400.0, 0.4091205211726385],
[1669123800.0, 0.40915032679738567],
[1669210200.0, 0.44052287581699356],
[1669296600.0, 0.4431372549019608],
[1669383000.0, 0.44379084967320265],
[1669469400.0, 0.47278688524590157],
[1669555800.0, 0.46996699669966996],
[1669642200.0, 0.46229508196721314],
[1669728600.0, 0.4551948051948052],
[1669815000.0, 0.45519480519480515],
[1669901400.0, 0.4556634304207119],
[1669987800.0, 0.4530744336569579],
[1670074200.0, 0.44271844660194165],
[1670160600.0, 0.4437299035369775],
[1670247000.0, 0.44322580645161286],
[1670333400.0, 0.44322580645161286],
[1670419800.0, 0.4516129032258064],
[1670506200.0, 0.44709677419354843],
[1670592600.0, 0.44],
[1670679000.0, 0.4387096774193548],
[1670765400.0, 0.4415584415584415],
[1670851800.0, 0.4543689320388349],
[1670938200.0, 0.4517799352750809],
[1671024600.0, 0.4525974025974026],
[1671111000.0, 0.4549019607843138],
[1671197400.0, 0.45359477124183],
[1671283800.0, 0.45098039215686275],
[1671370200.0, 0.43934426229508194],
[1671456600.0, 0.43856209150326797],
[1671543000.0, 0.44092409240924096],
[1671629400.0, 0.45514950166112966],
[1671715800.0, 0.5294573643410853],
[1671802200.0, 0.4776223776223776],
[1671888600.0, 0.4776223776223776],
[1671975000.0, 0.4752613240418119],
[1672061400.0, 0.4769230769230769],
[1672147800.0, 0.4771929824561404],
[1672234200.0, 0.476056338028169],
[1672320600.0, 0.45454545454545453],
[1672407000.0, 0.4792982456140351],
[1672493400.0, 0.47985865724381627],
[1672579800.0, 0.48156028368794324],
[1672666200.0, 0.47900355871886124],
[1672752600.0, 0.5222672064777328],
[1672839000.0, 0.534412955465587],
[1672925400.0, 0.5228915662650603],
[1673011800.0, 0.540562248995984],
[1673098200.0, 0.5449392712550607],
[1673184600.0, 0.5614457831325302],
[1673271000.0, 0.5582329317269077],
[1673357400.0, 0.6080321285140563],
[1673443800.0, 0.5471999999999999],
[1673530200.0, 0.546031746031746],
[1673616600.0, 0.5523809523809523],
[1673703000.0, 0.5523809523809523],
[1673789400.0, 0.5791999999999999],
[1673875800.0, 0.5775100401606427],
[1673962200.0, 0.556],
[1674048600.0, 0.555823293172691],
[1674135000.0, 0.5516129032258066],
[1674221400.0, 0.555823293172691],
[1674307800.0, 0.5443223443223444],
[1674394200.0, 0.5648351648351649],
[1674480600.0, 0.5648351648351649],
[1674567000.0, 0.56996336996337],
[1674653400.0, 0.5641025641025642],
[1674739800.0, 0.5586115256654468],
[1674826200.0, 0.5176663978127042],
[1674912600.0, 0.5097176579509851],
[1674999000.0, 0.5110497618375215],
[1675085400.0, 0.4170648464163823],
[1675171800.0, 0.42380952380952375],
[1675258200.0, 0.4231292517006803],
[1675344600.0, 0.43061224489795913],
[1675431000.0, 0.426027397260274],
[1675517400.0, 0.42397260273972603],
[1675603800.0, 0.4281786941580756],
[1675690200.0, 0.42916666666666675],
[1675776600.0, 0.4298611111111112],
[1675863000.0, 0.4298611111111112],
[1675949400.0, 0.4298611111111112],
